MEME version 5.3.0

ALPHABET= ACGT

strands: + -

Background letter frequencies
A 0.25 C 0.25 G 0.25 T 0.25

MOTIF MMPA_l3_0
letter-probability matrix: alength= 4 w= 9 
 0.61594414 0.15856852 0.18708176 0.03840559
 0.67035205 0.09950538 0.13732907 0.0928135 
 0.39860343 0.21210358 0.25370963 0.13558336
 0.59674134 0.12132674 0.16322374 0.11870818
 4.14896712e-01 4.45155659e-02 2.90951411e-04 5.40296770e-01
 0.09310445 0.00465522 0.55280768 0.34943264
 0.05120745 0.10968868 0.66656968 0.17253419
 0.37561827 0.25981961 0.25021821 0.1143439 
 0.35117835 0.13907477 0.27291242 0.23683445

MOTIF MMPA_l3_1
letter-probability matrix: alength= 4 w= 9 
 0.63747454 0.03142275 0.30288042 0.02822229
 0.13005528 0.05440791 0.27494908 0.54058772
 2.90951411e-04 1.13471050e-02 9.63631074e-01 2.47308699e-02
 0.14402095 0.12830957 0.57346523 0.15420425
 0.08350305 0.10008729 0.69275531 0.12365435
 0.16846087 0.28891475 0.31131801 0.23130637
 0.19930172 0.10154204 0.41867908 0.28047716
 0.19755601 0.50305499 0.17835322 0.12103579
 0.26011056 0.29298807 0.215595   0.23130637

MOTIF MMPA_l3_2
letter-probability matrix: alength= 4 w= 9 
 0.0061792  0.10350154 0.01493306 0.8753862 
 5.92173018e-02 5.14933059e-04 7.14727085e-01 2.25540680e-01
 0.00411946 0.06797116 0.71730175 0.21060762
 0.30278064 0.42584964 0.16220391 0.10916581
 0.21009269 0.00566426 0.37950566 0.40473738
 0.01544799 0.10710608 0.43099897 0.44644696
 0.05715757 0.35221421 0.08856849 0.50205973
 0.05355304 0.34449022 0.53964985 0.0623069 
 0.1869207  0.34397528 0.16529351 0.3038105 

MOTIF MMPA_l3_3
letter-probability matrix: alength= 4 w= 9 
 0.44099379 0.13701133 0.27986847 0.14212642
 0.33394227 0.4128608  0.21592985 0.03726708
 0.77274388 0.02119109 0.19364267 0.01242236
 0.59627329 0.23529412 0.03069054 0.13774205
 0.4008038  0.13920351 0.19181586 0.26817684
 0.56740957 0.09791743 0.0540738  0.2805992 
 0.16112532 0.00292291 0.26671538 0.56923639
 0.0540738  0.00292291 0.86627695 0.07672634
 0.32919255 0.20058458 0.25283157 0.2173913 

MOTIF MMPA_l3_4
letter-probability matrix: alength= 4 w= 9 
 0.16400116 0.34428613 0.2140157  0.277697  
 0.46612387 0.11514975 0.31230009 0.10642629
 0.36464088 0.33149171 0.14248328 0.16138412
 0.43181157 0.02733353 0.53823786 0.00261704
 0.39197441 0.12968886 0.32771154 0.15062518
 0.2239023  0.15382379 0.23582437 0.38644955
 6.49025880e-01 1.01482989e-01 2.49200349e-01 2.90782204e-04
 0.14132015 0.03896482 0.10991567 0.70979936
 0.07385868 0.10962489 0.7909276  0.02558883

MOTIF MMPA_l3_5
letter-probability matrix: alength= 4 w= 9 
 0.31049563 0.12682216 0.13265306 0.43002915
 5.10787172e-01 1.35568513e-01 2.91545190e-04 3.53352770e-01
 0.32215743 0.15510204 0.07405248 0.44868805
 0.41720117 0.29766764 0.03498542 0.25014577
 0.33527697 0.17959184 0.41457726 0.07055394
 0.47667638 0.14810496 0.24810496 0.1271137 
 0.01107872 0.16763848 0.77055394 0.05072886
 0.05655977 0.05451895 0.20291545 0.68600583
 0.0090379  0.29504373 0.39883382 0.29708455

MOTIF MMPA_l3_6
letter-probability matrix: alength= 4 w= 9 
 0.16549296 0.15995976 0.29678068 0.3777666 
 0.48843058 0.16851107 0.18712274 0.15593561
 5.42756539e-01 3.02313883e-01 1.54426559e-01 5.03018109e-04
 0.95171026 0.02062374 0.01760563 0.01006036
 0.55633803 0.24496982 0.13128773 0.06740443
 5.03018109e-04 4.87927565e-02 1.58953722e-01 7.91750503e-01
 3.03822938e-01 1.10663984e-02 5.03018109e-04 6.84607646e-01
 1.55935614e-02 5.53319920e-03 9.78370221e-01 5.03018109e-04
 0.06488934 0.15040241 0.66750503 0.11720322

MOTIF MMPA_l3_7
letter-probability matrix: alength= 4 w= 9 
 0.12354605 0.15215341 0.34140207 0.38289846
 3.14366551e-04 7.54479723e-02 7.85916378e-03 9.16378497e-01
 0.58346432 0.01163156 0.31310909 0.09179503
 0.20968249 0.57120402 0.17730273 0.04181075
 0.3580635  0.16944357 0.03835272 0.43414021
 0.96699151 0.01949073 0.0084879  0.00502986
 0.37566803 0.23514618 0.186105   0.20308079
 0.30304936 0.11254323 0.25683747 0.32756995
 0.38006916 0.10908519 0.25778057 0.25306507

MOTIF MMPA_l3_8
letter-probability matrix: alength= 4 w= 9 
 0.11550771 0.26476578 0.38958394 0.23014257
 0.10852488 0.34535932 0.12190864 0.42420716
 0.37940064 0.31480943 0.24556299 0.06022694
 0.00232761 0.00843759 0.96275822 0.02647658
 2.90951411e-04 4.77451266e-01 2.90951411e-03 5.19348269e-01
 0.40849578 0.11405295 0.185627   0.29182427
 0.24265348 0.13529241 0.19260983 0.42944428
 0.59179517 0.13849287 0.06895548 0.20075647
 0.07041024 0.03433227 0.45155659 0.4437009 

MOTIF MMPA_l3_9
letter-probability matrix: alength= 4 w= 9 
 0.24200627 0.48025078 0.1137931  0.16394984
 0.13824451 0.21504702 0.57742947 0.069279  
 0.08056426 0.80501567 0.00564263 0.10877743
 3.26018809e-02 9.63009404e-01 3.13479624e-04 4.07523511e-03
 0.36708464 0.52539185 0.02194357 0.08557994
 0.36175549 0.48589342 0.07554859 0.07680251
 0.2153605  0.53166144 0.07021944 0.18275862
 0.38181818 0.0830721  0.47680251 0.05830721
 0.09184953 0.15329154 0.50846395 0.24639498

MOTIF MMPA_l3_10
letter-probability matrix: alength= 4 w= 9 
 0.20325676 0.12794417 0.38150625 0.28729282
 0.20558302 0.05146845 0.408549   0.33439953
 0.22913638 0.23727828 0.21168944 0.3218959 
 0.44664147 0.00523408 0.31259087 0.23553359
 0.18435592 0.11136958 0.08345449 0.62082001
 2.15469613e-01 7.25501599e-01 2.90782204e-04 5.87380052e-02
 0.12881652 0.59872056 0.06804304 0.20441989
 0.14975284 0.61384123 0.04943297 0.18697296
 0.0718232  0.66385577 0.11369584 0.15062518

MOTIF MMPA_l3_11
letter-probability matrix: alength= 4 w= 9 
 0.90490798 0.04294479 0.00306748 0.04907975
 0.38957055 0.22392638 0.3404908  0.04601227
 0.04907975 0.08895706 0.57055215 0.29141104
 0.56748466 0.04294479 0.04907975 0.3404908 
 0.1196319  0.04294479 0.00306748 0.83435583
 0.61656442 0.00306748 0.11349693 0.26687117
 0.23006135 0.00306748 0.76380368 0.00306748
 0.24846626 0.00306748 0.00306748 0.74539877
 0.00306748 0.13496933 0.85889571 0.00306748

MOTIF MMPA_l3_12
letter-probability matrix: alength= 4 w= 9 
 0.12656386 0.36659878 0.2371254  0.26971196
 0.45650276 0.19028222 0.215595   0.13762002
 2.90951411e-04 4.27989526e-01 1.60023276e-02 5.55717195e-01
 0.14402095 0.05237125 0.52778586 0.27582194
 2.90951411e-04 2.90951411e-04 2.90951411e-04 9.99127146e-01
 9.12132674e-01 2.90951411e-04 8.72854233e-02 2.90951411e-04
 8.21646785e-01 2.90951411e-04 1.77771312e-01 2.90951411e-04
 0.27989526 0.08233925 0.45592086 0.18184463
 0.26360198 0.26360198 0.2467268  0.22606925

MOTIF MMPA_l3_13
letter-probability matrix: alength= 4 w= 9 
 0.33275109 0.13595342 0.41659389 0.1147016 
 0.20465793 0.18340611 0.12838428 0.48355167
 2.91120815e-04 5.49344978e-01 1.57205240e-02 4.34643377e-01
 2.91120815e-04 5.79039301e-01 1.03347889e-01 3.17321689e-01
 0.11732169 0.32227074 0.03988355 0.52052402
 0.22125182 0.3216885  0.05676856 0.40029112
 0.25414847 0.01368268 0.01135371 0.72081514
 0.5272198  0.29024745 0.1441048  0.03842795
 0.21717613 0.043377   0.62445415 0.11499272

MOTIF MMPA_l3_14
letter-probability matrix: alength= 4 w= 9 
 0.05772595 0.44460641 0.16005831 0.33760933
 0.23760933 0.10291545 0.65801749 0.00145773
 0.07317784 0.1271137  0.70349854 0.09620991
 0.04781341 0.32827988 0.32274052 0.30116618
 2.35860058e-01 1.60349854e-02 7.47813411e-01 2.91545190e-04
 0.05335277 0.40991254 0.4819242  0.0548105 
 0.07026239 0.22099125 0.47696793 0.23177843
 0.05510204 0.03527697 0.70495627 0.20466472
 0.1303207  0.35510204 0.31924198 0.19533528

MOTIF MMPA_l3_15
letter-probability matrix: alength= 4 w= 9 
 0.41607143 0.25327381 0.29047619 0.04017857
 8.19047619e-01 2.97619048e-04 1.80357143e-01 2.97619048e-04
 0.15208333 0.08690476 0.61636905 0.14464286
 0.0110119  0.80059524 0.1202381  0.06815476
 0.30535714 0.1375     0.39315476 0.1639881 
 0.14136905 0.07827381 0.36815476 0.41220238
 0.4860119  0.33869048 0.16636905 0.00892857
 0.37797619 0.1297619  0.36071429 0.13154762
 0.34553571 0.27410714 0.21666667 0.16369048

MOTIF MMPA_l3_16
letter-probability matrix: alength= 4 w= 9 
 0.28464861 0.09148017 0.56183746 0.06203377
 0.12092658 0.45700824 0.20808795 0.21397723
 0.19356105 0.28347075 0.26658814 0.25638005
 0.06674519 0.61798194 0.29407146 0.02120141
 0.0333726  0.82135846 0.00274833 0.14252061
 3.92618767e-04 5.93246957e-01 3.97330192e-01 9.03023165e-03
 4.24028269e-02 8.73576757e-01 8.32351786e-02 7.85237534e-04
 0.14173537 0.7510797  0.05771496 0.04946996
 0.29485669 0.36670593 0.32234001 0.01609737

MOTIF MMPA_l3_17
letter-probability matrix: alength= 4 w= 9 
 0.45427478 0.18672905 0.00425351 0.35474266
 0.32284134 0.00510421 0.3492131  0.32284134
 1.49723522e-01 4.25350915e-04 5.89961718e-01 2.59889409e-01
 0.03147597 0.28370906 0.01063377 0.6741812 
 0.25010634 0.36027222 0.3500638  0.03955764
 9.48532539e-02 7.75414717e-01 4.25350915e-04 1.29306678e-01
 0.57167163 0.1863037  0.01361123 0.22841344
 0.11271799 0.00978307 0.03743088 0.84006806
 0.19906423 0.04381114 0.71373883 0.04338579

MOTIF MMPA_l3_18
letter-probability matrix: alength= 4 w= 9 
 0.26664728 0.33934283 0.22332073 0.17068915
 0.34719395 0.25094504 0.15062518 0.25123582
 0.37685374 0.31578947 0.27275371 0.03460308
 0.97324804 0.00145391 0.00290782 0.02239023
 2.82058738e-02 2.90782204e-04 1.32015121e-01 8.39488223e-01
 2.90782204e-04 2.90782204e-04 9.90113405e-01 9.30503053e-03
 0.06687991 0.26461181 0.40127944 0.26722885
 0.18551905 0.05205001 0.52398953 0.23844141
 0.17563245 0.17039837 0.36347776 0.29049142

MOTIF MMPA_l3_19
letter-probability matrix: alength= 4 w= 9 
 0.24455711 0.29495974 0.24575007 0.21473307
 0.35639726 0.21890844 0.24485535 0.17983895
 8.53265732e-01 2.98240382e-04 1.46137787e-01 2.98240382e-04
 0.27139875 0.27527587 0.1735759  0.27974948
 0.32299433 0.16880406 0.36713391 0.1410677 
 8.35371309e-01 2.98240382e-04 1.58067402e-01 6.26304802e-03
 0.0900686  0.06143752 0.00715777 0.84133612
 2.11750671e-02 2.98240382e-04 8.95914107e-01 8.26125857e-02
 0.19982106 0.29973158 0.23889055 0.26155681

MOTIF MMPA_l3_20
letter-probability matrix: alength= 4 w= 9 
 0.2209607  0.32751092 0.20116448 0.2503639 
 0.21513828 0.1426492  0.34381368 0.29839884
 0.06550218 0.12751092 0.05240175 0.75458515
 0.42532751 0.23988355 0.27016012 0.06462882
 0.43871907 0.16914119 0.29606987 0.09606987
 0.10101892 0.06957787 0.07045124 0.75895197
 0.65967977 0.07481805 0.09432314 0.17117904
 6.37263464e-01 2.91120815e-04 3.49927220e-01 1.25181951e-02
 0.11906841 0.08704512 0.16390102 0.62998544

MOTIF MMPA_l3_21
letter-probability matrix: alength= 4 w= 9 
 0.24431995 0.38437597 0.18954248 0.18176159
 0.70401494 0.22222222 0.04637411 0.02738873
 0.42203548 0.06691566 0.31590414 0.19514472
 3.11235605e-04 2.80112045e-03 4.79302832e-02 9.48957361e-01
 0.06349206 0.07282913 0.09866169 0.76501712
 0.07469655 0.12885154 0.33613445 0.46031746
 0.1774043  0.32741986 0.36756925 0.1276066 
 0.6713352  0.0865235  0.06286959 0.17927171
 0.01991908 0.07998755 0.23965142 0.66044195

MOTIF MMPA_l3_22
letter-probability matrix: alength= 4 w= 9 
 0.12528926 0.17752066 0.38710744 0.31008264
 3.30578512e-04 3.30578512e-04 3.30578512e-04 9.99008264e-01
 6.04297521e-01 3.30578512e-04 3.95041322e-01 3.30578512e-04
 6.18512397e-01 3.30578512e-04 3.80826446e-01 3.30578512e-04
 3.30578512e-04 3.30578512e-04 3.30578512e-04 9.99008264e-01
 8.81652893e-01 3.30578512e-04 1.17685950e-01 3.30578512e-04
 5.84132231e-01 3.30578512e-04 4.15206612e-01 3.30578512e-04
 0.39107438 0.22413223 0.32826446 0.05652893
 0.11801653 0.2677686  0.33322314 0.28099174

MOTIF MMPA_l3_23
letter-probability matrix: alength= 4 w= 9 
 0.26909655 0.0624273  0.30981    0.35866615
 0.02597906 0.00620396 0.60411012 0.36370686
 3.10197751e-01 3.87747189e-04 6.89026755e-01 3.87747189e-04
 3.87747189e-04 1.00814269e-02 2.50484684e-01 7.39046142e-01
 0.09422257 0.1930981  0.10624273 0.6064366 
 1.87281892e-01 2.71423032e-03 3.87747189e-04 8.09616130e-01
 3.87747189e-04 2.24893370e-02 3.56727414e-02 9.41450174e-01
 0.60178364 0.02636681 0.36138038 0.01046917
 0.15781311 0.13493602 0.34936022 0.35789066

MOTIF MMPA_l3_24
letter-probability matrix: alength= 4 w= 9 
 0.49214203 0.17287544 0.24621653 0.08876601
 0.46769499 0.14668219 0.16589057 0.21973225
 0.01746217 0.81519208 0.14871944 0.01862631
 0.68044237 0.09167637 0.21158324 0.01629802
 0.07043073 0.60215367 0.20023283 0.12718277
 0.21245634 0.50494761 0.13329453 0.14930151
 0.49417928 0.20430733 0.07275902 0.22875437
 0.49126892 0.08818393 0.36408615 0.056461  
 0.32974389 0.14231665 0.47380675 0.05413271

MOTIF MMPA_l3_25
letter-probability matrix: alength= 4 w= 9 
 0.28347184 0.15050785 0.00092336 0.56509695
 0.30655586 0.34164358 0.0166205  0.33518006
 9.69529086e-01 9.23361034e-04 2.86241921e-02 9.23361034e-04
 0.15050785 0.10987996 0.00092336 0.73868883
 0.2179132  0.25484765 0.52631579 0.00092336
 9.74145891e-01 9.23361034e-04 2.40073869e-02 9.23361034e-04
 9.23361034e-04 2.40073869e-02 9.23361034e-04 9.74145891e-01
 9.23361034e-04 9.23361034e-04 9.74145891e-01 2.40073869e-02
 0.17728532 0.17820868 0.24099723 0.40350877

MOTIF MMPA_l3_26
letter-probability matrix: alength= 4 w= 9 
 0.60970573 0.1053175  0.15797625 0.12700052
 0.27155395 0.07485803 0.0820857  0.57150232
 0.14248838 0.13629324 0.14042334 0.58079504
 6.50490449e-01 5.16262261e-04 9.86060919e-02 2.50387197e-01
 0.13061435 0.08673206 0.13835829 0.6442953 
 0.1559112  0.43004646 0.04594734 0.36809499
 0.22199277 0.00722767 0.11977284 0.65100671
 0.44037171 0.02891069 0.1874032  0.3433144 
 0.33505421 0.06556531 0.07124419 0.52813629

MOTIF MMPA_l3_27
letter-probability matrix: alength= 4 w= 9 
 0.32464861 0.23380185 0.29722317 0.14432636
 0.50291395 0.14089818 0.24888584 0.10730202
 0.32807679 0.46417552 0.07027768 0.13747   
 9.05382242e-01 3.42817964e-04 8.70757628e-02 7.19917724e-03
 0.41103874 0.19026397 0.12821392 0.27048337
 0.08501885 0.6355845  0.11278711 0.16660953
 7.50085704e-01 3.42817964e-04 1.37470003e-01 1.12101474e-01
 0.1107302  0.21426123 0.00994172 0.66506685
 0.27082619 0.20054851 0.35447377 0.17415153

MOTIF MMPA_l3_28
letter-probability matrix: alength= 4 w= 9 
 0.28621291 0.06166376 0.34031414 0.31180919
 0.25974404 0.26759744 0.41797557 0.05468296
 0.12361838 0.25450844 0.14252472 0.47934846
 0.37027341 0.11169284 0.41448517 0.10354857
 0.39936009 0.26556137 0.25014543 0.0849331 
 0.63699825 0.0727167  0.09569517 0.19458988
 0.58115183 0.04392088 0.18819081 0.18673647
 0.42408377 0.10762071 0.18295521 0.28534031
 0.48080279 0.03054101 0.26556137 0.22309482

MOTIF MMPA_l3_29
letter-probability matrix: alength= 4 w= 9 
 0.30596798 0.1580786  0.37496361 0.16098981
 0.28209607 0.21775837 0.23173217 0.26841339
 0.39592431 0.17001456 0.22590975 0.20815138
 0.63551674 0.00291121 0.35866084 0.00291121
 0.16215429 0.18544396 0.33944687 0.31295488
 0.2628821  0.10276565 0.37933042 0.25502183
 0.70393013 0.01513828 0.25211063 0.02882096
 0.02736536 0.07307132 0.12052402 0.7790393 
 0.02299854 0.03144105 0.89490539 0.05065502

MOTIF MMPA_l3_30
letter-probability matrix: alength= 4 w= 9 
 0.38836141 0.28300153 0.17366003 0.15497703
 0.32741194 0.21715161 0.29157734 0.16385911
 0.60520674 0.05114855 0.32312404 0.02052067
 0.32006126 0.18009188 0.26921899 0.23062787
 0.4202144  0.20030628 0.20367534 0.17580398
 8.22052067e-01 3.06278714e-04 6.18683002e-02 1.15773354e-01
 0.02970904 0.02940276 0.12404288 0.81684533
 2.57274119e-02 3.06278714e-04 9.46707504e-01 2.72588055e-02
 0.30995406 0.27840735 0.22205207 0.18958652

MOTIF MMPA_l3_31
letter-probability matrix: alength= 4 w= 9 
 0.13753998 0.16807211 0.58883396 0.10555394
 0.21546961 0.12736261 0.58796162 0.06920616
 0.3056121  0.2221576  0.31520791 0.15702239
 0.15004362 0.06746147 0.437918   0.34457691
 0.13521372 0.13812155 0.52893283 0.1977319 
 0.40825821 0.05408549 0.38644955 0.15120675
 0.05990113 0.0392556  0.45216633 0.44867694
 0.1453911  0.19569642 0.60599011 0.05292236
 0.24571096 0.30503053 0.21430648 0.23495202

MOTIF MMPA_l3_32
letter-probability matrix: alength= 4 w= 9 
 0.26285917 0.17807733 0.37211777 0.18694573
 0.3018801  0.33770841 0.16246896 0.19794253
 0.64703796 0.22277403 0.06562611 0.0645619 
 0.65519688 0.15324583 0.11103228 0.08052501
 0.28378858 0.27314651 0.13515431 0.30791061
 0.49840369 0.10500177 0.28059596 0.11599858
 3.45512593e-01 3.54735722e-04 1.66016318e-01 4.88116353e-01
 0.05640298 0.09506917 0.46647747 0.38205037
 0.10145442 0.12557645 0.6534232  0.11954594

MOTIF MMPA_l3_33
letter-probability matrix: alength= 4 w= 9 
 0.13100962 0.2280649  0.40594952 0.23497596
 0.38010817 0.10066106 0.07091346 0.44831731
 0.31490385 0.46484375 0.15805288 0.06219952
 0.10907452 0.1640625  0.43179087 0.29507212
 0.38401442 0.07241587 0.5390625  0.00450721
 0.08503606 0.09014423 0.49098558 0.33383413
 0.25901442 0.2280649  0.44501202 0.06790865
 0.34675481 0.05528846 0.43960337 0.15835337
 0.10426683 0.10757212 0.73557692 0.05258413

MOTIF MMPA_l3_34
letter-probability matrix: alength= 4 w= 9 
 0.48280255 0.15732484 0.20859873 0.15127389
 0.31847134 0.33598726 0.18312102 0.16242038
 0.45350318 0.15286624 0.12261146 0.27101911
 3.18471338e-04 1.09554140e-01 7.47452229e-01 1.42675159e-01
 0.12165605 0.35573248 0.01496815 0.50764331
 0.03343949 0.00318471 0.63248408 0.33089172
 0.07579618 0.09203822 0.02611465 0.80605096
 0.33312102 0.25955414 0.18980892 0.21751592
 0.2        0.08630573 0.48343949 0.23025478

MOTIF MMPA_l3_35
letter-probability matrix: alength= 4 w= 9 
 0.19755601 0.16380564 0.18359034 0.45504801
 0.1131801  0.11230724 0.43613617 0.33837649
 0.70293861 0.02414897 0.1748618  0.09805063
 0.36223451 0.00523713 0.07070119 0.56182717
 7.30288042e-02 2.90951411e-04 6.19144603e-01 3.07535642e-01
 0.18737271 0.22199593 0.39598487 0.19464649
 0.21763166 0.24178062 0.50858307 0.03200466
 0.41460576 0.17311609 0.16846087 0.24381728
 0.47716031 0.23276113 0.13994763 0.15013093

MOTIF MMPA_l3_36
letter-probability matrix: alength= 4 w= 9 
 0.45359325 0.26302008 0.15100378 0.13238289
 0.14023858 0.13005528 0.58335758 0.14634856
 0.31189991 0.0922316  0.51469305 0.08117544
 3.49141693e-01 2.90951411e-04 4.59703230e-01 1.90864126e-01
 0.04829793 0.4323538  0.2054117  0.31393657
 0.15624091 0.15304044 0.49258074 0.19813791
 0.47628746 0.11085249 0.29647949 0.11638056
 0.27814955 0.26185627 0.20803026 0.25196392
 0.18824556 0.17195228 0.44544661 0.19435554

MOTIF MMPA_l3_37
letter-probability matrix: alength= 4 w= 9 
 0.33779459 0.15100378 0.34768694 0.16351469
 0.01949374 0.2161769  0.31888275 0.44544661
 0.28135001 0.20832121 0.31451848 0.1958103 
 2.56037242e-01 2.90951411e-04 7.14576666e-01 2.90951411e-02
 0.00378237 0.21443119 0.71457667 0.06720978
 0.01891184 0.09048589 0.7107943  0.17980797
 0.17311609 0.03753273 0.62729124 0.16205994
 0.23392493 0.14023858 0.45650276 0.16933372
 0.23508874 0.12132674 0.53564155 0.10794297

MOTIF MMPA_l3_38
letter-probability matrix: alength= 4 w= 9 
 0.57418732 0.08786611 0.21210171 0.12584487
 0.56227873 0.30447377 0.02574831 0.1074992 
 0.30865787 0.66752494 0.00579337 0.01802382
 7.12906341e-01 3.21853878e-04 2.26263276e-01 6.05085291e-02
 0.06919858 0.1989057  0.54940457 0.18249115
 0.56420985 0.09237206 0.16961699 0.17380109
 0.3196009  0.23559704 0.28741551 0.15738655
 0.06758931 0.16124879 0.24460895 0.52655294
 0.16285806 0.15191503 0.46572256 0.21950435

MOTIF MMPA_l3_39
letter-probability matrix: alength= 4 w= 9 
 0.45013085 0.13812155 0.13463216 0.27711544
 0.35417272 0.31927886 0.31520791 0.01134051
 0.26868276 0.08316371 0.6405932  0.00756034
 0.0031986  0.12619948 0.62460017 0.24600174
 0.7092178  0.14190172 0.05350393 0.09537656
 0.10322768 0.00465252 0.11369584 0.77842396
 0.09275952 0.39691771 0.02035475 0.48996801
 0.20063972 0.32364059 0.25298052 0.22273917
 0.1160221  0.19162547 0.40127944 0.29107299

MOTIF MMPA_l3_40
letter-probability matrix: alength= 4 w= 9 
 0.20971495 0.21029668 0.19866201 0.38132635
 0.41535777 0.12100058 0.26730657 0.19633508
 0.23560209 0.44328098 0.12361838 0.19749855
 0.38394415 0.41012216 0.01570681 0.19022688
 3.19953461e-03 2.90866783e-04 9.86910995e-01 9.59860384e-03
 0.44240838 0.51599767 0.03839442 0.00319953
 0.01076207 0.30948226 0.35980221 0.31995346
 4.08376963e-01 2.48981966e-01 2.90866783e-04 3.42350204e-01
 0.12274578 0.18673647 0.02297848 0.66753927

MOTIF MMPA_l3_41
letter-probability matrix: alength= 4 w= 9 
 0.40127944 0.22651934 0.18202966 0.19017156
 0.41523699 0.06571678 0.248328   0.27071823
 0.43559174 0.09537656 0.32800233 0.14102937
 3.72201221e-02 7.76388485e-02 8.84850247e-01 2.90782204e-04
 0.13346903 0.09624891 0.75021809 0.02006397
 0.18406514 0.16894446 0.49869148 0.14829892
 0.218959   0.45972666 0.20412911 0.11718523
 0.07414946 0.09741204 0.17243385 0.65600465
 0.06571678 0.43704565 0.28496656 0.21227101

MOTIF MMPA_l3_42
letter-probability matrix: alength= 4 w= 9 
 0.19720768 0.14746946 0.45433392 0.20098895
 2.90866783e-04 2.90866783e-04 2.90866783e-04 9.99127400e-01
 7.91448517e-01 2.90866783e-04 2.07969750e-01 2.90866783e-04
 5.41012216e-01 3.49040140e-03 4.55206515e-01 2.90866783e-04
 0.0753345  0.30395579 0.44037231 0.18033741
 0.13670739 0.10471204 0.22018615 0.53839442
 0.11169284 0.43222804 0.14048866 0.31559046
 0.19924375 0.23007563 0.39296102 0.1777196 
 0.3388598  0.23967423 0.30831879 0.11314718

MOTIF MMPA_l3_43
letter-probability matrix: alength= 4 w= 9 
 0.3084085  0.21268548 0.35932499 0.11958103
 0.17224324 0.0922316  0.56473669 0.17078848
 2.90951411e-04 7.65202211e-01 2.90951411e-04 2.34215886e-01
 0.45301135 0.07972069 0.22170498 0.24556299
 0.09688682 0.29735234 0.443119   0.16264184
 0.69915624 0.00378237 0.25196392 0.04509747
 0.08408496 0.11754437 0.05615362 0.74221705
 1.51294734e-02 2.90951411e-04 8.01280186e-01 1.83299389e-01
 0.28484143 0.28193192 0.18882747 0.24439919

MOTIF MMPA_l3_44
letter-probability matrix: alength= 4 w= 9 
 0.25924847 0.16865715 0.30119429 0.27090009
 0.41683659 0.26769589 0.09321293 0.22225459
 8.82609962e-01 8.73871250e-04 2.21380717e-02 9.43780950e-02
 2.35362657e-01 2.91290417e-04 2.91290417e-04 7.64054763e-01
 2.91290417e-04 2.91290417e-04 7.65802505e-01 2.33614914e-01
 0.4255753  0.10690358 0.26915234 0.19836877
 0.58287212 0.07107486 0.1672007  0.17885232
 0.2706088  0.11127294 0.27148267 0.3466356 
 0.35741334 0.26157879 0.11185552 0.26915234

MOTIF MMPA_l3_45
letter-probability matrix: alength= 4 w= 9 
 0.13394216 0.45129376 0.1826484  0.23211568
 0.10121766 0.15905632 0.5129376  0.22678843
 0.10312024 0.09246575 0.73630137 0.06811263
 0.04604262 0.58789954 0.01788432 0.34817352
 0.3500761 0.1194825 0.4695586 0.0608828
 0.09360731 0.35502283 0.41704718 0.13432268
 0.24733638 0.27663623 0.34703196 0.12899543
 0.51674277 0.14764079 0.19178082 0.14383562
 0.21689498 0.4174277  0.07990868 0.28576865

MOTIF MMPA_l3_46
letter-probability matrix: alength= 4 w= 9 
 0.25552899 0.38075314 0.28571429 0.07800359
 0.31171548 0.30005977 0.12940825 0.2588165 
 0.0803945  0.13687986 0.63717872 0.14554692
 0.53885236 0.17065152 0.05768081 0.2328153 
 0.37178721 0.21488344 0.05618649 0.35714286
 0.56485356 0.04124328 0.34399283 0.04991034
 0.4916318  0.15899582 0.29288703 0.05648536
 0.32934848 0.07710699 0.26688583 0.3266587 
 0.38284519 0.11775254 0.45636581 0.04303646

MOTIF MMPA_l3_47
letter-probability matrix: alength= 4 w= 9 
 0.16264184 0.23072447 0.25778295 0.34885074
 0.28338667 0.5466977  0.10386965 0.06604597
 0.03142275 0.0096014  0.91387838 0.04509747
 0.0215304  0.13063718 0.03898749 0.80884492
 0.50072738 0.38958394 0.08728542 0.02240326
 0.41373291 0.43497236 0.10561536 0.04567937
 0.33139366 0.34739598 0.17457085 0.14663951
 0.47163224 0.27233052 0.13383765 0.12219959
 0.66744254 0.1550771  0.07739308 0.10008729

MOTIF MMPA_l3_48
letter-probability matrix: alength= 4 w= 9 
 0.21437384 0.29796422 0.18908081 0.29858112
 0.25385564 0.43830969 0.27760642 0.03022825
 0.30598396 0.19370759 0.38957434 0.11073411
 8.88340531e-02 3.08451573e-04 9.01295497e-01 9.56199877e-03
 0.15052437 0.45866749 0.32634176 0.06446638
 0.08266502 0.59685379 0.30074028 0.0197409 
 0.66563849 0.16317088 0.02282542 0.14836521
 0.26866132 0.5203578  0.19586675 0.01511413
 0.52436767 0.11536089 0.32479951 0.03547193

MOTIF MMPA_l3_49
letter-probability matrix: alength= 4 w= 9 
 0.30939227 0.16458273 0.42308811 0.1029369 
 0.19715033 0.3594068  0.16225647 0.28118639
 7.88019773e-01 2.12271009e-02 1.90462344e-01 2.90782204e-04
 0.12183774 0.03227682 0.11747601 0.72840942
 0.09828438 0.07473103 0.72375691 0.10322768
 0.40331492 0.18755452 0.21721431 0.19191625
 0.13753998 0.15556848 0.31724338 0.38964815
 0.20005816 0.10061064 0.5309683  0.1683629 
 0.20761849 0.12736261 0.55015993 0.11485897

MOTIF MMPA_l3_50
letter-probability matrix: alength= 4 w= 9 
 0.25029104 0.28084983 0.27852154 0.1903376 
 0.14348079 0.38009313 0.16181607 0.31461001
 0.16676368 0.32450524 0.3169383  0.19179278
 0.14726426 0.13271246 0.11728754 0.60273574
 0.01280559 0.52793946 0.43364377 0.02561118
 2.91036088e-04 2.96856810e-02 1.74621653e-02 9.52561118e-01
 4.99708964e-01 9.89522701e-03 4.90104773e-01 2.91036088e-04
 8.04132712e-01 3.20139697e-03 1.92374854e-01 2.91036088e-04
 0.38445867 0.05762515 0.47118743 0.08672875

MOTIF MMPA_l3_51
letter-probability matrix: alength= 4 w= 9 
 0.1209654  0.20645536 0.40157022 0.27100901
 0.01221285 0.29747019 0.1128235  0.57749346
 0.42337889 0.10031986 0.46263449 0.01366676
 0.61384123 0.15236987 0.23291655 0.00087235
 0.15411457 0.56353591 0.20936319 0.07298633
 0.22884559 0.18755452 0.53184065 0.05175923
 0.40913056 0.14946205 0.10380925 0.33759814
 0.02268101 0.47048561 0.11369584 0.39313754
 0.15207909 0.09595813 0.60075603 0.15120675

MOTIF MMPA_l3_52
letter-probability matrix: alength= 4 w= 9 
 0.46829552 0.23560209 0.19546248 0.10063991
 0.54450262 0.20244328 0.16404887 0.08900524
 0.14077952 0.00552647 0.0113438  0.8423502 
 0.65445026 0.21291449 0.04333915 0.0892961 
 0.29086678 0.03723095 0.63728912 0.03461315
 0.0061082  0.29959279 0.24549156 0.44880745
 0.46887725 0.2399651  0.10645724 0.18470041
 0.26876091 0.1655032  0.21611402 0.34962187
 0.23589296 0.44182664 0.04217568 0.28010471

MOTIF MMPA_l3_53
letter-probability matrix: alength= 4 w= 9 
 0.02325581 0.02325581 0.93023256 0.02325581
 0.02325581 0.93023256 0.02325581 0.02325581
 0.93023256 0.02325581 0.02325581 0.02325581
 0.39534884 0.55813953 0.02325581 0.02325581
 0.02325581 0.25581395 0.02325581 0.69767442
 0.93023256 0.02325581 0.02325581 0.02325581
 0.02325581 0.02325581 0.02325581 0.93023256
 0.02325581 0.02325581 0.02325581 0.93023256
 0.02325581 0.02325581 0.93023256 0.02325581

MOTIF MMPA_l3_54
letter-probability matrix: alength= 4 w= 9 
 0.37689173 0.12369034 0.41909197 0.08032596
 0.01629802 0.37718277 0.27793946 0.32857974
 0.25814901 0.11757858 0.49097788 0.13329453
 2.91036088e-04 2.91036088e-04 2.91036088e-03 9.96507567e-01
 8.39057043e-01 2.91036088e-04 1.52502910e-01 8.14901048e-03
 4.74970896e-01 2.91036088e-04 5.24447031e-01 2.91036088e-04
 0.27240978 0.22409779 0.2814319  0.22206054
 0.2782305  0.30762515 0.19732247 0.21682189
 0.26542491 0.42869616 0.17520373 0.1306752 

MOTIF MMPA_l3_55
letter-probability matrix: alength= 4 w= 9 
 0.50014539 0.22477464 0.22302995 0.05205001
 0.50886886 0.02995057 0.44431521 0.01686537
 0.31927886 0.13783076 0.38470486 0.15818552
 0.34341378 0.18988078 0.3349811  0.13172434
 0.71387031 0.00232626 0.14015702 0.14364641
 0.00668799 0.01279442 0.17534167 0.80517592
 0.02762431 0.05495784 0.81884269 0.09857517
 0.26548415 0.15673161 0.43239314 0.1453911 
 0.24803722 0.19307938 0.3186973  0.2401861 

MOTIF MMPA_l3_56
letter-probability matrix: alength= 4 w= 9 
 0.11689445 0.29979645 0.3006688  0.2826403 
 0.10671707 0.34981099 0.42250654 0.1209654 
 0.00872347 0.48357081 0.4248328  0.08287293
 0.00988659 0.67025298 0.2058738  0.11398662
 0.16138412 0.61616749 0.07298633 0.14946205
 0.25472521 0.19482408 0.02297179 0.52747892
 0.03634778 0.66530968 0.03343995 0.26490259
 0.44780459 0.22506543 0.13579529 0.19133469
 0.39313754 0.21256179 0.28409421 0.11020646

MOTIF MMPA_l3_57
letter-probability matrix: alength= 4 w= 9 
 0.09541985 0.38231552 0.04834606 0.47391858
 0.41507634 0.28085242 0.06583969 0.23823155
 0.29961832 0.03212468 0.19211196 0.47614504
 0.18225191 0.00954198 0.00572519 0.80248092
 3.18066158e-04 3.18066158e-04 1.55852417e-02 9.83778626e-01
 0.87754453 0.1014631  0.00540712 0.01558524
 0.09701018 0.59192112 0.01208651 0.29898219
 0.21087786 0.63263359 0.11195929 0.04452926
 0.11513995 0.0826972  0.27958015 0.5225827 

MOTIF MMPA_l3_58
letter-probability matrix: alength= 4 w= 9 
 0.1576507  0.2179289  0.15950541 0.46491499
 0.42689335 0.03060278 0.22751159 0.31499227
 0.59319938 0.23554869 0.10386399 0.06738794
 0.2423493  0.23122102 0.05965997 0.46676971
 0.56074189 0.11962906 0.26862442 0.05100464
 0.54590417 0.00989181 0.44173107 0.00247295
 0.387017   0.01020093 0.59969088 0.00309119
 0.05842349 0.06367852 0.77279753 0.10510046
 0.51159196 0.10170015 0.35023184 0.03647604

MOTIF MMPA_l3_59
letter-probability matrix: alength= 4 w= 9 
 0.48705266 0.09688682 0.38172825 0.03433227
 0.4533023  0.29735234 0.14925807 0.10008729
 0.14722141 0.3299389  0.11899913 0.40384056
 7.18359034e-01 2.90951411e-04 2.81059063e-01 2.90951411e-04
 0.05237125 0.03229561 0.25196392 0.66336922
 0.09921443 0.20046552 0.69653768 0.00378237
 0.29706139 0.10096014 0.39656677 0.2054117 
 0.24265348 0.2371254  0.23072447 0.28949665
 0.24265348 0.19202793 0.41693337 0.14838522

MOTIF MMPA_l3_60
letter-probability matrix: alength= 4 w= 9 
 0.52395866 0.10804886 0.1490761  0.21891638
 4.37832759e-01 1.81647354e-02 3.13185092e-04 5.43689320e-01
 0.00250548 0.00375822 0.4118384  0.5818979 
 3.13185092e-04 9.55214532e-02 6.62073285e-01 2.42092076e-01
 3.13185092e-04 3.13185092e-04 3.13185092e-04 9.99060445e-01
 6.31067961e-01 3.13185092e-04 3.68305669e-01 3.13185092e-04
 6.28875666e-01 3.13185092e-04 3.70497964e-01 3.13185092e-04
 0.43031632 0.12621359 0.30128406 0.14218603
 0.49357971 0.14876292 0.09520827 0.26244911

MOTIF MMPA_l3_61
letter-probability matrix: alength= 4 w= 9 
 0.19835921 0.31409317 0.12042192 0.3671257 
 0.35306182 0.41488427 0.07559332 0.15646059
 0.59068268 0.21418107 0.07295634 0.1221799 
 0.33606798 0.35921477 0.28303545 0.0216818 
 0.35657779 0.17521242 0.11046001 0.35774978
 0.22033402 0.11895693 0.19572224 0.46498682
 0.10987401 0.76501611 0.05889247 0.0662174 
 0.40814533 0.16964547 0.03721067 0.38499854
 0.34778787 0.12481688 0.42953413 0.09786112

MOTIF MMPA_l3_62
letter-probability matrix: alength= 4 w= 9 
 0.65531295 0.08384279 0.15720524 0.10363901
 0.44046579 0.07016012 0.01106259 0.4783115 
 1.90393013e-01 2.91120815e-04 3.90101892e-01 4.19213974e-01
 0.42299854 0.11033479 0.44250364 0.02416303
 0.46375546 0.17117904 0.02882096 0.33624454
 0.23726346 0.06695779 0.4783115  0.21746725
 0.3874818  0.16972344 0.35225619 0.09053857
 0.34614265 0.21280932 0.39737991 0.04366812
 0.15283843 0.10800582 0.50247453 0.23668122

MOTIF MMPA_l3_63
letter-probability matrix: alength= 4 w= 9 
 0.39045679 0.23247018 0.19697411 0.18009892
 0.49083503 0.10707012 0.3599069  0.04218795
 0.31364562 0.17980797 0.18970032 0.31684609
 0.35263311 0.1035787  0.42508001 0.11870818
 0.7113762  0.03753273 0.24439919 0.00669188
 0.01105615 0.03491417 0.17748036 0.77654932
 0.0101833  0.02182136 0.90165842 0.06633692
 0.20512074 0.12889148 0.49549025 0.17049753
 0.28949665 0.27145767 0.33197556 0.10707012

MOTIF MMPA_l3_64
letter-probability matrix: alength= 4 w= 9 
 0.43818182 0.2630303  0.19636364 0.10242424
 5.47272727e-01 3.03030303e-04 4.05454545e-01 4.69696970e-02
 0.61515152 0.11606061 0.18242424 0.08636364
 0.83454545 0.04424242 0.05       0.07121212
 0.35484848 0.13969697 0.04454545 0.46090909
 0.20363636 0.6769697  0.01484848 0.10454545
 0.3530303  0.05757576 0.51636364 0.0730303 
 0.42666667 0.28030303 0.02909091 0.26393939
 0.27090909 0.32393939 0.27727273 0.12787879

MOTIF MMPA_l3_65
letter-probability matrix: alength= 4 w= 9 
 0.05439209 0.59482257 0.09249564 0.2582897 
 0.55206515 0.30366492 0.13816172 0.0061082 
 0.65561373 0.02152414 0.29813845 0.02472368
 0.09249564 0.56835369 0.11198371 0.22716696
 0.14659686 0.18382781 0.28563118 0.38394415
 0.25363583 0.4877836  0.02879581 0.22978476
 0.02094241 0.18877254 0.26847004 0.52181501
 0.30133799 0.1567772  0.35282141 0.18906341
 0.36416521 0.22338569 0.22949389 0.18295521

MOTIF MMPA_l3_66
letter-probability matrix: alength= 4 w= 9 
 0.64736689 0.16729706 0.14809427 0.03724178
 0.58044807 0.06371836 0.21035787 0.14547571
 0.38405586 0.16729706 0.20861216 0.24003491
 0.67326157 0.11463486 0.10648822 0.10561536
 4.52720396e-01 2.90951411e-04 4.88798371e-02 4.98108816e-01
 0.04800698 0.00756474 0.47279604 0.47163224
 0.20133838 0.06982834 0.62118126 0.10765202
 0.48763457 0.27407623 0.08874018 0.14954903
 0.25836485 0.29851615 0.21093977 0.23217923

MOTIF MMPA_l3_67
letter-probability matrix: alength= 4 w= 9 
 0.34804382 0.22879499 0.10015649 0.32300469
 0.26447574 0.38622848 0.02942097 0.3198748 
 0.87386541 0.01846635 0.04976526 0.05790297
 0.07386541 0.03881064 0.84475743 0.04256651
 0.71799687 0.02660407 0.13208138 0.12331768
 0.00532081 0.00469484 0.81377152 0.17621283
 0.5627543  0.1687011  0.13458529 0.13395931
 0.40187793 0.03035994 0.29608764 0.27167449
 0.34209703 0.14835681 0.13458529 0.37496088

MOTIF MMPA_l3_68
letter-probability matrix: alength= 4 w= 9 
 0.25584294 0.21533188 0.31598629 0.21283889
 0.21283889 0.27890309 0.28108445 0.22717357
 0.03022749 0.01495793 0.01495793 0.93985665
 7.29199127e-01 3.11623559e-04 2.46182611e-01 2.43066376e-02
 4.67123715e-01 1.55811779e-03 5.31006544e-01 3.11623559e-04
 3.11623559e-04 3.11623559e-04 3.11623559e-04 9.99065129e-01
 7.86537862e-01 3.11623559e-04 2.12838891e-01 3.11623559e-04
 5.56248052e-01 3.11623559e-04 4.43128701e-01 3.11623559e-04
 0.26737301 0.19601122 0.38516672 0.15144905

MOTIF MMPA_l3_69
letter-probability matrix: alength= 4 w= 9 
 0.27444703 0.23603027 0.44935972 0.04016298
 0.01746217 0.12834692 0.76688009 0.08731083
 0.07566938 0.14057043 0.64842841 0.13533178
 5.50058207e-02 6.16996508e-02 8.83003492e-01 2.91036088e-04
 0.04772992 0.08527357 0.77037253 0.09662398
 0.00203725 0.0983702  0.48748545 0.4121071 
 0.27910361 0.32799767 0.21245634 0.18044237
 0.24912689 0.19906868 0.1548312  0.39697322
 0.40948778 0.24563446 0.13824214 0.20663562

MOTIF MMPA_l3_70
letter-probability matrix: alength= 4 w= 9 
 0.10278293 0.33580705 0.2619666  0.29944341
 0.11799629 0.32504638 0.33209647 0.22486085
 0.48868275 0.11131725 0.29907236 0.10092764
 0.74805195 0.00371058 0.20074212 0.04749536
 0.62782931 0.00185529 0.1825603  0.1877551 
 2.70871985e-01 3.71057514e-04 4.82374768e-03 7.23933210e-01
 0.0567718  0.00111317 0.22226345 0.71985158
 0.38404453 0.08868275 0.50055659 0.02671614
 0.39220779 0.05380334 0.50834879 0.04564007

MOTIF MMPA_l3_71
letter-probability matrix: alength= 4 w= 9 
 0.37452748 0.16080256 0.26083164 0.20383833
 9.85751672e-01 2.90782204e-04 2.90782204e-04 1.36667636e-02
 2.90782204e-04 2.03547543e-03 1.36667636e-02 9.84006979e-01
 0.0081419  0.00203548 0.98720558 0.00261704
 0.36871183 0.23873219 0.30241349 0.09014248
 0.01773771 0.08287293 0.45710962 0.44227973
 0.28234952 0.28700204 0.18755452 0.24309392
 0.2320442  0.23902297 0.2500727  0.27886013
 0.21285257 0.27624309 0.17039837 0.34050596

MOTIF MMPA_l3_72
letter-probability matrix: alength= 4 w= 9 
 0.4421114  0.20647419 0.26334208 0.08807232
 0.64916885 0.17731117 0.07203266 0.10148731
 0.62467192 0.00174978 0.36453777 0.00904054
 0.2335958  0.62700496 0.04316127 0.09623797
 0.36745407 0.39895013 0.15281423 0.08078157
 0.74861476 0.17235346 0.01341499 0.0656168 
 0.18985127 0.25342666 0.00437445 0.55234762
 0.40303295 0.2210557  0.37124526 0.00466608
 0.43832021 0.12044328 0.25284339 0.18839312

MOTIF MMPA_l3_73
letter-probability matrix: alength= 4 w= 9 
 0.25622984 0.14365289 0.50747581 0.09264145
 0.04807974 0.10202287 0.57812958 0.27176781
 0.1759015  0.26854295 0.30870712 0.24684843
 0.2509528  0.54441513 0.18792143 0.01671064
 0.65699208 0.08326004 0.19290531 0.06684257
 0.08589856 0.69158605 0.02462621 0.19788918
 0.05599531 0.73585459 0.20228672 0.00586338
 0.56874817 0.16388156 0.16857227 0.09879801
 0.31339783 0.20551158 0.13016711 0.35092348

MOTIF MMPA_l3_74
letter-probability matrix: alength= 4 w= 9 
 0.30831879 0.15474113 0.34874927 0.18819081
 0.31210006 0.21844095 0.16608493 0.30337405
 0.2609075  0.18528214 0.30221059 0.25159977
 0.04624782 0.01570681 0.8353694  0.10267597
 7.18440954e-02 2.90866783e-04 7.29203025e-01 1.98662013e-01
 2.90866783e-04 5.49738220e-02 8.59802211e-01 8.49331006e-02
 7.32984293e-02 6.95171611e-02 8.56893543e-01 2.90866783e-04
 0.27166958 0.14979639 0.43717277 0.14136126
 0.20157068 0.30948226 0.32984293 0.15910413

MOTIF MMPA_l3_75
letter-probability matrix: alength= 4 w= 9 
 0.26604679 0.25284943 0.35842831 0.12267546
 0.27264547 0.19526095 0.33413317 0.19796041
 0.54919016 0.13497301 0.27714457 0.03869226
 0.34103179 0.1229754  0.08818236 0.44781044
 0.10617876 0.08338332 0.45620876 0.35422915
 0.544991   0.07918416 0.30653869 0.06928614
 0.19436113 0.00509898 0.18446311 0.61607678
 0.35632873 0.0674865  0.54889022 0.02729454
 0.19916017 0.16346731 0.4295141  0.20785843

MOTIF MMPA_l3_76
letter-probability matrix: alength= 4 w= 9 
 0.10762071 0.31297266 0.24200116 0.33740547
 0.34642234 0.29028505 0.30482839 0.05846422
 0.34729494 0.25858057 0.28883072 0.10529378
 0.04857475 0.58958697 0.08173357 0.28010471
 0.11227458 0.46480512 0.0954043  0.327516  
 2.90866783e-04 2.90866783e-04 2.90866783e-04 9.99127400e-01
 9.39208842e-01 2.90866783e-04 6.02094241e-02 2.90866783e-04
 5.40430483e-01 2.90866783e-04 4.58987784e-01 2.90866783e-04
 0.27865038 0.14688773 0.27777778 0.29668412

MOTIF MMPA_l3_77
letter-probability matrix: alength= 4 w= 9 
 0.42813549 0.22093378 0.22612145 0.12480928
 0.57674702 0.06164175 0.28684773 0.0747635 
 0.52395484 0.26487641 0.1003967  0.11077205
 0.23375038 0.11962161 0.24565151 0.4009765 
 0.63686298 0.04455294 0.29081477 0.0277693 
 3.05157156e-04 3.05157156e-04 2.98748856e-01 7.00640830e-01
 1.44949649e-01 1.42508392e-01 7.12236802e-01 3.05157156e-04
 0.19957278 0.17851694 0.43118706 0.19072322
 0.36710406 0.20476045 0.23497101 0.19316448

MOTIF MMPA_l3_78
letter-probability matrix: alength= 4 w= 9 
 0.26548415 0.33323641 0.18668218 0.21459727
 0.43849956 0.23291655 0.16749055 0.16109334
 0.37278279 0.17243385 0.27071823 0.18406514
 9.64815353e-01 2.90782204e-04 2.90782204e-04 3.46030823e-02
 2.90782204e-04 2.90782204e-04 2.90782204e-04 9.99127653e-01
 2.90782204e-04 2.90782204e-04 9.61907531e-01 3.75109043e-02
 0.21808665 0.17795871 0.40767665 0.19627799
 0.34690317 0.19220704 0.42250654 0.03838325
 0.21343414 0.17272463 0.28787438 0.32596685

MOTIF MMPA_l3_79
letter-probability matrix: alength= 4 w= 9 
 0.40011631 0.20761849 0.21605118 0.17621402
 0.57952893 0.12329165 0.16894446 0.12823495
 2.90782204e-03 2.90782204e-04 2.90782204e-04 9.96510614e-01
 0.37336435 0.00290782 0.59435883 0.029369  
 0.66618203 0.01861006 0.22768247 0.08752544
 0.38034312 0.20354754 0.08432684 0.33178249
 0.03605699 0.0049433  0.66530968 0.29369003
 0.1340506  0.17854027 0.35504507 0.33236406
 0.25908694 0.24454783 0.27915092 0.21721431

MOTIF MMPA_l3_80
letter-probability matrix: alength= 4 w= 9 
 0.19057317 0.2982252  0.11958103 0.3916206 
 0.42246145 0.36456212 0.0826302  0.13034623
 8.92057026e-01 2.90951411e-04 1.03578702e-01 4.07331976e-03
 0.02560372 0.02531277 0.07506546 0.87401804
 0.0407332  0.02676753 0.91504219 0.01745708
 0.35292406 0.18737271 0.2257783  0.23392493
 0.17689846 0.07593832 0.26272912 0.4844341 
 0.13441955 0.20803026 0.45824847 0.19930172
 0.19755601 0.22199593 0.38376491 0.19668315

MOTIF MMPA_l3_81
letter-probability matrix: alength= 4 w= 9 
 0.23076923 0.08634223 0.4678179  0.21507064
 0.00156986 0.05808477 0.69858713 0.24175824
 0.02982732 0.10047096 0.56200942 0.30769231
 0.00156986 0.51491366 0.09262166 0.39089482
 0.00156986 0.56200942 0.06750392 0.3689168 
 0.00156986 0.62794349 0.00156986 0.3689168 
