MEME version 5.3.0

ALPHABET= ACGT

strands: + -

Background letter frequencies
A 0.25 C 0.25 G 0.25 T 0.25

MOTIF MMPA_l3_0
letter-probability matrix: alength= 4 w= 9 
 0.69614362 0.08643617 0.20611702 0.01130319
 0.61303191 0.14494681 0.10771277 0.13430851
 0.31117021 0.35039894 0.23071809 0.10771277
 0.79853723 0.04587766 0.04986702 0.10571809
 2.00132979e-01 6.64893617e-04 6.64893617e-04 7.98537234e-01
 6.64893617e-04 6.64893617e-04 7.98537234e-01 2.00132979e-01
 6.64893617e-04 6.64893617e-04 8.45079787e-01 1.53590426e-01
 0.37566489 0.37765957 0.24601064 0.00066489
 0.37300532 0.14095745 0.27792553 0.2081117 

MOTIF MMPA_l3_1
letter-probability matrix: alength= 4 w= 9 
 7.96542553e-01 6.64893617e-04 2.02127660e-01 6.64893617e-04
 0.07912234 0.00465426 0.17287234 0.74335106
 6.64893617e-04 6.64893617e-04 9.98005319e-01 6.64893617e-04
 0.15890957 0.08045213 0.55585106 0.20478723
 0.05784574 0.08976064 0.79986702 0.0525266 
 0.16090426 0.24800532 0.38696809 0.20412234
 0.22539894 0.06515957 0.43550532 0.27393617
 0.11702128 0.69547872 0.0625     0.125     
 0.16156915 0.41223404 0.16489362 0.26130319

MOTIF MMPA_l3_2
letter-probability matrix: alength= 4 w= 9 
 0.00265957 0.0731383  0.00199468 0.92220745
 4.32180851e-02 6.64893617e-04 7.38696809e-01 2.17420213e-01
 0.00531915 0.05053191 0.71276596 0.23138298
 0.30385638 0.44946809 0.12898936 0.11768617
 0.18816489 0.00398936 0.40159574 0.40625   
 0.00066489 0.06715426 0.45146277 0.48071809
 0.05119681 0.28257979 0.08710106 0.57912234
 0.02792553 0.31781915 0.61569149 0.03856383
 0.1875     0.33577128 0.17021277 0.30651596

MOTIF MMPA_l3_3
letter-probability matrix: alength= 4 w= 9 
 0.62765957 0.14095745 0.19215426 0.03922872
 0.38430851 0.33444149 0.26728723 0.01396277
 0.9268617  0.00531915 0.06648936 0.00132979
 0.86968085 0.06715426 0.01662234 0.04654255
 0.1662234  0.06449468 0.33643617 0.43284574
 0.62898936 0.14029255 0.00531915 0.22539894
 0.28390957 0.00066489 0.06382979 0.65159574
 1.39627660e-02 6.64893617e-04 7.65292553e-01 2.20079787e-01
 0.22340426 0.06848404 0.46675532 0.24135638

MOTIF MMPA_l3_4
letter-probability matrix: alength= 4 w= 9 
 0.11369681 0.31648936 0.21476064 0.35505319
 0.72672872 0.02260638 0.20744681 0.04321809
 0.21609043 0.60837766 0.09242021 0.0831117 
 0.50465426 0.00066489 0.49401596 0.00066489
 0.40026596 0.15558511 0.32978723 0.1143617 
 0.22805851 0.14694149 0.23603723 0.38896277
 9.14228723e-01 2.59308511e-02 5.91755319e-02 6.64893617e-04
 3.65691489e-02 6.64893617e-04 4.85372340e-02 9.14228723e-01
 3.78989362e-02 1.72872340e-02 9.44148936e-01 6.64893617e-04

MOTIF MMPA_l3_5
letter-probability matrix: alength= 4 w= 9 
 0.19215426 0.11569149 0.10039894 0.59175532
 0.34906915 0.1668883  0.00066489 0.48337766
 0.34973404 0.10704787 0.07646277 0.46675532
 0.43816489 0.31515957 0.04720745 0.19946809
 0.31382979 0.19215426 0.39827128 0.09574468
 0.51263298 0.21077128 0.19414894 0.08244681
 0.01662234 0.09973404 0.86103723 0.02260638
 0.03789894 0.02792553 0.13231383 0.8018617 
 0.00332447 0.37832447 0.29321809 0.32513298

MOTIF MMPA_l3_6
letter-probability matrix: alength= 4 w= 9 
 0.22074468 0.18417553 0.28390957 0.31117021
 0.42021277 0.16090426 0.24601064 0.17287234
 6.98803191e-01 1.94813830e-01 1.05718085e-01 6.64893617e-04
 9.86702128e-01 1.19680851e-02 6.64893617e-04 6.64893617e-04
 0.49069149 0.12566489 0.05651596 0.32712766
 6.64893617e-04 6.64893617e-04 5.78457447e-02 9.40824468e-01
 9.10904255e-02 6.64893617e-04 6.64893617e-04 9.07579787e-01
 6.64893617e-04 6.64893617e-04 9.98005319e-01 6.64893617e-04
 0.09773936 0.1143617  0.52859043 0.25930851

MOTIF MMPA_l3_7
letter-probability matrix: alength= 4 w= 9 
 0.08577128 0.07446809 0.30651596 0.53324468
 6.64893617e-04 4.38829787e-02 6.64893617e-04 9.54787234e-01
 0.62433511 0.00066489 0.34042553 0.03457447
 0.11170213 0.71609043 0.1662234  0.00598404
 0.50398936 0.03789894 0.0106383  0.4474734 
 9.94680851e-01 3.98936170e-03 6.64893617e-04 6.64893617e-04
 0.40492021 0.21742021 0.13031915 0.24734043
 0.35172872 0.06117021 0.25132979 0.33577128
 0.38297872 0.07446809 0.30518617 0.23736702

MOTIF MMPA_l3_8
letter-probability matrix: alength= 4 w= 9 
 0.10039894 0.25731383 0.375      0.26728723
 0.09242021 0.41223404 0.09707447 0.39827128
 0.45013298 0.28789894 0.22539894 0.03656915
 6.64893617e-04 6.64893617e-04 9.72074468e-01 2.65957447e-02
 0.00066489 0.58178191 0.00066489 0.4168883 
 0.49268617 0.03590426 0.14960106 0.32180851
 0.15824468 0.05917553 0.08045213 0.70212766
 0.60970745 0.1662234  0.06382979 0.16023936
 0.02659574 0.00066489 0.40226064 0.57047872

MOTIF MMPA_l3_9
letter-probability matrix: alength= 4 w= 9 
 0.24401596 0.46276596 0.13696809 0.15625   
 0.12632979 0.20744681 0.6349734  0.03125   
 0.09175532 0.83976064 0.01462766 0.05385638
 5.31914894e-03 9.93351064e-01 6.64893617e-04 6.64893617e-04
 0.30119681 0.6462766  0.00664894 0.04587766
 0.29920213 0.58577128 0.04920213 0.06582447
 0.19414894 0.57779255 0.04255319 0.18550532
 0.3956117  0.03125    0.54853723 0.02460106
 0.07779255 0.09242021 0.59308511 0.23670213

MOTIF MMPA_l3_10
letter-probability matrix: alength= 4 w= 9 
 0.2293883  0.11901596 0.29587766 0.35571809
 0.16888298 0.02327128 0.43351064 0.37433511
 0.17553191 0.2400266  0.21609043 0.36835106
 0.46343085 0.00531915 0.27925532 0.25199468
 0.18417553 0.07446809 0.07380319 0.66755319
 2.14095745e-01 7.41356383e-01 6.64893617e-04 4.38829787e-02
 0.07779255 0.66755319 0.05518617 0.19946809
 0.10172872 0.7599734  0.02260638 0.11569149
 0.07114362 0.73071809 0.07978723 0.11835106

MOTIF MMPA_l3_11
letter-probability matrix: alength= 4 w= 9 
 0.91666667 0.02777778 0.02777778 0.02777778
 0.22222222 0.36111111 0.38888889 0.02777778
 0.02777778 0.02777778 0.47222222 0.47222222
 0.55555556 0.02777778 0.02777778 0.38888889
 0.02777778 0.02777778 0.02777778 0.91666667
 0.47222222 0.02777778 0.33333333 0.16666667
 0.33333333 0.02777778 0.61111111 0.02777778
 0.02777778 0.02777778 0.02777778 0.91666667
 0.02777778 0.02777778 0.91666667 0.02777778

MOTIF MMPA_l3_12
letter-probability matrix: alength= 4 w= 9 
 0.12699468 0.29454787 0.26728723 0.31117021
 0.58976064 0.1875     0.12765957 0.09507979
 0.00066489 0.37566489 0.00066489 0.62300532
 0.1143617  0.00066489 0.57047872 0.31449468
 6.64893617e-04 6.64893617e-04 6.64893617e-04 9.98005319e-01
 9.76728723e-01 6.64893617e-04 2.19414894e-02 6.64893617e-04
 9.08244681e-01 6.64893617e-04 9.04255319e-02 6.64893617e-04
 1.23670213e-01 6.64893617e-04 6.80851064e-01 1.94813830e-01
 0.22473404 0.3224734  0.23869681 0.21409574

MOTIF MMPA_l3_13
letter-probability matrix: alength= 4 w= 9 
 0.31183511 0.10239362 0.5099734  0.07579787
 0.19614362 0.31848404 0.05917553 0.42619681
 0.00066489 0.4481383  0.00664894 0.54454787
 6.64893617e-04 7.30718085e-01 5.05319149e-02 2.18085106e-01
 0.06183511 0.18617021 0.00664894 0.74534574
 0.2912234  0.27992021 0.06515957 0.36369681
 0.13031915 0.00465426 0.00465426 0.86037234
 0.52393617 0.28656915 0.13098404 0.05851064
 0.17619681 0.02327128 0.70079787 0.09973404

MOTIF MMPA_l3_14
letter-probability matrix: alength= 4 w= 9 
 0.1037234  0.35106383 0.14295213 0.40226064
 1.23670213e-01 9.97340426e-03 8.65691489e-01 6.64893617e-04
 0.04255319 0.02393617 0.92021277 0.01329787
 0.00066489 0.29920213 0.11369681 0.58643617
 2.77925532e-01 5.31914894e-03 7.16090426e-01 6.64893617e-04
 0.02526596 0.41023936 0.56050532 0.00398936
 0.08643617 0.14228723 0.46875    0.3025266 
 0.0625     0.03390957 0.76994681 0.13364362
 0.06582447 0.41090426 0.3537234  0.16954787

MOTIF MMPA_l3_15
letter-probability matrix: alength= 4 w= 9 
 0.41090426 0.24534574 0.32047872 0.02327128
 7.39361702e-01 6.64893617e-04 2.59308511e-01 6.64893617e-04
 3.65691489e-02 6.64893617e-04 7.61303191e-01 2.01462766e-01
 6.64893617e-04 9.55452128e-01 2.65957447e-02 1.72872340e-02
 0.07446809 0.04055851 0.6349734  0.25      
 0.03723404 0.00731383 0.19082447 0.76462766
 7.97872340e-01 8.77659574e-02 1.13696809e-01 6.64893617e-04
 0.42619681 0.06515957 0.45478723 0.05385638
 0.34906915 0.30718085 0.17021277 0.17353723

MOTIF MMPA_l3_16
letter-probability matrix: alength= 4 w= 9 
 0.23670213 0.10837766 0.60039894 0.05452128
 0.10638298 0.48470745 0.21276596 0.19614362
 0.17353723 0.2606383  0.29521277 0.2706117 
 0.0412234  0.63297872 0.30119681 0.02460106
 2.46010638e-02 8.45079787e-01 6.64893617e-04 1.29654255e-01
 0.00066489 0.63364362 0.35771277 0.00797872
 3.39095745e-02 9.08244681e-01 5.71808511e-02 6.64893617e-04
 0.13829787 0.76396277 0.05585106 0.0418883 
 0.26396277 0.39095745 0.33111702 0.01396277

MOTIF MMPA_l3_17
letter-probability matrix: alength= 4 w= 9 
 0.39759036 0.24899598 0.00200803 0.35140562
 0.29919679 0.00200803 0.43172691 0.26706827
 0.04417671 0.00200803 0.67871486 0.2751004 
 0.02811245 0.17068273 0.00200803 0.79919679
 0.39959839 0.21084337 0.37951807 0.01004016
 0.01405622 0.89759036 0.00200803 0.08634538
 0.71285141 0.19277108 0.00200803 0.09236948
 0.03012048 0.00200803 0.00200803 0.96586345
 0.06827309 0.01405622 0.8935743  0.02409639

MOTIF MMPA_l3_18
letter-probability matrix: alength= 4 w= 9 
 0.12832447 0.52925532 0.15558511 0.18683511
 0.29454787 0.3224734  0.11236702 0.2706117 
 0.49734043 0.28523936 0.2087766  0.00864362
 9.88031915e-01 6.64893617e-04 6.64893617e-04 1.06382979e-02
 6.64893617e-04 6.64893617e-04 1.62234043e-01 8.36436170e-01
 6.64893617e-04 6.64893617e-04 9.98005319e-01 6.64893617e-04
 0.00066489 0.45944149 0.41555851 0.12433511
 5.51861702e-02 6.64893617e-04 8.23803191e-01 1.20345745e-01
 0.09507979 0.15890957 0.40625    0.33976064

MOTIF MMPA_l3_19
letter-probability matrix: alength= 4 w= 9 
 0.19015957 0.34973404 0.1875     0.27260638
 0.01396277 0.91223404 0.00731383 0.06648936
 8.53058511e-01 6.64893617e-04 1.45611702e-01 6.64893617e-04
 0.34109043 0.33643617 0.11901596 0.20345745
 0.41356383 0.19148936 0.23204787 0.16289894
 9.79388298e-01 6.64893617e-04 1.92819149e-02 6.64893617e-04
 8.64361702e-03 1.13031915e-02 6.64893617e-04 9.79388298e-01
 6.64893617e-04 6.64893617e-04 9.82712766e-01 1.59574468e-02
 0.22539894 0.25864362 0.30319149 0.21276596

MOTIF MMPA_l3_20
letter-probability matrix: alength= 4 w= 9 
 0.24202128 0.24867021 0.2918883  0.21742021
 0.19547872 0.11901596 0.35172872 0.3337766 
 6.64893617e-04 6.64893617e-04 6.64893617e-04 9.98005319e-01
 7.59308511e-01 6.64893617e-04 2.39361702e-01 6.64893617e-04
 0.55851064 0.00066489 0.44015957 0.00066489
 6.64893617e-04 6.64893617e-04 6.64893617e-04 9.98005319e-01
 0.56316489 0.00066489 0.43550532 0.00066489
 9.98005319e-01 6.64893617e-04 6.64893617e-04 6.64893617e-04
 0.37433511 0.12765957 0.16090426 0.33710106

MOTIF MMPA_l3_21
letter-probability matrix: alength= 4 w= 9 
 0.21343085 0.48271277 0.14428191 0.15957447
 0.74534574 0.20013298 0.03789894 0.01662234
 0.46808511 0.05984043 0.21875    0.25332447
 6.64893617e-04 6.64893617e-04 1.92819149e-02 9.79388298e-01
 0.0412234  0.02726064 0.03989362 0.89162234
 0.04587766 0.11103723 0.36103723 0.48204787
 0.14760638 0.33444149 0.44946809 0.06848404
 0.78324468 0.06914894 0.03656915 0.11103723
 0.01595745 0.03523936 0.16422872 0.78457447

MOTIF MMPA_l3_22
letter-probability matrix: alength= 4 w= 9 
 0.00166113 0.03654485 0.48504983 0.47674419
 0.00166113 0.00166113 0.00166113 0.99501661
 0.46345515 0.00166113 0.53322259 0.00166113
 0.67275748 0.00166113 0.32392027 0.00166113
 0.00166113 0.00166113 0.00166113 0.99501661
 0.97342193 0.00166113 0.02325581 0.00166113
 0.55149502 0.00166113 0.44518272 0.00166113
 0.39534884 0.22591362 0.3654485  0.01328904
 0.03820598 0.21760797 0.40863787 0.33554817

MOTIF MMPA_l3_23
letter-probability matrix: alength= 4 w= 9 
 0.32625619 0.06723284 0.35598018 0.25053079
 0.01203114 0.00566171 0.65180467 0.33050248
 0.32837933 0.00070771 0.67020524 0.00070771
 7.07714084e-04 1.27388535e-02 2.07360226e-01 7.79193206e-01
 0.01273885 0.28450106 0.07501769 0.62774239
 1.52158528e-01 7.07714084e-04 7.07714084e-04 8.46426044e-01
 7.07714084e-04 8.49256900e-03 1.27388535e-02 9.78060863e-01
 0.67728238 0.01769285 0.30431706 0.00070771
 0.14861996 0.21939137 0.3014862  0.33050248

MOTIF MMPA_l3_24
letter-probability matrix: alength= 4 w= 9 
 0.63164894 0.11968085 0.22140957 0.02726064
 0.46409574 0.1349734  0.10904255 0.2918883 
 6.64893617e-04 9.34175532e-01 6.44946809e-02 6.64893617e-04
 8.55718085e-01 9.30851064e-03 1.34308511e-01 6.64893617e-04
 0.00066489 0.66422872 0.22606383 0.10904255
 0.08643617 0.67819149 0.17287234 0.0625    
 0.46143617 0.1150266  0.12699468 0.29654255
 0.49667553 0.04720745 0.44082447 0.01529255
 0.34375    0.09042553 0.56515957 0.00066489

MOTIF MMPA_l3_25
letter-probability matrix: alength= 4 w= 9 
 0.2875     0.10833333 0.01666667 0.5875    
 0.50833333 0.275      0.00625    0.21041667
 0.9625     0.00208333 0.03333333 0.00208333
 0.05       0.09375    0.00208333 0.85416667
 0.10833333 0.32916667 0.56041667 0.00208333
 0.97916667 0.00208333 0.01666667 0.00208333
 0.00208333 0.01666667 0.00208333 0.97916667
 0.00208333 0.00208333 0.97916667 0.01666667
 0.20625    0.14791667 0.19583333 0.45      

MOTIF MMPA_l3_26
letter-probability matrix: alength= 4 w= 9 
 0.63031915 0.09640957 0.14361702 0.12965426
 0.25132979 0.07646277 0.08577128 0.58643617
 0.125      0.14162234 0.12034574 0.61303191
 6.82180851e-01 6.64893617e-04 9.64095745e-02 2.20744681e-01
 0.10904255 0.08776596 0.1456117  0.65757979
 0.15026596 0.43085106 0.02992021 0.38896277
 0.21343085 0.01263298 0.13098404 0.64295213
 0.40026596 0.02925532 0.19281915 0.37765957
 0.33178191 0.04920213 0.0625     0.55651596

MOTIF MMPA_l3_27
letter-probability matrix: alength= 4 w= 9 
 0.37965426 0.20744681 0.28390957 0.12898936
 0.55119681 0.08178191 0.28523936 0.08178191
 0.35837766 0.5518617  0.01928191 0.07047872
 9.24867021e-01 6.64893617e-04 4.98670213e-02 2.46010638e-02
 0.48736702 0.15890957 0.04055851 0.31316489
 0.16555851 0.51462766 0.04720745 0.27260638
 7.67952128e-01 6.64893617e-04 4.32180851e-02 1.88164894e-01
 1.52925532e-02 8.37765957e-02 6.64893617e-04 9.00265957e-01
 0.13896277 0.08976064 0.5724734  0.19880319

MOTIF MMPA_l3_28
letter-probability matrix: alength= 4 w= 9 
 0.29255319 0.01396277 0.36037234 0.3331117 
 0.38696809 0.21276596 0.36835106 0.03191489
 0.0212766  0.2400266  0.10904255 0.62965426
 0.31183511 0.1456117  0.4481383  0.09441489
 0.46808511 0.31515957 0.20279255 0.01396277
 0.68949468 0.05385638 0.03523936 0.22140957
 0.54521277 0.02925532 0.21276596 0.21276596
 0.37832447 0.14494681 0.21276596 0.26396277
 0.44281915 0.00066489 0.27194149 0.28457447

MOTIF MMPA_l3_29
letter-probability matrix: alength= 4 w= 9 
 0.17154255 0.01795213 0.59507979 0.21542553
 0.36901596 0.1875     0.29787234 0.1456117 
 0.46941489 0.09707447 0.28457447 0.14893617
 6.82180851e-01 6.64893617e-04 3.16489362e-01 6.64893617e-04
 0.10106383 0.31715426 0.20478723 0.37699468
 0.25398936 0.04321809 0.40159574 0.30119681
 7.62632979e-01 3.98936170e-03 2.32712766e-01 6.64893617e-04
 0.00731383 0.03723404 0.14760638 0.80784574
 0.00664894 0.0212766  0.9168883  0.05518617

MOTIF MMPA_l3_30
letter-probability matrix: alength= 4 w= 9 
 0.7706117  0.20279255 0.00465426 0.02194149
 0.54986702 0.06117021 0.35039894 0.03856383
 0.70678191 0.0412234  0.20678191 0.04521277
 0.25132979 0.23404255 0.35704787 0.15757979
 0.31781915 0.16555851 0.15824468 0.35837766
 8.62367021e-01 6.64893617e-04 1.59574468e-02 1.21010638e-01
 0.00398936 0.01263298 0.12101064 0.86236702
 6.64893617e-04 6.64893617e-04 9.94680851e-01 3.98936170e-03
 0.24069149 0.34840426 0.14029255 0.2706117 

MOTIF MMPA_l3_31
letter-probability matrix: alength= 4 w= 9 
 0.03457447 0.05319149 0.89162234 0.0206117 
 1.68218085e-01 4.98670213e-02 7.81250000e-01 6.64893617e-04
 0.16954787 0.38231383 0.31515957 0.13297872
 0.15625    0.08045213 0.52726064 0.23603723
 0.22473404 0.25332447 0.31848404 0.20345745
 0.6349734  0.00066489 0.24667553 0.11768617
 0.00066489 0.00066489 0.36369681 0.6349734 
 0.06981383 0.08178191 0.82513298 0.02327128
 0.23005319 0.19015957 0.31981383 0.2599734 

MOTIF MMPA_l3_32
letter-probability matrix: alength= 4 w= 9 
 0.14960106 0.11170213 0.56715426 0.17154255
 0.38763298 0.39494681 0.14428191 0.0731383 
 0.7293883  0.24734043 0.01196809 0.01130319
 0.55452128 0.18882979 0.07446809 0.18218085
 0.26728723 0.34109043 0.1143617  0.27726064
 0.54055851 0.08178191 0.19148936 0.18617021
 1.95478723e-01 6.64893617e-04 1.28989362e-01 6.74867021e-01
 0.04454787 0.07180851 0.51263298 0.37101064
 0.02460106 0.06848404 0.73138298 0.17553191

MOTIF MMPA_l3_33
letter-probability matrix: alength= 4 w= 9 
 0.12234043 0.1981383  0.46675532 0.21276596
 0.37632979 0.09441489 0.05452128 0.47473404
 0.33178191 0.46210106 0.17819149 0.02792553
 0.09707447 0.15026596 0.41289894 0.33976064
 0.44946809 0.06648936 0.48337766 0.00066489
 0.05585106 0.06449468 0.52526596 0.3543883 
 0.27393617 0.21609043 0.47805851 0.03191489
 0.29255319 0.04587766 0.49800532 0.16356383
 1.86170213e-02 6.78191489e-02 9.12898936e-01 6.64893617e-04

MOTIF MMPA_l3_34
letter-probability matrix: alength= 4 w= 9 
 0.68816489 0.07180851 0.11901596 0.12101064
 0.25531915 0.43882979 0.16888298 0.13696809
 0.4893617  0.05917553 0.04587766 0.40558511
 6.64893617e-04 6.64893617e-04 9.52792553e-01 4.58776596e-02
 0.05585106 0.33577128 0.00066489 0.60771277
 4.65425532e-03 6.64893617e-04 6.82180851e-01 3.12500000e-01
 0.08643617 0.05851064 0.00465426 0.85039894
 0.34707447 0.26263298 0.18351064 0.20678191
 0.15359043 0.0412234  0.5418883  0.26329787

MOTIF MMPA_l3_35
letter-probability matrix: alength= 4 w= 9 
 0.24933511 0.16090426 0.03257979 0.55718085
 0.01529255 0.07978723 0.69680851 0.2081117 
 0.59308511 0.01529255 0.21675532 0.17486702
 0.44348404 0.00066489 0.00066489 0.55518617
 0.00066489 0.00066489 0.55518617 0.44348404
 0.01196809 0.18284574 0.66156915 0.14361702
 0.17420213 0.23071809 0.58976064 0.00531915
 0.43617021 0.06848404 0.18683511 0.30851064
 0.60970745 0.21742021 0.04920213 0.12367021

MOTIF MMPA_l3_36
letter-probability matrix: alength= 4 w= 9 
 0.49601064 0.21343085 0.15292553 0.13763298
 0.15159574 0.25598404 0.46742021 0.125     
 0.35970745 0.11369681 0.43816489 0.08843085
 0.45146277 0.00066489 0.35505319 0.19281915
 0.00066489 0.36901596 0.2081117  0.42220745
 0.11835106 0.17220745 0.51263298 0.19680851
 0.60638298 0.0625     0.29587766 0.03523936
 0.18816489 0.22207447 0.14494681 0.44481383
 0.05585106 0.11768617 0.57579787 0.25066489

MOTIF MMPA_l3_37
letter-probability matrix: alength= 4 w= 9 
 0.29787234 0.05651596 0.51728723 0.12832447
 0.02593085 0.13896277 0.50797872 0.32712766
 0.25       0.16555851 0.2912234  0.29321809
 1.76861702e-01 6.64893617e-04 8.02526596e-01 1.99468085e-02
 6.64893617e-04 2.53989362e-01 7.15425532e-01 2.99202128e-02
 0.02460106 0.08909574 0.68683511 0.19946809
 1.84840426e-01 6.64893617e-04 7.06117021e-01 1.08377660e-01
 0.25664894 0.11037234 0.47406915 0.15890957
 0.12965426 0.0525266  0.6775266  0.14029255

MOTIF MMPA_l3_38
letter-probability matrix: alength= 4 w= 9 
 0.65026596 0.0831117  0.1356383  0.13098404
 0.59175532 0.37632979 0.00066489 0.03125   
 0.40625    0.58976064 0.00066489 0.00332447
 7.10106383e-01 6.64893617e-04 1.04388298e-01 1.84840426e-01
 0.00066489 0.26795213 0.46476064 0.26662234
 0.54055851 0.05319149 0.14029255 0.26595745
 0.3337766  0.26396277 0.28125    0.12101064
 0.03257979 0.09840426 0.27792553 0.59109043
 0.11968085 0.1668883  0.45412234 0.25930851

MOTIF MMPA_l3_39
letter-probability matrix: alength= 4 w= 9 
 0.52327128 0.07712766 0.03656915 0.36303191
 0.3543883  0.43617021 0.2087766  0.00066489
 1.42952128e-01 7.84574468e-02 7.77925532e-01 6.64893617e-04
 6.64893617e-04 5.71808511e-02 8.25797872e-01 1.16356383e-01
 0.84308511 0.07513298 0.03324468 0.04853723
 6.11702128e-02 6.64893617e-04 5.11968085e-02 8.86968085e-01
 0.03523936 0.36768617 0.00066489 0.59640957
 0.11037234 0.3224734  0.33111702 0.23603723
 0.06382979 0.16356383 0.50332447 0.26928191

MOTIF MMPA_l3_40
letter-probability matrix: alength= 4 w= 9 
 0.18882979 0.1981383  0.17353723 0.43949468
 0.43949468 0.11702128 0.21941489 0.22406915
 0.1768617  0.5525266  0.07712766 0.19348404
 0.39694149 0.33710106 0.00797872 0.25797872
 1.99468085e-03 6.64893617e-04 9.96675532e-01 6.64893617e-04
 0.49069149 0.49601064 0.01130319 0.00199468
 0.00265957 0.40492021 0.28656915 0.30585106
 0.33111702 0.29587766 0.00066489 0.37234043
 0.07712766 0.19547872 0.01795213 0.70944149

MOTIF MMPA_l3_41
letter-probability matrix: alength= 4 w= 9 
 0.44880319 0.21941489 0.11835106 0.21343085
 0.48670213 0.06715426 0.22140957 0.22473404
 0.51795213 0.05651596 0.28125    0.14428191
 2.99202128e-02 1.86170213e-02 9.50797872e-01 6.64893617e-04
 5.38563830e-02 9.30851064e-02 8.52393617e-01 6.64893617e-04
 0.12034574 0.13962766 0.58577128 0.15425532
 0.23736702 0.62167553 0.09640957 0.04454787
 0.04321809 0.04654255 0.10239362 0.80784574
 0.08045213 0.52260638 0.23736702 0.15957447

MOTIF MMPA_l3_42
letter-probability matrix: alength= 4 w= 9 
 0.18351064 0.13896277 0.47207447 0.20545213
 6.64893617e-04 6.64893617e-04 6.64893617e-04 9.98005319e-01
 8.66356383e-01 6.64893617e-04 1.32313830e-01 6.64893617e-04
 0.47007979 0.00066489 0.52859043 0.00066489
 0.18949468 0.29920213 0.41090426 0.10039894
 0.44946809 0.01329787 0.14694149 0.39029255
 0.02659574 0.47672872 0.01529255 0.48138298
 0.07446809 0.26861702 0.59840426 0.05851064
 0.31781915 0.36968085 0.17486702 0.13763298

MOTIF MMPA_l3_43
letter-probability matrix: alength= 4 w= 9 
 0.28257979 0.20678191 0.42154255 0.08909574
 0.16954787 0.05452128 0.62101064 0.15492021
 6.64893617e-04 7.73271277e-01 6.64893617e-04 2.25398936e-01
 0.56781915 0.03856383 0.14228723 0.25132979
 0.02260638 0.46875    0.29521277 0.21343085
 9.24202128e-01 6.64893617e-04 7.44680851e-02 6.64893617e-04
 0.02659574 0.01595745 0.02194149 0.93550532
 6.64893617e-04 6.64893617e-04 9.35505319e-01 6.31648936e-02
 0.31648936 0.3125     0.1462766  0.22473404

MOTIF MMPA_l3_44
letter-probability matrix: alength= 4 w= 9 
 0.18484043 0.15226064 0.41555851 0.24734043
 0.50664894 0.21143617 0.08976064 0.19215426
 9.98005319e-01 6.64893617e-04 6.64893617e-04 6.64893617e-04
 1.52925532e-02 6.64893617e-04 6.64893617e-04 9.83377660e-01
 6.64893617e-04 6.64893617e-04 9.83377660e-01 1.52925532e-02
 0.67619681 0.03390957 0.01529255 0.27460106
 0.62699468 0.00531915 0.00066489 0.36702128
 0.29853723 0.0418883  0.38297872 0.27659574
 0.35638298 0.28523936 0.14162234 0.21675532

MOTIF MMPA_l3_45
letter-probability matrix: alength= 4 w= 9 
 0.17819149 0.58909574 0.07047872 0.16223404
 0.03390957 0.1768617  0.66090426 0.12832447
 0.02859043 0.00797872 0.89694149 0.06648936
 0.07380319 0.49401596 0.00066489 0.43151596
 0.21077128 0.17220745 0.58909574 0.02792553
 0.07978723 0.4787234  0.32380319 0.11768617
 0.36236702 0.23736702 0.33643617 0.06382979
 0.5837766  0.10106383 0.13031915 0.18484043
 0.30452128 0.37832447 0.04454787 0.27260638

MOTIF MMPA_l3_46
letter-probability matrix: alength= 4 w= 9 
 0.17420213 0.37965426 0.35970745 0.08643617
 0.34175532 0.42619681 0.06382979 0.16821809
 0.00731383 0.05784574 0.7393617  0.19547872
 0.70412234 0.17885638 0.02393617 0.09308511
 0.35771277 0.10904255 0.00066489 0.53257979
 0.45146277 0.00598404 0.52925532 0.01329787
 0.48271277 0.01196809 0.44481383 0.06050532
 0.26329787 0.1143617  0.1875     0.43484043
 0.28324468 0.10970745 0.51728723 0.08976064

MOTIF MMPA_l3_47
letter-probability matrix: alength= 4 w= 9 
 0.12699468 0.20345745 0.23736702 0.43218085
 0.25598404 0.66289894 0.04787234 0.03324468
 6.64893617e-04 6.64893617e-04 9.94015957e-01 4.65425532e-03
 6.64893617e-04 8.04521277e-02 6.64893617e-04 9.18218085e-01
 0.60239362 0.35638298 0.01263298 0.02859043
 0.33909574 0.54787234 0.09906915 0.01396277
 0.4474734  0.33643617 0.15957447 0.05651596
 0.55718085 0.24401596 0.08111702 0.11768617
 0.80784574 0.11901596 0.03058511 0.04255319

MOTIF MMPA_l3_48
letter-probability matrix: alength= 4 w= 9 
 0.1768617  0.34906915 0.16023936 0.31382979
 0.30452128 0.38763298 0.29986702 0.00797872
 0.23337766 0.17087766 0.41223404 0.18351064
 7.51329787e-02 6.64893617e-04 9.15558511e-01 8.64361702e-03
 0.13164894 0.49135638 0.34507979 0.03191489
 0.03191489 0.67819149 0.28191489 0.00797872
 0.66954787 0.21010638 0.00598404 0.1143617 
 0.1143617  0.67952128 0.19946809 0.00664894
 0.50864362 0.09308511 0.39361702 0.00465426

MOTIF MMPA_l3_49
letter-probability matrix: alength= 4 w= 9 
 0.39960106 0.16888298 0.33577128 0.09574468
 0.19946809 0.34906915 0.12034574 0.33111702
 9.36170213e-01 6.64893617e-04 6.25000000e-02 6.64893617e-04
 0.04654255 0.00398936 0.02526596 0.92420213
 0.06914894 0.02460106 0.88297872 0.02327128
 0.37832447 0.05319149 0.39694149 0.17154255
 0.0525266  0.02460106 0.47473404 0.4481383 
 0.08045213 0.18484043 0.73204787 0.00265957
 0.16223404 0.09574468 0.58909574 0.15292553

MOTIF MMPA_l3_50
letter-probability matrix: alength= 4 w= 9 
 0.33776596 0.22606383 0.22473404 0.21143617
 0.10039894 0.31981383 0.13763298 0.44215426
 0.05452128 0.19481383 0.50864362 0.24202128
 0.16422872 0.04321809 0.08710106 0.70545213
 0.00066489 0.39694149 0.57912234 0.02327128
 6.64893617e-04 3.25797872e-02 1.72872340e-02 9.49468085e-01
 0.55518617 0.00066489 0.44348404 0.00066489
 7.98537234e-01 6.64893617e-04 2.00132979e-01 6.64893617e-04
 0.34242021 0.04454787 0.53989362 0.0731383 

MOTIF MMPA_l3_51
letter-probability matrix: alength= 4 w= 9 
 0.10571809 0.18550532 0.49135638 0.21742021
 0.00731383 0.18882979 0.10505319 0.69880319
 0.41422872 0.0837766  0.48736702 0.01462766
 7.99867021e-01 9.04255319e-02 1.09042553e-01 6.64893617e-04
 0.17486702 0.6043883  0.10239362 0.11835106
 0.25398936 0.30784574 0.41223404 0.02593085
 0.66422872 0.10239362 0.00731383 0.22606383
 0.00066489 0.30651596 0.03723404 0.65558511
 0.0625     0.04787234 0.76994681 0.11968085

MOTIF MMPA_l3_52
letter-probability matrix: alength= 4 w= 9 
 0.51728723 0.25       0.14494681 0.08776596
 0.61835106 0.2706117  0.0724734  0.03856383
 9.97340426e-03 6.64893617e-04 6.64893617e-04 9.88696809e-01
 9.22872340e-01 2.52659574e-02 6.64893617e-04 5.11968085e-02
 5.65159574e-02 6.64893617e-04 9.32845745e-01 9.97340426e-03
 0.00066489 0.20013298 0.49268617 0.30651596
 0.67353723 0.17021277 0.02925532 0.12699468
 0.32912234 0.11236702 0.20279255 0.35571809
 0.09242021 0.52925532 0.00066489 0.37765957

MOTIF MMPA_l3_53
letter-probability matrix: alength= 4 w= 9 
 0.07692308 0.07692308 0.76923077 0.07692308
 0.07692308 0.76923077 0.07692308 0.07692308
 0.76923077 0.07692308 0.07692308 0.07692308
 0.46153846 0.38461538 0.07692308 0.07692308
 0.07692308 0.07692308 0.07692308 0.76923077
 0.76923077 0.07692308 0.07692308 0.07692308
 0.07692308 0.07692308 0.07692308 0.76923077
 0.07692308 0.07692308 0.07692308 0.76923077
 0.07692308 0.07692308 0.76923077 0.07692308

MOTIF MMPA_l3_54
letter-probability matrix: alength= 4 w= 9 
 0.45611702 0.05119681 0.43085106 0.06183511
 0.00066489 0.37034574 0.29853723 0.33045213
 0.07978723 0.00930851 0.8337766  0.07712766
 6.64893617e-04 6.64893617e-04 6.64893617e-04 9.98005319e-01
 8.71675532e-01 6.64893617e-04 1.26994681e-01 6.64893617e-04
 0.39827128 0.00066489 0.60039894 0.00066489
 0.20212766 0.17021277 0.31914894 0.30851064
 0.29787234 0.35970745 0.20013298 0.14228723
 0.24734043 0.53125    0.09773936 0.12367021

MOTIF MMPA_l3_55
letter-probability matrix: alength= 4 w= 9 
 0.56183511 0.3125     0.125      0.00066489
 0.47273936 0.02726064 0.46210106 0.03789894
 0.31183511 0.19481383 0.35704787 0.13630319
 0.31781915 0.39162234 0.27460106 0.01595745
 0.55385638 0.00066489 0.12765957 0.31781915
 0.0206117  0.00066489 0.31648936 0.66223404
 6.64893617e-04 4.45478723e-02 7.51329787e-01 2.03457447e-01
 0.24933511 0.07047872 0.5837766  0.09640957
 0.24335106 0.2081117  0.34308511 0.20545213

MOTIF MMPA_l3_56
letter-probability matrix: alength= 4 w= 9 
 0.11236702 0.29321809 0.34574468 0.24867021
 0.10904255 0.32646277 0.45013298 0.1143617 
 0.00265957 0.42486702 0.53058511 0.0418883 
 6.64893617e-04 6.96143617e-01 1.76196809e-01 1.26994681e-01
 0.14760638 0.73204787 0.03989362 0.08045213
 1.88829787e-01 9.17553191e-02 6.64893617e-04 7.18750000e-01
 0.00664894 0.80319149 0.01595745 0.17420213
 0.50930851 0.14893617 0.09109043 0.25066489
 0.40292553 0.24135638 0.29255319 0.06316489

MOTIF MMPA_l3_57
letter-probability matrix: alength= 4 w= 9 
 0.04218362 0.29693962 0.02894955 0.63192721
 0.44913151 0.20264682 0.0388751  0.30934657
 0.13730356 0.01406121 0.17535153 0.67328371
 4.71464020e-02 4.13564930e-03 8.27129859e-04 9.47890819e-01
 8.27129859e-04 8.27129859e-04 8.27129859e-04 9.97518610e-01
 9.97518610e-01 8.27129859e-04 8.27129859e-04 8.27129859e-04
 0.00082713 0.55500414 0.00082713 0.4433416 
 0.23407775 0.71215881 0.05293631 0.00082713
 0.11414392 0.02729529 0.22580645 0.63275434

MOTIF MMPA_l3_58
letter-probability matrix: alength= 4 w= 9 
 0.08643617 0.06914894 0.15757979 0.68683511
 0.40359043 0.00265957 0.18284574 0.41090426
 0.62234043 0.27593085 0.06648936 0.03523936
 0.15359043 0.2287234  0.01662234 0.60106383
 0.71343085 0.05385638 0.20478723 0.02792553
 0.55119681 0.00066489 0.44281915 0.00531915
 2.80585106e-01 1.32978723e-03 7.17420213e-01 6.64893617e-04
 0.00531915 0.01994681 0.90425532 0.07047872
 0.48138298 0.06449468 0.43949468 0.01462766

MOTIF MMPA_l3_59
letter-probability matrix: alength= 4 w= 9 
 0.55784574 0.01130319 0.43018617 0.00066489
 0.45744681 0.23337766 0.1768617  0.13231383
 0.17486702 0.33510638 0.18617021 0.30385638
 9.20212766e-01 6.64893617e-04 7.84574468e-02 6.64893617e-04
 6.64893617e-04 6.64893617e-04 7.84574468e-02 9.20212766e-01
 2.12765957e-02 6.25000000e-02 9.15558511e-01 6.64893617e-04
 1.62898936e-01 6.64893617e-04 8.29787234e-01 6.64893617e-03
 0.28457447 0.47473404 0.07446809 0.1662234 
 0.17486702 0.19082447 0.5518617  0.08244681

MOTIF MMPA_l3_60
letter-probability matrix: alength= 4 w= 9 
 0.58527607 0.07852761 0.09570552 0.2404908 
 0.34969325 0.00613497 0.00122699 0.64294479
 0.00122699 0.00122699 0.5190184  0.47852761
 0.00122699 0.05766871 0.72760736 0.21349693
 0.00122699 0.00122699 0.00122699 0.99631902
 0.71288344 0.00122699 0.28466258 0.00122699
 0.53251534 0.00122699 0.46503067 0.00122699
 0.54601227 0.05521472 0.33128834 0.06748466
 0.56441718 0.11288344 0.03190184 0.29079755

MOTIF MMPA_l3_61
letter-probability matrix: alength= 4 w= 9 
 0.19281915 0.2400266  0.13031915 0.43683511
 0.41422872 0.33577128 0.0418883  0.2081117 
 0.49268617 0.15226064 0.12965426 0.22539894
 0.14694149 0.40890957 0.43351064 0.0106383 
 0.36303191 0.11369681 0.18085106 0.34242021
 0.06582447 0.0525266  0.28723404 0.59441489
 0.10638298 0.76329787 0.11303191 0.01728723
 0.38231383 0.14228723 0.00531915 0.47007979
 0.44148936 0.0418883  0.47739362 0.03922872

MOTIF MMPA_l3_62
letter-probability matrix: alength= 4 w= 9 
 0.7706117  0.09175532 0.06848404 0.06914894
 3.05186170e-01 7.31382979e-03 6.64893617e-04 6.86835106e-01
 2.59308511e-02 6.64893617e-04 6.68218085e-01 3.05186170e-01
 0.38231383 0.11569149 0.39428191 0.10771277
 7.22739362e-01 2.06117021e-02 6.64893617e-04 2.55984043e-01
 1.06382979e-02 6.64893617e-04 2.49335106e-01 7.39361702e-01
 0.27859043 0.06582447 0.60106383 0.05452128
 0.28390957 0.19348404 0.33710106 0.18550532
 0.25199468 0.20013298 0.34973404 0.1981383 

MOTIF MMPA_l3_63
letter-probability matrix: alength= 4 w= 9 
 0.50398936 0.22539894 0.1356383  0.1349734 
 0.62234043 0.04986702 0.32047872 0.00731383
 0.33444149 0.22739362 0.20611702 0.23204787
 0.54787234 0.03590426 0.34574468 0.07047872
 9.04255319e-01 5.98404255e-03 8.90957447e-02 6.64893617e-04
 6.64893617e-04 1.32978723e-02 6.71542553e-02 9.18882979e-01
 6.64893617e-04 6.64893617e-04 9.77393617e-01 2.12765957e-02
 0.00664894 0.00864362 0.95744681 0.02726064
 0.29587766 0.23138298 0.47007979 0.00265957

MOTIF MMPA_l3_64
letter-probability matrix: alength= 4 w= 9 
 0.43550532 0.31117021 0.15292553 0.10039894
 0.4587766  0.00066489 0.53989362 0.00066489
 0.70279255 0.06582447 0.15957447 0.07180851
 8.55053191e-01 4.85372340e-02 6.64893617e-04 9.57446809e-02
 0.58244681 0.10638298 0.02194149 0.28922872
 4.92021277e-02 8.97606383e-01 6.64893617e-04 5.25265957e-02
 0.17353723 0.00864362 0.80053191 0.01728723
 0.62034574 0.20146277 0.00066489 0.1775266 
 0.33510638 0.33244681 0.2599734  0.0724734 

MOTIF MMPA_l3_65
letter-probability matrix: alength= 4 w= 9 
 0.02327128 0.72074468 0.05119681 0.20478723
 0.53191489 0.26928191 0.1981383  0.00066489
 0.66090426 0.00066489 0.33776596 0.00066489
 0.00664894 0.72805851 0.02194149 0.24335106
 0.07646277 0.13896277 0.32114362 0.46343085
 0.37898936 0.45478723 0.01595745 0.15026596
 0.01595745 0.14361702 0.11170213 0.7287234 
 0.27194149 0.15957447 0.44680851 0.12167553
 0.47340426 0.24202128 0.13031915 0.15425532

MOTIF MMPA_l3_66
letter-probability matrix: alength= 4 w= 9 
 0.66090426 0.1875     0.12300532 0.02859043
 0.63364362 0.02460106 0.18085106 0.16090426
 0.35505319 0.11968085 0.27726064 0.24800532
 0.64361702 0.13297872 0.10039894 0.12300532
 0.57579787 0.00066489 0.03856383 0.3849734 
 0.03856383 0.00066489 0.37898936 0.58178191
 0.22140957 0.0106383  0.71609043 0.0518617 
 0.65359043 0.31715426 0.00531915 0.02393617
 0.21675532 0.32646277 0.25531915 0.20146277

MOTIF MMPA_l3_67
letter-probability matrix: alength= 4 w= 9 
 0.36768617 0.26263298 0.05851064 0.31117021
 0.11236702 0.54055851 0.00066489 0.34640957
 0.9587766  0.00797872 0.00864362 0.02460106
 0.01994681 0.03390957 0.94148936 0.00465426
 8.87632979e-01 6.64893617e-04 2.19414894e-02 8.97606383e-02
 6.64893617e-04 6.64893617e-04 9.73404255e-01 2.52659574e-02
 0.76529255 0.04521277 0.08244681 0.10704787
 0.35505319 0.05053191 0.25465426 0.33976064
 0.39029255 0.11236702 0.06715426 0.43018617

MOTIF MMPA_l3_68
letter-probability matrix: alength= 4 w= 9 
 0.26529255 0.23204787 0.29720745 0.20545213
 0.27593085 0.26861702 0.25930851 0.19614362
 6.64893617e-04 6.64893617e-04 6.64893617e-04 9.98005319e-01
 9.63430851e-01 6.64893617e-04 3.52393617e-02 6.64893617e-04
 0.48603723 0.00066489 0.51263298 0.00066489
 6.64893617e-04 6.64893617e-04 6.64893617e-04 9.98005319e-01
 7.71941489e-01 6.64893617e-04 2.26728723e-01 6.64893617e-04
 0.41289894 0.00066489 0.58577128 0.00066489
 0.23337766 0.13829787 0.51861702 0.10970745

MOTIF MMPA_l3_69
letter-probability matrix: alength= 4 w= 9 
 0.24667553 0.16555851 0.55917553 0.02859043
 6.64893617e-04 9.24202128e-02 8.50398936e-01 5.65159574e-02
 0.06648936 0.13829787 0.67420213 0.12101064
 3.12500000e-02 7.97872340e-03 9.60106383e-01 6.64893617e-04
 0.03125    0.02859043 0.89295213 0.04720745
 0.00066489 0.06848404 0.36569149 0.56515957
 0.12965426 0.42885638 0.24202128 0.19946809
 0.1150266  0.11569149 0.10904255 0.66023936
 0.51529255 0.29720745 0.0831117  0.1043883 

MOTIF MMPA_l3_70
letter-probability matrix: alength= 4 w= 9 
 0.05984043 0.38696809 0.27393617 0.27925532
 0.09175532 0.30319149 0.38630319 0.21875   
 0.59840426 0.05518617 0.25199468 0.09441489
 8.11835106e-01 6.64893617e-04 1.54920213e-01 3.25797872e-02
 7.06117021e-01 6.64893617e-04 7.64627660e-02 2.16755319e-01
 1.55585106e-01 6.64893617e-04 6.64893617e-04 8.43085106e-01
 5.98404255e-03 6.64893617e-04 1.32313830e-01 8.61037234e-01
 0.3331117  0.04587766 0.61303191 0.00797872
 0.52859043 0.03058511 0.41888298 0.02194149

MOTIF MMPA_l3_71
letter-probability matrix: alength= 4 w= 9 
 0.34906915 0.15226064 0.23537234 0.26329787
 9.96010638e-01 6.64893617e-04 6.64893617e-04 2.65957447e-03
 6.64893617e-04 6.64893617e-04 2.65957447e-03 9.96010638e-01
 1.99468085e-03 6.64893617e-04 9.96010638e-01 1.32978723e-03
 0.44215426 0.20146277 0.19481383 0.16156915
 6.64893617e-04 9.30851064e-03 1.57579787e-01 8.32446809e-01
 0.06117021 0.24401596 0.48005319 0.21476064
 0.17952128 0.20412234 0.25930851 0.35704787
 0.18351064 0.24933511 0.15757979 0.40957447

MOTIF MMPA_l3_72
letter-probability matrix: alength= 4 w= 9 
 0.4587766  0.20545213 0.21143617 0.12433511
 0.57579787 0.27460106 0.07513298 0.07446809
 7.24069149e-01 6.64893617e-04 2.74601064e-01 6.64893617e-04
 1.86170213e-01 7.50000000e-01 6.64893617e-04 6.31648936e-02
 0.14960106 0.39029255 0.45944149 0.00066489
 9.80718085e-01 1.79521277e-02 6.64893617e-04 6.64893617e-04
 6.64893617e-04 2.52659574e-02 6.64893617e-04 9.73404255e-01
 1.79521277e-02 1.79521277e-02 9.63430851e-01 6.64893617e-04
 0.24601064 0.21875    0.36835106 0.1668883 

MOTIF MMPA_l3_73
letter-probability matrix: alength= 4 w= 9 
 0.26662234 0.14428191 0.49933511 0.08976064
 0.0731383  0.06582447 0.72406915 0.13696809
 0.23736702 0.29521277 0.15425532 0.31316489
 0.12234043 0.76928191 0.08111702 0.02726064
 9.66755319e-01 1.32978723e-02 1.92819149e-02 6.64893617e-04
 6.64893617e-04 9.30186170e-01 1.32978723e-02 5.58510638e-02
 9.97340426e-03 8.60372340e-01 1.28989362e-01 6.64893617e-04
 0.83909574 0.04986702 0.08710106 0.02393617
 0.19547872 0.13829787 0.09840426 0.56781915

MOTIF MMPA_l3_74
letter-probability matrix: alength= 4 w= 9 
 0.22273936 0.08643617 0.40292553 0.28789894
 0.34042553 0.05518617 0.2087766  0.3956117 
 0.28590426 0.2287234  0.26263298 0.22273936
 2.99202128e-02 6.64893617e-04 8.92952128e-01 7.64627660e-02
 9.10904255e-02 6.64893617e-04 7.93882979e-01 1.14361702e-01
 6.64893617e-04 1.72872340e-02 8.82313830e-01 9.97340426e-02
 6.64893617e-04 5.58510638e-02 9.42819149e-01 6.64893617e-04
 0.17220745 0.14494681 0.59308511 0.08976064
 0.1981383  0.32845745 0.34242021 0.13098404

MOTIF MMPA_l3_75
letter-probability matrix: alength= 4 w= 9 
 0.24534574 0.23537234 0.4481383  0.07114362
 0.33577128 0.19481383 0.33643617 0.13297872
 0.59175532 0.1875     0.18218085 0.03856383
 0.34840426 0.10904255 0.04720745 0.49534574
 0.08444149 0.03457447 0.48271277 0.39827128
 0.63164894 0.05319149 0.31449468 0.00066489
 5.31914894e-02 6.64893617e-04 1.23005319e-01 8.23138298e-01
 0.32712766 0.04055851 0.63164894 0.00066489
 0.23337766 0.1043883  0.51861702 0.14361702

MOTIF MMPA_l3_76
letter-probability matrix: alength= 4 w= 9 
 0.0418883  0.37632979 0.2599734  0.32180851
 0.37699468 0.29654255 0.32380319 0.00265957
 0.28523936 0.39428191 0.26329787 0.05718085
 0.00664894 0.78856383 0.02194149 0.18284574
 0.02194149 0.56515957 0.00132979 0.41156915
 6.64893617e-04 6.64893617e-04 6.64893617e-04 9.98005319e-01
 9.96010638e-01 6.64893617e-04 2.65957447e-03 6.64893617e-04
 0.52659574 0.00066489 0.47207447 0.00066489
 0.38297872 0.12566489 0.21143617 0.27992021

MOTIF MMPA_l3_77
letter-probability matrix: alength= 4 w= 9 
 0.44281915 0.31515957 0.14694149 0.09507979
 0.6668883  0.00598404 0.31382979 0.01329787
 0.36037234 0.38430851 0.08909574 0.1662234 
 0.31117021 0.20478723 0.30452128 0.17952128
 9.22872340e-01 6.64893617e-04 6.18351064e-02 1.46276596e-02
 6.64893617e-04 6.64893617e-04 6.18351064e-02 9.36835106e-01
 2.52659574e-02 3.72340426e-02 9.36835106e-01 6.64893617e-04
 0.00332447 0.04720745 0.93617021 0.01329787
 0.59507979 0.31781915 0.07646277 0.0106383 

MOTIF MMPA_l3_78
letter-probability matrix: alength= 4 w= 9 
 0.19680851 0.38696809 0.18085106 0.23537234
 0.61901596 0.2599734  0.0724734  0.04853723
 0.46875    0.13763298 0.23337766 0.16023936
 9.98005319e-01 6.64893617e-04 6.64893617e-04 6.64893617e-04
 6.64893617e-04 6.64893617e-04 6.64893617e-04 9.98005319e-01
 6.64893617e-04 6.64893617e-04 9.98005319e-01 6.64893617e-04
 0.02194149 0.0206117  0.91289894 0.04454787
 0.41289894 0.36303191 0.22340426 0.00066489
 0.09375    0.04853723 0.45412234 0.40359043

MOTIF MMPA_l3_79
letter-probability matrix: alength= 4 w= 9 
 0.39162234 0.22074468 0.1768617  0.21077128
 0.57047872 0.05651596 0.29587766 0.07712766
 6.64893617e-04 6.64893617e-04 6.64893617e-04 9.98005319e-01
 0.44215426 0.00066489 0.55651596 0.00066489
 0.7287234  0.02659574 0.15957447 0.08510638
 0.41555851 0.0724734  0.01329787 0.49867021
 0.00066489 0.00066489 0.65558511 0.34308511
 0.16156915 0.1456117  0.45079787 0.24202128
 0.29654255 0.36303191 0.17021277 0.17021277

MOTIF MMPA_l3_80
letter-probability matrix: alength= 4 w= 9 
 0.20212766 0.28856383 0.12566489 0.38364362
