MEME version 5.3.0

ALPHABET= ACGT

strands: + -

Background letter frequencies
A 0.25 C 0.25 G 0.25 T 0.25

MOTIF MMPA_l3_0
letter-probability matrix: alength= 4 w= 9 
 0.69215426 0.06848404 0.2293883  0.0099734 
 0.58909574 0.11968085 0.16023936 0.13098404
 0.34773936 0.28125    0.25398936 0.11702128
 0.8025266  0.05851064 0.06382979 0.07513298
 2.18085106e-01 6.64893617e-04 6.64893617e-04 7.80585106e-01
 6.64893617e-04 6.64893617e-04 7.80585106e-01 2.18085106e-01
 6.64893617e-04 5.31914894e-02 7.57978723e-01 1.88164894e-01
 0.36835106 0.3650266  0.24800532 0.01861702
 0.38031915 0.12965426 0.2712766  0.21875   

MOTIF MMPA_l3_1
letter-probability matrix: alength= 4 w= 9 
 7.80585106e-01 6.64893617e-04 2.08776596e-01 9.97340426e-03
 0.09308511 0.03523936 0.15890957 0.71276596
 6.64893617e-04 6.64893617e-04 9.93351064e-01 5.31914894e-03
 0.11835106 0.0837766  0.56515957 0.23271277
 0.09906915 0.07446809 0.72672872 0.09973404
 0.16223404 0.25664894 0.38430851 0.19680851
 0.18683511 0.05385638 0.46210106 0.29720745
 0.1875     0.56382979 0.18484043 0.06382979
 0.21742021 0.30319149 0.27327128 0.20611702

MOTIF MMPA_l3_2
letter-probability matrix: alength= 4 w= 9 
 0.01130319 0.14361702 0.02260638 0.8224734 
 0.09308511 0.00066489 0.66090426 0.24534574
 0.02593085 0.06781915 0.70744681 0.19880319
 0.28723404 0.41422872 0.1875     0.11103723
 0.24734043 0.00731383 0.35837766 0.38696809
 0.01861702 0.11170213 0.42154255 0.4481383 
 0.05053191 0.38297872 0.09441489 0.47207447
 0.08244681 0.30851064 0.53125    0.07779255
 0.18816489 0.32180851 0.17486702 0.31515957

MOTIF MMPA_l3_3
letter-probability matrix: alength= 4 w= 9 
 0.4581117  0.17952128 0.23803191 0.12433511
 0.3543883  0.39029255 0.23271277 0.02260638
 8.65026596e-01 3.32446809e-03 1.30984043e-01 6.64893617e-04
 0.85638298 0.0625     0.02792553 0.05319149
 0.34707447 0.06382979 0.30319149 0.28590426
 0.68018617 0.05319149 0.01928191 0.24734043
 1.38297872e-01 6.64893617e-04 1.80851064e-01 6.80186170e-01
 6.51595745e-02 6.64893617e-04 8.47074468e-01 8.71010638e-02
 0.2912234  0.10970745 0.41156915 0.1875    

MOTIF MMPA_l3_4
letter-probability matrix: alength= 4 w= 9 
 0.12632979 0.3331117  0.17885638 0.36170213
 0.65625    0.01928191 0.21210106 0.11236702
 0.2599734  0.51263298 0.12300532 0.1043883 
 0.46343085 0.01662234 0.51928191 0.00066489
 0.3856383  0.12832447 0.3849734  0.10106383
 0.21010638 0.15558511 0.27593085 0.35837766
 8.11835106e-01 7.71276596e-02 1.10372340e-01 6.64893617e-04
 0.10039894 0.00531915 0.0518617  0.84242021
 0.03989362 0.04321809 0.90957447 0.00731383

MOTIF MMPA_l3_5
letter-probability matrix: alength= 4 w= 9 
 0.18484043 0.09109043 0.1037234  0.62034574
 0.35305851 0.16223404 0.00066489 0.48404255
 0.29255319 0.15625    0.05385638 0.49734043
 0.45744681 0.29521277 0.04055851 0.20678191
 0.30984043 0.16821809 0.44946809 0.0724734 
 0.51196809 0.22406915 0.16223404 0.10172872
 6.64893617e-04 1.23670213e-01 8.55053191e-01 2.06117021e-02
 0.03656915 0.05917553 0.14095745 0.76329787
 0.00066489 0.31914894 0.39029255 0.28989362

MOTIF MMPA_l3_6
letter-probability matrix: alength= 4 w= 9 
 0.19082447 0.16422872 0.32380319 0.32114362
 0.48470745 0.13164894 0.23071809 0.15292553
 0.55518617 0.27526596 0.16888298 0.00066489
 9.86702128e-01 1.19680851e-02 6.64893617e-04 6.64893617e-04
 0.58444149 0.21010638 0.09109043 0.1143617 
 6.64893617e-04 4.18882979e-02 1.10372340e-01 8.47074468e-01
 2.88563830e-01 6.64893617e-04 6.64893617e-04 7.10106383e-01
 6.64893617e-03 6.64893617e-04 9.92021277e-01 6.64893617e-04
 0.0625     0.15757979 0.64029255 0.13962766

MOTIF MMPA_l3_7
letter-probability matrix: alength= 4 w= 9 
 0.07912234 0.10837766 0.3025266  0.5099734 
 6.64893617e-04 4.52127660e-02 6.64893617e-04 9.53457447e-01
 0.61303191 0.00199468 0.33244681 0.0525266 
 0.15558511 0.62832447 0.17819149 0.03789894
 0.43550532 0.11569149 0.00864362 0.44015957
 9.83377660e-01 1.52925532e-02 6.64893617e-04 6.64893617e-04
 0.40359043 0.21409574 0.14960106 0.23271277
 0.2918883  0.07180851 0.29986702 0.33643617
 0.38031915 0.10106383 0.25930851 0.25930851

MOTIF MMPA_l3_8
letter-probability matrix: alength= 4 w= 9 
 0.10505319 0.25132979 0.3956117  0.24800532
 0.09707447 0.33577128 0.13031915 0.43683511
 0.40159574 0.3224734  0.23803191 0.03789894
 6.64893617e-04 6.64893617e-04 9.70079787e-01 2.85904255e-02
 0.00066489 0.51462766 0.00066489 0.48404255
 0.40026596 0.09308511 0.19614362 0.31050532
 0.19880319 0.13696809 0.14760638 0.51662234
 0.58843085 0.15292553 0.07380319 0.18484043
 0.06183511 0.0206117  0.41422872 0.50332447

MOTIF MMPA_l3_9
letter-probability matrix: alength= 4 w= 9 
 0.2400266  0.48071809 0.12234043 0.15691489
 0.11303191 0.22207447 0.60239362 0.0625    
 0.08976064 0.82380319 0.00864362 0.07779255
 1.13031915e-02 9.87367021e-01 6.64893617e-04 6.64893617e-04
 0.34109043 0.56515957 0.02593085 0.06781915
 0.35638298 0.50531915 0.06449468 0.07380319
 0.21343085 0.52460106 0.08045213 0.18151596
 0.37632979 0.06914894 0.50930851 0.04521277
 0.10771277 0.14893617 0.51329787 0.23005319

MOTIF MMPA_l3_10
letter-probability matrix: alength= 4 w= 9 
 0.1768617  0.12632979 0.39694149 0.29986702
 0.15890957 0.07579787 0.44082447 0.32446809
 0.25797872 0.22406915 0.22340426 0.29454787
 0.46542553 0.00332447 0.32513298 0.20611702
 0.1775266  0.11702128 0.07646277 0.62898936
 1.78191489e-01 7.55319149e-01 6.64893617e-04 6.58244681e-02
 0.15890957 0.59574468 0.0625     0.18284574
 0.15425532 0.59441489 0.0418883  0.20944149
 0.06981383 0.66422872 0.11768617 0.14827128

MOTIF MMPA_l3_11
letter-probability matrix: alength= 4 w= 9 
 0.95454545 0.01515152 0.00757576 0.02272727
 0.42424242 0.25       0.31818182 0.00757576
 0.03787879 0.01515152 0.56818182 0.37878788
 0.50757576 0.01515152 0.02272727 0.45454545
 0.1969697  0.01515152 0.00757576 0.78030303
 0.49242424 0.00757576 0.18181818 0.31818182
 0.37121212 0.00757576 0.61363636 0.00757576
 0.04545455 0.00757576 0.00757576 0.93939394
 0.00757576 0.1969697  0.78787879 0.00757576

MOTIF MMPA_l3_12
letter-probability matrix: alength= 4 w= 9 
 0.13430851 0.34707447 0.22207447 0.29654255
 0.59773936 0.15957447 0.12101064 0.12167553
 0.00066489 0.36835106 0.00066489 0.63031915
 0.12433511 0.00731383 0.57380319 0.29454787
 6.64893617e-04 6.64893617e-04 6.64893617e-04 9.98005319e-01
 9.44148936e-01 6.64893617e-04 5.45212766e-02 6.64893617e-04
 8.69015957e-01 6.64893617e-04 1.29654255e-01 6.64893617e-04
 0.19880319 0.00531915 0.60638298 0.18949468
 0.22739362 0.27526596 0.26861702 0.2287234 

MOTIF MMPA_l3_13
letter-probability matrix: alength= 4 w= 9 
 0.34574468 0.14494681 0.38231383 0.12699468
 0.1981383 0.1349734 0.15625   0.5106383
 0.00066489 0.60571809 0.02792553 0.36569149
 0.00066489 0.49933511 0.10106383 0.39893617
 0.16555851 0.34242021 0.02925532 0.46276596
 0.20944149 0.38297872 0.05518617 0.35239362
 0.26795213 0.00864362 0.00664894 0.71675532
 0.50199468 0.33510638 0.11901596 0.04388298
 0.1974734  0.05651596 0.65159574 0.09441489

MOTIF MMPA_l3_14
letter-probability matrix: alength= 4 w= 9 
 0.09175532 0.40292553 0.16156915 0.34375   
 0.17952128 0.0412234  0.77659574 0.00265957
 0.06117021 0.05053191 0.83444149 0.05385638
 0.03590426 0.3018617  0.20412234 0.4581117 
 2.59973404e-01 7.31382979e-03 7.32047872e-01 6.64893617e-04
 0.02393617 0.36702128 0.59109043 0.01795213
 0.05851064 0.18617021 0.45744681 0.29787234
 0.04787234 0.02460106 0.78656915 0.14095745
 0.0837766  0.43617021 0.2918883  0.18816489

MOTIF MMPA_l3_15
letter-probability matrix: alength= 4 w= 9 
 0.37433511 0.24468085 0.29388298 0.08710106
 7.50000000e-01 6.64893617e-04 2.48670213e-01 6.64893617e-04
 0.03989362 0.01994681 0.79654255 0.14361702
 6.64893617e-04 8.73670213e-01 9.04255319e-02 3.52393617e-02
 0.27992021 0.125      0.44015957 0.15492021
 0.12034574 0.05053191 0.34242021 0.48670213
 0.50664894 0.32712766 0.15558511 0.0106383 
 0.41023936 0.09109043 0.37367021 0.125     
 0.42553191 0.29787234 0.14694149 0.12965426

MOTIF MMPA_l3_16
letter-probability matrix: alength= 4 w= 9 
 0.32712766 0.12367021 0.49468085 0.05452128
 0.17220745 0.36236702 0.27526596 0.19015957
 0.18949468 0.23803191 0.29388298 0.27859043
 0.13829787 0.51396277 0.33045213 0.01728723
 0.04255319 0.75132979 0.00398936 0.20212766
 0.00066489 0.47672872 0.50398936 0.01861702
 4.18882979e-02 7.91223404e-01 1.66223404e-01 6.64893617e-04
 0.14029255 0.72007979 0.07912234 0.06050532
 0.35239362 0.31715426 0.3125     0.01795213

MOTIF MMPA_l3_17
letter-probability matrix: alength= 4 w= 9 
 0.47805789 0.18954248 0.00280112 0.32959851
 0.2735761  0.00373483 0.37628385 0.34640523
 0.0690943  0.00093371 0.68067227 0.24929972
 0.01587302 0.19327731 0.00186741 0.78898226
 0.32959851 0.25676937 0.33333333 0.08029879
 0.0410831  0.78711485 0.00093371 0.17086835
 0.63398693 0.20448179 0.00373483 0.15779645
 0.08870215 0.00186741 0.01680672 0.89262372
 0.12418301 0.03174603 0.81605976 0.0280112 

MOTIF MMPA_l3_18
letter-probability matrix: alength= 4 w= 9 
 0.1768617  0.44348404 0.1981383  0.18151596
 0.27526596 0.3224734  0.12965426 0.27260638
 0.43484043 0.32579787 0.2287234  0.0106383 
 9.90026596e-01 6.64893617e-04 6.64893617e-04 8.64361702e-03
 6.64893617e-04 6.64893617e-04 1.28324468e-01 8.70345745e-01
 6.64893617e-04 6.64893617e-04 9.98005319e-01 6.64893617e-04
 0.00465426 0.41289894 0.38164894 0.20079787
 0.11303191 0.00531915 0.69547872 0.18617021
 0.10904255 0.19547872 0.36236702 0.3331117 

MOTIF MMPA_l3_19
letter-probability matrix: alength= 4 w= 9 
 0.24601064 0.25199468 0.19015957 0.31183511
 0.11901596 0.6662234  0.05651596 0.15824468
 8.41755319e-01 6.64893617e-04 1.56914894e-01 6.64893617e-04
 0.40159574 0.23005319 0.12832447 0.2400266 
 0.39095745 0.18085106 0.28324468 0.14494681
 9.30851064e-01 6.64893617e-04 6.78191489e-02 6.64893617e-04
 1.52925532e-02 5.31914894e-02 6.64893617e-04 9.30851064e-01
 6.64893617e-04 6.64893617e-04 9.50132979e-01 4.85372340e-02
 0.20545213 0.29986702 0.26595745 0.2287234 

MOTIF MMPA_l3_20
letter-probability matrix: alength= 4 w= 9 
 0.26329787 0.23670213 0.28191489 0.21808511
 0.31715426 0.25664894 0.25864362 0.16755319
 6.64893617e-04 4.65425532e-03 6.64893617e-04 9.94015957e-01
 0.64893617 0.00465426 0.34574468 0.00066489
 7.64627660e-01 4.65425532e-03 2.30053191e-01 6.64893617e-04
 6.64893617e-04 6.64893617e-04 6.64893617e-04 9.98005319e-01
 0.56449468 0.00066489 0.43417553 0.00066489
 9.92686170e-01 6.64893617e-04 5.98404255e-03 6.64893617e-04
 0.30651596 0.28989362 0.30917553 0.09441489

MOTIF MMPA_l3_21
letter-probability matrix: alength= 4 w= 9 
 0.20146277 0.44414894 0.19680851 0.15757979
 0.77726064 0.16156915 0.0418883  0.01928191
 0.40625    0.05319149 0.28723404 0.25332447
 6.64893617e-04 6.64893617e-04 3.32446809e-02 9.65425532e-01
 0.06183511 0.04787234 0.12034574 0.76994681
 0.06515957 0.11835106 0.28523936 0.53125   
 0.16555851 0.34840426 0.38430851 0.10172872
 0.63430851 0.09640957 0.08843085 0.18085106
 0.03125    0.09973404 0.29853723 0.57047872

MOTIF MMPA_l3_22
letter-probability matrix: alength= 4 w= 9 
 0.19680851 0.11303191 0.30385638 0.38630319
 6.64893617e-04 6.64893617e-04 6.64893617e-04 9.98005319e-01
 0.62300532 0.00066489 0.37566489 0.00066489
 0.57779255 0.00066489 0.42087766 0.00066489
 1.06382979e-02 6.64893617e-04 3.32446809e-03 9.85372340e-01
 0.72805851 0.00398936 0.25930851 0.00864362
 6.89494681e-01 1.32978723e-03 3.08510638e-01 6.64893617e-04
 0.31914894 0.14295213 0.20013298 0.33776596
 0.09109043 0.18617021 0.25797872 0.46476064

MOTIF MMPA_l3_23
letter-probability matrix: alength= 4 w= 9 
 0.24601064 0.05518617 0.28125    0.41755319
 0.0099734  0.00398936 0.57912234 0.40691489
 2.97872340e-01 6.64893617e-04 7.00797872e-01 6.64893617e-04
 6.64893617e-04 1.39627660e-02 2.08776596e-01 7.76595745e-01
 0.04587766 0.20744681 0.09507979 0.65159574
 1.74202128e-01 1.99468085e-03 6.64893617e-04 8.23138298e-01
 6.64893617e-04 1.79521277e-02 3.05851064e-02 9.50797872e-01
 0.58510638 0.02593085 0.38829787 0.00066489
 0.13031915 0.14893617 0.32646277 0.39428191

MOTIF MMPA_l3_24
letter-probability matrix: alength= 4 w= 9 
 0.65757979 0.12034574 0.1875     0.03457447
 0.44414894 0.17952128 0.13630319 0.2400266 
 0.00398936 0.88297872 0.09441489 0.01861702
 7.90558511e-01 6.78191489e-02 1.40957447e-01 6.64893617e-04
 0.01462766 0.64893617 0.23537234 0.10106383
 0.11170213 0.61835106 0.18882979 0.08111702
 0.42420213 0.13896277 0.12699468 0.30984043
 0.51795213 0.05053191 0.39760638 0.03390957
 0.34109043 0.09242021 0.5625     0.00398936

MOTIF MMPA_l3_25
letter-probability matrix: alength= 4 w= 9 
 0.28159204 0.13731343 0.00995025 0.57114428
 0.33034826 0.32736318 0.00597015 0.33631841
 0.97810945 0.00099502 0.0199005  0.00099502
 0.14328358 0.11144279 0.00099502 0.74427861
 0.20895522 0.26666667 0.52338308 0.00099502
 0.97810945 0.00099502 0.0199005  0.00099502
 0.00099502 0.0199005  0.00099502 0.97810945
 0.00099502 0.00099502 0.97810945 0.0199005 
 0.16218905 0.1880597  0.22487562 0.42487562

MOTIF MMPA_l3_26
letter-probability matrix: alength= 4 w= 9 
 0.55585106 0.12765957 0.18284574 0.13364362
 0.28058511 0.07114362 0.0831117  0.56515957
 0.17087766 0.12898936 0.15359043 0.54654255
 0.62632979 0.00066489 0.09042553 0.28257979
 0.16954787 0.07579787 0.13297872 0.62167553
 0.16090426 0.41090426 0.05585106 0.37234043
 0.23404255 0.01994681 0.14361702 0.60239362
 0.45079787 0.03390957 0.18484043 0.33045213
 0.34773936 0.06582447 0.07047872 0.51595745

MOTIF MMPA_l3_27
letter-probability matrix: alength= 4 w= 9 
 0.39494681 0.16223404 0.30784574 0.1349734 
 0.41090426 0.16954787 0.32180851 0.09773936
 0.30984043 0.56050532 0.03656915 0.09308511
 9.33510638e-01 6.64893617e-04 6.51595745e-02 6.64893617e-04
 0.49401596 0.18683511 0.07047872 0.24867021
 0.22140957 0.5418883  0.11103723 0.12566489
 8.39095745e-01 6.64893617e-04 5.58510638e-02 1.04388298e-01
 0.07380319 0.11835106 0.03723404 0.7706117 
 0.2606383  0.13696809 0.49933511 0.10305851

MOTIF MMPA_l3_28
letter-probability matrix: alength= 4 w= 9 
 0.27194149 0.04255319 0.34640957 0.33909574
 0.23271277 0.3643617  0.36569149 0.03723404
 0.08710106 0.30319149 0.09507979 0.51462766
 0.31914894 0.1037234  0.4900266  0.08710106
 0.47805851 0.2393617  0.21542553 0.06715426
 0.59507979 0.09042553 0.04720745 0.26728723
 0.49800532 0.02859043 0.27859043 0.19481383
 0.33710106 0.16888298 0.19481383 0.29920213
 0.37765957 0.02260638 0.2706117  0.32912234

MOTIF MMPA_l3_29
letter-probability matrix: alength= 4 w= 9 
 0.35239362 0.08577128 0.43351064 0.12832447
 0.24069149 0.26329787 0.23670213 0.25930851
 0.49069149 0.10505319 0.26861702 0.1356383 
 7.22739362e-01 6.64893617e-04 2.75930851e-01 6.64893617e-04
 0.11901596 0.2606383  0.28390957 0.33643617
 0.23204787 0.10704787 0.41090426 0.25      
 7.44680851e-01 6.64893617e-04 2.45345745e-01 9.30851064e-03
 0.00930851 0.03989362 0.13098404 0.81981383
 0.00531915 0.02792553 0.90691489 0.05984043

MOTIF MMPA_l3_30
letter-probability matrix: alength= 4 w= 9 
 0.65159574 0.30917553 0.01196809 0.02726064
 0.47539894 0.09042553 0.36037234 0.07380319
 0.6668883  0.03390957 0.26595745 0.03324468
 0.25664894 0.21210106 0.34906915 0.18218085
 0.32646277 0.18816489 0.16489362 0.32047872
 8.64361702e-01 6.64893617e-04 1.79521277e-02 1.17021277e-01
 0.00797872 0.01529255 0.11236702 0.8643617 
 6.64893617e-04 6.64893617e-04 9.89361702e-01 9.30851064e-03
 0.26462766 0.32646277 0.15757979 0.25132979

MOTIF MMPA_l3_31
letter-probability matrix: alength= 4 w= 9 
 0.13364362 0.11835106 0.67087766 0.07712766
 0.24135638 0.11369681 0.60239362 0.04255319
 0.20744681 0.24335106 0.38630319 0.16289894
 0.13231383 0.04654255 0.5525266  0.26861702
 0.17952128 0.18683511 0.44082447 0.19281915
 0.58045213 0.00797872 0.29654255 0.1150266 
 0.00066489 0.00398936 0.40093085 0.59441489
 0.1150266  0.11170213 0.73337766 0.03989362
 0.2400266  0.22140957 0.29454787 0.24401596

MOTIF MMPA_l3_32
letter-probability matrix: alength= 4 w= 9 
 0.24135638 0.15093085 0.47406915 0.13364362
 0.25465426 0.3956117  0.1668883  0.18284574
 0.73470745 0.1981383  0.00930851 0.05784574
 0.61236702 0.18218085 0.06449468 0.14095745
 0.3025266  0.28457447 0.15492021 0.25797872
 0.57646277 0.08178191 0.21742021 0.12433511
 0.29255319 0.00066489 0.14029255 0.56648936
 0.06117021 0.05518617 0.52260638 0.36103723
 0.11702128 0.09707447 0.73138298 0.05452128

MOTIF MMPA_l3_33
letter-probability matrix: alength= 4 w= 9 
 0.11968085 0.15957447 0.45079787 0.26994681
 0.32712766 0.11768617 0.05984043 0.49534574
 0.37832447 0.40226064 0.18151596 0.03789894
 0.11103723 0.12433511 0.46143617 0.30319149
 0.40226064 0.06981383 0.52726064 0.00066489
 0.0724734  0.05585106 0.50265957 0.36901596
 0.26994681 0.24601064 0.45079787 0.03324468
 0.37433511 0.06715426 0.44215426 0.11635638
 0.03058511 0.07712766 0.87167553 0.0206117 

MOTIF MMPA_l3_34
letter-probability matrix: alength= 4 w= 9 
 0.57047872 0.11170213 0.16954787 0.14827128
 0.27593085 0.33909574 0.18351064 0.20146277
 0.41090426 0.1356383  0.10970745 0.34375   
 6.64893617e-04 8.44414894e-02 8.09840426e-01 1.05053191e-01
 0.14228723 0.31914894 0.01130319 0.52726064
 0.0212766  0.00465426 0.63098404 0.34308511
 0.11103723 0.05984043 0.01196809 0.81715426
 0.36170213 0.25930851 0.16954787 0.20944149
 0.17952128 0.07446809 0.55452128 0.19148936

MOTIF MMPA_l3_35
letter-probability matrix: alength= 4 w= 9 
 0.20678191 0.1456117  0.12167553 0.52593085
 0.07114362 0.08976064 0.57180851 0.26728723
 0.63231383 0.02327128 0.2087766  0.1356383 
 0.4162234  0.00066489 0.02992021 0.55319149
 0.02992021 0.00066489 0.57579787 0.39361702
 0.04055851 0.19015957 0.61303191 0.15625   
 0.18151596 0.19015957 0.62566489 0.00265957
 0.41555851 0.08776596 0.18550532 0.31117021
 0.5731383  0.21077128 0.04454787 0.17154255

MOTIF MMPA_l3_36
letter-probability matrix: alength= 4 w= 9 
 0.47140957 0.27327128 0.12699468 0.12832447
 0.1143617  0.2393617  0.54720745 0.09906915
 0.30718085 0.11103723 0.49734043 0.08444149
 0.47672872 0.00066489 0.35704787 0.16555851
 0.00797872 0.38962766 0.16755319 0.43484043
 0.08710106 0.16289894 0.56914894 0.18085106
 0.48470745 0.09906915 0.37965426 0.03656915
 0.21808511 0.32180851 0.23138298 0.2287234 
 0.14893617 0.21343085 0.42021277 0.21742021

MOTIF MMPA_l3_37
letter-probability matrix: alength= 4 w= 9 
 0.29388298 0.06981383 0.4893617  0.14694149
 0.03922872 0.1668883  0.38031915 0.41356383
 0.28523936 0.1775266  0.33976064 0.1974734 
 1.58909574e-01 6.64893617e-04 8.31781915e-01 8.64361702e-03
 6.64893617e-04 2.08111702e-01 7.39361702e-01 5.18617021e-02
 0.02992021 0.06117021 0.68284574 0.22606383
 0.19680851 0.0099734  0.67553191 0.11768617
 0.28723404 0.10172872 0.45212766 0.15890957
 0.17021277 0.09042553 0.62300532 0.11635638

MOTIF MMPA_l3_38
letter-probability matrix: alength= 4 w= 9 
 0.62765957 0.08510638 0.14095745 0.1462766 
 0.59507979 0.32978723 0.01462766 0.06050532
 0.36236702 0.62699468 0.00066489 0.0099734 
 6.85505319e-01 6.64893617e-04 1.73537234e-01 1.40292553e-01
 0.00066489 0.21276596 0.57180851 0.21476064
 0.52992021 0.08111702 0.20545213 0.18351064
 0.28324468 0.26130319 0.3125     0.14295213
 0.03590426 0.14295213 0.22805851 0.59308511
 0.16422872 0.16755319 0.45345745 0.21476064

MOTIF MMPA_l3_39
letter-probability matrix: alength= 4 w= 9 
 0.48736702 0.11968085 0.05851064 0.33444149
 0.34042553 0.33776596 0.30784574 0.01396277
 0.25531915 0.09042553 0.64893617 0.00531915
 6.64893617e-04 6.98138298e-02 7.34042553e-01 1.95478723e-01
 0.80053191 0.09906915 0.03989362 0.06050532
 4.85372340e-02 6.64893617e-04 7.57978723e-02 8.75000000e-01
 0.06449468 0.37167553 0.0099734  0.55385638
 0.14361702 0.32712766 0.21875    0.31050532
 0.07912234 0.21742021 0.40425532 0.29920213

MOTIF MMPA_l3_40
letter-probability matrix: alength= 4 w= 9 
 0.1974734  0.1974734  0.20146277 0.40359043
 0.41023936 0.10771277 0.26529255 0.21675532
 0.19880319 0.50465426 0.09773936 0.19880319
 0.39494681 0.36702128 0.01196809 0.22606383
 2.65957447e-03 6.64893617e-04 9.96010638e-01 6.64893617e-04
 0.46542553 0.5212766  0.0106383  0.00265957
 0.00465426 0.36901596 0.31183511 0.31449468
 0.36303191 0.28523936 0.00066489 0.35106383
 0.08976064 0.18617021 0.01595745 0.7081117 

MOTIF MMPA_l3_41
letter-probability matrix: alength= 4 w= 9 
 0.44547872 0.19082447 0.15890957 0.20478723
 0.42420213 0.07380319 0.23470745 0.26728723
 0.45611702 0.11170213 0.32845745 0.1037234 
 3.52393617e-02 3.72340426e-02 9.26861702e-01 6.64893617e-04
 0.08710106 0.11768617 0.78523936 0.0099734 
 0.14827128 0.14162234 0.56981383 0.14029255
 0.21675532 0.48736702 0.15691489 0.13896277
 0.10571809 0.08510638 0.14428191 0.66489362
 0.07513298 0.48204787 0.24401596 0.19880319

MOTIF MMPA_l3_42
letter-probability matrix: alength= 4 w= 9 
 0.1668883  0.13696809 0.50465426 0.19148936
 6.64893617e-04 6.64893617e-04 6.64893617e-04 9.98005319e-01
 8.39760638e-01 6.64893617e-04 1.58909574e-01 6.64893617e-04
 0.4893617  0.00066489 0.50930851 0.00066489
 0.08244681 0.33444149 0.42087766 0.16223404
 0.21409574 0.06582447 0.18018617 0.53989362
 0.10704787 0.5206117  0.07646277 0.29587766
 0.12765957 0.29055851 0.44414894 0.13763298
 0.34973404 0.30119681 0.26263298 0.08643617

MOTIF MMPA_l3_43
letter-probability matrix: alength= 4 w= 9 
 0.31582447 0.21609043 0.33976064 0.12832447
 0.16888298 0.10571809 0.52925532 0.19614362
 6.64893617e-04 7.61968085e-01 6.64893617e-04 2.36702128e-01
 0.43018617 0.09507979 0.24135638 0.23337766
 0.07912234 0.28125    0.47273936 0.1668883 
 8.06515957e-01 6.64893617e-04 1.77526596e-01 1.52925532e-02
 0.05119681 0.08111702 0.03257979 0.83510638
 6.64893617e-04 6.64893617e-04 8.82978723e-01 1.15691489e-01
 0.32114362 0.34375    0.1150266  0.22007979

MOTIF MMPA_l3_44
letter-probability matrix: alength= 4 w= 9 
 0.21542553 0.14361702 0.31183511 0.32912234
 0.48869681 0.24401596 0.09042553 0.1768617 
 9.84042553e-01 6.64893617e-04 6.64893617e-04 1.46276596e-02
 1.17021277e-01 6.64893617e-04 6.64893617e-04 8.81648936e-01
 6.64893617e-04 6.64893617e-04 8.81648936e-01 1.17021277e-01
 0.48603723 0.08244681 0.15625    0.27526596
 0.72406915 0.02194149 0.04787234 0.20611702
 0.29255319 0.06848404 0.26263298 0.37632979
 0.37101064 0.28922872 0.1143617  0.22539894

MOTIF MMPA_l3_45
letter-probability matrix: alength= 4 w= 9 
 0.15757979 0.49800532 0.15093085 0.19348404
 0.06050532 0.14295213 0.58577128 0.21077128
 0.125      0.02526596 0.79654255 0.05319149
 0.02992021 0.60904255 0.00531915 0.35571809
 0.31316489 0.11968085 0.50598404 0.06117021
 0.10172872 0.42619681 0.39361702 0.07845745
 0.2918883  0.20478723 0.41156915 0.09175532
 0.49800532 0.13364362 0.16954787 0.19880319
 0.16223404 0.46409574 0.10505319 0.26861702

MOTIF MMPA_l3_46
letter-probability matrix: alength= 4 w= 9 
 0.2918883  0.37101064 0.2606383  0.07646277
 0.28324468 0.33776596 0.1037234  0.27526596
 0.06715426 0.1150266  0.66090426 0.15691489
 0.55119681 0.17885638 0.03789894 0.23204787
 0.35704787 0.21077128 0.00731383 0.42486702
 0.5731383  0.00930851 0.40425532 0.01329787
 0.5418883  0.13231383 0.23337766 0.09242021
 0.44680851 0.09441489 0.17553191 0.28324468
 0.38630319 0.0518617  0.51662234 0.04521277

MOTIF MMPA_l3_47
letter-probability matrix: alength= 4 w= 9 
 0.12101064 0.27327128 0.18085106 0.42486702
 0.32446809 0.59507979 0.04986702 0.03058511
 1.39627660e-02 6.64893617e-04 9.78723404e-01 6.64893617e-03
 6.64893617e-04 1.26994681e-01 2.52659574e-02 8.47074468e-01
 0.49401596 0.40292553 0.0724734  0.03058511
 0.40359043 0.47074468 0.11768617 0.00797872
 0.43018617 0.33111702 0.14295213 0.09574468
 0.5206117  0.22539894 0.15226064 0.10172872
 0.78989362 0.1043883  0.04321809 0.0625    

MOTIF MMPA_l3_48
letter-probability matrix: alength= 4 w= 9 
 0.22739362 0.25531915 0.22007979 0.29720745
 0.20146277 0.44880319 0.31715426 0.03257979
 0.31848404 0.2087766  0.34773936 0.125     
 9.77393617e-02 6.64893617e-04 8.89627660e-01 1.19680851e-02
 0.15957447 0.49468085 0.31382979 0.03191489
 0.04587766 0.63031915 0.29321809 0.03058511
 0.66090426 0.1981383  0.01130319 0.12965426
 0.21742021 0.6150266  0.15292553 0.01462766
 0.54853723 0.11635638 0.32446809 0.0106383 

MOTIF MMPA_l3_49
letter-probability matrix: alength= 4 w= 9 
 0.27194149 0.18085106 0.44148936 0.10571809
 0.17952128 0.37699468 0.1456117  0.29787234
 8.50398936e-01 1.99468085e-02 1.28989362e-01 6.64893617e-04
 0.12433511 0.03922872 0.08843085 0.74800532
 0.14694149 0.06515957 0.72140957 0.06648936
 0.38630319 0.0837766  0.28723404 0.24268617
 0.08843085 0.0518617  0.42420213 0.43550532
 0.13829787 0.12101064 0.60904255 0.13164894
 0.17553191 0.15425532 0.49468085 0.17553191

MOTIF MMPA_l3_50
letter-probability matrix: alength= 4 w= 9 
 0.25       0.2918883  0.27260638 0.18550532
 0.17353723 0.37632979 0.10837766 0.34175532
 0.15026596 0.29787234 0.33976064 0.21210106
 0.13297872 0.09308511 0.16422872 0.60970745
 0.0099734  0.53058511 0.43351064 0.02593085
 6.64893617e-04 3.12500000e-02 8.64361702e-03 9.59441489e-01
 0.48204787 0.00265957 0.51462766 0.00066489
 8.13829787e-01 7.31382979e-03 1.78191489e-01 6.64893617e-04
 0.41422872 0.04654255 0.45345745 0.08577128

MOTIF MMPA_l3_51
letter-probability matrix: alength= 4 w= 9 
 0.09707447 0.19946809 0.45944149 0.24401596
 0.01928191 0.2712766  0.11103723 0.59840426
 0.41156915 0.11569149 0.4581117  0.01462766
 0.63364362 0.17220745 0.19348404 0.00066489
 0.11702128 0.62566489 0.17087766 0.08643617
 0.24734043 0.21276596 0.48803191 0.0518617 
 0.43617021 0.09308511 0.07380319 0.39694149
 0.02659574 0.45079787 0.09840426 0.42420213
 0.16422872 0.08776596 0.59308511 0.15492021

MOTIF MMPA_l3_52
letter-probability matrix: alength= 4 w= 9 
 0.54388298 0.21542553 0.14960106 0.09109043
 0.60172872 0.22007979 0.13297872 0.04521277
 5.38563830e-02 6.64893617e-04 6.64893617e-04 9.44813830e-01
 0.81848404 0.08111702 0.01396277 0.08643617
 0.15824468 0.0099734  0.8231383  0.00864362
 0.00066489 0.27194149 0.40093085 0.32646277
 0.5837766  0.20345745 0.05385638 0.15890957
 0.31117021 0.17353723 0.18151596 0.3337766 
 0.11103723 0.5099734  0.02393617 0.35505319

MOTIF MMPA_l3_53
letter-probability matrix: alength= 4 w= 9 
 0.0625 0.0625 0.8125 0.0625
 0.0625 0.8125 0.0625 0.0625
 0.8125 0.0625 0.0625 0.0625
 0.5    0.375  0.0625 0.0625
 0.0625 0.0625 0.0625 0.8125
 0.8125 0.0625 0.0625 0.0625
 0.0625 0.0625 0.0625 0.8125
 0.0625 0.0625 0.0625 0.8125
 0.0625 0.0625 0.8125 0.0625

MOTIF MMPA_l3_54
letter-probability matrix: alength= 4 w= 9 
 0.32712766 0.08643617 0.48736702 0.09906915
 0.00066489 0.37300532 0.30917553 0.31715426
 0.14029255 0.06050532 0.65359043 0.1456117 
 6.64893617e-04 6.64893617e-04 6.64893617e-04 9.98005319e-01
 8.46409574e-01 6.64893617e-04 1.52260638e-01 6.64893617e-04
 0.39228723 0.00066489 0.60638298 0.00066489
 0.2400266  0.19481383 0.28723404 0.27792553
 0.28656915 0.36702128 0.15691489 0.18949468
 0.28324468 0.47406915 0.08776596 0.15492021

MOTIF MMPA_l3_55
letter-probability matrix: alength= 4 w= 9 
 0.50066489 0.32978723 0.14893617 0.0206117 
 0.37898936 0.03125    0.54255319 0.04720745
 0.3125     0.17021277 0.36369681 0.15359043
 0.27260638 0.31914894 0.33643617 0.07180851
 0.64893617 0.00066489 0.10106383 0.24933511
 0.0106383  0.00398936 0.26263298 0.72273936
 0.00864362 0.05651596 0.79787234 0.13696809
 0.26396277 0.12167553 0.49468085 0.11968085
 0.27859043 0.16821809 0.36103723 0.19215426

MOTIF MMPA_l3_56
letter-probability matrix: alength= 4 w= 9 
 0.1150266  0.34906915 0.32779255 0.2081117 
 0.12832447 0.31515957 0.45944149 0.09707447
 0.00731383 0.46808511 0.47473404 0.04986702
 0.00465426 0.65093085 0.22539894 0.11901596
 0.14095745 0.68949468 0.03656915 0.13297872
 0.21742021 0.14694149 0.01928191 0.61635638
 0.03390957 0.72406915 0.01994681 0.22207447
 0.41954787 0.25265957 0.12167553 0.20611702
 0.40292553 0.23537234 0.26263298 0.09906915

MOTIF MMPA_l3_57
letter-probability matrix: alength= 4 w= 9 
 0.07446809 0.38098404 0.03789894 0.50664894
 0.41223404 0.29055851 0.05917553 0.23803191
 0.27726064 0.01662234 0.19348404 0.51263298
 0.14428191 0.00930851 0.00265957 0.84375   
 6.64893617e-04 6.64893617e-04 1.06382979e-02 9.88031915e-01
 0.90691489 0.07712766 0.00531915 0.0106383 
 0.0724734  0.57978723 0.00731383 0.34042553
 0.23670213 0.63630319 0.09441489 0.03257979
 0.12034574 0.04920213 0.27859043 0.5518617 

MOTIF MMPA_l3_58
letter-probability matrix: alength= 4 w= 9 
 0.10172872 0.08909574 0.18151596 0.62765957
 0.37566489 0.00066489 0.20079787 0.42287234
 0.64162234 0.25531915 0.04654255 0.05651596
 0.14095745 0.24268617 0.02393617 0.59242021
 0.72007979 0.06050532 0.1668883  0.0525266 
 0.5412234  0.00398936 0.45079787 0.00398936
 2.91888298e-01 4.65425532e-03 7.02792553e-01 6.64893617e-04
 0.00664894 0.04521277 0.88297872 0.06515957
 0.45212766 0.0731383  0.46476064 0.0099734 

MOTIF MMPA_l3_59
letter-probability matrix: alength= 4 w= 9 
 0.48670213 0.03191489 0.47207447 0.00930851
 0.40492021 0.27460106 0.19414894 0.12632979
 0.17819149 0.26396277 0.1974734  0.36037234
 8.29122340e-01 6.64893617e-04 1.69547872e-01 6.64893617e-04
 6.64893617e-04 8.64361702e-03 1.69547872e-01 8.21143617e-01
 2.52659574e-02 1.58909574e-01 8.15159574e-01 6.64893617e-04
 1.07712766e-01 6.64893617e-04 8.12500000e-01 7.91223404e-02
 0.34242021 0.33244681 0.20412234 0.12101064
 0.24534574 0.21742021 0.40757979 0.12965426

MOTIF MMPA_l3_60
letter-probability matrix: alength= 4 w= 9 
 0.56193772 0.08719723 0.11072664 0.24013841
 0.3183391  0.0283737  0.00207612 0.65121107
 0.01107266 0.00207612 0.47958478 0.50726644
 0.00207612 0.06712803 0.65051903 0.28027682
 6.92041522e-04 6.92041522e-04 8.30449827e-03 9.90311419e-01
 0.69134948 0.00069204 0.30726644 0.00069204
 0.583391   0.00069204 0.41522491 0.00069204
 0.51764706 0.08373702 0.30034602 0.0982699 
 0.46920415 0.13979239 0.06574394 0.32525952

MOTIF MMPA_l3_61
letter-probability matrix: alength= 4 w= 9 
 0.18550532 0.25598404 0.14960106 0.40890957
 0.37566489 0.42287234 0.04454787 0.15691489
 0.57446809 0.14960106 0.10505319 0.17087766
 0.16156915 0.48337766 0.34840426 0.00664894
 0.40558511 0.12234043 0.1662234  0.30585106
 0.10039894 0.10970745 0.25265957 0.53723404
 0.13829787 0.77194149 0.05452128 0.03523936
 0.39162234 0.14228723 0.03723404 0.42885638
 0.42885638 0.03989362 0.4787234  0.0525266 

MOTIF MMPA_l3_62
letter-probability matrix: alength= 4 w= 9 
 0.78257979 0.06914894 0.0731383  0.07513298
 0.32114362 0.06382979 0.00332447 0.61170213
 0.18284574 0.00066489 0.51994681 0.29654255
 0.47406915 0.11303191 0.33111702 0.08178191
 0.44481383 0.1349734  0.01263298 0.40757979
 0.05851064 0.01396277 0.41090426 0.51662234
 0.50398936 0.06648936 0.38630319 0.04321809
 0.33045213 0.18417553 0.41755319 0.06781915
 0.11369681 0.1037234  0.55851064 0.22406915

MOTIF MMPA_l3_63
letter-probability matrix: alength= 4 w= 9 
 0.49268617 0.26196809 0.1462766  0.09906915
 0.6462766  0.0625     0.25265957 0.03856383
 0.27659574 0.21941489 0.14960106 0.3543883 
 0.35704787 0.09375    0.41821809 0.13098404
 8.04521277e-01 1.92819149e-02 1.75531915e-01 6.64893617e-04
 6.64893617e-04 1.92819149e-02 1.48936170e-01 8.31117021e-01
 6.64893617e-04 6.64893617e-04 9.34175532e-01 6.44946809e-02
 0.03590426 0.05452128 0.85106383 0.05851064
 0.26928191 0.21875    0.41888298 0.09308511

MOTIF MMPA_l3_64
letter-probability matrix: alength= 4 w= 9 
 0.37167553 0.31715426 0.17353723 0.13763298
 0.56449468 0.00066489 0.42619681 0.00864362
 0.70146277 0.10239362 0.14361702 0.0525266 
 0.82513298 0.06582447 0.03656915 0.0724734 
 0.47539894 0.09773936 0.03856383 0.38829787
 8.04521277e-02 8.41090426e-01 6.64893617e-04 7.77925532e-02
 0.25731383 0.03191489 0.66888298 0.0418883 
 0.48869681 0.25066489 0.02859043 0.23204787
 0.43018617 0.25598404 0.21077128 0.10305851

MOTIF MMPA_l3_65
letter-probability matrix: alength= 4 w= 9 
 0.04986702 0.63896277 0.04853723 0.26263298
 0.53523936 0.31715426 0.14694149 0.00066489
 0.67486702 0.0099734  0.29454787 0.0206117 
 0.05651596 0.59840426 0.11037234 0.23470745
 0.13031915 0.18085106 0.23803191 0.45079787
 0.28324468 0.44614362 0.04055851 0.23005319
 0.01994681 0.21409574 0.20611702 0.55984043
 0.31582447 0.13430851 0.38031915 0.16954787
 0.37898936 0.21742021 0.24268617 0.16090426

MOTIF MMPA_l3_66
letter-probability matrix: alength= 4 w= 9 
 0.70212766 0.15425532 0.1037234  0.03989362
 0.6349734  0.04587766 0.19614362 0.12300532
 0.40890957 0.14760638 0.21077128 0.23271277
 0.66090426 0.13297872 0.07513298 0.13098404
 0.55319149 0.00066489 0.03723404 0.40890957
 0.03723404 0.00066489 0.39760638 0.56449468
 0.23071809 0.0206117  0.68417553 0.06449468
 0.6456117  0.29787234 0.01196809 0.04454787
 0.22739362 0.32712766 0.22473404 0.22074468

MOTIF MMPA_l3_67
letter-probability matrix: alength= 4 w= 9 
 0.33710106 0.25465426 0.08178191 0.32646277
 0.18882979 0.45744681 0.02194149 0.33178191
 0.95279255 0.00731383 0.0106383  0.02925532
 0.03257979 0.02859043 0.91821809 0.0206117 
 8.04521277e-01 6.64893617e-04 6.51595745e-02 1.29654255e-01
 3.98936170e-03 6.64893617e-04 9.12234043e-01 8.31117021e-02
 0.63430851 0.07114362 0.11103723 0.18351064
 0.40824468 0.0212766  0.29255319 0.27792553
 0.30718085 0.11768617 0.11569149 0.45944149

MOTIF MMPA_l3_68
letter-probability matrix: alength= 4 w= 9 
 0.26595745 0.2081117  0.29986702 0.22606383
 0.21609043 0.29853723 0.25664894 0.2287234 
 6.64893617e-04 6.64893617e-04 6.64893617e-04 9.98005319e-01
 8.37101064e-01 6.64893617e-04 1.57579787e-01 4.65425532e-03
 0.42220745 0.00066489 0.57646277 0.00066489
 6.64893617e-04 6.64893617e-04 6.64893617e-04 9.98005319e-01
 7.79255319e-01 6.64893617e-04 2.19414894e-01 6.64893617e-04
 0.43816489 0.00066489 0.56050532 0.00066489
 0.24800532 0.23670213 0.37765957 0.13763298

MOTIF MMPA_l3_69
letter-probability matrix: alength= 4 w= 9 
 0.20678191 0.20412234 0.56449468 0.02460106
 0.0206117  0.05651596 0.82047872 0.10239362
 0.07712766 0.11303191 0.65691489 0.15292553
 8.17819149e-02 1.99468085e-02 8.97606383e-01 6.64893617e-04
 0.08111702 0.04454787 0.81183511 0.0625    
 0.00066489 0.06715426 0.45944149 0.47273936
 0.16755319 0.42553191 0.1981383  0.2087766 
 0.15558511 0.09375    0.15625    0.59441489
 0.4587766  0.24202128 0.13696809 0.16223404

MOTIF MMPA_l3_70
letter-probability matrix: alength= 4 w= 9 
 0.08643617 0.29853723 0.26595745 0.34906915
 0.13164894 0.26795213 0.32646277 0.27393617
 0.49401596 0.11236702 0.29388298 0.09973404
 0.80651596 0.00199468 0.15824468 0.03324468
 0.59574468 0.00066489 0.19414894 0.20944149
 2.46675532e-01 6.64893617e-04 6.64893617e-04 7.51994681e-01
 2.46010638e-02 6.64893617e-04 2.36037234e-01 7.38696809e-01
 0.36170213 0.06515957 0.54388298 0.02925532
 0.45944149 0.03723404 0.45478723 0.04853723

MOTIF MMPA_l3_71
letter-probability matrix: alength= 4 w= 9 
 0.46210106 0.11303191 0.23071809 0.19414894
 9.82712766e-01 6.64893617e-04 6.64893617e-04 1.59574468e-02
 6.64893617e-04 6.64893617e-04 1.59574468e-02 9.82712766e-01
 1.59574468e-02 6.64893617e-04 9.82712766e-01 6.64893617e-04
 0.26329787 0.24867021 0.34973404 0.13829787
 0.00066489 0.02726064 0.36236702 0.60970745
 0.24734043 0.29255319 0.18617021 0.27393617
 0.17885638 0.29454787 0.17021277 0.35638298
 0.14428191 0.3224734  0.11768617 0.41555851

MOTIF MMPA_l3_72
letter-probability matrix: alength= 4 w= 9 
 0.37632979 0.21542553 0.30452128 0.1037234 
 0.5724734  0.25797872 0.10571809 0.06382979
 7.96542553e-01 6.64893617e-04 1.94148936e-01 8.64361702e-03
 0.29654255 0.59973404 0.01529255 0.08843085
 0.20212766 0.43085106 0.35505319 0.01196809
 9.23537234e-01 7.51329787e-02 6.64893617e-04 6.64893617e-04
 6.64893617e-04 1.23670213e-01 6.64893617e-04 8.75000000e-01
 9.24202128e-02 1.36968085e-01 7.69946809e-01 6.64893617e-04
 0.33710106 0.2087766  0.26662234 0.1875    

MOTIF MMPA_l3_73
letter-probability matrix: alength= 4 w= 9 
 0.22805851 0.17952128 0.49734043 0.09507979
 0.05651596 0.05119681 0.74601064 0.1462766 
 0.22539894 0.27460106 0.1875     0.3125    
 0.09973404 0.76728723 0.09906915 0.03390957
 9.06914894e-01 1.19680851e-02 8.04521277e-02 6.64893617e-04
 0.01861702 0.88896277 0.01196809 0.08045213
 1.59574468e-02 8.49734043e-01 1.33643617e-01 6.64893617e-04
 0.73537234 0.0731383  0.12167553 0.06981383
 0.23470745 0.21409574 0.08776596 0.46343085

MOTIF MMPA_l3_74
letter-probability matrix: alength= 4 w= 9 
 0.24468085 0.12965426 0.38696809 0.23869681
 0.29521277 0.11103723 0.17154255 0.42220745
 0.30053191 0.18085106 0.27792553 0.24069149
 0.03523936 0.01795213 0.86170213 0.08510638
 1.16356383e-01 6.64893617e-04 7.38696809e-01 1.44281915e-01
 6.64893617e-04 2.32712766e-02 8.49734043e-01 1.26329787e-01
 2.32712766e-02 6.11702128e-02 9.14893617e-01 6.64893617e-04
 0.2087766  0.2081117  0.51795213 0.06515957
 0.25265957 0.24933511 0.3331117  0.16489362

MOTIF MMPA_l3_75
letter-probability matrix: alength= 4 w= 9 
 0.28723404 0.2287234  0.42087766 0.06316489
 0.26595745 0.14960106 0.39893617 0.18550532
 0.54521277 0.15226064 0.27925532 0.02327128
 0.49534574 0.14694149 0.03656915 0.32114362
 0.17819149 0.05851064 0.3025266  0.46077128
 0.41422872 0.09375    0.46010638 0.03191489
 0.12167553 0.00066489 0.24534574 0.63231383
 0.50864362 0.04055851 0.43683511 0.01396277
 0.20744681 0.125      0.51728723 0.15026596

MOTIF MMPA_l3_76
letter-probability matrix: alength= 4 w= 9 
 0.07646277 0.34175532 0.28257979 0.29920213
 0.35239362 0.33444149 0.30385638 0.00930851
 0.27859043 0.3643617  0.2912234  0.06582447
 0.01795213 0.71742021 0.02925532 0.23537234
 0.05452128 0.52593085 0.0412234  0.37832447
 6.64893617e-04 6.64893617e-04 6.64893617e-04 9.98005319e-01
 9.80718085e-01 6.64893617e-04 1.79521277e-02 6.64893617e-04
 0.56050532 0.00066489 0.43816489 0.00066489
 0.32912234 0.1349734  0.22805851 0.30784574

MOTIF MMPA_l3_77
letter-probability matrix: alength= 4 w= 9 
 0.47273936 0.29986702 0.10970745 0.11768617
 0.59640957 0.07446809 0.29853723 0.03058511
 0.42154255 0.32779255 0.13630319 0.1143617 
 0.28324468 0.1456117  0.29055851 0.28058511
 0.76263298 0.03523936 0.18617021 0.01595745
 6.64893617e-04 6.64893617e-04 1.90824468e-01 8.07845745e-01
 7.77925532e-02 1.13696809e-01 8.07845745e-01 6.64893617e-04
 0.09109043 0.09773936 0.67087766 0.14029255
 0.4581117  0.23736702 0.21808511 0.08643617

MOTIF MMPA_l3_78
letter-probability matrix: alength= 4 w= 9 
 0.16954787 0.3962766  0.20678191 0.22739362
 0.49667553 0.24933511 0.15159574 0.10239362
 0.40957447 0.16888298 0.2706117  0.15093085
 9.82712766e-01 6.64893617e-04 6.64893617e-04 1.59574468e-02
 6.64893617e-04 6.64893617e-04 6.64893617e-04 9.98005319e-01
 6.64893617e-04 6.64893617e-04 9.82712766e-01 1.59574468e-02
 0.12234043 0.08577128 0.69547872 0.09640957
 0.36569149 0.25664894 0.37699468 0.00066489
 0.17420213 0.11103723 0.34109043 0.37367021

MOTIF MMPA_l3_79
letter-probability matrix: alength= 4 w= 9 
 0.38297872 0.23603723 0.20478723 0.17619681
 0.55718085 0.10172872 0.23670213 0.1043883 
 6.64893617e-04 6.64893617e-04 6.64893617e-04 9.98005319e-01
 0.48869681 0.00066489 0.50465426 0.00598404
 0.69880319 0.01529255 0.20345745 0.08244681
 0.42885638 0.06183511 0.01462766 0.49468085
 0.00066489 0.00066489 0.65359043 0.34507979
 0.1456117  0.09840426 0.48670213 0.26928191
 0.32779255 0.29055851 0.19215426 0.18949468

MOTIF MMPA_l3_80
letter-probability matrix: alength= 4 w= 9 
 0.14295213 0.31914894 0.10837766 0.42952128
 0.37300532 0.37167553 0.13164894 0.12367021
 9.46143617e-01 6.64893617e-04 5.25265957e-02 6.64893617e-04
 6.64893617e-04 3.19148936e-02 2.12765957e-02 9.46143617e-01
 6.64893617e-04 6.64893617e-04 9.78058511e-01 2.06117021e-02
 0.36702128 0.10571809 0.37367021 0.15359043
 0.07114362 0.01994681 0.10239362 0.80651596
 0.05053191 0.11702128 0.70545213 0.12699468
 0.24335106 0.18550532 0.41023936 0.16090426

MOTIF MMPA_l3_81
letter-probability matrix: alength= 4 w= 9 
 0.32180851 0.13896277 0.4474734  0.09175532
 0.05917553 0.11170213 0.72406915 0.10505319
 0.05518617 0.16954787 0.52393617 0.25132979
 0.00531915 0.41422872 0.28191489 0.29853723
 0.07180851 0.43018617 0.22739362 0.2706117 
