MEME version 5.3.0

ALPHABET= ACGT

strands: + -

Background letter frequencies
A 0.25 C 0.25 G 0.25 T 0.25

MOTIF 500_l3_f_0
letter-probability matrix: alength= 4 w= 9 
 0.10569106 0.59552846 0.18699187 0.11178862
 0.07113821 0.39837398 0.43699187 0.09349593
 0.00203252 0.53252033 0.40853659 0.05691057
 0.53455285 0.01422764 0.37195122 0.07926829
 0.24390244 0.00203252 0.00203252 0.75203252
 0.01422764 0.05081301 0.93292683 0.00203252
 0.19105691 0.19105691 0.39837398 0.2195122 
 0.06300813 0.67682927 0.11382114 0.14634146
 0.14430894 0.49390244 0.18089431 0.18089431

MOTIF 500_l3_f_1
letter-probability matrix: alength= 4 w= 9 
 0.08179959 0.200409   0.62167689 0.09611452
 0.24539877 0.21063395 0.00204499 0.54192229
 0.19018405 0.70756646 0.1002045  0.00204499
 0.40286299 0.59304703 0.00204499 0.00204499
 0.02453988 0.75255624 0.2208589  0.00204499
 0.08588957 0.4805726  0.43149284 0.00204499
 0.24744376 0.1390593  0.42740286 0.18609407
 0.49488753 0.33537832 0.16768916 0.00204499
 0.05725971 0.1390593  0.71165644 0.09202454

MOTIF 500_l3_f_2
letter-probability matrix: alength= 4 w= 9 
 0.1372549  0.17429194 0.44444444 0.24400871
 0.36383442 0.03485839 0.10021786 0.50108932
 0.02614379 0.00217865 0.00217865 0.96949891
 0.06535948 0.21786492 0.42265795 0.29411765
 0.27233115 0.57734205 0.00217865 0.14814815
 0.00217865 0.88671024 0.10675381 0.0043573 
 0.67538126 0.07189542 0.23311547 0.01960784
 0.1503268  0.0043573  0.64270153 0.20261438
 0.11546841 0.13507625 0.61002179 0.13943355

MOTIF 500_l3_f_3
letter-probability matrix: alength= 4 w= 9 
 0.20416667 0.04791667 0.4875     0.26041667
 0.01041667 0.15208333 0.82708333 0.01041667
 0.60833333 0.35       0.03958333 0.00208333
 0.28333333 0.35833333 0.24791667 0.11041667
 0.11458333 0.16666667 0.58958333 0.12916667
 0.00208333 0.0625     0.00625    0.92916667
 0.00208333 0.00208333 0.9125     0.08333333
 0.00208333 0.00208333 0.72291667 0.27291667
 0.27916667 0.23958333 0.38333333 0.09791667

MOTIF 500_l3_f_4
letter-probability matrix: alength= 4 w= 9 
 0.21991701 0.32157676 0.35684647 0.10165975
 0.84232365 0.04564315 0.09543568 0.01659751
 0.00829876 0.02697095 0.8879668  0.07676349
 0.19917012 0.00207469 0.52904564 0.26970954
 0.02282158 0.11618257 0.27593361 0.58506224
 0.17842324 0.07676349 0.45435685 0.29045643
 0.08921162 0.39834025 0.44190871 0.07053942
 0.35892116 0.51244813 0.0186722  0.10995851
 0.28838174 0.36929461 0.17634855 0.1659751 

MOTIF 500_l3_f_5
letter-probability matrix: alength= 4 w= 9 
 0.29243354 0.14314928 0.38854806 0.17586912
 0.65439673 0.04703476 0.26380368 0.03476483
 0.0593047  0.38241309 0.07361963 0.48466258
 0.17791411 0.5194274  0.28220859 0.0204499 
 0.79141104 0.00204499 0.1799591  0.02658487
 0.07566462 0.22494888 0.15746421 0.54192229
 0.02658487 0.42126789 0.5398773  0.01226994
 0.70552147 0.05316973 0.19427403 0.04703476
 0.19018405 0.14519427 0.52760736 0.13701431

MOTIF 500_l3_f_6
letter-probability matrix: alength= 4 w= 9 
 0.11949686 0.32285115 0.23480084 0.32285115
 0.09643606 0.03563941 0.10691824 0.76100629
 0.00209644 0.99371069 0.00209644 0.00209644
 0.00209644 0.00209644 0.99371069 0.00209644
 0.00209644 0.25995807 0.73584906 0.00209644
 0.00209644 0.44025157 0.38155136 0.17610063
 0.00209644 0.74213836 0.00209644 0.25366876
 0.06289308 0.53459119 0.17190776 0.23060797
 0.21174004 0.26834382 0.38155136 0.13836478

MOTIF 500_l3_f_7
letter-probability matrix: alength= 4 w= 9 
 0.13250518 0.52380952 0.20910973 0.13457557
 0.0310559  0.00414079 0.1573499  0.80745342
 0.01035197 0.35196687 0.01035197 0.62732919
 0.03726708 0.16770186 0.30227743 0.49275362
 0.00828157 0.06832298 0.54037267 0.38302277
 0.01242236 0.02691511 0.02070393 0.93995859
 0.48447205 0.29606625 0.06004141 0.15942029
 0.05383023 0.12215321 0.82194617 0.00207039
 0.16356108 0.34575569 0.27536232 0.21532091

MOTIF 500_l3_f_8
letter-probability matrix: alength= 4 w= 9 
 0.08247423 0.33402062 0.4371134  0.14639175
 0.17525773 0.05360825 0.08453608 0.68659794
 0.00206186 0.00824742 0.06597938 0.92371134
 0.01443299 0.16494845 0.10515464 0.71546392
 0.03092784 0.05773196 0.02268041 0.88865979
 0.17319588 0.15051546 0.51958763 0.15670103
 0.00206186 0.39175258 0.5257732  0.08041237
 0.09278351 0.58556701 0.26185567 0.05979381
 0.40206186 0.19793814 0.16082474 0.23917526

MOTIF 500_l3_f_9
letter-probability matrix: alength= 4 w= 9 
 0.04868154 0.73022312 0.21298174 0.00811359
 0.0020284  0.84989858 0.14604462 0.0020284 
 0.45233266 0.0020284  0.53752535 0.00811359
 0.01217039 0.0020284  0.98377282 0.0020284 
 0.00608519 0.22515213 0.0040568  0.76470588
 0.07099391 0.64503043 0.13590264 0.14807302
 0.09533469 0.64705882 0.25557809 0.0020284 
 0.14401623 0.1703854  0.36713996 0.31845842
 0.05070994 0.46247465 0.38336714 0.10344828

MOTIF 500_l3_f_10
letter-probability matrix: alength= 4 w= 9 
 0.11934156 0.3909465  0.16255144 0.32716049
 0.08847737 0.25514403 0.38065844 0.27572016
 0.06790123 0.48353909 0.37654321 0.07201646
 0.00205761 0.00205761 0.718107   0.27777778
 0.01234568 0.05967078 0.01028807 0.91769547
 0.00205761 0.9526749  0.00205761 0.04320988
 0.00205761 0.11522634 0.00205761 0.88065844
 0.02263374 0.27572016 0.28806584 0.41358025
 0.13786008 0.65843621 0.12962963 0.07407407

MOTIF 500_l3_f_11
letter-probability matrix: alength= 4 w= 9 
 0.06924644 0.04276986 0.700611   0.18737271
 0.08553971 0.06313646 0.83706721 0.01425662
 0.00203666 0.45824847 0.28309572 0.25661914
 0.14256619 0.85336049 0.00203666 0.00203666
 0.00203666 0.79022403 0.20570265 0.00203666
 0.00203666 0.99389002 0.00203666 0.00203666
 0.00203666 0.11608961 0.43991853 0.44195519
 0.33197556 0.46639511 0.19551935 0.00610998
 0.08961303 0.14460285 0.6802444  0.08553971

MOTIF 500_l3_f_12
letter-probability matrix: alength= 4 w= 9 
 0.15650407 0.56300813 0.24186992 0.03861789
 0.12804878 0.2296748  0.18699187 0.45528455
 0.04065041 0.44105691 0.51626016 0.00203252
 0.02235772 0.6504065  0.32520325 0.00203252
 0.09349593 0.89634146 0.00813008 0.00203252
 0.00203252 0.00406504 0.00203252 0.99186992
 0.00609756 0.00203252 0.9898374  0.00203252
 0.06707317 0.57926829 0.02642276 0.32723577
 0.25813008 0.27235772 0.28252033 0.18699187

MOTIF 500_l3_f_13
letter-probability matrix: alength= 4 w= 9 
 0.48851775 0.12526096 0.27348643 0.11273486
 0.23173278 0.23799582 0.46137787 0.06889353
 0.25678497 0.10229645 0.42588727 0.21503132
 0.97077244 0.00208768 0.00835073 0.01878914
 0.56784969 0.40292276 0.02505219 0.00417537
 0.30271399 0.28392484 0.36534447 0.0480167 
 0.81419624 0.00208768 0.11899791 0.06471816
 0.03757829 0.2045929  0.39248434 0.36534447
 0.07933194 0.28810021 0.43841336 0.19415449

MOTIF 500_l3_f_14
letter-probability matrix: alength= 4 w= 9 
 0.03941909 0.15767635 0.17012448 0.63278008
 0.17842324 0.14107884 0.01244813 0.66804979
 0.00622407 0.31327801 0.00207469 0.67842324
 0.02697095 0.65145228 0.29875519 0.02282158
 0.00829876 0.30082988 0.15145228 0.53941909
 0.00207469 0.05394191 0.00207469 0.94190871
 0.07261411 0.19709544 0.00414938 0.72614108
 0.07676349 0.41286307 0.08713693 0.42323651
 0.29875519 0.24896266 0.06016598 0.39211618

MOTIF 500_l3_f_15
letter-probability matrix: alength= 4 w= 9 
 0.19334719 0.33887734 0.34719335 0.12058212
 0.43659044 0.09355509 0.44074844 0.02910603
 0.02286902 0.03742204 0.6008316  0.33887734
 0.88565489 0.01871102 0.02494802 0.07068607
 0.76715177 0.07276507 0.08523909 0.07484407
 0.2952183  0.30769231 0.002079   0.3950104 
 0.01039501 0.61330561 0.02286902 0.35343035
 0.15592516 0.19334719 0.37214137 0.27858628
 0.16632017 0.41995842 0.2993763  0.11434511

MOTIF 500_l3_f_16
letter-probability matrix: alength= 4 w= 9 
 0.26371308 0.41983122 0.15189873 0.16455696
 0.27004219 0.48523207 0.14135021 0.10337553
 0.06751055 0.12658228 0.56118143 0.24472574
 0.38396624 0.0021097  0.0021097  0.61181435
 0.06540084 0.0021097  0.02953586 0.90295359
 0.29324895 0.0021097  0.70253165 0.0021097 
 0.08860759 0.00632911 0.69198312 0.21308017
 0.03797468 0.04008439 0.35864979 0.56329114
 0.06751055 0.3649789  0.39029536 0.17721519

MOTIF 500_l3_f_17
letter-probability matrix: alength= 4 w= 9 
 0.09450549 0.32527473 0.15164835 0.42857143
 0.03956044 0.01318681 0.26813187 0.67912088
 0.0021978  0.0021978  0.23516484 0.76043956
 0.81978022 0.0021978  0.17582418 0.0021978 
 0.01098901 0.0043956  0.65054945 0.33406593
 0.29010989 0.41098901 0.06153846 0.23736264
 0.16923077 0.67912088 0.07032967 0.08131868
 0.15164835 0.29010989 0.42197802 0.13626374
 0.16483516 0.15384615 0.56703297 0.11428571

MOTIF 500_l3_f_18
letter-probability matrix: alength= 4 w= 9 
 0.19264069 0.05844156 0.58874459 0.16017316
 0.17532468 0.51082251 0.08008658 0.23376623
 0.02164502 0.07142857 0.03463203 0.87229437
 0.08225108 0.14502165 0.2965368  0.47619048
 0.0021645  0.42207792 0.57359307 0.0021645 
 0.15584416 0.14718615 0.13852814 0.55844156
 0.0021645  0.67965368 0.3008658  0.01731602
 0.00865801 0.13203463 0.29437229 0.56493506
 0.12121212 0.32034632 0.32900433 0.22943723

MOTIF 500_l3_f_19
letter-probability matrix: alength= 4 w= 9 
 0.20944559 0.22792608 0.40451745 0.15811088
 0.32032854 0.28131417 0.20533881 0.19301848
 0.03285421 0.9301848  0.00205339 0.0349076 
 0.05954825 0.00205339 0.93634497 0.00205339
 0.00205339 0.99383984 0.00205339 0.00205339
 0.10472279 0.00410678 0.83162218 0.05954825
 0.00205339 0.14784394 0.58316222 0.26694045
 0.32443532 0.60985626 0.06365503 0.00205339
 0.1211499  0.17043121 0.57494867 0.13347023

MOTIF 500_l3_f_20
letter-probability matrix: alength= 4 w= 9 
 0.02222222 0.16767677 0.80808081 0.0020202 
 0.03434343 0.64848485 0.3030303  0.01414141
 0.0020202  0.21818182 0.77373737 0.00606061
 0.0020202  0.2040404  0.72323232 0.07070707
 0.57979798 0.41616162 0.0020202  0.0020202 
 0.1010101  0.67474747 0.08686869 0.13737374
 0.11515152 0.57777778 0.14343434 0.16363636
 0.61414141 0.16565657 0.12121212 0.0989899 
 0.25656566 0.12525253 0.46666667 0.15151515

MOTIF 500_l3_f_21
letter-probability matrix: alength= 4 w= 9 
 0.33122363 0.14767932 0.43670886 0.08438819
 0.64767932 0.33966245 0.00632911 0.00632911
 0.10126582 0.89029536 0.0021097  0.00632911
 0.22151899 0.7721519  0.00421941 0.0021097 
 0.0021097  0.97679325 0.01898734 0.0021097 
 0.23206751 0.25105485 0.28691983 0.22995781
 0.00632911 0.0021097  0.74050633 0.25105485
 0.15400844 0.09915612 0.53164557 0.21518987
 0.06329114 0.39451477 0.24261603 0.29957806

MOTIF 500_l3_f_22
letter-probability matrix: alength= 4 w= 9 
 0.12603306 0.30785124 0.13842975 0.42768595
 0.04132231 0.29338843 0.09090909 0.57438017
 0.01033058 0.00206612 0.56818182 0.41942149
 0.00413223 0.41115702 0.39049587 0.19421488
 0.72107438 0.02272727 0.00206612 0.25413223
 0.00206612 0.85950413 0.12190083 0.01652893
 0.40495868 0.13016529 0.00206612 0.46280992
 0.00619835 0.6322314  0.05785124 0.30371901
 0.17768595 0.46900826 0.1838843  0.16942149

MOTIF 500_l3_f_23
letter-probability matrix: alength= 4 w= 9 
 0.20041322 0.42975207 0.20867769 0.16115702
 0.13842975 0.56404959 0.1322314  0.16528926
 0.00206612 0.72933884 0.25619835 0.01239669
 0.47933884 0.01446281 0.33471074 0.1714876 
 0.00206612 0.00826446 0.3161157  0.67355372
 0.00619835 0.88636364 0.10123967 0.00619835
 0.67355372 0.13016529 0.00206612 0.19421488
 0.05165289 0.08471074 0.04338843 0.82024793
 0.15289256 0.44421488 0.33677686 0.0661157 

MOTIF 500_l3_f_24
letter-probability matrix: alength= 4 w= 9 
 0.25211864 0.17372881 0.3029661  0.27118644
 0.33686441 0.00211864 0.16313559 0.49788136
 0.02330508 0.39194915 0.58050847 0.00423729
 0.1440678  0.01694915 0.04872881 0.79025424
 0.02966102 0.00211864 0.01483051 0.95338983
 0.0529661  0.07627119 0.11440678 0.75635593
 0.10381356 0.17372881 0.40254237 0.31991525
 0.01483051 0.08686441 0.0190678  0.87923729
 0.13559322 0.28813559 0.31355932 0.26271186

MOTIF 500_l3_f_25
letter-probability matrix: alength= 4 w= 9 
 0.03869654 0.47861507 0.34623218 0.13645621
 0.00203666 0.06313646 0.73930754 0.19551935
 0.00203666 0.29327902 0.700611   0.00407332
 0.00203666 0.00203666 0.99389002 0.00203666
 0.01425662 0.00203666 0.02443992 0.9592668 
 0.00203666 0.6089613  0.3401222  0.04887984
 0.04276986 0.29327902 0.66191446 0.00203666
 0.00203666 0.33808554 0.15478615 0.50509165
 0.15885947 0.15274949 0.48268839 0.20570265

MOTIF 500_l3_f_26
letter-probability matrix: alength= 4 w= 9 
 0.138322   0.29251701 0.28571429 0.28344671
 0.07029478 0.19501134 0.10884354 0.62585034
 0.06349206 0.00226757 0.01814059 0.91609977
 0.30385488 0.27437642 0.40816327 0.01360544
 0.19274376 0.02040816 0.76643991 0.02040816
 0.35600907 0.34920635 0.24036281 0.05442177
 0.10204082 0.03401361 0.06802721 0.79591837
 0.0861678  0.87301587 0.00226757 0.03854875
 0.19047619 0.45804989 0.19954649 0.15192744

MOTIF 500_l3_f_27
letter-probability matrix: alength= 4 w= 9 
 0.30208333 0.33541667 0.24375    0.11875   
 0.44375 0.36875 0.16875 0.01875
 0.01875    0.56458333 0.41458333 0.00208333
 0.17916667 0.00208333 0.19166667 0.62708333
 0.00208333 0.95833333 0.0375     0.00208333
 0.01875    0.65208333 0.32708333 0.00208333
 0.31666667 0.65208333 0.02916667 0.00208333
 0.54375    0.31458333 0.12916667 0.0125    
 0.43958333 0.20208333 0.17083333 0.1875    

MOTIF 500_l3_f_28
letter-probability matrix: alength= 4 w= 9 
 0.06722689 0.52941176 0.26890756 0.13445378
 0.07773109 0.38445378 0.27521008 0.26260504
 0.07563025 0.53781513 0.03991597 0.34663866
 0.05462185 0.13655462 0.52310924 0.28571429
 0.00420168 0.00210084 0.99159664 0.00210084
 0.00210084 0.99369748 0.00210084 0.00210084
 0.02941176 0.63235294 0.24369748 0.09453782
 0.99369748 0.00210084 0.00210084 0.00210084
 0.13865546 0.4789916  0.30882353 0.07352941

MOTIF 500_l3_f_29
letter-probability matrix: alength= 4 w= 9 
 0.0509165  0.49490835 0.2892057  0.16496945
 0.11405295 0.02851324 0.53360489 0.32382892
 0.00610998 0.00203666 0.83910387 0.15274949
 0.00203666 0.77800407 0.21792261 0.00203666
 0.00203666 0.00203666 0.98778004 0.00814664
 0.48065173 0.48879837 0.0203666  0.0101833 
 0.12627291 0.13849287 0.73319756 0.00203666
 0.08961303 0.07942974 0.6700611  0.16089613
 0.0407332  0.48065173 0.31160896 0.16700611

MOTIF 500_l3_f_30
letter-probability matrix: alength= 4 w= 9 
 0.15463918 0.50927835 0.32164948 0.01443299
 0.53402062 0.11752577 0.10309278 0.24536082
 0.00206186 0.50721649 0.12371134 0.36701031
 0.0185567  0.32783505 0.65154639 0.00206186
 0.00206186 0.01030928 0.25360825 0.73402062
 0.23917526 0.02474227 0.73402062 0.00206186
 0.01030928 0.12783505 0.85979381 0.00206186
 0.65773196 0.04329897 0.08865979 0.21030928
 0.19587629 0.15257732 0.5257732  0.1257732 

MOTIF 500_l3_f_31
letter-probability matrix: alength= 4 w= 9 
 0.03607214 0.7995992  0.11623246 0.04809619
 0.04609218 0.83366733 0.1002004  0.02004008
 0.02805611 0.04809619 0.92184369 0.00200401
 0.00200401 0.7995992  0.06412826 0.13426854
 0.33466934 0.16833667 0.0741483  0.42284569
 0.04809619 0.11022044 0.31062124 0.53106212
 0.13827655 0.17034068 0.12825651 0.56312625
 0.12024048 0.74749499 0.10821643 0.0240481 
 0.15831663 0.43086172 0.11022044 0.3006012 

MOTIF 500_l3_f_32
letter-probability matrix: alength= 4 w= 9 
 0.08091286 0.2780083  0.3526971  0.28838174
 0.09543568 0.39004149 0.08506224 0.42946058
 0.06016598 0.67012448 0.13070539 0.13900415
 0.00829876 0.02074689 0.96887967 0.00207469
 0.12033195 0.50207469 0.37551867 0.00207469
 0.35477178 0.00207469 0.39419087 0.24896266
 0.00207469 0.00207469 0.99377593 0.00207469
 0.00207469 0.03526971 0.23029046 0.73236515
 0.0373444  0.43153527 0.24688797 0.28423237

MOTIF 500_l3_f_33
letter-probability matrix: alength= 4 w= 9 
 0.06639004 0.48340249 0.30290456 0.1473029 
 0.06016598 0.00207469 0.91908714 0.0186722 
 0.06016598 0.7593361  0.17842324 0.00207469
 0.00207469 0.08298755 0.91286307 0.00207469
 0.00207469 0.0560166  0.03941909 0.90248963
 0.00622407 0.05394191 0.58921162 0.35062241
 0.00414938 0.22821577 0.53319502 0.23443983
 0.1120332  0.12448133 0.63485477 0.12863071
 0.11618257 0.46473029 0.30290456 0.11618257

MOTIF 500_l3_f_34
letter-probability matrix: alength= 4 w= 9 
 0.24637681 0.28571429 0.32298137 0.14492754
 0.05175983 0.02070393 0.24637681 0.68115942
 0.01449275 0.00207039 0.10559006 0.87784679
 0.19875776 0.08488613 0.17805383 0.53830228
 0.23602484 0.0621118  0.46376812 0.23809524
 0.25258799 0.32298137 0.2484472  0.17598344
 0.83022774 0.16563147 0.00207039 0.00207039
 0.06832298 0.5300207  0.39544513 0.00621118
 0.3436853  0.45755694 0.02691511 0.17184265

MOTIF 500_l3_f_35
letter-probability matrix: alength= 4 w= 9 
 0.27966102 0.14618644 0.14194915 0.43220339
 0.00211864 0.92161017 0.07415254 0.00211864
 0.00211864 0.00211864 0.00211864 0.99364407
 0.00635593 0.40042373 0.57838983 0.01483051
 0.00635593 0.19491525 0.79661017 0.00211864
 0.00211864 0.05932203 0.91101695 0.02754237
 0.0720339  0.29449153 0.50423729 0.12923729
 0.08474576 0.35169492 0.37923729 0.18432203
 0.0529661  0.11652542 0.55720339 0.27330508

MOTIF 500_l3_f_36
letter-probability matrix: alength= 4 w= 9 
 0.36363636 0.52525253 0.03232323 0.07878788
 0.02626263 0.82626263 0.1030303  0.04444444
 0.00606061 0.95353535 0.0020202  0.03838384
 0.13131313 0.12525253 0.73131313 0.01212121
 0.0020202  0.2989899  0.66666667 0.03232323
 0.06868687 0.37373737 0.01212121 0.54545455
 0.0020202  0.37575758 0.0020202  0.62020202
 0.13737374 0.71111111 0.02020202 0.13131313
 0.16363636 0.45252525 0.15959596 0.22424242

MOTIF 500_l3_f_37
letter-probability matrix: alength= 4 w= 9 
 0.3909465  0.05967078 0.18930041 0.3600823 
 0.21399177 0.33744856 0.37654321 0.07201646
 0.13580247 0.38888889 0.2037037  0.27160494
 0.00411523 0.41563786 0.5781893  0.00205761
 0.50411523 0.00205761 0.48971193 0.00411523
 0.00205761 0.02674897 0.83333333 0.13786008
 0.01440329 0.83744856 0.14609053 0.00205761
 0.02057613 0.26748971 0.01440329 0.69753086
 0.08847737 0.15843621 0.58641975 0.16666667

MOTIF 500_l3_f_38
letter-probability matrix: alength= 4 w= 9 
 0.16771488 0.32075472 0.26834382 0.24318658
 0.03773585 0.09853249 0.16561845 0.69811321
 0.02515723 0.49685535 0.05031447 0.42767296
 0.16561845 0.00209644 0.80293501 0.0293501 
 0.00209644 0.23689727 0.03144654 0.72955975
 0.00209644 0.00209644 0.01886792 0.9769392 
 0.0230608  0.17400419 0.06498952 0.73794549
 0.05450734 0.67505241 0.1802935  0.09014675
 0.22851153 0.33542977 0.20754717 0.22851153

MOTIF 500_l3_f_39
letter-probability matrix: alength= 4 w= 9 
 0.11498973 0.53798768 0.27310062 0.07392197
 0.09240246 0.11088296 0.37782341 0.41889117
 0.00205339 0.80698152 0.09856263 0.09240246
 0.00205339 0.08418891 0.91170431 0.00205339
 0.00205339 0.00205339 0.99383984 0.00205339
 0.00205339 0.00205339 0.86858316 0.12731006
 0.00205339 0.137577   0.03080082 0.82956879
 0.09856263 0.55030801 0.17453799 0.17659138
 0.09240246 0.39425051 0.39014374 0.12320329

MOTIF 500_l3_f_40
letter-probability matrix: alength= 4 w= 9 
 0.28541667 0.08333333 0.4875     0.14375   
 0.22708333 0.12083333 0.52291667 0.12916667
 0.30625    0.18958333 0.27083333 0.23333333
 0.00208333 0.09791667 0.55       0.35      
 0.00208333 0.02291667 0.06875    0.90625   
 0.24375    0.75208333 0.00208333 0.00208333
 0.91041667 0.08125    0.00208333 0.00625   
 0.00208333 0.06458333 0.65416667 0.27916667
 0.22708333 0.17291667 0.42083333 0.17916667

MOTIF 500_l3_f_41
letter-probability matrix: alength= 4 w= 9 
 0.12863071 0.30705394 0.53112033 0.03319502
 0.14937759 0.00207469 0.00207469 0.84647303
 0.00207469 0.0186722  0.2406639  0.73858921
 0.20746888 0.19709544 0.42946058 0.1659751 
 0.30290456 0.09958506 0.59543568 0.00207469
 0.08091286 0.12863071 0.64107884 0.14937759
 0.79045643 0.02489627 0.18257261 0.00207469
 0.08091286 0.06224066 0.54149378 0.3153527 
 0.21369295 0.50622407 0.16390041 0.11618257

MOTIF 500_l3_f_42
letter-probability matrix: alength= 4 w= 9 
 0.18067227 0.32563025 0.45588235 0.03781513
 0.00210084 0.1092437  0.88655462 0.00210084
 0.1512605  0.81932773 0.02731092 0.00210084
 0.00210084 0.00210084 0.01470588 0.98109244
 0.01890756 0.04621849 0.93067227 0.00420168
 0.08193277 0.5987395  0.23109244 0.08823529
 0.50210084 0.49369748 0.00210084 0.00210084
 0.13655462 0.00210084 0.85084034 0.0105042 
 0.22689076 0.41596639 0.20588235 0.1512605 

MOTIF 500_l3_f_43
letter-probability matrix: alength= 4 w= 9 
 0.00212766 0.55106383 0.29574468 0.15106383
 0.00212766 0.00212766 0.95319149 0.04255319
 0.00212766 0.99361702 0.00212766 0.00212766
 0.00212766 0.06170213 0.93404255 0.00212766
 0.00212766 0.08723404 0.90851064 0.00212766
 0.00212766 0.84042553 0.00212766 0.15531915
 0.00212766 0.37446809 0.45106383 0.17234043
 0.00212766 0.10425532 0.89148936 0.00212766
 0.09574468 0.31914894 0.47234043 0.11276596

MOTIF 500_l3_f_44
letter-probability matrix: alength= 4 w= 9 
 0.13888889 0.30769231 0.39102564 0.16239316
 0.38675214 0.27777778 0.00213675 0.33333333
 0.00854701 0.26495726 0.49358974 0.23290598
 0.04700855 0.82264957 0.10470085 0.02564103
 0.11752137 0.03418803 0.84615385 0.00213675
 0.00213675 0.00213675 0.00213675 0.99358974
 0.01923077 0.64529915 0.14102564 0.19444444
 0.07264957 0.17948718 0.63888889 0.10897436
 0.1965812  0.37179487 0.26495726 0.16666667

MOTIF 500_l3_f_45
letter-probability matrix: alength= 4 w= 9 
 0.1863354  0.47619048 0.22774327 0.10973085
 0.15942029 0.61490683 0.2173913  0.00828157
 0.00621118 0.49482402 0.00207039 0.49689441
 0.19461698 0.02691511 0.00414079 0.77432712
 0.10351967 0.00207039 0.32712215 0.56728778
 0.11387164 0.78881988 0.00207039 0.0952381 
 0.00621118 0.05383023 0.0310559  0.90890269
 0.00207039 0.15113872 0.8115942  0.03519669
 0.13043478 0.29606625 0.35403727 0.2194617 

MOTIF 500_l3_f_46
letter-probability matrix: alength= 4 w= 9 
 0.13569937 0.16492693 0.43632568 0.26304802
 0.27348643 0.29645094 0.00626305 0.42379958
 0.19624217 0.22338205 0.33820459 0.24217119
 0.00208768 0.22964509 0.74947808 0.01878914
 0.00208768 0.34655532 0.64926931 0.00208768
 0.03549061 0.00208768 0.00208768 0.96033403
 0.0125261  0.00208768 0.77035491 0.21503132
 0.73903967 0.20668058 0.00208768 0.05219207
 0.23382046 0.13987474 0.42588727 0.20041754

MOTIF 500_l3_f_47
letter-probability matrix: alength= 4 w= 9 
 0.04285714 0.61428571 0.30408163 0.03877551
 0.00204082 0.3244898  0.66122449 0.0122449 
 0.18571429 0.81020408 0.00204082 0.00204082
 0.24693878 0.60204082 0.00204082 0.14897959
 0.00204082 0.99387755 0.00204082 0.00204082
 0.00204082 0.00204082 0.98979592 0.00612245
 0.07346939 0.9        0.0244898  0.00204082
 0.03265306 0.33061224 0.55306122 0.08367347
 0.16938776 0.47755102 0.18979592 0.16326531

MOTIF 500_l3_f_48
letter-probability matrix: alength= 4 w= 9 
 0.13849287 0.3197556  0.19755601 0.34419552
 0.19144603 0.0509165  0.00203666 0.75560081
 0.21181263 0.33197556 0.39918534 0.05702648
 0.20366599 0.71690428 0.04684318 0.03258656
 0.0814664  0.6191446  0.0712831  0.22810591
 0.25254582 0.7209776  0.00407332 0.02240326
 0.64154786 0.09572301 0.0509165  0.21181263
 0.34215886 0.63136456 0.02443992 0.00203666
 0.25050916 0.32586558 0.23014257 0.19348269

MOTIF 500_l3_f_49
letter-probability matrix: alength= 4 w= 9 
 0.19461698 0.14492754 0.38095238 0.27950311
 0.01449275 0.08074534 0.0931677  0.8115942 
 0.42028986 0.43064182 0.09730849 0.05175983
 0.1242236  0.70600414 0.16770186 0.00207039
 0.26501035 0.00207039 0.68944099 0.04347826
 0.23188406 0.00621118 0.26708075 0.49482402
 0.17598344 0.05383023 0.32712215 0.44306418
 0.34989648 0.06832298 0.12836439 0.45341615
 0.11180124 0.50724638 0.20910973 0.17184265

MOTIF 500_l3_f_50
letter-probability matrix: alength= 4 w= 9 
 0.22661123 0.2037422  0.38045738 0.18918919
 0.69022869 0.004158   0.06860707 0.23700624
 0.65280665 0.002079   0.33056133 0.01455301
 0.002079   0.002079   0.99376299 0.002079  
 0.06860707 0.50935551 0.41995842 0.002079  
 0.72557173 0.15384615 0.002079   0.11850312
 0.002079   0.62993763 0.15176715 0.21621622
 0.16008316 0.20582121 0.43035343 0.2037422 
 0.06860707 0.24948025 0.45738046 0.22453222

MOTIF 500_l3_f_51
letter-probability matrix: alength= 4 w= 9 
 0.0742268  0.10515464 0.38969072 0.43092784
 0.00824742 0.59175258 0.08865979 0.31134021
 0.01443299 0.00206186 0.10515464 0.87835052
 0.09484536 0.21030928 0.68041237 0.01443299
 0.06391753 0.13402062 0.79175258 0.01030928
 0.90927835 0.00206186 0.08659794 0.00206186
 0.15051546 0.02474227 0.82268041 0.00206186
 0.40618557 0.23917526 0.2        0.15463918
 0.24742268 0.12164948 0.44329897 0.18762887

MOTIF 500_l3_f_52
letter-probability matrix: alength= 4 w= 9 
 0.19668737 0.10351967 0.64596273 0.05383023
 0.00207039 0.95859213 0.03726708 0.00207039
 0.99171843 0.00207039 0.00414079 0.00207039
 0.00207039 0.07867495 0.91511387 0.00414079
 0.14285714 0.83229814 0.00207039 0.02277433
 0.00207039 0.00207039 0.64182195 0.35403727
 0.00207039 0.22360248 0.57763975 0.19668737
 0.06832298 0.41200828 0.25672878 0.26293996
 0.02277433 0.38716356 0.42443064 0.16563147

MOTIF 500_l3_f_53
letter-probability matrix: alength= 4 w= 9 
 0.11860941 0.16359918 0.36400818 0.35378323
 0.60531697 0.07566462 0.17382413 0.14519427
 0.74437628 0.25153374 0.00204499 0.00204499
 0.07157464 0.78118609 0.07566462 0.07157464
 0.00204499 0.99386503 0.00204499 0.00204499
 0.23517382 0.21676892 0.54601227 0.00204499
 0.45603272 0.1002045  0.09202454 0.35173824
 0.25562372 0.2208589  0.44989775 0.07361963
 0.11247444 0.34969325 0.34969325 0.18813906

MOTIF 500_l3_f_54
letter-probability matrix: alength= 4 w= 9 
 0.34680851 0.34680851 0.24680851 0.05957447
 0.02978723 0.86595745 0.10212766 0.00212766
 0.01702128 0.20212766 0.04255319 0.73829787
 0.00212766 0.27659574 0.22978723 0.49148936
 0.21489362 0.10638298 0.67659574 0.00212766
 0.00212766 0.6106383  0.38510638 0.00212766
 0.30425532 0.07659574 0.59574468 0.02340426
 0.12553191 0.34255319 0.42553191 0.10638298
 0.13191489 0.31702128 0.26170213 0.2893617 

MOTIF 500_l3_f_55
letter-probability matrix: alength= 4 w= 9 
 0.14105263 0.12210526 0.28210526 0.45473684
 0.10315789 0.31157895 0.45052632 0.13473684
 0.02526316 0.68       0.28631579 0.00842105
 0.97052632 0.01473684 0.00842105 0.00631579
 0.00842105 0.94736842 0.04210526 0.00210526
 0.03789474 0.19157895 0.75789474 0.01263158
 0.00631579 0.17052632 0.51789474 0.30526316
 0.06105263 0.41684211 0.09473684 0.42736842
 0.07578947 0.21263158 0.59157895 0.12      

MOTIF 500_l3_f_56
letter-probability matrix: alength= 4 w= 9 
 0.2597137  0.34764826 0.12269939 0.26993865
 0.78732106 0.12678937 0.05112474 0.03476483
 0.08179959 0.44171779 0.4396728  0.03680982
 0.00204499 0.00613497 0.36400818 0.62781186
 0.00204499 0.38650307 0.43353783 0.17791411
 0.03680982 0.22290389 0.11247444 0.62781186
 0.43149284 0.16768916 0.32719836 0.07361963
 0.03271984 0.01635992 0.39263804 0.55828221
 0.17382413 0.49079755 0.05725971 0.27811861

MOTIF 500_l3_f_57
letter-probability matrix: alength= 4 w= 9 
 0.27442827 0.14760915 0.28690229 0.29106029
 0.17255717 0.03326403 0.47401247 0.32016632
 0.0977131  0.14137214 0.002079   0.75883576
 0.19334719 0.69022869 0.05405405 0.06237006
 0.4012474  0.002079   0.01871102 0.57796258
 0.002079  0.5987526 0.3970894 0.002079 
 0.12681913 0.002079   0.3014553  0.56964657
 0.18087318 0.37422037 0.05405405 0.39085239
 0.17879418 0.30561331 0.27858628 0.23700624

MOTIF 500_l3_f_58
letter-probability matrix: alength= 4 w= 9 
 0.17056075 0.20560748 0.21728972 0.40654206
 0.17056075 0.68925234 0.05373832 0.0864486 
 0.33411215 0.06542056 0.12850467 0.47196262
 0.18925234 0.00233645 0.79439252 0.01401869
 0.00233645 0.0046729  0.60280374 0.39018692
 0.13084112 0.5817757  0.26401869 0.02336449
 0.59345794 0.02102804 0.3364486  0.04906542
 0.87850467 0.05607477 0.03738318 0.02803738
 0.21728972 0.21728972 0.38317757 0.18224299

MOTIF 500_l3_f_59
letter-probability matrix: alength= 4 w= 9 
 0.04498978 0.18609407 0.68916155 0.0797546 
 0.00408998 0.73619632 0.25766871 0.00204499
 0.0204499  0.33742331 0.34764826 0.29447853
 0.0408998  0.0797546  0.84253579 0.03680982
 0.02249489 0.12269939 0.09202454 0.76278119
 0.00204499 0.64212679 0.35378323 0.00204499
 0.53783231 0.02658487 0.22290389 0.21267894
 0.4805726  0.00408998 0.50715746 0.00817996
 0.19427403 0.07770961 0.59509202 0.13292434

MOTIF 500_l3_f_60
letter-probability matrix: alength= 4 w= 9 
 0.26141079 0.25726141 0.29875519 0.18257261
 0.04564315 0.78838174 0.00207469 0.16390041
 0.03941909 0.00207469 0.95435685 0.00414938
 0.00414938 0.22821577 0.23858921 0.52904564
 0.00207469 0.73443983 0.01244813 0.25103734
 0.28838174 0.58091286 0.00207469 0.12863071
 0.03319502 0.54564315 0.3526971  0.06846473
 0.03941909 0.78423237 0.04564315 0.13070539
 0.3340249  0.2033195  0.38381743 0.07883817

MOTIF 500_l3_f_61
letter-probability matrix: alength= 4 w= 9 
 0.09302326 0.11627907 0.42494715 0.36575053
 0.05496829 0.49682875 0.31289641 0.13530655
 0.01691332 0.89852008 0.08245243 0.00211416
 0.00211416 0.00211416 0.97040169 0.02536998
 0.0422833  0.95348837 0.00211416 0.00211416
 0.00211416 0.19661734 0.79915433 0.00211416
 0.00211416 0.99365751 0.00211416 0.00211416
 0.32980973 0.44186047 0.19450317 0.03382664
 0.16913319 0.2410148  0.44820296 0.14164905

MOTIF 500_l3_f_62
letter-probability matrix: alength= 4 w= 9 
 0.08091286 0.34439834 0.51452282 0.06016598
 0.03526971 0.28630705 0.4253112  0.25311203
 0.06431535 0.90248963 0.03112033 0.00207469
 0.17842324 0.34439834 0.47095436 0.00622407
 0.88381743 0.00207469 0.06846473 0.04564315
 0.18049793 0.2966805  0.20954357 0.31327801
 0.01244813 0.0186722  0.94190871 0.02697095
 0.00207469 0.1120332  0.86721992 0.0186722 
 0.06224066 0.38174274 0.32987552 0.22614108

MOTIF 500_l3_f_63
letter-probability matrix: alength= 4 w= 9 
 0.32164948 0.17525773 0.30103093 0.20206186
 0.02886598 0.04948454 0.91958763 0.00206186
 0.1443299  0.68247423 0.00206186 0.17113402
 0.00206186 0.99381443 0.00206186 0.00206186
 0.00824742 0.96494845 0.00206186 0.02474227
 0.03092784 0.9257732  0.00206186 0.04123711
 0.04536082 0.00206186 0.88453608 0.06804124
 0.11340206 0.61030928 0.21237113 0.06391753
 0.11340206 0.38556701 0.34639175 0.15463918

MOTIF 500_l3_f_64
letter-probability matrix: alength= 4 w= 9 
 0.03592814 0.48103792 0.48103792 0.00199601
 0.4510978  0.05189621 0.43313373 0.06387226
 0.00199601 0.21556886 0.66866267 0.11377246
 0.00199601 0.00199601 0.99401198 0.00199601
 0.00399202 0.84431138 0.13972056 0.01197605
 0.00199601 0.00798403 0.65469062 0.33532934
 0.00199601 0.00199601 0.9261477  0.06986028
 0.13173653 0.82235529 0.00399202 0.04191617
 0.21956088 0.16167665 0.41117764 0.20758483

MOTIF 500_l3_f_65
letter-probability matrix: alength= 4 w= 9 
 0.01026694 0.7761807  0.13141684 0.08213552
 0.00205339 0.0164271  0.92197125 0.05954825
 0.01026694 0.58726899 0.38603696 0.0164271 
 0.00205339 0.04106776 0.02669405 0.9301848 
 0.00205339 0.52156057 0.42915811 0.04722793
 0.00205339 0.05338809 0.69815195 0.24640657
 0.00205339 0.85420945 0.1211499  0.02258727
 0.137577   0.40451745 0.15400411 0.30390144
 0.18685832 0.21765914 0.44969199 0.14579055

MOTIF 500_l3_f_66
letter-probability matrix: alength= 4 w= 9 
 0.06639839 0.17102616 0.75452716 0.00804829
 0.33400402 0.42454728 0.19517103 0.04627767
 0.277666   0.33802817 0.2917505  0.09255533
 0.10462777 0.00603622 0.01810865 0.87122736
 0.00201207 0.37826962 0.00201207 0.61770624
 0.00201207 0.49094567 0.00201207 0.50503018
 0.19517103 0.04627767 0.63380282 0.12474849
 0.07645875 0.58350101 0.05030181 0.28973843
 0.10261569 0.30985915 0.2917505  0.29577465

MOTIF 500_l3_f_67
letter-probability matrix: alength= 4 w= 9 
 0.16008316 0.35966736 0.14968815 0.33056133
 0.01871102 0.01039501 0.002079   0.96881497
 0.04573805 0.17463617 0.00623701 0.77338877
 0.01247401 0.63825364 0.02494802 0.32432432
 0.002079   0.33679834 0.11850312 0.54261954
 0.03326403 0.64033264 0.32432432 0.002079  
 0.46985447 0.33679834 0.02079002 0.17255717
 0.41995842 0.20582121 0.34927235 0.02494802
 0.07692308 0.42827443 0.17671518 0.31808732

MOTIF 500_l3_f_68
letter-probability matrix: alength= 4 w= 9 
 0.12526096 0.41753653 0.24634656 0.21085595
 0.00626305 0.00208768 0.42797495 0.56367432
 0.00626305 0.37995825 0.32359081 0.29018789
 0.00208768 0.74321503 0.2526096  0.00208768
 0.00208768 0.03131524 0.02296451 0.94363257
 0.00208768 0.00208768 0.00208768 0.99373695
 0.2045929  0.00208768 0.22755741 0.565762  
 0.0605428  0.58455115 0.05427975 0.3006263 
 0.25469729 0.21920668 0.07724426 0.44885177

MOTIF 500_l3_f_69
letter-probability matrix: alength= 4 w= 9 
 0.0020202  0.38181818 0.61414141 0.0020202 
 0.0020202  0.0020202  0.99393939 0.0020202 
 0.0020202  0.99393939 0.0020202  0.0020202 
 0.0020202  0.14949495 0.68888889 0.15959596
 0.01212121 0.31717172 0.63030303 0.04040404
 0.0020202  0.93737374 0.0020202  0.05858586
 0.13333333 0.27070707 0.27474747 0.32121212
 0.0020202  0.24040404 0.70707071 0.05050505
 0.0020202  0.15353535 0.84242424 0.0020202 

MOTIF 500_l3_f_70
letter-probability matrix: alength= 4 w= 9 
 0.1573499  0.24637681 0.41200828 0.18426501
 0.11594203 0.04347826 0.29399586 0.54658385
 0.00414079 0.27950311 0.03933747 0.67701863
 0.29813665 0.27329193 0.00207039 0.42650104
 0.06418219 0.33747412 0.01449275 0.58385093
 0.32505176 0.23602484 0.436853   0.00207039
 0.08281573 0.10766046 0.51345756 0.29606625
 0.39337474 0.00207039 0.01863354 0.58592133
 0.2815735  0.0931677  0.26086957 0.36438923

MOTIF 500_l3_f_71
letter-probability matrix: alength= 4 w= 9 
 0.00201207 0.00201207 0.92555332 0.07042254
 0.01609658 0.50503018 0.47686117 0.00201207
 0.00201207 0.38028169 0.12877264 0.4889336 
 0.00201207 0.50905433 0.48692153 0.00201207
 0.00201207 0.77665996 0.2193159  0.00201207
 0.18913481 0.80684105 0.00201207 0.00201207
 0.00201207 0.00402414 0.99195171 0.00201207
 0.04024145 0.74647887 0.17907445 0.03420523
 0.08853119 0.54527163 0.26559356 0.10060362

MOTIF 500_l3_f_72
letter-probability matrix: alength= 4 w= 9 
 0.02217742 0.6875     0.27217742 0.01814516
 0.00201613 0.00201613 0.16532258 0.83064516
 0.00201613 0.94153226 0.03427419 0.02217742
 0.00201613 0.91330645 0.08266129 0.00201613
 0.49193548 0.35483871 0.00201613 0.15120968
 0.00201613 0.75403226 0.00201613 0.24193548
 0.00201613 0.70362903 0.18548387 0.10887097
 0.08870968 0.19959677 0.33064516 0.38104839
 0.0625     0.44153226 0.32056452 0.17540323

MOTIF 500_l3_f_73
letter-probability matrix: alength= 4 w= 9 
 0.19635628 0.44736842 0.34817814 0.00809717
 0.34817814 0.00809717 0.00607287 0.63765182
 0.04048583 0.00202429 0.62955466 0.32793522
 0.07489879 0.06477733 0.8582996  0.00202429
 0.00202429 0.1417004  0.85222672 0.00404858
 0.01214575 0.56072874 0.01214575 0.41497976
 0.06882591 0.59311741 0.33198381 0.00607287
 0.05668016 0.03441296 0.6437247  0.26518219
 0.15182186 0.34008097 0.36032389 0.14777328

MOTIF 500_l3_f_74
letter-probability matrix: alength= 4 w= 9 
 0.12576065 0.47870183 0.34888438 0.04665314
 0.10953347 0.50709939 0.25760649 0.12576065
 0.22312373 0.77079108 0.0020284  0.0040568 
 0.29411765 0.06693712 0.11359026 0.52535497
 0.35091278 0.18458418 0.37119675 0.09330629
 0.04868154 0.77079108 0.01217039 0.168357  
 0.02028398 0.0020284  0.15212982 0.82555781
 0.59837728 0.10953347 0.03042596 0.26166329
 0.27789047 0.25963489 0.22920892 0.23326572

MOTIF 500_l3_f_75
letter-probability matrix: alength= 4 w= 9 
 0.25311203 0.31327801 0.14937759 0.28423237
 0.00622407 0.63485477 0.02904564 0.32987552
 0.24688797 0.00207469 0.51659751 0.23443983
 0.00207469 0.41493776 0.19917012 0.38381743
 0.42116183 0.44813278 0.08921162 0.04149378
 0.18879668 0.00207469 0.39626556 0.41286307
 0.00207469 0.03941909 0.32365145 0.63485477
 0.00622407 0.10580913 0.11825726 0.76970954
 0.19502075 0.25311203 0.27593361 0.27593361

MOTIF 500_l3_f_76
letter-probability matrix: alength= 4 w= 9 
 0.45585216 0.03901437 0.27104723 0.23408624
 0.19096509 0.29158111 0.40451745 0.11293634
 0.52772074 0.00205339 0.34907598 0.1211499 
 0.00205339 0.62422998 0.37166324 0.00205339
 0.00205339 0.44558522 0.53798768 0.01437372
 0.04517454 0.71868583 0.1724846  0.06365503
 0.00205339 0.29158111 0.39014374 0.31622177
 0.00410678 0.15195072 0.84188912 0.00205339
 0.01848049 0.55646817 0.39014374 0.0349076 

MOTIF 500_l3_f_77
letter-probability matrix: alength= 4 w= 9 
 0.04508197 0.60040984 0.27663934 0.07786885
 0.10860656 0.04918033 0.40163934 0.44057377
 0.00204918 0.00204918 0.98360656 0.01229508
 0.37295082 0.42213115 0.15983607 0.04508197
 0.00204918 0.40368852 0.58401639 0.0102459 
 0.04918033 0.39344262 0.00204918 0.55532787
 0.00204918 0.60245902 0.39344262 0.00204918
 0.04713115 0.0942623  0.27868852 0.57991803
 0.29918033 0.30942623 0.23565574 0.1557377 

MOTIF 500_l3_f_78
letter-probability matrix: alength= 4 w= 9 
 0.33542977 0.19706499 0.12368973 0.34381551
 0.06079665 0.55345912 0.04402516 0.34171908
 0.15513627 0.00209644 0.74004193 0.10272537
 0.00209644 0.00209644 0.09853249 0.89727463
 0.00209644 0.74842767 0.24737945 0.00209644
 0.06289308 0.11530398 0.46121593 0.360587  
 0.18658281 0.05870021 0.00628931 0.74842767
 0.06079665 0.57232704 0.28301887 0.08385744
 0.24318658 0.36477987 0.25366876 0.13836478

MOTIF 500_l3_f_79
letter-probability matrix: alength= 4 w= 9 
 0.07847082 0.52112676 0.3943662  0.00603622
 0.00402414 0.47887324 0.40442656 0.11267606
 0.00201207 0.00201207 0.94366197 0.05231388
 0.00201207 0.28370221 0.00201207 0.71227364
 0.00201207 0.95573441 0.02414487 0.01810865
 0.05432596 0.04426559 0.84305835 0.0583501 
 0.00201207 0.95975855 0.0362173  0.00201207
 0.04225352 0.4668008  0.40040241 0.09054326
 0.10261569 0.58350101 0.18108652 0.13279678

MOTIF 500_l3_f_80
letter-probability matrix: alength= 4 w= 9 
 0.16049383 0.17489712 0.59259259 0.07201646
 0.13786008 0.66460905 0.19547325 0.00205761
 0.05144033 0.76748971 0.07613169 0.10493827
 0.00205761 0.98971193 0.00617284 0.00205761
 0.00205761 0.00411523 0.99176955 0.00205761
 0.87037037 0.1255144  0.00205761 0.00205761
 0.21193416 0.03497942 0.72839506 0.02469136
 0.22633745 0.24074074 0.39506173 0.13786008
 0.11934156 0.54115226 0.24074074 0.09876543

MOTIF 500_l3_f_81
letter-probability matrix: alength= 4 w= 9 
 0.07246377 0.27329193 0.39130435 0.26293996
 0.03312629 0.0931677  0.24223602 0.63146998
 0.13250518 0.00207039 0.78467909 0.08074534
 0.02277433 0.47204969 0.50310559 0.00207039
 0.19254658 0.03312629 0.00207039 0.77225673
 0.14285714 0.74327122 0.11180124 0.00207039
 0.00207039 0.62111801 0.37267081 0.00414079
 0.01656315 0.48033126 0.5010352  0.00207039
 0.06832298 0.62318841 0.10973085 0.19875776

MOTIF 500_l3_f_82
letter-probability matrix: alength= 4 w= 9 
 0.45194274 0.20654397 0.31083845 0.03067485
 0.28425358 0.16564417 0.51533742 0.03476483
 0.39263804 0.34764826 0.25153374 0.00817996
 0.78323108 0.00204499 0.21267894 0.00204499
 0.59509202 0.00204499 0.400818   0.00204499
 0.81186094 0.05521472 0.07770961 0.05521472
 0.35787321 0.03271984 0.54805726 0.06134969
 0.99182004 0.00204499 0.00204499 0.00408998
 0.46421268 0.04703476 0.34151329 0.14723926

MOTIF 500_l3_f_83
letter-probability matrix: alength= 4 w= 9 
 0.19795918 0.2        0.56530612 0.03673469
 0.27755102 0.27346939 0.4244898  0.0244898 
 0.31836735 0.33673469 0.26734694 0.07755102
 0.05102041 0.79183673 0.12857143 0.02857143
 0.56530612 0.02040816 0.08979592 0.3244898 
 0.86938776 0.02244898 0.0244898  0.08367347
 0.01632653 0.07346939 0.37959184 0.53061224
 0.34693878 0.4122449  0.03877551 0.20204082
 0.3        0.20816327 0.28163265 0.21020408

MOTIF 500_l3_f_84
letter-probability matrix: alength= 4 w= 9 
 0.04887984 0.10590631 0.84317719 0.00203666
 0.09572301 0.05498982 0.51323829 0.33604888
 0.00203666 0.44399185 0.51934827 0.03462322
 0.00203666 0.00203666 0.99389002 0.00203666
 0.00203666 0.99389002 0.00203666 0.00203666
 0.00203666 0.00203666 0.99389002 0.00203666
 0.00203666 0.65376782 0.34215886 0.00203666
 0.05906314 0.55804481 0.17718941 0.20570265
 0.18940937 0.19551935 0.41344196 0.20162933

MOTIF 500_l3_f_85
letter-probability matrix: alength= 4 w= 9 
 0.11111111 0.32525253 0.55353535 0.01010101
