MEME version 5.3.0

ALPHABET= ACGT

strands: + -

Background letter frequencies
A 0.25 C 0.25 G 0.25 T 0.25

MOTIF 300_l3_f_0
letter-probability matrix: alength= 4 w= 9 
 0.13712375 0.56187291 0.15384615 0.14715719
 0.08026756 0.37123746 0.43812709 0.11036789
 0.00334448 0.47826087 0.47491639 0.04347826
 0.68227425 0.02341137 0.20735786 0.08695652
 0.17391304 0.00334448 0.00334448 0.81939799
 0.01672241 0.04682274 0.93311037 0.00334448
 0.21404682 0.13712375 0.47157191 0.17725753
 0.0735786  0.66889632 0.1270903  0.13043478
 0.10702341 0.5083612  0.22073579 0.1638796 

MOTIF 300_l3_f_1
letter-probability matrix: alength= 4 w= 9 
 0.08108108 0.10810811 0.69932432 0.11148649
 0.28378378 0.16891892 0.00337838 0.54391892
 0.17905405 0.74324324 0.07432432 0.00337838
 0.35472973 0.63851351 0.00337838 0.00337838
 0.02364865 0.80743243 0.16554054 0.00337838
 0.0777027  0.51013514 0.40878378 0.00337838
 0.26689189 0.0777027  0.47635135 0.17905405
 0.49662162 0.38513514 0.11486486 0.00337838
 0.06418919 0.11148649 0.74662162 0.0777027 

MOTIF 300_l3_f_2
letter-probability matrix: alength= 4 w= 9 
 0.1130742  0.18021201 0.47349823 0.23321555
 0.41342756 0.01766784 0.06713781 0.50176678
 0.01413428 0.00353357 0.00353357 0.97879859
 0.06007067 0.18374558 0.40282686 0.35335689
 0.27208481 0.60777385 0.00353357 0.11660777
 0.00353357 0.90459364 0.08833922 0.00353357
 0.75971731 0.03180212 0.20141343 0.00706714
 0.14487633 0.00353357 0.68551237 0.16607774
 0.10954064 0.1590106  0.59363958 0.13780919

MOTIF 300_l3_f_3
letter-probability matrix: alength= 4 w= 9 
 0.17301038 0.05882353 0.41868512 0.34948097
 0.01730104 0.19723183 0.78200692 0.00346021
 0.57093426 0.3633218  0.06228374 0.00346021
 0.23529412 0.46366782 0.14878893 0.15224913
 0.14878893 0.17301038 0.55363322 0.12456747
 0.00346021 0.05536332 0.00346021 0.93771626
 0.00346021 0.00346021 0.90311419 0.0899654 
 0.00346021 0.00346021 0.70242215 0.29065744
 0.23875433 0.23183391 0.43252595 0.09688581

MOTIF 300_l3_f_4
letter-probability matrix: alength= 4 w= 9 
 0.21107266 0.34948097 0.34602076 0.09342561
 0.8615917  0.04844291 0.06574394 0.02422145
 0.00692042 0.01384083 0.90657439 0.07266436
 0.17647059 0.00346021 0.56055363 0.25951557
 0.00692042 0.11418685 0.30103806 0.57785467
 0.11764706 0.08650519 0.5467128  0.24913495
 0.03114187 0.42560554 0.46020761 0.08304498
 0.34948097 0.52249135 0.01730104 0.11072664
 0.28027682 0.4083045  0.17301038 0.1384083 

MOTIF 300_l3_f_5
letter-probability matrix: alength= 4 w= 9 
 0.29351536 0.10921502 0.41638225 0.18088737
 0.69283276 0.02047782 0.2662116  0.02047782
 0.08191126 0.35836177 0.06484642 0.49488055
 0.16040956 0.53242321 0.28327645 0.02389078
 0.7883959  0.00341297 0.19453925 0.01365188
 0.05802048 0.19453925 0.12969283 0.61774744
 0.03412969 0.39249147 0.56313993 0.01023891
 0.7337884  0.03754266 0.18088737 0.04778157
 0.18771331 0.15017065 0.55290102 0.10921502

MOTIF 300_l3_f_6
letter-probability matrix: alength= 4 w= 9 
 0.10034602 0.30449827 0.24221453 0.35294118
 0.08650519 0.01038062 0.05882353 0.84429066
 0.00346021 0.98961938 0.00346021 0.00346021
 0.00346021 0.00346021 0.98961938 0.00346021
 0.00346021 0.29757785 0.69550173 0.00346021
 0.00346021 0.42906574 0.41522491 0.15224913
 0.00346021 0.74048443 0.00346021 0.25259516
 0.04152249 0.56401384 0.14532872 0.24913495
 0.23529412 0.20761246 0.40484429 0.15224913

MOTIF 300_l3_f_7
letter-probability matrix: alength= 4 w= 9 
 0.14930556 0.56597222 0.16319444 0.12152778
 0.02083333 0.00347222 0.125      0.85069444
 0.01041667 0.26736111 0.01041667 0.71180556
 0.02777778 0.15277778 0.28125    0.53819444
 0.01041667 0.0625     0.53819444 0.38888889
 0.00347222 0.00694444 0.01041667 0.97916667
 0.56944444 0.23263889 0.03819444 0.15972222
 0.06597222 0.14930556 0.78125    0.00347222
 0.20138889 0.35416667 0.21180556 0.23263889

MOTIF 300_l3_f_8
letter-probability matrix: alength= 4 w= 9 
 0.06779661 0.3559322  0.42033898 0.1559322 
 0.17288136 0.04745763 0.08474576 0.69491525
 0.00338983 0.01355932 0.07457627 0.90847458
 0.01355932 0.11186441 0.08474576 0.78983051
 0.02372881 0.04745763 0.02711864 0.90169492
 0.17288136 0.10847458 0.59322034 0.12542373
 0.00338983 0.45084746 0.47118644 0.07457627
 0.10508475 0.61355932 0.22372881 0.05762712
 0.43050847 0.12542373 0.18305085 0.26101695

MOTIF 300_l3_f_9
letter-probability matrix: alength= 4 w= 9 
 0.03030303 0.7979798  0.16835017 0.003367  
 0.003367  0.8956229 0.0976431 0.003367 
 0.34680135 0.003367   0.64646465 0.003367  
 0.003367   0.003367   0.98989899 0.003367  
 0.01010101 0.2020202  0.003367   0.78451178
 0.05050505 0.68013468 0.11447811 0.15488215
 0.08417508 0.66666667 0.24579125 0.003367  
 0.10774411 0.18518519 0.3973064  0.30976431
 0.05723906 0.49158249 0.37373737 0.07744108

MOTIF 300_l3_f_10
letter-probability matrix: alength= 4 w= 9 
 0.13993174 0.33788396 0.17064846 0.35153584
 0.09897611 0.3105802  0.27645051 0.31399317
 0.05460751 0.44027304 0.41296928 0.09215017
 0.00341297 0.00341297 0.80887372 0.18430034
 0.00341297 0.00341297 0.01365188 0.97952218
 0.00341297 0.97952218 0.00341297 0.01365188
 0.00341297 0.04095563 0.00341297 0.95221843
 0.02389078 0.24573379 0.22866894 0.50170648
 0.13993174 0.64846416 0.14675768 0.06484642

MOTIF 300_l3_f_11
letter-probability matrix: alength= 4 w= 9 
 0.06506849 0.02739726 0.7739726  0.13356164
 0.13013699 0.03082192 0.82876712 0.01027397
 0.00342466 0.45547945 0.28767123 0.25342466
 0.1130137  0.88013699 0.00342466 0.00342466
 0.00342466 0.80821918 0.18493151 0.00342466
 0.00342466 0.98972603 0.00342466 0.00342466
 0.00342466 0.07534247 0.44178082 0.47945205
 0.34246575 0.56164384 0.09246575 0.00342466
 0.0890411  0.09931507 0.73287671 0.07876712

MOTIF 300_l3_f_12
letter-probability matrix: alength= 4 w= 9 
 0.14141414 0.60606061 0.21212121 0.04040404
 0.06734007 0.31313131 0.13468013 0.48484848
 0.01683502 0.56228956 0.41750842 0.003367  
 0.00673401 0.78451178 0.20538721 0.003367  
 0.0976431  0.88888889 0.01010101 0.003367  
 0.003367   0.00673401 0.003367   0.98653199
 0.003367   0.003367   0.98989899 0.003367  
 0.04040404 0.60606061 0.01683502 0.33670034
 0.26599327 0.30976431 0.23905724 0.18518519

MOTIF 300_l3_f_13
letter-probability matrix: alength= 4 w= 9 
 0.59044369 0.09897611 0.21501706 0.09556314
 0.23890785 0.21843003 0.49146758 0.05119454
 0.26962457 0.10238908 0.42662116 0.20136519
 0.97269625 0.00341297 0.00682594 0.01706485
 0.56313993 0.41979522 0.01365188 0.00341297
 0.32423208 0.20819113 0.44027304 0.02730375
 0.85665529 0.00341297 0.09556314 0.0443686 
 0.02047782 0.20819113 0.37883959 0.39249147
 0.06143345 0.31399317 0.43686007 0.18771331

MOTIF 300_l3_f_14
letter-probability matrix: alength= 4 w= 9 
 0.02768166 0.16262976 0.11072664 0.69896194
 0.20761246 0.06920415 0.00346021 0.71972318
 0.00346021 0.35986159 0.00346021 0.63321799
 0.01038062 0.70242215 0.28027682 0.00692042
 0.01384083 0.23529412 0.1384083  0.61245675
 0.00346021 0.05190311 0.00346021 0.94117647
 0.08650519 0.17301038 0.00692042 0.73356401
 0.08304498 0.39446367 0.06228374 0.46020761
 0.29411765 0.2283737  0.07958478 0.39792388

MOTIF 300_l3_f_15
letter-probability matrix: alength= 4 w= 9 
 0.18685121 0.32871972 0.38062284 0.10380623
 0.4567474  0.12110727 0.39792388 0.02422145
 0.02422145 0.05190311 0.52595156 0.39792388
 0.92041522 0.01038062 0.03460208 0.03460208
 0.79238754 0.03460208 0.09342561 0.07958478
 0.3633218  0.25605536 0.00346021 0.37716263
 0.00346021 0.6366782  0.03114187 0.32871972
 0.19377163 0.13148789 0.38062284 0.29411765
 0.16955017 0.47058824 0.25951557 0.10034602

MOTIF 300_l3_f_16
letter-probability matrix: alength= 4 w= 9 
 0.25531915 0.41134752 0.16666667 0.16666667
 0.25531915 0.5212766  0.14539007 0.07801418
 0.07801418 0.10992908 0.55319149 0.25886525
 0.39361702 0.0035461  0.0035461  0.59929078
 0.05673759 0.0035461  0.0070922  0.93262411
 0.31914894 0.0035461  0.67375887 0.0035461 
 0.07446809 0.0035461  0.75531915 0.16666667
 0.03191489 0.0070922  0.29787234 0.66312057
 0.05319149 0.39007092 0.41489362 0.14184397

MOTIF 300_l3_f_17
letter-probability matrix: alength= 4 w= 9 
 0.09025271 0.31046931 0.13357401 0.46570397
 0.01805054 0.00361011 0.29963899 0.67870036
 0.00361011 0.00361011 0.26353791 0.72924188
 0.80505415 0.00361011 0.18772563 0.00361011
 0.01083032 0.00722022 0.70397112 0.27797834
 0.30685921 0.45848375 0.03971119 0.19494585
 0.15523466 0.71119134 0.06859206 0.06498195
 0.10469314 0.29963899 0.45126354 0.14440433
 0.16967509 0.11191336 0.6534296  0.06498195

MOTIF 300_l3_f_18
letter-probability matrix: alength= 4 w= 9 
 0.2        0.06896552 0.55517241 0.17586207
 0.17586207 0.48275862 0.07586207 0.26551724
 0.02413793 0.07241379 0.02758621 0.87586207
 0.06551724 0.17586207 0.2862069  0.47241379
 0.00344828 0.32413793 0.66896552 0.00344828
 0.08965517 0.10344828 0.14482759 0.66206897
 0.00344828 0.83448276 0.15862069 0.00344828
 0.00689655 0.13448276 0.16896552 0.68965517
 0.10689655 0.31724138 0.35517241 0.22068966

MOTIF 300_l3_f_19
letter-probability matrix: alength= 4 w= 9 
 0.17687075 0.19727891 0.45238095 0.17346939
 0.35714286 0.27210884 0.18707483 0.18367347
 0.01360544 0.95918367 0.00340136 0.02380952
 0.03061224 0.00340136 0.96258503 0.00340136
 0.00340136 0.98979592 0.00340136 0.00340136
 0.09183673 0.00340136 0.8877551  0.0170068 
 0.00340136 0.13945578 0.58503401 0.27210884
 0.39115646 0.56802721 0.03741497 0.00340136
 0.08843537 0.19047619 0.59183673 0.1292517 

MOTIF 300_l3_f_20
letter-probability matrix: alength= 4 w= 9 
 0.0367893  0.16053512 0.7993311  0.00334448
 0.04347826 0.69565217 0.23745819 0.02341137
 0.00334448 0.19732441 0.79598662 0.00334448
 0.00334448 0.21070234 0.71906355 0.06688963
 0.64548495 0.34782609 0.00334448 0.00334448
 0.04682274 0.7458194  0.06354515 0.14381271
 0.10033445 0.66889632 0.11705686 0.11371237
 0.67892977 0.12040134 0.11371237 0.08695652
 0.2173913  0.13712375 0.46822742 0.17725753

MOTIF 300_l3_f_21
letter-probability matrix: alength= 4 w= 9 
 0.33216783 0.10839161 0.48951049 0.06993007
 0.5979021  0.39160839 0.00699301 0.0034965 
 0.11538462 0.87412587 0.0034965  0.00699301
 0.26573427 0.72727273 0.0034965  0.0034965 
 0.0034965  0.97902098 0.01398601 0.0034965 
 0.24825175 0.27272727 0.28671329 0.19230769
 0.00699301 0.0034965  0.6958042  0.29370629
 0.13286713 0.06293706 0.54545455 0.25874126
 0.04895105 0.42307692 0.22377622 0.3041958 

MOTIF 300_l3_f_22
letter-probability matrix: alength= 4 w= 9 
 0.18088737 0.28668942 0.12969283 0.40273038
 0.05460751 0.29010239 0.0887372  0.5665529 
 0.01706485 0.00341297 0.5221843  0.45733788
 0.00341297 0.3447099  0.40955631 0.24232082
 0.79863481 0.00341297 0.00341297 0.19453925
 0.00341297 0.94197952 0.03754266 0.01706485
 0.49829352 0.06825939 0.00341297 0.43003413
 0.00341297 0.72696246 0.0443686  0.22525597
 0.21501706 0.44368601 0.14334471 0.19795222

MOTIF 300_l3_f_23
letter-probability matrix: alength= 4 w= 9 
 0.2116041  0.40273038 0.2116041  0.17406143
 0.12969283 0.60409556 0.09897611 0.16723549
 0.00341297 0.7883959  0.20477816 0.00341297
 0.49488055 0.01365188 0.29692833 0.19453925
 0.00341297 0.01023891 0.31399317 0.67235495
 0.01023891 0.9112628  0.07167235 0.00682594
 0.72354949 0.08191126 0.00341297 0.19112628
 0.02389078 0.02730375 0.02730375 0.92150171
 0.15358362 0.42662116 0.36177474 0.05802048

MOTIF 300_l3_f_24
letter-probability matrix: alength= 4 w= 9 
 0.26408451 0.16197183 0.28521127 0.28873239
 0.40140845 0.00352113 0.12676056 0.46830986
 0.02464789 0.38028169 0.5915493  0.00352113
 0.13028169 0.01408451 0.04929577 0.80633803
 0.01056338 0.00352113 0.00704225 0.97887324
 0.04577465 0.0528169  0.08098592 0.82042254
 0.12676056 0.09859155 0.41197183 0.36267606
 0.00352113 0.02816901 0.00352113 0.96478873
 0.1584507  0.23943662 0.30985915 0.29225352

MOTIF 300_l3_f_25
letter-probability matrix: alength= 4 w= 9 
 0.04421769 0.53401361 0.30612245 0.11564626
 0.00340136 0.03741497 0.84353741 0.11564626
 0.00340136 0.35034014 0.64285714 0.00340136
 0.00340136 0.00340136 0.98979592 0.00340136
 0.00340136 0.00340136 0.00340136 0.98979592
 0.00340136 0.67346939 0.29591837 0.02721088
 0.0170068  0.28911565 0.69047619 0.00340136
 0.00340136 0.3707483  0.10884354 0.5170068 
 0.15306122 0.15306122 0.49659864 0.19727891

MOTIF 300_l3_f_26
letter-probability matrix: alength= 4 w= 9 
 0.14539007 0.29078014 0.26950355 0.29432624
 0.08865248 0.17021277 0.08865248 0.65248227
 0.03900709 0.0035461  0.0141844  0.94326241
 0.28723404 0.25531915 0.44680851 0.0106383 
 0.18085106 0.0141844  0.79787234 0.0070922 
 0.34751773 0.35815603 0.25531915 0.03900709
 0.09929078 0.0141844  0.06737589 0.81914894
 0.07801418 0.89361702 0.0035461  0.0248227 
 0.16312057 0.4822695  0.21276596 0.14184397

MOTIF 300_l3_f_27
letter-probability matrix: alength= 4 w= 9 
 0.30479452 0.30479452 0.25684932 0.13356164
 0.43835616 0.3869863  0.1609589  0.01369863
 0.00342466 0.6130137  0.38013699 0.00342466
 0.15753425 0.00342466 0.15068493 0.68835616
 0.00342466 0.97260274 0.02054795 0.00342466
 0.0239726  0.66780822 0.30479452 0.00342466
 0.32191781 0.64383562 0.03082192 0.00342466
 0.60616438 0.29794521 0.09246575 0.00342466
 0.48972603 0.15068493 0.14726027 0.21232877

MOTIF 300_l3_f_28
letter-probability matrix: alength= 4 w= 9 
 0.05536332 0.44290657 0.31141869 0.19031142
 0.07266436 0.43944637 0.16262976 0.32525952
 0.07266436 0.49134948 0.02076125 0.41522491
 0.04152249 0.03806228 0.57093426 0.34948097
 0.00692042 0.00346021 0.98615917 0.00346021
 0.00346021 0.98961938 0.00346021 0.00346021
 0.03806228 0.58823529 0.25259516 0.12110727
 0.98961938 0.00346021 0.00346021 0.00346021
 0.14878893 0.46712803 0.32179931 0.06228374

MOTIF 300_l3_f_29
letter-probability matrix: alength= 4 w= 9 
 0.06122449 0.57823129 0.21768707 0.14285714
 0.14285714 0.00340136 0.48639456 0.36734694
 0.00680272 0.00340136 0.84693878 0.14285714
 0.00340136 0.76190476 0.23129252 0.00340136
 0.00340136 0.00340136 0.98979592 0.00340136
 0.53741497 0.44897959 0.01020408 0.00340136
 0.13265306 0.19047619 0.67346939 0.00340136
 0.0952381  0.02721088 0.69387755 0.18367347
 0.01360544 0.52040816 0.28571429 0.18027211

MOTIF 300_l3_f_30
letter-probability matrix: alength= 4 w= 9 
 0.14576271 0.50847458 0.33220339 0.01355932
 0.55932203 0.09830508 0.08135593 0.26101695
 0.00338983 0.4440678  0.14576271 0.40677966
 0.00677966 0.29152542 0.69830508 0.00338983
 0.00338983 0.00338983 0.2        0.79322034
 0.2440678  0.02033898 0.73220339 0.00338983
 0.00677966 0.12542373 0.86440678 0.00338983
 0.69830508 0.01355932 0.07457627 0.21355932
 0.24745763 0.12881356 0.47457627 0.14915254

MOTIF 300_l3_f_31
letter-probability matrix: alength= 4 w= 9 
 0.04666667 0.84       0.07666667 0.03666667
 0.04666667 0.89333333 0.05666667 0.00333333
 0.01333333 0.02666667 0.95666667 0.00333333
 0.00333333 0.92       0.03666667 0.04      
 0.38333333 0.23666667 0.05333333 0.32666667
 0.05       0.12666667 0.33333333 0.49      
 0.14       0.13333333 0.10333333 0.62333333
 0.12666667 0.76333333 0.08666667 0.02333333
 0.14       0.49       0.10333333 0.26666667

MOTIF 300_l3_f_32
letter-probability matrix: alength= 4 w= 9 
 0.07482993 0.25510204 0.36394558 0.30612245
 0.08503401 0.40816327 0.06462585 0.44217687
 0.04421769 0.78911565 0.04081633 0.12585034
 0.01020408 0.01360544 0.97278912 0.00340136
 0.0952381  0.52380952 0.37755102 0.00340136
 0.35714286 0.00340136 0.3877551  0.25170068
 0.00340136 0.00340136 0.98979592 0.00340136
 0.00340136 0.02721088 0.15986395 0.80952381
 0.02040816 0.40136054 0.28571429 0.29251701

MOTIF 300_l3_f_33
letter-probability matrix: alength= 4 w= 9 
 0.05226481 0.44947735 0.35888502 0.13937282
 0.01393728 0.00348432 0.97909408 0.00348432
 0.03135889 0.78397213 0.18118467 0.00348432
 0.00348432 0.12195122 0.87108014 0.00348432
 0.00348432 0.00348432 0.00348432 0.98954704
 0.01045296 0.03832753 0.63066202 0.32055749
 0.00696864 0.20209059 0.58885017 0.20209059
 0.12543554 0.13937282 0.63414634 0.1010453 
 0.11498258 0.45644599 0.30662021 0.12195122

MOTIF 300_l3_f_34
letter-probability matrix: alength= 4 w= 9 
 0.28767123 0.30821918 0.28082192 0.12328767
 0.03082192 0.02054795 0.25684932 0.69178082
 0.0239726  0.00342466 0.07191781 0.90068493
 0.16780822 0.10616438 0.12671233 0.59931507
 0.19863014 0.06164384 0.44520548 0.29452055
 0.21917808 0.34931507 0.24315068 0.18835616
 0.79452055 0.19863014 0.00342466 0.00342466
 0.04109589 0.53424658 0.41780822 0.00684932
 0.36986301 0.47260274 0.01712329 0.14041096

MOTIF 300_l3_f_35
letter-probability matrix: alength= 4 w= 9 
 0.3754386  0.19649123 0.04561404 0.38245614
 0.00350877 0.94385965 0.04912281 0.00350877
 0.00350877 0.00350877 0.00350877 0.98947368
 0.01052632 0.31578947 0.66666667 0.00701754
 0.01052632 0.12982456 0.85614035 0.00350877
 0.00350877 0.01754386 0.97192982 0.00701754
 0.06315789 0.25263158 0.57192982 0.1122807 
 0.09122807 0.33333333 0.38596491 0.18947368
 0.05614035 0.0877193  0.56491228 0.29122807

MOTIF 300_l3_f_36
letter-probability matrix: alength= 4 w= 9 
 0.37583893 0.52348993 0.04026846 0.06040268
 0.00671141 0.89932886 0.0704698  0.02348993
 0.01006711 0.93624161 0.0033557  0.05033557
 0.10402685 0.11744966 0.77181208 0.00671141
 0.0033557  0.24832215 0.72818792 0.02013423
 0.05704698 0.37919463 0.00671141 0.55704698
 0.0033557  0.44966443 0.0033557  0.54362416
 0.11409396 0.73154362 0.02684564 0.12751678
 0.14765101 0.41946309 0.22147651 0.2114094 

MOTIF 300_l3_f_37
letter-probability matrix: alength= 4 w= 9 
 0.45517241 0.03103448 0.14137931 0.37241379
 0.19655172 0.32068966 0.41034483 0.07241379
 0.13448276 0.49310345 0.11724138 0.25517241
 0.00344828 0.37241379 0.62068966 0.00344828
 0.54482759 0.00344828 0.44827586 0.00344828
 0.00344828 0.02758621 0.86206897 0.10689655
 0.01034483 0.80689655 0.17931034 0.00344828
 0.00344828 0.27241379 0.00689655 0.71724138
 0.09655172 0.1862069  0.56206897 0.15517241

MOTIF 300_l3_f_38
letter-probability matrix: alength= 4 w= 9 
 0.13240418 0.32752613 0.28222997 0.25783972
 0.04181185 0.06620209 0.19512195 0.69686411
 0.02439024 0.55749129 0.03832753 0.37979094
 0.16376307 0.00348432 0.82926829 0.00348432
 0.00348432 0.20209059 0.03135889 0.7630662 
 0.00348432 0.00348432 0.00696864 0.98606272
 0.01045296 0.11149826 0.05574913 0.82229965
 0.06271777 0.63066202 0.19512195 0.11149826
 0.21254355 0.33797909 0.23344948 0.21602787

MOTIF 300_l3_f_39
letter-probability matrix: alength= 4 w= 9 
 0.05704698 0.5704698  0.2852349  0.08724832
 0.08389262 0.10067114 0.36577181 0.44966443
 0.0033557  0.79865772 0.10738255 0.09060403
 0.0033557  0.05033557 0.94295302 0.0033557 
 0.0033557  0.0033557  0.98993289 0.0033557 
 0.0033557  0.0033557  0.94966443 0.04362416
 0.0033557  0.12416107 0.03355705 0.83892617
 0.10738255 0.6409396  0.10067114 0.15100671
 0.10067114 0.4261745  0.36912752 0.10402685

MOTIF 300_l3_f_40
letter-probability matrix: alength= 4 w= 9 
 0.33220339 0.04067797 0.49830508 0.12881356
 0.27457627 0.08474576 0.56271186 0.0779661 
 0.34237288 0.21355932 0.22033898 0.22372881
 0.00338983 0.06440678 0.58644068 0.34576271
 0.00338983 0.01016949 0.0779661  0.90847458
 0.24745763 0.74576271 0.00338983 0.00338983
 0.91525424 0.07118644 0.00338983 0.01016949
 0.00338983 0.06101695 0.57627119 0.35932203
 0.23728814 0.1220339  0.46440678 0.17627119

MOTIF 300_l3_f_41
letter-probability matrix: alength= 4 w= 9 
 0.1137931  0.25517241 0.61034483 0.02068966
 0.16206897 0.00344828 0.00344828 0.83103448
 0.00344828 0.0137931  0.26206897 0.72068966
 0.21034483 0.23793103 0.40689655 0.14482759
 0.28965517 0.10344828 0.60344828 0.00344828
 0.05862069 0.14137931 0.66551724 0.13448276
 0.81724138 0.0137931  0.16551724 0.00344828
 0.04827586 0.04482759 0.58965517 0.31724138
 0.2        0.55862069 0.12068966 0.12068966

MOTIF 300_l3_f_42
letter-probability matrix: alength= 4 w= 9 
 0.13666667 0.33333333 0.51666667 0.01333333
 0.00333333 0.09       0.90333333 0.00333333
 0.14       0.85333333 0.00333333 0.00333333
 0.00333333 0.00333333 0.00333333 0.99      
 0.00333333 0.01333333 0.98       0.00333333
 0.06333333 0.63       0.18333333 0.12333333
 0.48       0.51333333 0.00333333 0.00333333
 0.12666667 0.00333333 0.86666667 0.00333333
 0.26       0.37333333 0.20666667 0.16      

MOTIF 300_l3_f_43
letter-probability matrix: alength= 4 w= 9 
 0.00347222 0.77430556 0.06944444 0.15277778
 0.00347222 0.00347222 0.94444444 0.04861111
 0.00347222 0.98958333 0.00347222 0.00347222
 0.00347222 0.07986111 0.91319444 0.00347222
 0.00347222 0.07986111 0.91319444 0.00347222
 0.00347222 0.82638889 0.00347222 0.16666667
 0.00347222 0.39236111 0.4375     0.16666667
 0.00347222 0.08680556 0.90625    0.00347222
 0.12847222 0.32638889 0.42013889 0.125     

MOTIF 300_l3_f_44
letter-probability matrix: alength= 4 w= 9 
 0.13718412 0.32129964 0.3898917  0.15162455
 0.37184116 0.25270758 0.00361011 0.37184116
 0.01083032 0.31407942 0.53068592 0.14440433
 0.03971119 0.91696751 0.03610108 0.00722022
 0.03249097 0.03610108 0.92779783 0.00361011
 0.00361011 0.00361011 0.00361011 0.98916968
 0.01444043 0.64620939 0.16606498 0.1732852 
 0.05776173 0.16245487 0.71841155 0.06137184
 0.14079422 0.38628159 0.29963899 0.1732852 

MOTIF 300_l3_f_45
letter-probability matrix: alength= 4 w= 9 
 0.20962199 0.44329897 0.21649485 0.13058419
 0.16494845 0.60824742 0.21649485 0.01030928
 0.00343643 0.45704467 0.00343643 0.53608247
 0.19243986 0.02405498 0.00343643 0.78006873
 0.05498282 0.00343643 0.34020619 0.60137457
 0.07216495 0.82474227 0.00343643 0.09965636
 0.00343643 0.0137457  0.00343643 0.97938144
 0.00343643 0.11340206 0.87628866 0.00687285
 0.10652921 0.26460481 0.40893471 0.21993127

MOTIF 300_l3_f_46
letter-probability matrix: alength= 4 w= 9 
 0.13356164 0.1369863  0.42808219 0.30136986
 0.34589041 0.30821918 0.00342466 0.34246575
 0.20547945 0.20547945 0.35273973 0.23630137
 0.00342466 0.26027397 0.71575342 0.02054795
 0.00342466 0.31849315 0.67465753 0.00342466
 0.01027397 0.00342466 0.00342466 0.98287671
 0.00342466 0.00342466 0.84931507 0.14383562
 0.8630137  0.09589041 0.00342466 0.03767123
 0.23972603 0.1130137  0.43835616 0.20890411

MOTIF 300_l3_f_47
letter-probability matrix: alength= 4 w= 9 
 0.04362416 0.74496644 0.20134228 0.01006711
 0.0033557  0.24832215 0.74496644 0.0033557 
 0.26174497 0.73154362 0.0033557  0.0033557 
 0.20805369 0.66778523 0.0033557  0.12080537
 0.0033557  0.98993289 0.0033557  0.0033557 
 0.0033557  0.0033557  0.98993289 0.0033557 
 0.05369128 0.91610738 0.02684564 0.0033557 
 0.0033557  0.39597315 0.54026846 0.06040268
 0.17449664 0.46979866 0.18791946 0.16778523

MOTIF 300_l3_f_48
letter-probability matrix: alength= 4 w= 9 
 0.10774411 0.28619529 0.20538721 0.4006734 
 0.17845118 0.04377104 0.003367   0.77441077
 0.22558923 0.37710438 0.34343434 0.05387205
 0.20538721 0.74074074 0.02020202 0.03367003
 0.06397306 0.67003367 0.02693603 0.23905724
 0.29292929 0.69023569 0.003367   0.01346801
 0.70707071 0.05387205 0.05723906 0.18181818
 0.37373737 0.60942761 0.01346801 0.003367  
 0.28956229 0.34006734 0.20538721 0.16498316

MOTIF 300_l3_f_49
letter-probability matrix: alength= 4 w= 9 
 0.19112628 0.15699659 0.39590444 0.2559727 
 0.01365188 0.05802048 0.06825939 0.86006826
 0.43003413 0.43686007 0.10238908 0.03071672
 0.10921502 0.7337884  0.15358362 0.00341297
 0.26279863 0.00341297 0.70989761 0.02389078
 0.23549488 0.00341297 0.2662116  0.49488055
 0.14334471 0.05119454 0.30716724 0.49829352
 0.37542662 0.05802048 0.12627986 0.44027304
 0.11604096 0.53924915 0.18088737 0.16382253

MOTIF 300_l3_f_50
letter-probability matrix: alength= 4 w= 9 
 0.21126761 0.20774648 0.41549296 0.16549296
 0.76408451 0.00704225 0.03873239 0.19014085
 0.6971831  0.00352113 0.27464789 0.02464789
 0.00352113 0.00352113 0.98943662 0.00352113
 0.1056338  0.50704225 0.38380282 0.00352113
 0.81338028 0.07394366 0.00352113 0.10915493
 0.00352113 0.66901408 0.17253521 0.15492958
 0.19366197 0.07746479 0.47535211 0.25352113
 0.04225352 0.24295775 0.45422535 0.26056338

MOTIF 300_l3_f_51
letter-probability matrix: alength= 4 w= 9 
 0.0777027  0.08445946 0.39527027 0.44256757
 0.00337838 0.66891892 0.03040541 0.2972973 
 0.01689189 0.00337838 0.11148649 0.86824324
 0.06081081 0.15540541 0.76689189 0.01689189
 0.0472973  0.09459459 0.85472973 0.00337838
 0.92567568 0.00337838 0.06756757 0.00337838
 0.13851351 0.00337838 0.85472973 0.00337838
 0.41891892 0.26351351 0.16216216 0.15540541
 0.23986486 0.14527027 0.42567568 0.18918919

MOTIF 300_l3_f_52
letter-probability matrix: alength= 4 w= 9 
 0.22068966 0.09655172 0.64482759 0.03793103
 0.00344828 0.97241379 0.02068966 0.00344828
 0.98965517 0.00344828 0.00344828 0.00344828
 0.00344828 0.05517241 0.93793103 0.00344828
 0.08965517 0.90344828 0.00344828 0.00344828
 0.00344828 0.00344828 0.70344828 0.28965517
 0.00344828 0.13448276 0.7        0.16206897
 0.04827586 0.42758621 0.26206897 0.26206897
 0.01724138 0.37241379 0.42758621 0.18275862

MOTIF 300_l3_f_53
letter-probability matrix: alength= 4 w= 9 
 0.10135135 0.15878378 0.29054054 0.44932432
 0.60472973 0.07094595 0.12837838 0.19594595
 0.73310811 0.26013514 0.00337838 0.00337838
 0.07432432 0.80405405 0.06418919 0.05743243
 0.00337838 0.98986486 0.00337838 0.00337838
 0.20945946 0.14864865 0.63851351 0.00337838
 0.48310811 0.07094595 0.0777027  0.36824324
 0.29391892 0.17905405 0.4527027  0.07432432
 0.09797297 0.35810811 0.34459459 0.19932432

MOTIF 300_l3_f_54
letter-probability matrix: alength= 4 w= 9 
 0.45323741 0.34892086 0.14748201 0.05035971
 0.02517986 0.9028777  0.06834532 0.00359712
 0.00359712 0.10071942 0.0323741  0.86330935
 0.00359712 0.1942446  0.24820144 0.55395683
 0.18705036 0.03597122 0.77338129 0.00359712
 0.00359712 0.56834532 0.42446043 0.00359712
 0.31654676 0.05035971 0.59352518 0.03956835
 0.13309353 0.32014388 0.46043165 0.08633094
 0.15467626 0.24820144 0.28776978 0.30935252

MOTIF 300_l3_f_55
letter-probability matrix: alength= 4 w= 9 
 0.1533101  0.10801394 0.26132404 0.47735192
 0.09756098 0.3554007  0.42857143 0.1184669 
 0.00696864 0.74912892 0.2369338  0.00696864
 0.98954704 0.00348432 0.00348432 0.00348432
 0.00348432 0.92682927 0.06620209 0.00348432
 0.02787456 0.1358885  0.83275261 0.00348432
 0.00696864 0.18466899 0.4912892  0.31707317
 0.05923345 0.38327526 0.05226481 0.50522648
 0.09059233 0.18466899 0.57491289 0.14982578

MOTIF 300_l3_f_56
letter-probability matrix: alength= 4 w= 9 
 0.28135593 0.32881356 0.11525424 0.27457627
 0.79322034 0.14237288 0.03728814 0.02711864
 0.08135593 0.41694915 0.4779661  0.02372881
 0.00338983 0.01016949 0.38305085 0.60338983
 0.00338983 0.39661017 0.42033898 0.17966102
 0.02711864 0.21016949 0.09491525 0.66779661
 0.43728814 0.18305085 0.34915254 0.03050847
 0.03389831 0.00338983 0.34915254 0.61355932
 0.21694915 0.53220339 0.04745763 0.20338983

MOTIF 300_l3_f_57
letter-probability matrix: alength= 4 w= 9 
 0.32653061 0.12244898 0.2585034  0.29251701
 0.15986395 0.05102041 0.47959184 0.30952381
 0.1122449  0.14285714 0.00340136 0.7414966 
 0.19387755 0.71088435 0.03741497 0.05782313
 0.43537415 0.00340136 0.0170068  0.54421769
 0.00340136 0.60884354 0.38435374 0.00340136
 0.11564626 0.00340136 0.2755102  0.60544218
 0.18707483 0.35034014 0.00680272 0.45578231
 0.18367347 0.34693878 0.2585034  0.21088435

MOTIF 300_l3_f_58
letter-probability matrix: alength= 4 w= 9 
 0.17829457 0.25581395 0.12403101 0.44186047
 0.18217054 0.72093023 0.04263566 0.05426357
 0.34496124 0.03488372 0.13953488 0.48062016
 0.19379845 0.00387597 0.78294574 0.01937984
 0.00387597 0.00387597 0.65891473 0.33333333
 0.13953488 0.57364341 0.26744186 0.01937984
 0.59302326 0.03100775 0.31395349 0.0620155 
 0.90310078 0.04263566 0.04263566 0.01162791
 0.20930233 0.19379845 0.40310078 0.19379845

MOTIF 300_l3_f_59
letter-probability matrix: alength= 4 w= 9 
 0.04794521 0.16438356 0.70890411 0.07876712
 0.00342466 0.70547945 0.28767123 0.00342466
 0.01712329 0.25342466 0.38013699 0.34931507
 0.06506849 0.05821918 0.85958904 0.01712329
 0.00342466 0.08561644 0.03082192 0.88013699
 0.00342466 0.6609589  0.33219178 0.00342466
 0.58561644 0.00342466 0.1369863  0.2739726 
 0.44178082 0.00342466 0.54452055 0.01027397
 0.19863014 0.09931507 0.57534247 0.12671233

MOTIF 300_l3_f_60
letter-probability matrix: alength= 4 w= 9 
 0.30795848 0.23875433 0.24913495 0.20415225
 0.05536332 0.73702422 0.00346021 0.20415225
 0.05190311 0.00346021 0.94117647 0.00346021
 0.00346021 0.24567474 0.11764706 0.63321799
 0.00346021 0.66435986 0.02076125 0.31141869
 0.21107266 0.70934256 0.00346021 0.07612457
 0.05190311 0.48442907 0.37024221 0.09342561
 0.03806228 0.75086505 0.05882353 0.15224913
 0.26643599 0.23875433 0.41176471 0.08304498

MOTIF 300_l3_f_61
letter-probability matrix: alength= 4 w= 9 
 0.12413793 0.11724138 0.41034483 0.34827586
 0.04137931 0.51034483 0.28965517 0.15862069
 0.02413793 0.91724138 0.05517241 0.00344828
 0.00344828 0.00344828 0.97586207 0.01724138
 0.03448276 0.95862069 0.00344828 0.00344828
 0.00344828 0.14137931 0.85172414 0.00344828
 0.00344828 0.98965517 0.00344828 0.00344828
 0.39310345 0.49310345 0.1        0.0137931 
 0.1862069  0.25517241 0.41034483 0.14827586

MOTIF 300_l3_f_62
letter-probability matrix: alength= 4 w= 9 
 0.10204082 0.32312925 0.52721088 0.04761905
 0.04761905 0.33673469 0.3877551  0.22789116
 0.06462585 0.90816327 0.02380952 0.00340136
 0.10544218 0.33333333 0.55102041 0.01020408
 0.95918367 0.00340136 0.00340136 0.03401361
 0.2585034  0.33333333 0.07823129 0.32993197
 0.00340136 0.01360544 0.94217687 0.04081633
 0.00340136 0.08503401 0.89455782 0.0170068 
 0.06802721 0.40816327 0.31972789 0.20408163

MOTIF 300_l3_f_63
letter-probability matrix: alength= 4 w= 9 
 0.41156463 0.21768707 0.19727891 0.17346939
 0.00340136 0.01020408 0.9829932  0.00340136
 0.1462585  0.66326531 0.00340136 0.18707483
 0.00340136 0.98979592 0.00340136 0.00340136
 0.00340136 0.98979592 0.00340136 0.00340136
 0.00680272 0.94897959 0.00340136 0.04081633
 0.03061224 0.00340136 0.9047619  0.06122449
 0.06802721 0.71428571 0.17006803 0.04761905
 0.09183673 0.42176871 0.35034014 0.13605442

MOTIF 300_l3_f_64
letter-probability matrix: alength= 4 w= 9 
 0.04318937 0.50498339 0.44850498 0.00332226
 0.44186047 0.05980066 0.4717608  0.02657807
 0.00332226 0.28239203 0.59136213 0.12292359
 0.00332226 0.00332226 0.99003322 0.00332226
 0.00664452 0.86710963 0.11295681 0.01328904
 0.00332226 0.00332226 0.6345515  0.35880399
 0.00332226 0.00332226 0.94684385 0.04651163
 0.10631229 0.86710963 0.00664452 0.01993355
 0.23920266 0.1627907  0.39202658 0.20598007

MOTIF 300_l3_f_65
letter-probability matrix: alength= 4 w= 9 
 0.00338983 0.83050847 0.08474576 0.08135593
 0.00338983 0.01355932 0.94237288 0.04067797
 0.01694915 0.64067797 0.31525424 0.02711864
 0.00338983 0.00338983 0.01355932 0.97966102
 0.00338983 0.5220339  0.45762712 0.01694915
 0.00338983 0.04745763 0.69491525 0.25423729
 0.00338983 0.83728814 0.13220339 0.02711864
 0.16271186 0.38305085 0.11186441 0.34237288
 0.18983051 0.23389831 0.47457627 0.10169492

MOTIF 300_l3_f_66
letter-probability matrix: alength= 4 w= 9 
 0.05629139 0.09602649 0.84437086 0.00331126
 0.36423841 0.41721854 0.16887417 0.04966887
 0.29139073 0.31125828 0.31125828 0.08609272
 0.08609272 0.00331126 0.01986755 0.89072848
 0.00331126 0.36423841 0.00331126 0.62913907
 0.00331126 0.47350993 0.00331126 0.51986755
 0.20198675 0.01986755 0.69205298 0.08609272
 0.06622517 0.64900662 0.00662252 0.2781457 
 0.09933775 0.32119205 0.28476821 0.29470199

MOTIF 300_l3_f_67
letter-probability matrix: alength= 4 w= 9 
 0.18367347 0.31972789 0.13605442 0.36054422
 0.02040816 0.01020408 0.00340136 0.96598639
 0.05442177 0.17006803 0.00340136 0.77210884
 0.00680272 0.65306122 0.03401361 0.30612245
 0.00340136 0.31632653 0.10204082 0.57823129
 0.02380952 0.64965986 0.32312925 0.00340136
 0.49659864 0.3537415  0.02040816 0.1292517 
 0.45918367 0.21088435 0.31972789 0.01020408
 0.08843537 0.44897959 0.1462585  0.31632653

MOTIF 300_l3_f_68
letter-probability matrix: alength= 4 w= 9 
 0.10616438 0.4109589  0.26027397 0.22260274
 0.00342466 0.00342466 0.43150685 0.56164384
 0.00342466 0.42123288 0.28082192 0.29452055
 0.00342466 0.75       0.24315068 0.00342466
 0.00342466 0.00342466 0.00342466 0.98972603
 0.00342466 0.00342466 0.00342466 0.98972603
 0.24315068 0.00342466 0.20547945 0.54794521
 0.03767123 0.63356164 0.03082192 0.29794521
 0.26712329 0.22260274 0.03767123 0.47260274

MOTIF 300_l3_f_69
letter-probability matrix: alength= 4 w= 9 
 0.00332226 0.38870432 0.60465116 0.00332226
 0.00332226 0.00332226 0.99003322 0.00332226
 0.00332226 0.99003322 0.00332226 0.00332226
 0.00332226 0.14285714 0.67109635 0.18272425
 0.00332226 0.29900332 0.65780731 0.03986711
 0.00332226 0.95016611 0.00332226 0.04318937
 0.12624585 0.33887043 0.19933555 0.33554817
 0.00332226 0.18272425 0.74418605 0.06976744
 0.00332226 0.09634551 0.89700997 0.00332226

MOTIF 300_l3_f_70
letter-probability matrix: alength= 4 w= 9 
 0.14685315 0.26223776 0.39160839 0.1993007 
 0.10839161 0.02797203 0.26573427 0.5979021 
 0.0034965  0.26573427 0.04545455 0.68531469
 0.29370629 0.22377622 0.0034965  0.47902098
 0.07342657 0.30769231 0.0034965  0.61538462
 0.34965035 0.17482517 0.47202797 0.0034965 
 0.06293706 0.09090909 0.51748252 0.32867133
 0.34965035 0.0034965  0.00699301 0.63986014
 0.3041958 0.0979021 0.1993007 0.3986014

MOTIF 300_l3_f_71
letter-probability matrix: alength= 4 w= 9 
 0.00330033 0.00330033 0.94389439 0.04950495
 0.01650165 0.3630363  0.61716172 0.00330033
 0.00330033 0.50165017 0.06270627 0.43234323
 0.00330033 0.62706271 0.36633663 0.00330033
 0.00330033 0.86468647 0.12871287 0.00330033
 0.0990099  0.89438944 0.00330033 0.00330033
 0.00330033 0.00330033 0.99009901 0.00330033
 0.01980198 0.78217822 0.17821782 0.01980198
 0.08580858 0.68646865 0.16171617 0.0660066 

MOTIF 300_l3_f_72
letter-probability matrix: alength= 4 w= 9 
 0.0367893  0.65551839 0.2909699  0.01672241
 0.00334448 0.00334448 0.11371237 0.87959866
 0.00334448 0.94648829 0.01672241 0.03344482
 0.00334448 0.95986622 0.03344482 0.00334448
 0.54180602 0.42809365 0.00334448 0.02675585
 0.00334448 0.81270903 0.00334448 0.18060201
 0.00334448 0.75585284 0.13043478 0.11036789
 0.08361204 0.19732441 0.33779264 0.3812709 
 0.08026756 0.46153846 0.24749164 0.21070234

MOTIF 300_l3_f_73
letter-probability matrix: alength= 4 w= 9 
 0.16778523 0.43959732 0.38926174 0.0033557 
 0.36912752 0.0033557  0.0033557  0.62416107
 0.01677852 0.0033557  0.60402685 0.37583893
 0.09731544 0.01677852 0.88255034 0.0033557 
 0.0033557  0.10067114 0.89261745 0.0033557 
 0.00671141 0.62751678 0.01342282 0.35234899
 0.05704698 0.62416107 0.31543624 0.0033557 
 0.03691275 0.02013423 0.7114094  0.23154362
 0.14765101 0.34228188 0.34899329 0.16107383

MOTIF 300_l3_f_74
letter-probability matrix: alength= 4 w= 9 
 0.10264901 0.50993377 0.34768212 0.0397351 
 0.10927152 0.49337748 0.28807947 0.10927152
 0.21192053 0.7781457  0.00331126 0.00662252
 0.29801325 0.06622517 0.14569536 0.49006623
 0.40066225 0.17549669 0.36754967 0.05629139
 0.05629139 0.78807947 0.00993377 0.14569536
 0.00331126 0.00331126 0.17880795 0.81456954
 0.66887417 0.06291391 0.02317881 0.24503311
 0.26490066 0.25165563 0.26821192 0.21523179

MOTIF 300_l3_f_75
letter-probability matrix: alength= 4 w= 9 
 0.31399317 0.3105802  0.10921502 0.2662116 
 0.01023891 0.67235495 0.01365188 0.30375427
 0.23890785 0.00341297 0.54607509 0.2116041 
 0.00341297 0.37201365 0.21501706 0.40955631
 0.42320819 0.4778157  0.09215017 0.00682594
 0.16723549 0.00341297 0.42320819 0.40614334
 0.00341297 0.03071672 0.37542662 0.59044369
 0.00341297 0.12627986 0.11945392 0.75085324
 0.21501706 0.26279863 0.25255973 0.26962457

MOTIF 300_l3_f_76
letter-probability matrix: alength= 4 w= 9 
 0.53061224 0.03061224 0.22108844 0.21768707
 0.26870748 0.29591837 0.34353741 0.09183673
 0.56462585 0.00340136 0.25170068 0.18027211
 0.00340136 0.52721088 0.46598639 0.00340136
 0.00340136 0.43537415 0.54761905 0.01360544
 0.04421769 0.70748299 0.20408163 0.04421769
 0.00340136 0.25510204 0.47959184 0.26190476
 0.00340136 0.17687075 0.81632653 0.00340136
 0.02380952 0.60884354 0.33673469 0.03061224

MOTIF 300_l3_f_77
letter-probability matrix: alength= 4 w= 9 
 0.01351351 0.63513514 0.25675676 0.09459459
 0.06418919 0.05067568 0.39864865 0.48648649
 0.00337838 0.00337838 0.98310811 0.01013514
 0.42905405 0.42567568 0.09459459 0.05067568
 0.00337838 0.39527027 0.59121622 0.01013514
 0.08108108 0.40878378 0.00337838 0.50675676
 0.00337838 0.61486486 0.37837838 0.00337838
 0.03716216 0.13175676 0.23310811 0.59797297
 0.26351351 0.29391892 0.25337838 0.18918919

MOTIF 300_l3_f_78
letter-probability matrix: alength= 4 w= 9 
 0.36458333 0.21527778 0.09027778 0.32986111
 0.07638889 0.51041667 0.02430556 0.38888889
 0.15625    0.00347222 0.72569444 0.11458333
 0.00347222 0.00347222 0.02777778 0.96527778
 0.00347222 0.76041667 0.23263889 0.00347222
 0.05555556 0.08680556 0.46875    0.38888889
 0.19097222 0.02083333 0.00347222 0.78472222
 0.0625     0.59027778 0.23958333 0.10763889
 0.26388889 0.37152778 0.22916667 0.13541667

MOTIF 300_l3_f_79
letter-probability matrix: alength= 4 w= 9 
 0.07023411 0.56856187 0.35451505 0.00668896
 0.00334448 0.50501672 0.39130435 0.10033445
 0.00334448 0.00334448 0.97324415 0.02006689
 0.00334448 0.27090301 0.00334448 0.72240803
 0.00334448 0.98996656 0.00334448 0.00334448
 0.03010033 0.0367893  0.89632107 0.0367893 
 0.00334448 0.9632107  0.03010033 0.00334448
 0.01672241 0.56856187 0.33779264 0.07692308
 0.1270903  0.53177258 0.19063545 0.15050167

MOTIF 300_l3_f_80
letter-probability matrix: alength= 4 w= 9 
 0.1462585  0.23469388 0.53741497 0.08163265
 0.10884354 0.81632653 0.07142857 0.00340136
 0.02721088 0.83333333 0.04421769 0.0952381 
 0.00340136 0.98979592 0.00340136 0.00340136
 0.00340136 0.00340136 0.98979592 0.00340136
 0.90136054 0.09183673 0.00340136 0.00340136
 0.20408163 0.05442177 0.73809524 0.00340136
 0.25170068 0.19387755 0.36054422 0.19387755
 0.13605442 0.50680272 0.2585034  0.09863946

MOTIF 300_l3_f_81
letter-probability matrix: alength= 4 w= 9 
 0.09342561 0.26643599 0.42214533 0.21799308
 0.03806228 0.07266436 0.22491349 0.66435986
 0.16955017 0.00346021 0.76470588 0.06228374
 0.00346021 0.48788927 0.50519031 0.00346021
 0.15224913 0.02422145 0.00346021 0.8200692 
 0.11418685 0.78892734 0.09342561 0.00346021
 0.00346021 0.58477509 0.4083045  0.00346021
 0.01038062 0.42560554 0.56055363 0.00346021
 0.06228374 0.68858131 0.03806228 0.21107266

MOTIF 300_l3_f_82
letter-probability matrix: alength= 4 w= 9 
 0.44897959 0.22789116 0.29931973 0.02380952
 0.29591837 0.15306122 0.50680272 0.04421769
 0.37755102 0.34013605 0.27891156 0.00340136
 0.81972789 0.00340136 0.17346939 0.00340136
 0.68707483 0.00340136 0.30612245 0.00340136
 0.84013605 0.04081633 0.06462585 0.05442177
 0.3707483  0.02721088 0.55442177 0.04761905
 0.98979592 0.00340136 0.00340136 0.00340136
 0.49319728 0.03061224 0.34013605 0.13605442

MOTIF 300_l3_f_83
letter-probability matrix: alength= 4 w= 9 
 0.16891892 0.19594595 0.59459459 0.04054054
 0.34121622 0.25675676 0.38851351 0.01351351
 0.35135135 0.28378378 0.28378378 0.08108108
 0.02702703 0.83108108 0.13175676 0.01013514
 0.62162162 0.01689189 0.05405405 0.30743243
 0.88513514 0.02702703 0.01689189 0.07094595
 0.00675676 0.06418919 0.39189189 0.53716216
 0.35472973 0.39189189 0.03378378 0.21959459
 0.29054054 0.19594595 0.30067568 0.21283784

MOTIF 300_l3_f_84
letter-probability matrix: alength= 4 w= 9 
 0.03960396 0.08250825 0.87458746 0.00330033
 0.04290429 0.07260726 0.42574257 0.45874587
 0.00330033 0.39273927 0.57425743 0.02970297
 0.00330033 0.00330033 0.99009901 0.00330033
 0.00330033 0.99009901 0.00330033 0.00330033
 0.00330033 0.00330033 0.99009901 0.00330033
 0.00330033 0.7029703  0.29042904 0.00330033
 0.0660066  0.64026403 0.11221122 0.18151815
 0.25412541 0.14851485 0.41584158 0.18151815

MOTIF 300_l3_f_85
letter-probability matrix: alength= 4 w= 9 
 0.12       0.3        0.56666667 0.01333333
