MEME version 5.3.0

ALPHABET= ACGT

strands: + -

Background letter frequencies
A 0.25 C 0.25 G 0.25 T 0.25

MOTIF human_l3_f_0
letter-probability matrix: alength= 4 w= 9 
 0.66217565 0.12125749 0.18463074 0.03193613
 0.68912176 0.11177645 0.11127745 0.08782435
 0.39321357 0.2000998  0.24750499 0.15918164
 0.63972056 0.08483034 0.1252495  0.1501996 
 4.14171657e-01 4.49101796e-03 4.99001996e-04 5.80838323e-01
 0.08433134 0.00449102 0.58083832 0.33033932
 0.02894212 0.04391218 0.77095808 0.15618762
 0.27994012 0.31936128 0.26596806 0.13473054
 0.32085828 0.1506986  0.24301397 0.28542914

MOTIF human_l3_f_1
letter-probability matrix: alength= 4 w= 9 
 0.5988024  0.01297405 0.37724551 0.01097804
 0.08283433 0.04341317 0.35379242 0.51996008
 4.99001996e-04 2.49500998e-03 9.88522954e-01 8.48303393e-03
 0.1002994  0.09331337 0.62724551 0.17914172
 0.05489022 0.07285429 0.77095808 0.10129741
 0.1501996  0.33283433 0.3747505  0.14221557
 0.13173653 0.17714571 0.45558882 0.23552894
 0.10928144 0.65269461 0.13672655 0.10129741
 0.18912176 0.4740519  0.1506986  0.18612774

MOTIF human_l3_f_2
letter-probability matrix: alength= 4 w= 9 
 0.0035824  0.05527124 0.00716479 0.93398158
 0.02917093 0.00051177 0.49948823 0.47082907
 0.0035824  0.02610031 0.55578301 0.41453429
 0.25742068 0.29836233 0.06755374 0.37666325
 0.15199591 0.00460594 0.40685773 0.43654043
 0.00153531 0.07369498 0.31013306 0.61463664
 0.00818833 0.21903787 0.04042989 0.73234391
 0.00818833 0.24872057 0.7221085  0.0209826 
 0.11821904 0.25332651 0.14278403 0.48567042

MOTIF human_l3_f_3
letter-probability matrix: alength= 4 w= 9 
 0.54183536 0.19635628 0.1734143  0.08839406
 0.37921727 0.33670715 0.25303644 0.03103914
 0.92105263 0.01282051 0.06477733 0.00134953
 0.75641026 0.12820513 0.0317139  0.08367072
 0.30364372 0.12010796 0.13967611 0.4365722 
 0.52699055 0.14709852 0.00674764 0.31916329
 0.30769231 0.00067476 0.13495277 0.55668016
 0.02631579 0.00067476 0.6734143  0.29959514
 0.21390013 0.05330634 0.4365722  0.29622132

MOTIF human_l3_f_4
letter-probability matrix: alength= 4 w= 9 
 0.18290155 0.38445596 0.17305699 0.25958549
 0.55647668 0.06683938 0.28549223 0.09119171
 0.40103627 0.39430052 0.13471503 0.06994819
 5.40932642e-01 2.90155440e-02 4.29533679e-01 5.18134715e-04
 0.49326425 0.12020725 0.28445596 0.10207254
 0.30880829 0.09481865 0.23782383 0.35854922
 7.46632124e-01 8.80829016e-02 1.64766839e-01 5.18134715e-04
 0.09533679 0.01295337 0.12590674 0.76580311
 0.0507772  0.08341969 0.86321244 0.00259067

MOTIF human_l3_f_5
letter-probability matrix: alength= 4 w= 9 
 0.18497475 0.06565657 0.09659091 0.65277778
 0.40530303 0.14962121 0.00063131 0.44444444
 0.19507576 0.19444444 0.05871212 0.55176768
 0.46275253 0.22032828 0.02525253 0.29166667
 0.22032828 0.19065657 0.52967172 0.05934343
 0.39015152 0.11363636 0.15656566 0.33964646
 0.02335859 0.08459596 0.83459596 0.05744949
 0.03030303 0.05808081 0.09406566 0.81755051
 0.00883838 0.23737374 0.29103535 0.46275253

MOTIF human_l3_f_6
letter-probability matrix: alength= 4 w= 9 
 0.1611797  0.17558299 0.33333333 0.32990398
 0.46570645 0.11728395 0.17352538 0.24348422
 7.65432099e-01 1.28257888e-01 1.05624143e-01 6.85871056e-04
 9.96570645e-01 2.05761317e-03 6.85871056e-04 6.85871056e-04
 0.59739369 0.05898491 0.02194787 0.32167353
 6.85871056e-04 3.42935528e-03 2.05761317e-02 9.75308642e-01
 4.93827160e-02 6.85871056e-04 6.85871056e-04 9.49245542e-01
 6.85871056e-04 6.85871056e-04 9.97942387e-01 6.85871056e-04
 0.04595336 0.21742112 0.20713306 0.52949246

MOTIF human_l3_f_7
letter-probability matrix: alength= 4 w= 9 
 0.05551272 0.06322282 0.12798766 0.75327679
 7.71010023e-04 2.00462606e-02 2.31303007e-03 9.76869699e-01
 0.53585197 0.00231303 0.27910563 0.18272938
 0.21588281 0.4232845  0.32459522 0.03623747
 0.34849653 0.09483423 0.1079414  0.44872783
 9.73785659e-01 1.46491904e-02 7.71010023e-04 1.07941403e-02
 0.58982267 0.10100231 0.08635312 0.2228219 
 0.1688512  0.04548959 0.20508867 0.58057055
 0.22898998 0.02467232 0.16499614 0.58134156

MOTIF human_l3_f_8
letter-probability matrix: alength= 4 w= 9 
 0.19095213 0.19621252 0.32140978 0.29142557
 0.03892688 0.26038927 0.06996318 0.63072067
 0.29510784 0.23724356 0.12309311 0.3445555 
 5.26038927e-04 1.05207785e-03 9.30036823e-01 6.83850605e-02
 5.26038927e-04 3.59810626e-01 5.26038927e-04 6.39137296e-01
 0.3634929  0.07417149 0.1472909  0.41504471
 0.15360337 0.09153077 0.1162546  0.63861126
 0.65491846 0.13887428 0.04839558 0.15781168
 0.05628617 0.0189374  0.29142557 0.63335087

MOTIF human_l3_f_9
letter-probability matrix: alength= 4 w= 9 
 0.14770459 0.55688623 0.19061876 0.10479042
 0.06387226 0.31137725 0.57085828 0.05389222
 0.01447106 0.93962076 0.00299401 0.04291417
 4.99001996e-04 9.98502994e-01 4.99001996e-04 4.99001996e-04
 0.11976048 0.83033932 0.00199601 0.04790419
 0.09580838 0.85179641 0.01996008 0.03243513
 0.16816367 0.6756487  0.09580838 0.06037924
 0.26097804 0.11676647 0.60329341 0.01896208
 0.04291417 0.16766467 0.63772455 0.15169661

MOTIF human_l3_f_10
letter-probability matrix: alength= 4 w= 9 
 0.18463074 0.08233533 0.30988024 0.42315369
 0.07834331 0.08483034 0.38223553 0.45459082
 0.12924152 0.22305389 0.1741517  0.47355289
 0.34830339 0.01247505 0.2744511  0.36477046
 0.11127745 0.07734531 0.05838323 0.75299401
 1.97105788e-01 7.55988024e-01 4.99001996e-04 4.64071856e-02
 0.06337325 0.63023952 0.0489022  0.25748503
 0.1252495  0.63223553 0.0239521  0.21856287
 0.09680639 0.69810379 0.07984032 0.1252495 

MOTIF human_l3_f_11
letter-probability matrix: alength= 4 w= 9 
 0.78571429 0.07142857 0.07142857 0.07142857
 0.21428571 0.21428571 0.5        0.07142857
 0.07142857 0.07142857 0.5        0.35714286
 0.64285714 0.07142857 0.07142857 0.21428571
 0.07142857 0.07142857 0.07142857 0.78571429
 0.35714286 0.07142857 0.21428571 0.35714286
 0.21428571 0.07142857 0.64285714 0.07142857
 0.07142857 0.07142857 0.07142857 0.78571429
 0.07142857 0.07142857 0.78571429 0.07142857

MOTIF human_l3_f_12
letter-probability matrix: alength= 4 w= 9 
 0.09327549 0.23156182 0.17841649 0.4967462 
 0.48535792 0.13394794 0.18817787 0.19251627
 5.42299349e-04 2.73861171e-01 8.67678959e-03 7.16919740e-01
 0.12472885 0.04501085 0.3302603  0.5       
 5.42299349e-04 5.42299349e-04 5.42299349e-04 9.98373102e-01
 9.26247289e-01 5.42299349e-04 7.26681128e-02 5.42299349e-04
 8.68221258e-01 5.42299349e-04 1.30694143e-01 5.42299349e-04
 0.24023861 0.03470716 0.46529284 0.25976139
 0.3373102  0.20986985 0.17733189 0.27548807

MOTIF human_l3_f_13
letter-probability matrix: alength= 4 w= 9 
 0.25249501 0.15668663 0.41766467 0.17315369
 0.1242515  0.21706587 0.05339321 0.60528942
 4.99001996e-04 4.13173653e-01 8.48303393e-03 5.77844311e-01
 4.99001996e-04 6.69161677e-01 1.08782435e-01 2.21556886e-01
 0.03892216 0.31237525 0.01546906 0.63323353
 0.16516966 0.28293413 0.05888224 0.49301397
 0.13972056 0.01247505 0.00898204 0.83882236
 0.36277445 0.31536926 0.21107784 0.11077844
 0.1751497  0.06836327 0.56536926 0.19111776

MOTIF human_l3_f_14
letter-probability matrix: alength= 4 w= 9 
 0.06936128 0.42115768 0.21756487 0.29191617
 6.68662675e-02 8.33333333e-02 8.49301397e-01 4.99001996e-04
 0.0249501  0.08732535 0.82834331 0.05938124
 0.00898204 0.2989022  0.32934132 0.36277445
 1.59680639e-01 1.49700599e-02 8.24850299e-01 4.99001996e-04
 0.01297405 0.4261477  0.53942116 0.02145709
 0.0508982  0.25199601 0.4251497  0.27195609
 0.03043912 0.02245509 0.7999002  0.14720559
 0.04790419 0.53143713 0.2989022  0.12175649

MOTIF human_l3_f_15
letter-probability matrix: alength= 4 w= 9 
 0.31886228 0.35778443 0.28742515 0.03592814
 8.39820359e-01 4.99001996e-04 1.59181637e-01 4.99001996e-04
 0.10878244 0.07934132 0.70808383 0.10379242
 0.00299401 0.82285429 0.11277445 0.06137725
 0.35678643 0.1237525  0.32684631 0.19261477
 0.08033932 0.04041916 0.3507984  0.52844311
 0.43762475 0.33782435 0.21207585 0.01247505
 0.26746507 0.15269461 0.47704591 0.10279441
 0.29241517 0.43562874 0.15618762 0.11576846

MOTIF human_l3_f_16
letter-probability matrix: alength= 4 w= 9 
 0.06437126 0.23003992 0.66566866 0.03992016
 0.05189621 0.66716567 0.2010978  0.07984032
 0.03592814 0.66017964 0.13073852 0.17315369
 0.000998   0.90419162 0.08183633 0.01297405
 4.99001996e-04 8.88223553e-01 4.99001996e-04 1.10778443e-01
 4.99001996e-04 8.71257485e-01 1.27744511e-01 4.99001996e-04
 1.99600798e-03 9.41616766e-01 5.58882236e-02 4.99001996e-04
 0.04291417 0.81586826 0.11776447 0.02345309
 0.11776447 0.57235529 0.30489022 0.00499002

MOTIF human_l3_f_17
letter-probability matrix: alength= 4 w= 9 
 0.40666667 0.23333333 0.00666667 0.35333333
 0.20666667 0.00666667 0.50666667 0.28      
 0.07333333 0.00666667 0.58666667 0.33333333
 0.02666667 0.21333333 0.00666667 0.75333333
 0.29333333 0.43333333 0.26       0.01333333
 0.04       0.86666667 0.00666667 0.08666667
 0.42666667 0.41333333 0.00666667 0.15333333
 0.09333333 0.00666667 0.00666667 0.89333333
 0.12666667 0.02       0.81333333 0.04      

MOTIF human_l3_f_18
letter-probability matrix: alength= 4 w= 9 
 0.26727181 0.37367625 0.1820474  0.17700454
 0.32375189 0.31467474 0.13313162 0.22844175
 0.39889057 0.2899647  0.27786183 0.0332829 
 9.76298538e-01 5.04286435e-04 1.00857287e-03 2.21886031e-02
 1.41200202e-02 5.04286435e-04 1.44730207e-01 8.40645487e-01
 5.04286435e-04 5.04286435e-04 9.84367121e-01 1.46243066e-02
 0.03883006 0.32022189 0.34039334 0.30055472
 0.10237015 0.03025719 0.55320222 0.31417045
 0.13262733 0.16893596 0.33938477 0.35905194

MOTIF human_l3_f_19
letter-probability matrix: alength= 4 w= 9 
 0.18298109 0.35984427 0.12013348 0.33704116
 0.22302558 0.58008899 0.09788654 0.09899889
 8.73748610e-01 5.56173526e-04 1.25139043e-01 5.56173526e-04
 0.32703003 0.21468298 0.10734149 0.35094549
 0.28309232 0.15406007 0.34093437 0.22191324
 8.41490545e-01 5.56173526e-04 1.34593993e-01 2.33592881e-02
 0.04949944 0.08509455 0.00111235 0.86429366
 1.66852058e-03 5.56173526e-04 8.82647386e-01 1.15127920e-01
 0.12903226 0.25305895 0.24193548 0.3759733 

MOTIF human_l3_f_20
letter-probability matrix: alength= 4 w= 9 
 0.30938124 0.16267465 0.14471058 0.38323353
 0.24001996 0.12874251 0.24800399 0.38323353
 0.00798403 0.03592814 0.00548902 0.9505988 
 0.62824351 0.04091816 0.31536926 0.01546906
 0.60379242 0.05289421 0.28093812 0.06237525
 0.02195609 0.00848303 0.02794411 0.94161677
 0.61976048 0.02345309 0.30339321 0.05339321
 8.23353293e-01 4.99001996e-04 1.73153693e-01 2.99401198e-03
 0.23053892 0.1007984  0.10678643 0.56187625

MOTIF human_l3_f_21
letter-probability matrix: alength= 4 w= 9 
 0.16439791 0.36335079 0.19581152 0.27643979
 0.77172775 0.17329843 0.01727749 0.03769634
 0.43717277 0.06073298 0.1617801  0.34031414
 5.23560209e-04 5.23560209e-04 9.42408377e-03 9.89528796e-01
 0.07382199 0.01256545 0.04450262 0.86910995
 0.01884817 0.06806283 0.23979058 0.67329843
 0.14816754 0.34712042 0.38115183 0.12356021
 0.79109948 0.03612565 0.03874346 0.13403141
 0.0104712  0.03560209 0.14764398 0.80628272

MOTIF human_l3_f_22
letter-probability matrix: alength= 4 w= 9 
 0.08269231 0.13653846 0.25576923 0.525     
 0.00192308 0.00192308 0.00192308 0.99423077
 0.69230769 0.00192308 0.30384615 0.00192308
 0.63461538 0.00192308 0.36153846 0.00192308
 0.00192308 0.00192308 0.00192308 0.99423077
 0.86538462 0.00192308 0.13076923 0.00192308
 0.66538462 0.00192308 0.33076923 0.00192308
 0.59807692 0.14230769 0.20384615 0.05576923
 0.05384615 0.20576923 0.25192308 0.48846154

MOTIF human_l3_f_23
letter-probability matrix: alength= 4 w= 9 
 0.24703557 0.05731225 0.33003953 0.36561265
 0.01581028 0.00592885 0.37944664 0.59881423
 0.61660079 0.00197628 0.37944664 0.00197628
 0.00197628 0.01185771 0.08498024 0.90118577
 0.03754941 0.16600791 0.04150198 0.75494071
 0.07312253 0.00592885 0.00197628 0.91897233
 0.00197628 0.01778656 0.02766798 0.95256917
 0.64031621 0.00592885 0.35177866 0.00197628
 0.12450593 0.18181818 0.17193676 0.52173913

MOTIF human_l3_f_24
letter-probability matrix: alength= 4 w= 9 
 0.45430251 0.27525387 0.21592731 0.0545163 
 0.35275254 0.22234099 0.16996259 0.25494388
 0.01603421 0.86531267 0.1090326  0.00962052
 0.84393373 0.05077499 0.09834313 0.00694816
 0.03580973 0.73490112 0.13522181 0.09406734
 0.0929984  0.74184928 0.07696419 0.08818813
 0.42811331 0.23409941 0.1576697  0.18011758
 0.39925174 0.12453234 0.43666489 0.03955104
 0.25494388 0.20042758 0.53447354 0.010155  

MOTIF human_l3_f_25
letter-probability matrix: alength= 4 w= 9 
 0.28571429 0.0952381  0.00529101 0.61375661
 0.3968254  0.1957672  0.00529101 0.4021164 
 0.98412698 0.00529101 0.00529101 0.00529101
 0.0952381  0.13756614 0.00529101 0.76190476
 0.17989418 0.10582011 0.70899471 0.00529101
 0.98412698 0.00529101 0.00529101 0.00529101
 0.00529101 0.00529101 0.00529101 0.98412698
 0.00529101 0.00529101 0.98412698 0.00529101
 0.14285714 0.04761905 0.07407407 0.73544974

MOTIF human_l3_f_26
letter-probability matrix: alength= 4 w= 9 
 0.77744511 0.03992016 0.08083832 0.10179641
 0.11676647 0.01746507 0.03243513 0.83333333
 0.0259481  0.08383234 0.0758483  0.81437126
 7.63473054e-01 4.99001996e-04 5.83832335e-02 1.77644711e-01
 0.08483034 0.01896208 0.04291417 0.85329341
 0.07285429 0.23303393 0.0244511  0.66966068
 0.10778443 0.00149701 0.07684631 0.81387226
 0.28443114 0.00798403 0.07285429 0.63473054
 0.11027944 0.01746507 0.02345309 0.8488024 

MOTIF human_l3_f_27
letter-probability matrix: alength= 4 w= 9 
 0.4886421  0.09843513 0.24785462 0.16506815
 0.63048965 0.10146391 0.17163049 0.09641595
 0.54820798 0.30388693 0.05098435 0.09692075
 8.19283190e-01 5.04795558e-04 3.12973246e-02 1.48914690e-01
 0.43866734 0.06158506 0.0111055  0.4886421 
 0.21807168 0.1822312  0.04189803 0.55779909
 5.30035336e-01 5.04795558e-04 6.56234225e-03 4.62897527e-01
 0.00858152 0.03735487 0.00656234 0.94750126
 0.0343261  0.03836446 0.46340232 0.46390712

MOTIF human_l3_f_28
letter-probability matrix: alength= 4 w= 9 
 0.23541247 0.02917505 0.34406439 0.39134809
 0.26810865 0.28822938 0.36569416 0.07796781
 0.14235412 0.26911469 0.07746479 0.5110664 
 0.46529175 0.06136821 0.4054326  0.06790744
 0.48289738 0.24547284 0.15995976 0.11167002
 0.57746479 0.04527163 0.04476861 0.33249497
 0.60764588 0.02414487 0.25653924 0.11167002
 0.41247485 0.10462777 0.10965795 0.37323944
 0.43410463 0.0165996  0.2917505  0.25754527

MOTIF human_l3_f_29
letter-probability matrix: alength= 4 w= 9 
 0.25354251 0.06427126 0.50910931 0.17307692
 0.23076923 0.21761134 0.24038462 0.31123482
 0.42510121 0.15688259 0.21558704 0.20242915
 7.00910931e-01 5.06072874e-04 2.98076923e-01 5.06072874e-04
 0.1902834  0.25253036 0.22267206 0.33451417
 0.2687247  0.0597166  0.34008097 0.33147773
 0.82540486 0.00708502 0.15738866 0.01012146
 0.00708502 0.03289474 0.08906883 0.87095142
 0.00860324 0.01923077 0.93623482 0.03593117

MOTIF human_l3_f_30
letter-probability matrix: alength= 4 w= 9 
 0.56673407 0.33872599 0.03892821 0.05561173
 0.56370071 0.09352882 0.23761375 0.10515672
 0.71638018 0.05308392 0.21233569 0.0182002 
 0.26895854 0.16936299 0.22446916 0.3372093 
 0.30131446 0.11223458 0.22649141 0.35995956
 8.02325581e-01 5.05561173e-04 6.31951466e-02 1.33973711e-01
 0.0091001  0.0586451  0.12992922 0.80232558
 4.55005056e-03 5.05561173e-04 9.61071790e-01 3.38725986e-02
 0.16177958 0.29726997 0.14105157 0.39989889

MOTIF human_l3_f_31
letter-probability matrix: alength= 4 w= 9 
 0.09151786 0.14229911 0.72265625 0.04352679
 0.18582589 0.11439732 0.66685268 0.03292411
 0.22042411 0.27120536 0.38225446 0.12611607
 0.11328125 0.04966518 0.57310268 0.26395089
 0.1328125  0.12611607 0.578125   0.16294643
 0.32979911 0.10435268 0.39620536 0.16964286
 0.02399554 0.07589286 0.53738839 0.36272321
 0.09598214 0.28404018 0.58147321 0.03850446
 0.14397321 0.37834821 0.23772321 0.23995536

MOTIF human_l3_f_32
letter-probability matrix: alength= 4 w= 9 
 0.14610012 0.15192084 0.44586729 0.25611176
 0.28463329 0.3806752  0.13678696 0.19790454
 0.63853318 0.25960419 0.00232829 0.09953434
 0.71536671 0.11525029 0.03492433 0.13445867
 0.43189756 0.1798603  0.09138533 0.29685681
 0.34866123 0.06169965 0.1757858  0.41385332
 2.69499418e-01 5.82072177e-04 8.03259604e-02 6.49592549e-01
 0.01571595 0.06053551 0.27532014 0.64842841
 0.03201397 0.04540163 0.54132712 0.38125728

MOTIF human_l3_f_33
letter-probability matrix: alength= 4 w= 9 
 0.08747994 0.2399679  0.47431782 0.19823435
 0.3635634  0.18539326 0.05778491 0.39325843
 0.26163724 0.5024077  0.2070626  0.02889246
 0.09951846 0.14606742 0.43659711 0.31781701
 0.3611557 0.1211878 0.5152488 0.0024077
 0.06099518 0.04414125 0.62760835 0.26725522
 0.16934189 0.37961477 0.41813804 0.0329053 
 0.33306581 0.03691814 0.45666132 0.17335474
 0.04093098 0.09951846 0.8105939  0.04895666

MOTIF human_l3_f_34
letter-probability matrix: alength= 4 w= 9 
 0.46424816 0.09516299 0.07623554 0.36435331
 0.08727655 0.34437434 0.09148265 0.47686646
 0.20715037 0.05783386 0.01787592 0.71713985
 5.25762355e-04 2.62881178e-02 9.54784437e-01 1.84016824e-02
 0.04574132 0.26130389 0.00105152 0.69190326
 0.00262881 0.00157729 0.68454259 0.31125131
 0.0320715  0.02839117 0.00262881 0.93690852
 0.25341746 0.14511041 0.08254469 0.51892744
 0.07308097 0.04206099 0.26603575 0.61882229

MOTIF human_l3_f_35
letter-probability matrix: alength= 4 w= 9 
 0.17393617 0.12234043 0.08882979 0.61489362
 0.05691489 0.05265957 0.6287234  0.26170213
 0.56117021 0.01808511 0.26755319 0.15319149
 0.48882979 0.00212766 0.04148936 0.46755319
 0.03297872 0.00053191 0.48829787 0.47819149
 0.10478723 0.21861702 0.35478723 0.32180851
 0.15691489 0.2537234  0.54574468 0.04361702
 0.30585106 0.12978723 0.1537234  0.4106383 
 0.51755319 0.19787234 0.11276596 0.17180851

MOTIF human_l3_f_36
letter-probability matrix: alength= 4 w= 9 
 0.42482341 0.29616549 0.12815338 0.15085772
 0.14732593 0.17507568 0.58779011 0.08980827
 0.23612513 0.13773966 0.54591322 0.080222  
 0.41321897 0.00050454 0.45711403 0.12916246
 0.01614531 0.46922301 0.13269425 0.38193744
 0.0716448  0.22452069 0.51210898 0.19172553
 0.50908174 0.09939455 0.34661958 0.04490414
 0.15035318 0.34863774 0.1987891  0.30221998
 0.07517659 0.25025227 0.49293643 0.18163471

MOTIF human_l3_f_37
letter-probability matrix: alength= 4 w= 9 
 0.20621762 0.18134715 0.48290155 0.12953368
 0.01450777 0.27668394 0.41243523 0.29637306
 0.18082902 0.28445596 0.32590674 0.20880829
 1.34196891e-01 5.18134715e-04 8.51813472e-01 1.34715026e-02
 5.18134715e-04 1.90673575e-01 7.48704663e-01 6.01036269e-02
 0.02435233 0.09585492 0.71865285 0.1611399 
 0.13005181 0.04818653 0.75492228 0.06683938
 0.2        0.16994819 0.48393782 0.14611399
 0.13005181 0.12487047 0.62849741 0.11658031

MOTIF human_l3_f_38
letter-probability matrix: alength= 4 w= 9 
 0.75998004 0.03692615 0.10578842 0.09730539
 0.72804391 0.22205589 0.00499002 0.04491018
 6.04790419e-01 3.76746507e-01 4.99001996e-04 1.79640719e-02
 8.43313373e-01 4.99001996e-04 6.38722555e-02 9.23153693e-02
 4.99001996e-04 1.14770459e-01 3.43313373e-01 5.41417166e-01
 0.35728543 0.04590818 0.12225549 0.4745509 
 0.43063872 0.19760479 0.23852295 0.13323353
 0.03093812 0.07784431 0.11776447 0.77345309
 0.22005988 0.11377246 0.3737525  0.29241517

MOTIF human_l3_f_39
letter-probability matrix: alength= 4 w= 9 
 0.42908903 0.11697723 0.07401656 0.37991718
 0.39596273 0.29865424 0.30175983 0.00362319
 0.32298137 0.08126294 0.59109731 0.00465839
 0.00207039 0.08799172 0.71635611 0.19358178
 0.74585921 0.08333333 0.02173913 0.14906832
 3.46790890e-02 5.17598344e-04 5.48654244e-02 9.09937888e-01
 0.0305383  0.2510352  0.01190476 0.70652174
 0.10093168 0.25       0.19927536 0.44979296
 0.07142857 0.20082816 0.34057971 0.38716356

MOTIF human_l3_f_40
letter-probability matrix: alength= 4 w= 9 
 0.15653965 0.22142122 0.18640577 0.43563337
 0.3161689  0.16580844 0.26364573 0.25437693
 0.12976313 0.60865088 0.09371782 0.16786818
 0.34603502 0.35633368 0.03398558 0.26364573
 0.0092688  0.00102987 0.98867147 0.00102987
 0.43975283 0.53244078 0.01853759 0.0092688 
 0.00823893 0.36663234 0.28012358 0.34500515
 0.31101957 0.23995881 0.00102987 0.44799176
 0.08753862 0.20288363 0.02368692 0.68589083

MOTIF human_l3_f_41
letter-probability matrix: alength= 4 w= 9 
 0.32433809 0.32942974 0.15224033 0.19399185
 0.28105906 0.10997963 0.25101833 0.35794297
 0.32892057 0.10488798 0.4114053  0.15478615
 3.56415479e-02 5.14256619e-02 9.12423625e-01 5.09164969e-04
 0.10488798 0.09725051 0.78004073 0.01782077
 0.17718941 0.17668024 0.49949084 0.14663951
 0.15835031 0.57179226 0.17617108 0.09368635
 0.03767821 0.10590631 0.13747454 0.71894094
 0.02851324 0.56771894 0.20621181 0.19755601

MOTIF human_l3_f_42
letter-probability matrix: alength= 4 w= 9 
 0.16467236 0.15270655 0.41025641 0.27236467
 5.69800570e-04 1.13960114e-03 5.69800570e-04 9.97720798e-01
 7.56125356e-01 5.69800570e-04 2.42735043e-01 5.69800570e-04
 5.89173789e-01 1.13960114e-03 4.09116809e-01 5.69800570e-04
 0.10883191 0.3042735  0.32250712 0.26438746
 0.20911681 0.0974359  0.12763533 0.56581197
 0.10655271 0.43076923 0.08319088 0.37948718
 0.11168091 0.26837607 0.42507123 0.19487179
 0.24387464 0.28603989 0.25584046 0.21424501

MOTIF human_l3_f_43
letter-probability matrix: alength= 4 w= 9 
 0.30488644 0.18651067 0.34549209 0.16311081
 0.14865795 0.08327598 0.59669649 0.17136958
 6.88231246e-04 7.75636614e-01 6.88231246e-04 2.22986924e-01
 0.46180317 0.07432897 0.17962836 0.2842395 
 0.06469374 0.2642808  0.52718513 0.14384033
 0.64624914 0.00137646 0.31314522 0.03922918
 0.10254646 0.11218169 0.07570544 0.70956641
 5.50584997e-03 6.88231246e-04 7.92154164e-01 2.01651755e-01
 0.22642808 0.30488644 0.13626979 0.33241569

MOTIF human_l3_f_44
letter-probability matrix: alength= 4 w= 9 
 0.33730374 0.1315647  0.18299946 0.34813211
 0.34704927 0.19274499 0.08446129 0.37574445
 0.86031402 0.00162426 0.00812128 0.12994044
 2.12236058e-01 5.41418517e-04 5.41418517e-04 7.86681104e-01
 5.41418517e-04 5.41418517e-04 7.86681104e-01 2.12236058e-01
 0.41635084 0.0817542  0.21765024 0.28424472
 0.40822956 0.03302653 0.0936654  0.46507851
 0.16296697 0.06605306 0.26529507 0.50568489
 0.24688684 0.16783974 0.0498105  0.53546291

MOTIF human_l3_f_45
letter-probability matrix: alength= 4 w= 9 
 0.07272727 0.6230303  0.06363636 0.24060606
 0.04121212 0.06848485 0.6769697  0.21333333
 0.03939394 0.02909091 0.7969697  0.13454545
 0.02121212 0.6769697  0.00121212 0.30060606
 0.17212121 0.13515152 0.61818182 0.07454545
 0.08363636 0.34545455 0.4830303  0.08787879
 0.26545455 0.33333333 0.32666667 0.07454545
 0.36484848 0.19454545 0.22121212 0.21939394
 0.20242424 0.42060606 0.13939394 0.23757576

MOTIF human_l3_f_46
letter-probability matrix: alength= 4 w= 9 
 0.25548902 0.2250499  0.34181637 0.17764471
 0.27195609 0.21756487 0.09331337 0.41716567
 0.03942116 0.13173653 0.47305389 0.35578842
 0.45658683 0.17914172 0.05788423 0.30638723
 0.39071856 0.31087824 0.00648703 0.29191617
 0.7000998  0.01447106 0.26447106 0.02095808
 0.67914172 0.06087824 0.19810379 0.06187625
 0.38423154 0.10828343 0.16666667 0.34081836
 0.36377246 0.04840319 0.55289421 0.03493014

MOTIF human_l3_f_47
letter-probability matrix: alength= 4 w= 9 
 0.10402856 0.318205   0.2009179  0.37684855
 0.23151453 0.60887302 0.07904131 0.08057114
 0.02804691 0.00968893 0.88679245 0.0754717 
 0.00356961 0.21060683 0.03110658 0.75471698
 0.4018358  0.50790413 0.05762366 0.03263641
 0.31871494 0.59459459 0.06986232 0.01682815
 0.38398776 0.4227435  0.07955125 0.11371749
 0.49464559 0.37735849 0.07496175 0.05303417
 0.71902091 0.18255992 0.03467619 0.06374299

MOTIF human_l3_f_48
letter-probability matrix: alength= 4 w= 9 
 0.15357503 0.35448137 0.27844914 0.21349446
 0.15810675 0.52819738 0.29657603 0.01711984
 0.31570997 0.21349446 0.35850957 0.112286  
 8.25780463e-02 5.03524673e-04 8.99798590e-01 1.71198389e-02
 0.15055388 0.48439074 0.3429003  0.02215509
 0.03021148 0.724572   0.23363545 0.01158107
 0.63091641 0.23162135 0.01510574 0.1223565 
 0.14954683 0.63645519 0.20191339 0.01208459
 0.3917422  0.25377644 0.32628399 0.02819738

MOTIF human_l3_f_49
letter-probability matrix: alength= 4 w= 9 
 0.31837381 0.16103485 0.40971489 0.11087645
 0.16156283 0.34002112 0.16420275 0.33421331
 7.27032735e-01 4.22386484e-02 2.30200634e-01 5.27983105e-04
 0.12935586 0.02270327 0.17159451 0.67634636
 0.1124604  0.10242872 0.65997888 0.125132  
 0.40232313 0.19165787 0.26135164 0.14466737
 0.12565998 0.08394931 0.32682154 0.46356917
 0.12038015 0.1061246  0.56494192 0.20855333
 0.12988384 0.11193242 0.57022175 0.18796199

MOTIF human_l3_f_50
letter-probability matrix: alength= 4 w= 9 
 0.21028571 0.27771429 0.22628571 0.28571429
 0.096      0.40342857 0.14857143 0.352     
 0.11885714 0.33371429 0.25942857 0.288     
 0.11428571 0.112      0.11885714 0.65485714
 0.00457143 0.51314286 0.42057143 0.06171429
 0.00114286 0.01942857 0.03885714 0.94057143
 0.376      0.02514286 0.59771429 0.00114286
 0.84       0.00114286 0.15771429 0.00114286
 0.37142857 0.04       0.49371429 0.09485714

MOTIF human_l3_f_51
letter-probability matrix: alength= 4 w= 9 
 0.05397727 0.33181818 0.35056818 0.26363636
 0.00625    0.47443182 0.11136364 0.40795455
 0.25568182 0.29715909 0.44261364 0.00454545
 0.50454545 0.31022727 0.18465909 0.00056818
 0.12443182 0.59715909 0.17954545 0.09886364
 0.16818182 0.1875     0.58238636 0.06193182
 0.39602273 0.13181818 0.23352273 0.23863636
 0.00454545 0.57045455 0.03465909 0.39034091
 0.09204545 0.25284091 0.53977273 0.11534091

MOTIF human_l3_f_52
letter-probability matrix: alength= 4 w= 9 
 0.63473054 0.16516966 0.10628743 0.09381238
 0.64071856 0.18163673 0.11327345 0.06437126
 0.07135729 0.00598802 0.00349301 0.91916168
 0.5738523  0.11976048 0.01746507 0.28892216
 0.38722555 0.02295409 0.57185629 0.01796407
 0.00948104 0.21057884 0.25349301 0.52644711
 0.47305389 0.14321357 0.08033932 0.30339321
 0.28792415 0.13872255 0.20309381 0.37025948
 0.13872255 0.40369261 0.01297405 0.44461078

MOTIF human_l3_f_54
letter-probability matrix: alength= 4 w= 9 
 0.27111636 0.10572947 0.36326048 0.25989368
 0.00649734 0.28765505 0.20732428 0.49852333
 0.13762552 0.07383343 0.46485529 0.32368576
 5.90667454e-04 5.90667454e-04 2.36266982e-03 9.96455995e-01
 6.58003544e-01 5.90667454e-04 3.20141760e-01 2.12640284e-02
 0.57117543 0.00059067 0.42764324 0.00059067
 0.32250443 0.15298287 0.25575901 0.26875369
 0.27347903 0.33372711 0.15357354 0.23922032
 0.26580035 0.44949793 0.11222682 0.1724749 

MOTIF human_l3_f_55
letter-probability matrix: alength= 4 w= 9 
 0.44361277 0.28992016 0.21856287 0.04790419
 0.5244511  0.01946108 0.43163673 0.0244511 
 0.33433134 0.14870259 0.3502994  0.16666667
 0.21656687 0.31287425 0.33782435 0.13273453
 0.69261477 0.02744511 0.1506986  0.12924152
 0.00748503 0.00249501 0.19660679 0.79341317
 0.01397206 0.07335329 0.84381238 0.06886228
 0.18063872 0.10129741 0.52245509 0.19560878
 0.16317365 0.27694611 0.29091816 0.26896208

MOTIF human_l3_f_56
letter-probability matrix: alength= 4 w= 9 
 0.03243513 0.35978044 0.31487026 0.29291417
 0.05638723 0.31886228 0.3752495  0.249501  
 0.00399202 0.40219561 0.47005988 0.1237525 
 4.99001996e-04 7.37025948e-01 1.92115768e-01 7.03592814e-02
 0.06437126 0.71956088 0.03542914 0.18063872
 0.07285429 0.29291417 0.00149701 0.63273453
 0.00249501 0.8762475  0.01247505 0.10878244
 0.23902196 0.4251497  0.06037924 0.2754491 
 0.31337325 0.43363273 0.18512974 0.06786427

MOTIF human_l3_f_57
letter-probability matrix: alength= 4 w= 9 
 0.07407407 0.26599327 0.02020202 0.63973064
 0.43434343 0.18181818 0.02525253 0.35858586
 0.22727273 0.01683502 0.10942761 0.64646465
 0.09427609 0.00841751 0.0016835  0.8956229 
 0.0016835  0.0016835  0.0016835  0.99494949
 0.92760943 0.05723906 0.01346801 0.0016835 
 0.05723906 0.34848485 0.0016835  0.59259259
 0.35353535 0.55050505 0.05387205 0.04208754
 0.13804714 0.02525253 0.21717172 0.61952862

MOTIF human_l3_f_58
letter-probability matrix: alength= 4 w= 9 
 0.10099573 0.16642959 0.15362731 0.57894737
 0.37908962 0.01635846 0.22830725 0.37624467
 0.56472262 0.24253201 0.10312945 0.08961593
 0.24751067 0.24395448 0.03485064 0.47368421
 0.54267425 0.12517781 0.26671408 0.06543385
 0.5398293  0.00213371 0.44950213 0.00853485
 0.36699858 0.00995733 0.62162162 0.00142248
 0.07752489 0.05761024 0.78378378 0.08108108
 0.56756757 0.08677098 0.3200569  0.02560455

MOTIF human_l3_f_59
letter-probability matrix: alength= 4 w= 9 
 0.46207585 0.07684631 0.44411178 0.01696607
 0.43313373 0.34131737 0.11826347 0.10728543
 0.18013972 0.26646707 0.15868263 0.39471058
 7.76946108e-01 4.99001996e-04 2.22055888e-01 4.99001996e-04
 0.01197605 0.0249501  0.21856287 0.74451098
 6.38722555e-02 2.06087824e-01 7.29540918e-01 4.99001996e-04
 0.23502994 0.01846307 0.64870259 0.09780439
 0.20658683 0.41017964 0.15768463 0.2255489 
 0.13323353 0.22854291 0.5249501  0.11327345

MOTIF human_l3_f_60
letter-probability matrix: alength= 4 w= 9 
 0.45067265 0.06950673 0.11883408 0.36098655
 0.31165919 0.01345291 0.00224215 0.67264574
 0.00224215 0.00224215 0.33408072 0.66143498
 0.00224215 0.08520179 0.46636771 0.44618834
 0.00224215 0.00224215 0.00224215 0.99327354
 0.43721973 0.00224215 0.55829596 0.00224215
 0.74215247 0.00224215 0.25336323 0.00224215
 0.49775785 0.132287   0.24663677 0.12331839
 0.51793722 0.09641256 0.07847534 0.30717489

MOTIF human_l3_f_61
letter-probability matrix: alength= 4 w= 9 
 0.13036925 0.26902788 0.12810852 0.47249435
 0.33308214 0.37226827 0.07008289 0.22456669
 0.55237378 0.14845516 0.15523738 0.14393369
 0.1838734  0.46646571 0.32102487 0.02863602
 0.32403919 0.14996232 0.10700829 0.4189902 
 0.09796534 0.07234363 0.32931424 0.50037679
 0.10625471 0.77694047 0.06480784 0.05199699
 0.35418237 0.12584778 0.02110023 0.49886963
 0.27505652 0.06706858 0.56819894 0.08967596

MOTIF human_l3_f_62
letter-probability matrix: alength= 4 w= 9 
 0.72459016 0.05409836 0.13989071 0.08142077
 0.38743169 0.0431694  0.00710383 0.56229508
 0.13606557 0.00054645 0.50928962 0.35409836
 0.35355191 0.13114754 0.38852459 0.12677596
 0.45191257 0.11092896 0.01038251 0.42677596
 0.11256831 0.0284153  0.43825137 0.42076503
 0.31803279 0.09781421 0.40874317 0.17540984
 0.29945355 0.17322404 0.25956284 0.26775956
 0.12131148 0.11202186 0.38579235 0.38087432

MOTIF human_l3_f_63
letter-probability matrix: alength= 4 w= 9 
 0.38358974 0.33282051 0.17487179 0.10871795
 0.65333333 0.06717949 0.25333333 0.02615385
 0.33641026 0.21641026 0.16820513 0.27897436
 0.37025641 0.14205128 0.38051282 0.10717949
 0.82615385 0.02615385 0.14615385 0.00153846
 0.00102564 0.04564103 0.08102564 0.87230769
 5.12820513e-04 4.10256410e-03 9.57948718e-01 3.74358974e-02
 0.06923077 0.08666667 0.67333333 0.17076923
 0.20512821 0.29692308 0.38153846 0.11641026

MOTIF human_l3_f_64
letter-probability matrix: alength= 4 w= 9 
 0.51720648 0.23684211 0.10020243 0.14574899
 0.4701417  0.00050607 0.46862348 0.06072874
 0.63917004 0.048583   0.13815789 0.17408907
 0.78390688 0.02378543 0.02378543 0.16852227
 0.29908907 0.07034413 0.02327935 0.60728745
 0.125      0.75101215 0.0055668  0.11842105
 0.43218623 0.02783401 0.47925101 0.06072874
 0.42307692 0.14878543 0.01467611 0.41346154
 0.31123482 0.27125506 0.14827935 0.26923077

MOTIF human_l3_f_65
letter-probability matrix: alength= 4 w= 9 
 0.03026968 0.6549257  0.05668685 0.25811778
 0.43918547 0.43588332 0.12438085 0.00055036
 0.72206935 0.01320859 0.23940561 0.02531646
 0.05228398 0.52063841 0.12383049 0.30324711
 0.09686296 0.21298844 0.16840947 0.52173913
 0.25536599 0.40396258 0.01926252 0.32140892
 0.01265823 0.29719318 0.17171161 0.51843698
 0.21574023 0.15354981 0.36873968 0.26197028
 0.27572922 0.28563566 0.25371491 0.1849202 

MOTIF human_l3_f_66
letter-probability matrix: alength= 4 w= 9 
 0.71856287 0.11427146 0.13373253 0.03343313
 0.63922156 0.05389222 0.12175649 0.18512974
 0.43263473 0.13273453 0.19311377 0.24151697
 0.69660679 0.07684631 0.07285429 0.15369261
 3.67265469e-01 4.99001996e-04 1.94610778e-02 6.12774451e-01
 2.04590818e-02 4.99001996e-04 5.27445110e-01 4.51596806e-01
 0.25698603 0.06287425 0.5494012  0.13073852
 0.42265469 0.28542914 0.06137725 0.23053892
 0.22055888 0.20259481 0.1996008  0.37724551

MOTIF human_l3_f_67
letter-probability matrix: alength= 4 w= 9 
 0.28414239 0.17669903 0.06213592 0.47702265
 0.15404531 0.39093851 0.01488673 0.44012945
 0.87831715 0.02071197 0.01294498 0.08802589
 0.07378641 0.02006472 0.85501618 0.05113269
 0.66407767 0.00517799 0.02847896 0.30226537
 4.98381877e-02 6.47249191e-04 8.82847896e-01 6.66666667e-02
 0.74498382 0.05113269 0.06472492 0.13915858
 0.39093851 0.02394822 0.21229773 0.37281553
 0.26019417 0.09061489 0.09190939 0.55728155

MOTIF human_l3_f_68
letter-probability matrix: alength= 4 w= 9 
 0.26998224 0.1625222  0.18916519 0.37833037
 0.29573712 0.24511545 0.22024867 0.23889876
 0.0053286  0.0071048  0.0071048  0.98046181
 0.76465364 0.0008881  0.20515098 0.02930728
 0.47513321 0.0035524  0.52042629 0.0008881 
 8.88099467e-04 8.88099467e-04 8.88099467e-04 9.97335702e-01
 0.67761989 0.0008881  0.32060391 0.0008881 
 0.57104796 0.0008881  0.42717584 0.0008881 
 0.25133215 0.13410302 0.20426288 0.41030195

MOTIF human_l3_f_69
letter-probability matrix: alength= 4 w= 9 
 0.16702052 0.2661005  0.53149328 0.0353857 
 0.01061571 0.08492569 0.86482661 0.03963199
 0.03892427 0.18895966 0.65392781 0.11818825
 1.84005662e-02 6.15711253e-02 9.19320594e-01 7.07714084e-04
 0.01840057 0.06723284 0.8343949  0.07997169
 0.00070771 0.12880396 0.42604388 0.44444444
 0.06794055 0.47699929 0.29370134 0.16135881
 0.09766454 0.17763623 0.22222222 0.502477  
 0.21231423 0.48903043 0.15215853 0.14649682

MOTIF human_l3_f_70
letter-probability matrix: alength= 4 w= 9 
 0.05987055 0.20765912 0.11380798 0.61866235
 0.07443366 0.23354908 0.27292341 0.41909385
 0.42988134 0.02912621 0.22437972 0.31661273
 0.89967638 0.0021575  0.08683927 0.01132686
 3.16073355e-01 5.39374326e-04 8.30636462e-02 6.00323625e-01
 1.13268608e-01 5.39374326e-04 5.39374326e-04 8.85652643e-01
 7.55124056e-03 5.39374326e-04 3.48975189e-01 6.42934196e-01
 0.19255663 0.05825243 0.58737864 0.1618123 
 0.54422869 0.04476807 0.23085221 0.18015102

MOTIF human_l3_f_71
letter-probability matrix: alength= 4 w= 9 
 0.25460123 0.0797546  0.22760736 0.43803681
 9.91411043e-01 6.13496933e-04 6.13496933e-04 7.36196319e-03
 6.13496933e-04 6.13496933e-04 7.36196319e-03 9.91411043e-01
 4.90797546e-03 6.13496933e-04 9.92024540e-01 2.45398773e-03
 0.2601227  0.17546012 0.1607362  0.40368098
 0.00245399 0.01165644 0.14233129 0.84355828
 0.07668712 0.2006135  0.23251534 0.49018405
 0.24723926 0.13251534 0.12515337 0.49509202
 0.07668712 0.1595092  0.10920245 0.65460123

MOTIF human_l3_f_72
letter-probability matrix: alength= 4 w= 9 
 0.35726496 0.26324786 0.20797721 0.17150997
 0.46438746 0.36524217 0.06666667 0.1037037 
 0.73561254 0.0011396  0.26039886 0.002849  
 0.22621083 0.58233618 0.03988604 0.15156695
 0.21937322 0.46495726 0.22792023 0.08774929
 0.83646724 0.13789174 0.0034188  0.02222222
 1.01994302e-01 1.99430199e-01 5.69800570e-04 6.98005698e-01
 0.19088319 0.19430199 0.61310541 0.0017094 
 0.34017094 0.1019943  0.32820513 0.22962963

MOTIF human_l3_f_73
letter-probability matrix: alength= 4 w= 9 
 0.19317406 0.18293515 0.5221843  0.10170648
 0.03071672 0.08600683 0.70784983 0.17542662
 0.13720137 0.40887372 0.21023891 0.24368601
 0.09692833 0.79795222 0.08805461 0.01706485
 0.85802048 0.02320819 0.10648464 0.01228669
 0.02866894 0.8559727  0.00409556 0.1112628 
 1.91126280e-02 8.75767918e-01 1.04436860e-01 6.82593857e-04
 0.6        0.17201365 0.14744027 0.08054608
 0.17406143 0.23617747 0.12764505 0.46211604

MOTIF human_l3_f_74
letter-probability matrix: alength= 4 w= 9 
 0.15786385 0.26115023 0.27875587 0.30223005
 0.23650235 0.24295775 0.20070423 0.31983568
 0.13615023 0.26877934 0.22769953 0.36737089
 0.01232394 0.00352113 0.85152582 0.13262911
 4.28403756e-02 5.86854460e-04 6.63145540e-01 2.93427230e-01
 5.86854460e-04 3.28638498e-02 9.21948357e-01 4.46009390e-02
 3.40375587e-02 7.10093897e-02 8.94366197e-01 5.86854460e-04
 0.28169014 0.24647887 0.39495305 0.07687793
 0.18133803 0.31396714 0.3350939  0.16960094

MOTIF human_l3_f_75
letter-probability matrix: alength= 4 w= 9 
 0.26615553 0.26615553 0.34556407 0.12212486
 0.29518072 0.19824754 0.29353779 0.21303395
 0.54216867 0.10460022 0.31051479 0.04271632
 0.38663746 0.09309967 0.09145674 0.42880613
 0.09200438 0.09309967 0.40197152 0.41292442
 0.66484118 0.08269441 0.22836802 0.02409639
 1.19934283e-01 5.47645126e-04 1.30339540e-01 7.49178532e-01
 0.2354874  0.04545455 0.68784228 0.03121577
 0.1736035  0.11664841 0.4101862  0.29956188

MOTIF human_l3_f_76
letter-probability matrix: alength= 4 w= 9 
 0.06547209 0.31288766 0.27015851 0.35148174
 0.32046864 0.32942798 0.30117161 0.04893177
 0.24741558 0.3494142  0.28532047 0.11784976
 0.03032391 0.6678153  0.03376981 0.26809097
 0.07167471 0.54031702 0.04135079 0.34665748
 6.89179876e-04 6.89179876e-04 6.89179876e-04 9.97932460e-01
 9.17987595e-01 6.89179876e-04 8.06340455e-02 6.89179876e-04
 0.55410062 0.00068918 0.44452102 0.00068918
 0.25706409 0.18401103 0.26188835 0.29703653

MOTIF human_l3_f_77
letter-probability matrix: alength= 4 w= 9 
 0.45269909 0.34206307 0.12987707 0.07536077
 0.6606093  0.06306788 0.2303581  0.04596472
 0.51202565 0.29877071 0.08979156 0.09941208
 0.19561732 0.19989311 0.22554784 0.37894174
 0.66541956 0.03206841 0.2768573  0.02565473
 5.34473544e-04 5.34473544e-04 2.72047034e-01 7.26884019e-01
 7.10849813e-02 2.00427579e-01 7.27952966e-01 5.34473544e-04
 0.07803314 0.11598076 0.62960983 0.17637627
 0.39283805 0.34259754 0.15927312 0.10529129

MOTIF human_l3_f_78
letter-probability matrix: alength= 4 w= 9 
 0.29717224 0.32133676 0.17737789 0.20411311
 0.56298201 0.24113111 0.09203085 0.10385604
 0.43753213 0.15784062 0.21131105 0.1933162 
 9.18766067e-01 5.14138817e-04 5.14138817e-04 8.02056555e-02
 5.14138817e-04 5.14138817e-04 5.14138817e-04 9.98457584e-01
 5.14138817e-04 5.14138817e-04 9.15681234e-01 8.32904884e-02
 0.12647815 0.11568123 0.55526992 0.20257069
 0.2874036  0.34858612 0.34190231 0.02210797
 0.17017995 0.11311054 0.35012853 0.36658098

MOTIF human_l3_f_79
letter-probability matrix: alength= 4 w= 9 
 0.41972603 0.18520548 0.17643836 0.21863014
 0.59780822 0.09643836 0.15616438 0.14958904
 2.73972603e-03 3.28767123e-03 5.47945205e-04 9.93424658e-01
 0.30739726 0.00821918 0.64328767 0.04109589
 0.74356164 0.01041096 0.18575342 0.06027397
 0.31616438 0.15452055 0.05534247 0.4739726 
 0.02630137 0.00328767 0.68328767 0.28712329
 0.15068493 0.17534247 0.28547945 0.38849315
 0.20767123 0.26191781 0.19726027 0.33315068

MOTIF human_l3_f_80
letter-probability matrix: alength= 4 w= 9 
 0.18577075 0.25296443 0.09288538 0.46837945
 0.32806324 0.27667984 0.13241107 0.26284585
 0.97628458 0.00197628 0.01976285 0.00197628
 0.00197628 0.01778656 0.00395257 0.97628458
 0.00197628 0.00197628 0.99209486 0.00395257
 0.55335968 0.08695652 0.243083   0.11660079
 0.06521739 0.00197628 0.04940711 0.88339921
 0.01976285 0.04940711 0.81027668 0.12055336
 0.24901186 0.12055336 0.256917   0.37351779

MOTIF human_l3_f_81
letter-probability matrix: alength= 4 w= 9 
 1.43712575e-01 4.99001996e-04 6.08782435e-02 7.94910180e-01
 4.99001996e-04 4.99001996e-04 8.38323353e-02 9.15169661e-01
 4.49101796e-03 4.99001996e-04 6.78642715e-02 9.27145709e-01
 4.99001996e-04 6.78642715e-02 4.99001996e-04 9.31137725e-01
 4.99001996e-04 6.78642715e-02 4.99001996e-04 9.31137725e-01
 4.99001996e-04 6.78642715e-02 4.99001996e-04 9.31137725e-01
 1.94610778e-02 4.99001996e-04 4.19161677e-02 9.38123752e-01
 4.99001996e-04 4.99001996e-04 6.78642715e-02 9.31137725e-01
 0.00449102 0.01397206 0.21257485 0.76896208

MOTIF human_l3_f_82
letter-probability matrix: alength= 4 w= 9 
 0.04615385 0.29230769 0.01538462 0.64615385
 0.04615385 0.18461538 0.72307692 0.04615385
 0.27692308 0.10769231 0.47692308 0.13846154
 0.83076923 0.06153846 0.01538462 0.09230769
