MEME version 5.3.0

ALPHABET= ACGT

strands: + -

Background letter frequencies
A 0.25 C 0.25 G 0.25 T 0.25

MOTIF human_l3_f_0
letter-probability matrix: alength= 4 w= 9 
 0.63515313 0.15745672 0.17177097 0.03561917
 0.69074567 0.11018642 0.12083888 0.07822903
 0.4144474  0.20173103 0.22636485 0.15745672
 0.58422104 0.10019973 0.16111851 0.15446072
 4.54061252e-01 2.19707057e-02 3.32889481e-04 5.23635153e-01
 0.11484687 0.00665779 0.52396804 0.3545273 
 0.03994674 0.05625832 0.74034621 0.16344874
 0.30126498 0.28262317 0.2563249  0.15978695
 0.30825566 0.15612517 0.23535286 0.30026631

MOTIF human_l3_f_1
letter-probability matrix: alength= 4 w= 9 
 0.54436291 0.03102068 0.39292862 0.03168779
 0.10340227 0.08438959 0.34256171 0.46964643
 0.00200133 0.00266845 0.98765844 0.00767178
 0.08672448 0.0993996  0.63442295 0.17945297
 0.05336891 0.08872582 0.745497   0.11240827
 0.15843896 0.31154103 0.3712475  0.15877252
 0.13642428 0.17878586 0.4359573  0.24883256
 0.10507005 0.63709139 0.1490994  0.10873916
 0.1814543  0.44929953 0.1814543  0.18779186

MOTIF human_l3_f_2
letter-probability matrix: alength= 4 w= 9 
 0.00240302 0.04188122 0.00823893 0.94747683
 2.09406111e-02 3.43288706e-04 3.88946104e-01 5.89769997e-01
 0.00240302 0.01922417 0.57500858 0.40336423
 0.18125644 0.23995881 0.05320975 0.52557501
 0.10813594 0.0030896  0.46618606 0.4225884 
 0.00102987 0.08135942 0.3374528  0.58015791
 0.00549262 0.19086852 0.02883625 0.77480261
 0.00720906 0.20494336 0.65980089 0.12804669
 0.08341916 0.20837624 0.10298661 0.60521799

MOTIF human_l3_f_3
letter-probability matrix: alength= 4 w= 9 
 0.51865476 0.18234367 0.19390436 0.10509721
 0.38518129 0.34997373 0.23436679 0.03047819
 0.87598529 0.00998424 0.10877562 0.00525486
 0.74093537 0.131897   0.03363111 0.09353652
 0.31056227 0.11613242 0.16079874 0.41250657
 0.51445087 0.15817131 0.01996847 0.30740935
 0.30793484 0.00105097 0.15186548 0.53914871
 0.02995271 0.00105097 0.68628481 0.28271151
 0.22911193 0.09196006 0.38150289 0.29742512

MOTIF human_l3_f_4
letter-probability matrix: alength= 4 w= 9 
 0.17157895 0.36280702 0.22526316 0.24035088
 0.50666667 0.0877193  0.30807018 0.09754386
 0.40105263 0.3722807  0.13087719 0.09578947
 5.51228070e-01 3.12280702e-02 4.17192982e-01 3.50877193e-04
 0.45754386 0.11157895 0.28666667 0.14421053
 0.29087719 0.0922807  0.24070175 0.37614035
 7.13333333e-01 1.01754386e-01 1.84561404e-01 3.50877193e-04
 0.11122807 0.02280702 0.11649123 0.74947368
 0.05368421 0.09017544 0.83649123 0.01964912

MOTIF human_l3_f_5
letter-probability matrix: alength= 4 w= 9 
 0.16221683 0.07605178 0.07928803 0.68244337
 3.65291262e-01 1.31877023e-01 4.04530744e-04 5.02427184e-01
 0.1618123  0.1763754  0.05542071 0.60639159
 0.41343042 0.2079288  0.0210356  0.35760518
 0.21156958 0.16990291 0.56229773 0.05622977
 0.33535599 0.10315534 0.16464401 0.39684466
 0.01739482 0.0881877  0.82726537 0.0671521 
 0.0368123  0.04571197 0.08940129 0.82807443
 0.00647249 0.22653722 0.27669903 0.49029126

MOTIF human_l3_f_6
letter-probability matrix: alength= 4 w= 9 
 0.1602602  0.18273211 0.3240686  0.33293909
 0.4843288  0.12182141 0.16735659 0.2264932 
 7.32702543e-01 1.51981076e-01 1.14725015e-01 5.91366056e-04
 0.99231224 0.00413956 0.0017741  0.0017741 
 0.58604376 0.0940272  0.0366647  0.28326434
 5.91366056e-04 1.18273211e-02 3.01596688e-02 9.57421644e-01
 5.73625074e-02 1.77409817e-03 5.91366056e-04 9.40272028e-01
 3.54819633e-03 5.91366056e-04 9.95269072e-01 5.91366056e-04
 0.05085748 0.21880544 0.23536369 0.49497339

MOTIF human_l3_f_7
letter-probability matrix: alength= 4 w= 9 
 0.06105695 0.06824012 0.1503335  0.72036942
 5.13083633e-04 4.00205233e-02 2.56541816e-03 9.56900975e-01
 0.47922011 0.00205233 0.34581837 0.17290918
 0.21857363 0.46126219 0.28168291 0.03848127
 0.3950744  0.10261673 0.11185223 0.39045664
 0.9466393  0.02308876 0.00513084 0.0251411 
 0.50743971 0.11236532 0.10312981 0.27706516
 0.17496152 0.05746537 0.21190354 0.55566957
 0.26526424 0.0502822  0.20831195 0.47614161

MOTIF human_l3_f_8
letter-probability matrix: alength= 4 w= 9 
 0.20981818 0.21090909 0.32181818 0.25745455
 0.04654545 0.27236364 0.06509091 0.616     
 0.31018182 0.22727273 0.15127273 0.31127273
 7.27272727e-04 1.09090909e-03 9.38545455e-01 5.96363636e-02
 3.63636364e-04 3.55272727e-01 3.63636364e-04 6.44000000e-01
 0.35127273 0.108      0.13272727 0.408     
 0.18690909 0.10327273 0.15345455 0.55636364
 0.57454545 0.13854545 0.06036364 0.22654545
 0.05709091 0.02109091 0.31745455 0.60436364

MOTIF human_l3_f_9
letter-probability matrix: alength= 4 w= 9 
 0.15479361 0.55792277 0.15745672 0.1298269 
 0.06890812 0.32889481 0.54260985 0.05958722
 0.01830892 0.92010652 0.00233023 0.05925433
 1.66444740e-03 9.97669774e-01 3.32889481e-04 3.32889481e-04
 0.17043941 0.73868176 0.02629827 0.06458056
 0.13049268 0.7689747  0.04260985 0.05792277
 0.1644474  0.66877497 0.10719041 0.05958722
 0.27796272 0.12782956 0.54826897 0.04593875
 0.06125166 0.20472703 0.563249   0.1707723 

MOTIF human_l3_f_10
letter-probability matrix: alength= 4 w= 9 
 0.20139814 0.0948735  0.31358189 0.39014647
 0.0948735  0.08322237 0.34221039 0.47969374
 0.12050599 0.20838881 0.15545939 0.51564581
 0.32523302 0.01065246 0.28595206 0.37816245
 0.10685752 0.10086551 0.07656458 0.71571238
 2.86284953e-01 6.69773635e-01 3.32889481e-04 4.36085220e-02
 0.09653795 0.56291611 0.04227696 0.29826897
 0.11484687 0.56824234 0.03195739 0.2849534 
 0.07856192 0.61684421 0.10885486 0.19573901

MOTIF human_l3_f_11
letter-probability matrix: alength= 4 w= 9 
 0.83870968 0.03225806 0.03225806 0.09677419
 0.41935484 0.19354839 0.35483871 0.03225806
 0.16129032 0.03225806 0.48387097 0.32258065
 0.61290323 0.03225806 0.09677419 0.25806452
 0.03225806 0.03225806 0.03225806 0.90322581
 0.51612903 0.03225806 0.09677419 0.35483871
 0.09677419 0.03225806 0.83870968 0.03225806
 0.12903226 0.03225806 0.03225806 0.80645161
 0.03225806 0.03225806 0.90322581 0.03225806

MOTIF human_l3_f_12
letter-probability matrix: alength= 4 w= 9 
 0.09356494 0.23726806 0.18634031 0.48282669
 0.4259771  0.1547572  0.20489538 0.21437031
 0.00552704 0.30675089 0.00789578 0.67982629
 0.14212396 0.05092775 0.36004737 0.44690091
 3.94788788e-04 3.94788788e-04 3.94788788e-04 9.98815634e-01
 9.08803790e-01 3.94788788e-04 9.04066325e-02 3.94788788e-04
 8.09317015e-01 3.94788788e-04 1.89893407e-01 3.94788788e-04
 0.28582708 0.04540071 0.41492302 0.25384919
 0.33122779 0.21200158 0.18515594 0.27161469

MOTIF human_l3_f_13
letter-probability matrix: alength= 4 w= 9 
 0.23135819 0.17143808 0.38981358 0.20739015
 0.12183755 0.20306258 0.06890812 0.60619174
 3.32889481e-04 4.42410120e-01 1.29826897e-02 5.44274301e-01
 3.32889481e-04 6.10519308e-01 1.30825566e-01 2.58322237e-01
 0.05659121 0.36950732 0.01198402 0.56191744
 0.14747004 0.30159787 0.05026631 0.50066578
 0.17676431 0.01830892 0.02496671 0.77996005
 0.32789614 0.32123835 0.21870839 0.13215712
 0.18708389 0.07123835 0.54161119 0.20006658

MOTIF human_l3_f_14
letter-probability matrix: alength= 4 w= 9 
 0.05880365 0.47718824 0.2020953  0.26191281
 8.71916188e-02 1.09496452e-01 8.02973978e-01 3.37952011e-04
 0.02568435 0.16120311 0.75228118 0.06083136
 0.0260223  0.32274417 0.34471105 0.30652247
 1.59513349e-01 1.04765123e-02 8.29672187e-01 3.37952011e-04
 0.01993917 0.41432917 0.54241298 0.02331869
 0.05238256 0.25177425 0.45691112 0.23893207
 0.03142954 0.02703616 0.78540047 0.15613383
 0.05474823 0.48867861 0.32105441 0.13551876

MOTIF human_l3_f_15
letter-probability matrix: alength= 4 w= 9 
 0.33588549 0.34087883 0.29094541 0.03229028
 8.23568575e-01 3.32889481e-04 1.75765646e-01 3.32889481e-04
 0.10719041 0.06724368 0.68641811 0.1391478 
 0.01398136 0.80758988 0.10519308 0.07323569
 0.3258988  0.13548602 0.3322237  0.20639148
 0.09986684 0.03994674 0.35985353 0.50033289
 0.39114514 0.38814913 0.18575233 0.0349534 
 0.26830892 0.15978695 0.44074567 0.13115846
 0.2752996  0.41311585 0.17576565 0.13581891

MOTIF human_l3_f_16
letter-probability matrix: alength= 4 w= 9 
 0.07989348 0.25       0.62050599 0.04960053
 0.05492676 0.66211718 0.20206391 0.08089214
 0.04660453 0.56557923 0.22869507 0.15912117
 0.0126498  0.78328895 0.17110519 0.03295606
 1.99733688e-03 8.91810919e-01 3.32889481e-04 1.05858855e-01
 3.32889481e-04 7.99933422e-01 1.99400799e-01 3.32889481e-04
 1.49800266e-02 9.35752330e-01 4.89347537e-02 3.32889481e-04
 0.07223702 0.79260985 0.10985353 0.0252996 
 0.12250333 0.57623169 0.29094541 0.01031957

MOTIF human_l3_f_17
letter-probability matrix: alength= 4 w= 9 
 0.5704698  0.14765101 0.01006711 0.27181208
 0.16107383 0.0033557  0.33557047 0.5       
 0.09395973 0.0033557  0.69798658 0.20469799
 0.01342282 0.17114094 0.00671141 0.80872483
 0.26510067 0.30536913 0.18791946 0.24161074
 0.03355705 0.59731544 0.0033557  0.36577181
 0.58389262 0.26510067 0.01342282 0.13758389
 0.08389262 0.0033557  0.02348993 0.88926174
 0.09060403 0.03020134 0.85234899 0.02684564

MOTIF human_l3_f_18
letter-probability matrix: alength= 4 w= 9 
 0.27627119 0.37864407 0.16271186 0.18237288
 0.31627119 0.30881356 0.14677966 0.22813559
 0.37898305 0.32033898 0.25423729 0.04644068
 0.9220339  0.03661017 0.00779661 0.03355932
 1.52542373e-02 3.38983051e-04 1.77966102e-01 8.06440678e-01
 3.38983051e-04 3.38983051e-04 9.73898305e-01 2.54237288e-02
 0.0559322  0.27966102 0.34813559 0.31627119
 0.11661017 0.05152542 0.50881356 0.32305085
 0.12101695 0.17254237 0.35389831 0.35254237

MOTIF human_l3_f_19
letter-probability matrix: alength= 4 w= 9 
 0.25406805 0.32692308 0.14127219 0.27773669
 0.31545858 0.43971893 0.10835799 0.1364645 
 8.66863905e-01 3.69822485e-04 1.32396450e-01 3.69822485e-04
 0.30177515 0.19785503 0.11797337 0.38239645
 0.25480769 0.13905325 0.32766272 0.27847633
 8.45414201e-01 3.69822485e-04 1.25000000e-01 2.92159763e-02
 0.0510355  0.07359467 0.00110947 0.87426036
 7.02662722e-03 3.69822485e-04 8.83875740e-01 1.08727811e-01
 0.12019231 0.21893491 0.23964497 0.42122781

MOTIF human_l3_f_20
letter-probability matrix: alength= 4 w= 9 
 0.28204238 0.1913859  0.13650573 0.390066  
 0.20736367 0.11913859 0.25633901 0.41715874
 0.02813477 0.07294199 0.01806183 0.88086141
 0.50746787 0.10246613 0.34109066 0.04897534
 0.52170893 0.11045502 0.23966655 0.1281695 
 0.03786037 0.0194512  0.0461966  0.89649184
 0.57867315 0.0267454  0.30427232 0.09030914
 8.30496700e-01 3.47342827e-04 1.60819729e-01 8.33622786e-03
 0.20145884 0.08753039 0.11253908 0.59847169

MOTIF human_l3_f_21
letter-probability matrix: alength= 4 w= 9 
 0.17980636 0.30567082 0.18672199 0.32780083
 0.75518672 0.19156293 0.02731674 0.02593361
 0.40629322 0.05255878 0.16908714 0.37206086
 3.45781466e-04 1.03734440e-03 1.14107884e-02 9.87206086e-01
 0.07434302 0.0186722  0.04080221 0.86618257
 0.03388658 0.07295989 0.22441217 0.66874136
 0.11549101 0.31811895 0.40006916 0.16632089
 0.70816044 0.04183956 0.03492393 0.21507607
 0.0224758  0.03941909 0.13900415 0.79910097

MOTIF human_l3_f_22
letter-probability matrix: alength= 4 w= 9 
 0.10058594 0.12304688 0.18164062 0.59472656
 9.76562500e-04 9.76562500e-04 9.76562500e-04 9.97070312e-01
 0.75097656 0.00097656 0.24707031 0.00097656
 0.55957031 0.00097656 0.43847656 0.00097656
 9.76562500e-04 9.76562500e-04 9.76562500e-04 9.97070312e-01
 0.77050781 0.00097656 0.22753906 0.00097656
 0.68261719 0.00097656 0.31542969 0.00097656
 0.39355469 0.12792969 0.15332031 0.32519531
 0.08984375 0.15625    0.21679688 0.53710938

MOTIF human_l3_f_23
letter-probability matrix: alength= 4 w= 9 
 0.17793594 0.04389087 0.24436536 0.53380783
 0.01423488 0.00355872 0.31316726 0.66903915
 0.4911032  0.00118624 0.50652432 0.00118624
 0.00118624 0.00711744 0.08659549 0.90510083
 0.03440095 0.1198102  0.05456702 0.79122183
 0.0747331  0.00355872 0.00118624 0.92052195
 0.00118624 0.01660735 0.03321471 0.9489917 
 0.66666667 0.00830368 0.32384342 0.00118624
 0.09489917 0.13523132 0.15658363 0.61328588

MOTIF human_l3_f_24
letter-probability matrix: alength= 4 w= 9 
 0.43248175 0.25729927 0.25985401 0.05036496
 0.35072993 0.22262774 0.18832117 0.23832117
 0.01569343 0.84452555 0.11970803 0.02007299
 0.81532847 0.06751825 0.10766423 0.00948905
 0.04452555 0.70839416 0.16277372 0.08430657
 0.10109489 0.71131387 0.08467153 0.10291971
 0.43978102 0.25291971 0.12116788 0.18613139
 0.38686131 0.14708029 0.42481752 0.04124088
 0.22664234 0.21788321 0.54343066 0.0120438 

MOTIF human_l3_f_25
letter-probability matrix: alength= 4 w= 9 
 0.3046595  0.10394265 0.00358423 0.58781362
 0.27240143 0.27240143 0.00358423 0.4516129 
 0.98566308 0.00358423 0.00716846 0.00358423
 0.16129032 0.13261649 0.00358423 0.70250896
 0.25806452 0.10035842 0.63799283 0.00358423
 0.98566308 0.00358423 0.00716846 0.00358423
 0.00358423 0.00716846 0.00358423 0.98566308
 0.00358423 0.00358423 0.98566308 0.00716846
 0.19354839 0.10035842 0.12544803 0.58064516

MOTIF human_l3_f_26
letter-probability matrix: alength= 4 w= 9 
 0.62416778 0.03661784 0.06990679 0.26930759
 0.11185087 0.01697736 0.03362184 0.83754993
 0.03295606 0.0729028  0.07123835 0.8229028 
 7.99600533e-01 3.32889481e-04 5.15978695e-02 1.48468708e-01
 0.07057257 0.02596538 0.04893475 0.8545273 
 0.06924101 0.21171771 0.01864181 0.70039947
 0.10486019 0.00233023 0.06058589 0.8322237 
 0.30426099 0.00832224 0.06291611 0.62450067
 0.12716378 0.02762983 0.0476032  0.7976032 

MOTIF human_l3_f_27
letter-probability matrix: alength= 4 w= 9 
 0.42147923 0.15704154 0.23302938 0.18844985
 0.57716988 0.13103681 0.17088821 0.1209051 
 0.47281324 0.35359676 0.05336035 0.12022965
 8.45660250e-01 3.37723742e-04 3.91759541e-02 1.14826072e-01
 0.3968254  0.09287403 0.0341101  0.47619048
 0.19790611 0.27085444 0.06146572 0.46977373
 5.96757852e-01 3.37723742e-04 1.95879770e-02 3.83316447e-01
 0.01350895 0.06416751 0.00776765 0.91455589
 0.06079027 0.07362378 0.45862884 0.40695711

MOTIF human_l3_f_28
letter-probability matrix: alength= 4 w= 9 
 0.25050916 0.03598099 0.28377461 0.42973523
 0.24575696 0.31670061 0.35098439 0.08655804
 0.17515275 0.2359131  0.08078751 0.50814664
 0.4694501  0.07331976 0.37202987 0.08520027
 0.44365241 0.25322471 0.16666667 0.13645621
 0.59911745 0.0431093  0.06958588 0.28818737
 0.5838425  0.02783435 0.23930754 0.14901561
 0.40665309 0.09029192 0.13849287 0.36456212
 0.42226748 0.032926   0.27257298 0.27223354

MOTIF human_l3_f_29
letter-probability matrix: alength= 4 w= 9 
 0.28982076 0.06865066 0.47412918 0.16739939
 0.29590801 0.20392289 0.22489009 0.275279  
 0.42881299 0.16570849 0.21474467 0.19073385
 0.70781197 0.00101454 0.28846804 0.00270544
 0.19715928 0.20290835 0.23233006 0.3676023 
 0.25093    0.07676699 0.34528238 0.32702063
 0.76225905 0.0087927  0.21237741 0.01657085
 0.01183632 0.07575245 0.09976327 0.81264795
 0.01521813 0.04261075 0.8955022  0.04666892

MOTIF human_l3_f_30
letter-probability matrix: alength= 4 w= 9 
 0.4489866  0.30127104 0.07076606 0.1789763 
 0.45345242 0.15424253 0.22981793 0.16248712
 0.72414978 0.04500172 0.21435933 0.01648918
 0.26245277 0.16008245 0.20199244 0.37547235
 0.31363793 0.11542425 0.19374785 0.37718997
 8.26520096e-01 3.43524562e-04 5.08416352e-02 1.22294744e-01
 0.00996221 0.04328409 0.12092065 0.82583305
 7.55754036e-03 3.43524562e-04 9.65304019e-01 2.67949158e-02
 0.1607695  0.27104088 0.14977671 0.41841292

MOTIF human_l3_f_31
letter-probability matrix: alength= 4 w= 9 
 0.09045226 0.12993539 0.73474515 0.04486719
 0.16834171 0.10373295 0.68592965 0.04199569
 0.23295047 0.27279253 0.37867911 0.11557789
 0.10696339 0.08578607 0.56245513 0.24479541
 0.13137114 0.15183058 0.55886576 0.15793252
 0.28427854 0.16618808 0.39088299 0.15865039
 0.04163676 0.12419239 0.51579325 0.3183776 
 0.1195262  0.31622398 0.522972   0.04127782
 0.14644652 0.41888011 0.22720747 0.2074659 

MOTIF human_l3_f_32
letter-probability matrix: alength= 4 w= 9 
 0.19165634 0.15489467 0.40850888 0.24494011
 0.29574556 0.385791   0.11895911 0.19950434
 0.64229657 0.25485337 0.01528294 0.08756712
 0.6472532  0.10574143 0.08261049 0.16439488
 0.39983478 0.17554729 0.09789343 0.32672449
 0.34985543 0.08302354 0.18380834 0.38331268
 2.92441140e-01 4.13052458e-04 9.04584882e-02 6.16687319e-01
 0.01528294 0.07930607 0.2850062  0.62040479
 0.03800083 0.06939281 0.53944651 0.35315985

MOTIF human_l3_f_33
letter-probability matrix: alength= 4 w= 9 
 0.08821636 0.2530586  0.46168706 0.19703799
 0.36831938 0.16999356 0.05666452 0.40502254
 0.25241468 0.49645847 0.20540889 0.04571797
 0.10624598 0.15840309 0.44236961 0.29298133
 0.34385061 0.11397296 0.53960077 0.00257566
 0.06310367 0.06374759 0.61687057 0.25627817
 0.16484224 0.37218287 0.41983258 0.04314231
 0.32904057 0.04185448 0.45975531 0.16934965
 0.05086929 0.11268513 0.78815196 0.04829363

MOTIF human_l3_f_34
letter-probability matrix: alength= 4 w= 9 
 0.46066216 0.11000356 0.12281951 0.30651477
 0.12815949 0.3499466  0.10964756 0.41224635
 0.250979   0.06621574 0.03346387 0.6493414 
 3.55998576e-04 7.26237095e-02 8.82164471e-01 4.48558206e-02
 0.04699181 0.30651477 0.00177999 0.64471342
 0.00783197 0.00213599 0.64578142 0.34425062
 0.03453186 0.04770381 0.00605198 0.91171235
 0.24172303 0.17123532 0.09754361 0.48949804
 0.10822357 0.0501958  0.29547882 0.54610182

MOTIF human_l3_f_35
letter-probability matrix: alength= 4 w= 9 
 0.17827197 0.13197229 0.13270142 0.55705432
 0.0623405  0.06270507 0.57892818 0.29602625
 0.58950055 0.02078017 0.25774699 0.13197229
 0.45716369 0.00656216 0.05650747 0.47976668
 4.33831571e-02 3.64564346e-04 5.12577470e-01 4.43674809e-01
 0.13270142 0.21545753 0.33722202 0.31461903
 0.17754284 0.26759023 0.51658768 0.03827926
 0.32883704 0.14363835 0.16660591 0.3609187 
 0.48559971 0.21217645 0.12613926 0.17608458

MOTIF human_l3_f_36
letter-probability matrix: alength= 4 w= 9 
 0.37815126 0.3189916  0.15697479 0.14588235
 0.13781513 0.18218487 0.58084034 0.09915966
 0.24403361 0.12773109 0.55394958 0.07428571
 4.07731092e-01 3.36134454e-04 4.63529412e-01 1.28403361e-01
 0.01747899 0.48134454 0.13613445 0.36504202
 0.08605042 0.21445378 0.49848739 0.2010084 
 0.48369748 0.10823529 0.3512605  0.05680672
 0.15831933 0.32705882 0.20840336 0.30621849
 0.08571429 0.22319328 0.5210084  0.17008403

MOTIF human_l3_f_37
letter-probability matrix: alength= 4 w= 9 
 0.22041522 0.17854671 0.45467128 0.14636678
 0.02041522 0.26678201 0.40899654 0.30380623
 0.17474048 0.25813149 0.35778547 0.20934256
 1.59861592e-01 3.46020761e-04 8.17993080e-01 2.17993080e-02
 6.92041522e-04 1.98961938e-01 7.16608997e-01 8.37370242e-02
 0.01972318 0.09100346 0.72906574 0.16020761
 0.14394464 0.06435986 0.7200692  0.0716263 
 0.22318339 0.19342561 0.43633218 0.14705882
 0.12768166 0.15432526 0.59930796 0.11868512

MOTIF human_l3_f_38
letter-probability matrix: alength= 4 w= 9 
 0.69074567 0.0569241  0.12316911 0.12916112
 0.66378162 0.27396804 0.01131824 0.05093209
 0.50832224 0.44840213 0.00199734 0.0412783 
 8.12916112e-01 3.32889481e-04 9.95339547e-02 8.72170439e-02
 0.01830892 0.12083888 0.40579228 0.45505992
 0.36884154 0.06291611 0.16844208 0.39980027
 0.4017976  0.22403462 0.22070573 0.15346205
 0.0412783  0.09920107 0.13215712 0.72736352
 0.17942743 0.12217044 0.37716378 0.32123835

MOTIF human_l3_f_39
letter-probability matrix: alength= 4 w= 9 
 0.4123747  0.13480816 0.07569997 0.37711718
 0.38264777 0.25544418 0.3024542  0.05945385
 0.32734186 0.07155202 0.58693398 0.01417214
 0.01140684 0.10611822 0.69097822 0.19149672
 0.70376772 0.08365019 0.02834428 0.18423782
 3.69858279e-02 6.91323885e-04 5.35776011e-02 9.08745247e-01
 0.03491186 0.25302454 0.01555479 0.69650881
 0.11268579 0.23539578 0.21845835 0.43346008
 0.07016937 0.21638438 0.30210854 0.41133771

MOTIF human_l3_f_40
letter-probability matrix: alength= 4 w= 9 
 0.17329094 0.24324324 0.1899841  0.39348172
 0.31955485 0.17488076 0.27265501 0.23290938
 0.13513514 0.58744038 0.10572337 0.17170111
 0.34101749 0.38553259 0.02941176 0.24403816
 7.15421304e-03 7.94912560e-04 9.85691574e-01 6.35930048e-03
 0.45627981 0.50874404 0.02782194 0.00715421
 0.0063593  0.37201908 0.28775835 0.33386328
 0.31558029 0.23131955 0.00079491 0.45230525
 0.10333863 0.20667727 0.0254372  0.6645469 

MOTIF human_l3_f_41
letter-probability matrix: alength= 4 w= 9 
 0.31935047 0.31258457 0.1759134  0.19215156
 0.28755074 0.10453315 0.27976996 0.32814614
 0.32036536 0.11434371 0.38802436 0.17726658
 4.36400541e-02 6.52909337e-02 8.90730717e-01 3.38294993e-04
 0.12246279 0.10859269 0.74695535 0.02198917
 0.19485792 0.18538566 0.48545332 0.13430311
 0.15764547 0.53146143 0.20771313 0.10317997
 0.03958051 0.11907984 0.16745602 0.67388363
 0.03010825 0.54194858 0.22665765 0.20128552

MOTIF human_l3_f_42
letter-probability matrix: alength= 4 w= 9 
 0.19239631 0.16820276 0.38210445 0.25729647
 3.84024578e-04 1.53609831e-03 3.84024578e-04 9.97695853e-01
 7.43855607e-01 3.84024578e-04 2.55376344e-01 3.84024578e-04
 6.25576037e-01 7.68049155e-04 3.73271889e-01 3.84024578e-04
 0.12672811 0.28686636 0.31490015 0.27150538
 0.17089094 0.09869432 0.14669739 0.58371736
 0.12019969 0.39247312 0.09447005 0.39285714
 0.13172043 0.25576037 0.4109063  0.2016129 
 0.25960061 0.26920123 0.25230415 0.21889401

MOTIF human_l3_f_43
letter-probability matrix: alength= 4 w= 9 
 0.29592406 0.18257956 0.360134   0.16136237
 0.15968733 0.08598548 0.57509771 0.17922948
 5.58347292e-04 7.80569514e-01 5.58347292e-04 2.18313791e-01
 0.44221106 0.07761027 0.17364601 0.30653266
 0.06085985 0.24232272 0.55053043 0.14628699
 0.586823   0.00111669 0.36404243 0.04801787
 0.13121161 0.12674484 0.07928532 0.66275824
 4.46677834e-03 5.58347292e-04 7.62144054e-01 2.32830821e-01
 0.21775544 0.2998325  0.15410385 0.32830821

MOTIF human_l3_f_44
letter-probability matrix: alength= 4 w= 9 
 0.35820355 0.13871786 0.17928287 0.32379573
 0.31655197 0.23723289 0.09960159 0.34661355
 0.78558493 0.00325969 0.02390438 0.187251  
 3.32488229e-01 3.62187613e-04 3.62187613e-04 6.66787396e-01
 3.62187613e-04 3.62187613e-04 6.70771460e-01 3.28504165e-01
 0.32596885 0.08946034 0.36943137 0.21513944
 0.43208982 0.05577689 0.14704817 0.36508511
 0.1752988  0.0934444  0.24121695 0.49003984
 0.24592539 0.19413256 0.05613908 0.50380297

MOTIF human_l3_f_45
letter-probability matrix: alength= 4 w= 9 
 0.06591986 0.53209823 0.09090909 0.31107281
 0.03791469 0.07022835 0.58380009 0.30805687
 0.03231366 0.03274451 0.69883671 0.23610513
 0.02068074 0.58509263 0.00129255 0.39293408
 0.16889272 0.1210685  0.56311935 0.14691943
 0.07884533 0.39896596 0.42826368 0.09392503
 0.33735459 0.28263679 0.29556226 0.08444636
 0.46100819 0.16544593 0.19302025 0.18052564
 0.2632486  0.37483843 0.1236536  0.23825937

MOTIF human_l3_f_46
letter-probability matrix: alength= 4 w= 9 
 0.25299601 0.27130493 0.3195739  0.15612517
 0.28661784 0.23268975 0.0885486  0.39214381
 0.06557923 0.12916112 0.50199734 0.30326232
 0.45406125 0.18308921 0.07756325 0.28528628
 0.39813582 0.27563249 0.02330226 0.30292943
 0.67809587 0.03195739 0.26464714 0.0252996 
 0.60918775 0.09620506 0.23202397 0.06258322
 0.34087883 0.10053262 0.20639148 0.35219707
 0.38082557 0.05992011 0.51997337 0.03928096

MOTIF human_l3_f_47
letter-probability matrix: alength= 4 w= 9 
 0.10816165 0.32171157 0.19889065 0.37123613
 0.2270206  0.60340729 0.08122029 0.08835182
 0.02535658 0.01465927 0.85935024 0.10063391
 0.01465927 0.20681458 0.0340729  0.74445325
 0.39500792 0.51069731 0.05903328 0.03526149
 0.32488114 0.58438986 0.07250396 0.01822504
 0.37321712 0.41125198 0.09429477 0.12123613
 0.48217116 0.36687797 0.08874802 0.06220285
 0.68343899 0.19453249 0.05190174 0.07012678

MOTIF human_l3_f_48
letter-probability matrix: alength= 4 w= 9 
 0.14222973 0.375      0.24966216 0.23310811
 0.15912162 0.51925676 0.30101351 0.02060811
 0.31824324 0.20202703 0.37736486 0.10236486
 0.07195946 0.00135135 0.91418919 0.0125    
 0.14087838 0.50304054 0.33209459 0.02398649
 0.02905405 0.69763514 0.26283784 0.01047297
 0.61655405 0.24121622 0.02027027 0.12195946
 0.15675676 0.57567568 0.24695946 0.02060811
 0.36182432 0.24459459 0.36486486 0.02871622

MOTIF human_l3_f_49
letter-probability matrix: alength= 4 w= 9 
 0.31208706 0.16828605 0.40575204 0.11387485
 0.15818111 0.35289545 0.17178391 0.31713953
 7.05790906e-01 4.23630004e-02 2.51457443e-01 3.88651380e-04
 0.13758259 0.03109211 0.19393704 0.63738826
 0.10765643 0.12397979 0.61678974 0.15157404
 0.41197046 0.21881073 0.22386319 0.14535562
 0.12670035 0.0975515  0.30353673 0.47221143
 0.13486203 0.10843373 0.55654878 0.20015546
 0.15001943 0.12048193 0.56509911 0.16439953

MOTIF human_l3_f_50
letter-probability matrix: alength= 4 w= 9 
 0.18683002 0.26416539 0.26875957 0.28024502
 0.09264931 0.40964778 0.16309342 0.33460949
 0.1194487  0.38897397 0.2136294  0.27794793
 0.0957121  0.17151608 0.12863706 0.60413476
 0.00306279 0.54441041 0.39127106 0.06125574
 7.65696784e-04 4.44104135e-02 5.66615620e-02 8.98162328e-01
 0.40888208 0.02603369 0.56431853 0.0007657 
 8.23889740e-01 7.65696784e-04 1.74578867e-01 7.65696784e-04
 0.35375191 0.04364472 0.50612557 0.09647779

MOTIF human_l3_f_51
letter-probability matrix: alength= 4 w= 9 
 0.06829647 0.32479627 0.35933256 0.2475747 
 0.00620877 0.48894063 0.12301125 0.38183935
 0.27085759 0.27551416 0.44664338 0.00698487
 0.43810633 0.31005045 0.25067908 0.00116414
 0.10050446 0.56111758 0.23826154 0.10011641
 0.15095072 0.16220411 0.62204113 0.06480404
 0.32867676 0.18781529 0.24175398 0.24175398
 0.00426853 0.6080714  0.0516104  0.33604967
 0.10593714 0.22157548 0.54210322 0.13038417

MOTIF human_l3_f_52
letter-probability matrix: alength= 4 w= 9 
 0.58465698 0.20446097 0.11051031 0.10037175
 0.59817506 0.18148023 0.15343021 0.0669145 
 0.11726935 0.01149037 0.00506928 0.866171  
 0.53295032 0.16086516 0.03582291 0.27036161
 0.39202433 0.03176749 0.53464008 0.0415681 
 0.01554579 0.22811761 0.22473809 0.53159851
 0.45049003 0.16018925 0.0922609  0.29705982
 0.30179115 0.1436296  0.20648868 0.34809057
 0.13213924 0.4028388  0.0162217  0.44880027

MOTIF human_l3_f_53
letter-probability matrix: alength= 4 w= 9 
 0.14285714 0.14285714 0.57142857 0.14285714
 0.14285714 0.57142857 0.14285714 0.14285714
 0.57142857 0.14285714 0.14285714 0.14285714
 0.42857143 0.28571429 0.14285714 0.14285714
 0.14285714 0.14285714 0.14285714 0.57142857
 0.57142857 0.14285714 0.14285714 0.14285714
 0.14285714 0.14285714 0.14285714 0.57142857
 0.14285714 0.14285714 0.14285714 0.57142857
 0.14285714 0.14285714 0.57142857 0.14285714

MOTIF human_l3_f_54
letter-probability matrix: alength= 4 w= 9 
 0.25950413 0.12272727 0.36322314 0.25454545
 0.01322314 0.26942149 0.21735537 0.5       
 0.14214876 0.0785124  0.43181818 0.34752066
 4.13223140e-04 4.13223140e-04 2.47933884e-03 9.96694215e-01
 6.40082645e-01 4.13223140e-04 3.44214876e-01 1.52892562e-02
 5.90082645e-01 4.13223140e-04 4.09090909e-01 4.13223140e-04
 0.31280992 0.15247934 0.24256198 0.29214876
 0.25247934 0.3214876  0.16528926 0.2607438 
 0.26033058 0.40867769 0.11652893 0.21446281

MOTIF human_l3_f_55
letter-probability matrix: alength= 4 w= 9 
 0.43075899 0.2879494  0.23202397 0.04926764
 0.53295606 0.01697736 0.42942743 0.02063915
 0.32756325 0.14047936 0.37683089 0.1551265 
 0.26731025 0.24800266 0.35818908 0.126498  
 0.68508655 0.02263648 0.14980027 0.1424767 
 0.00565912 0.00798935 0.21804261 0.76830892
 0.01498003 0.06691079 0.8418775  0.07623169
 0.19906791 0.13215712 0.47603196 0.19274301
 0.19507324 0.24201065 0.310253   0.25266312

MOTIF human_l3_f_56
letter-probability matrix: alength= 4 w= 9 
 0.04123366 0.34931277 0.32450553 0.28494804
 0.06872276 0.34126718 0.39188736 0.1981227 
 0.00502849 0.4522293  0.43446195 0.10828025
 0.0040228  0.73348978 0.18437814 0.07810929
 0.07408649 0.66845458 0.04089842 0.21656051
 0.10090513 0.32919879 0.00636943 0.56352665
 0.00838082 0.8384177  0.01508548 0.13811599
 0.24337915 0.40395575 0.08615488 0.26651022
 0.2866242  0.42775729 0.20549782 0.08012068

MOTIF human_l3_f_57
letter-probability matrix: alength= 4 w= 9 
 0.08590604 0.29798658 0.02281879 0.59328859
 0.39463087 0.23087248 0.06174497 0.31275168
 0.2885906  0.01610738 0.10469799 0.59060403
 0.14362416 0.00671141 0.00536913 0.8442953 
 0.00134228 0.00134228 0.00805369 0.98926174
 0.84966443 0.13154362 0.01073826 0.00805369
 0.12483221 0.35704698 0.00805369 0.51006711
 0.31946309 0.53288591 0.08456376 0.06308725
 0.13691275 0.03758389 0.2        0.62550336

MOTIF human_l3_f_58
letter-probability matrix: alength= 4 w= 9 
 0.12043796 0.16058394 0.15432742 0.56465068
 0.38373306 0.01511992 0.23201251 0.36913452
 0.55891554 0.25599583 0.09906152 0.08602711
 0.24400417 0.23774765 0.03962461 0.47862357
 0.53180396 0.13920751 0.2544317  0.07455683
 0.50364964 0.00625652 0.48279458 0.00729927
 0.38529718 0.01042753 0.59906152 0.00521376
 0.07455683 0.06673618 0.77632951 0.08237748
 0.53910323 0.09436913 0.31908238 0.04744526

MOTIF human_l3_f_59
letter-probability matrix: alength= 4 w= 9 
 0.45372836 0.08422104 0.4270972  0.0349534 
 0.41944075 0.34753662 0.11750999 0.11551265
 0.16611185 0.27263648 0.14980027 0.4114514 
 7.47336884e-01 2.66311585e-03 2.49667111e-01 3.32889481e-04
 0.04860186 0.03029294 0.23468708 0.68641811
 0.08022636 0.22303595 0.69174434 0.00499334
 0.27430093 0.05725699 0.53428762 0.13415446
 0.20972037 0.34653795 0.17276964 0.27097204
 0.13948069 0.20805593 0.52396804 0.12849534

MOTIF human_l3_f_60
letter-probability matrix: alength= 4 w= 9 
 0.43035994 0.07824726 0.15492958 0.33646322
 0.31298905 0.03286385 0.00469484 0.64945227
 0.01251956 0.00469484 0.30203443 0.68075117
 0.00156495 0.07981221 0.47261346 0.44600939
 0.00156495 0.00156495 0.00312989 0.99374022
 0.53521127 0.00156495 0.46165884 0.00156495
 0.71205008 0.00156495 0.28482003 0.00156495
 0.44913928 0.12676056 0.29733959 0.12676056
 0.47730829 0.114241   0.09233177 0.31611894

MOTIF human_l3_f_61
letter-probability matrix: alength= 4 w= 9 
 0.12923524 0.28170378 0.10987415 0.47918683
 0.32381413 0.36834463 0.07163601 0.23620523
 0.53291384 0.17037754 0.13794773 0.15876089
 0.21345595 0.43465634 0.28702807 0.06485963
 0.31655373 0.14133591 0.09196515 0.45014521
 0.12294288 0.08760891 0.32720232 0.46224589
 0.10454985 0.7250726  0.06001936 0.11035818
 0.35188771 0.1374637  0.02129719 0.4893514 
 0.2642788  0.08760891 0.5411423  0.10696999

MOTIF human_l3_f_62
letter-probability matrix: alength= 4 w= 9 
 0.66483113 0.05800294 0.1222467  0.15491924
 0.43612335 0.04331865 0.01321586 0.50734214
 0.15198238 0.00110132 0.44236417 0.40455213
 0.35939794 0.11196769 0.41519824 0.11343612
 0.39537445 0.12371512 0.01358297 0.46732746
 0.12518355 0.03597651 0.4339207  0.40491924
 0.28891336 0.11196769 0.3623348  0.23678414
 0.29662261 0.17767988 0.24522761 0.2804699 
 0.12481645 0.10792952 0.36343612 0.40381791

MOTIF human_l3_f_63
letter-probability matrix: alength= 4 w= 9 
 0.40305085 0.28169492 0.18305085 0.13220339
 0.62135593 0.07661017 0.2820339  0.02      
 0.32745763 0.18711864 0.17355932 0.31186441
 0.3220339  0.11932203 0.43694915 0.12169492
 0.7620339  0.03830508 0.17932203 0.02033898
 0.00644068 0.04169492 0.12101695 0.83084746
 0.00237288 0.01186441 0.94305085 0.04271186
 0.0959322  0.10067797 0.58745763 0.2159322 
 0.20101695 0.27254237 0.37864407 0.14779661

MOTIF human_l3_f_64
letter-probability matrix: alength= 4 w= 9 
 0.49422946 0.24202308 0.13340122 0.13034623
 5.08825526e-01 3.39443313e-04 4.23625255e-01 6.72097760e-02
 0.61167685 0.05498982 0.16496945 0.16836388
 0.80583842 0.02342159 0.02104549 0.1496945 
 0.26951799 0.09029192 0.02681602 0.61337407
 0.1395112  0.71758316 0.00441276 0.13849287
 0.43482688 0.03224711 0.47114732 0.06177868
 0.38357094 0.18058384 0.01663272 0.41921249
 0.31771894 0.26782077 0.15784114 0.25661914

MOTIF human_l3_f_65
letter-probability matrix: alength= 4 w= 9 
 0.03589375 0.61988514 0.07968413 0.26453697
 0.46123475 0.40165111 0.13496052 0.00215363
 0.69562096 0.01256281 0.25628141 0.03553482
 0.06855707 0.52153625 0.12347452 0.28643216
 0.11162958 0.2074659  0.19490309 0.48600144
 0.21859296 0.44795406 0.01651113 0.31694185
 0.01005025 0.2666906  0.24012922 0.48312994
 0.21536253 0.17121321 0.34709261 0.26633166
 0.26453697 0.2925341  0.23977028 0.20315865

MOTIF human_l3_f_66
letter-probability matrix: alength= 4 w= 9 
 0.68708389 0.11051931 0.1581225  0.0442743 
 0.63581891 0.05925433 0.13848202 0.16644474
 0.41245007 0.12549933 0.19440746 0.26764314
 0.67609854 0.07390146 0.10852197 0.14147803
 3.67177097e-01 3.32889481e-04 3.62849534e-02 5.96205060e-01
 0.03195739 0.00798935 0.49400799 0.46604527
 0.23135819 0.06691079 0.55492676 0.14680426
 0.39181092 0.26398136 0.09420772 0.25      
 0.23135819 0.19707057 0.18275632 0.38881491

MOTIF human_l3_f_67
letter-probability matrix: alength= 4 w= 9 
 0.29441392 0.17673993 0.08653846 0.44230769
 0.17765568 0.38553114 0.0242674  0.41254579
 0.85119048 0.0224359  0.01923077 0.10714286
 0.07783883 0.02289377 0.85164835 0.04761905
 0.66208791 0.00824176 0.04349817 0.28617216
 4.62454212e-02 4.57875458e-04 8.60347985e-01 9.29487179e-02
 0.7032967  0.07875458 0.07738095 0.14056777
 0.37408425 0.03342491 0.21565934 0.3768315 
 0.26968864 0.11034799 0.09203297 0.5279304 

MOTIF human_l3_f_68
letter-probability matrix: alength= 4 w= 9 
 0.2504483  0.15481172 0.19844591 0.39629408
 0.22893007 0.25283921 0.20800956 0.31022116
 0.04303646 0.0167364  0.01793186 0.92229528
 0.71488344 0.00298864 0.21996414 0.06216378
 0.50866707 0.01494322 0.45487149 0.02151823
 5.97728631e-04 5.97728631e-04 5.97728631e-04 9.98206814e-01
 6.99342499e-01 5.97728631e-04 2.99462044e-01 5.97728631e-04
 6.22235505e-01 5.97728631e-04 3.76569038e-01 5.97728631e-04
 0.2671847  0.11297071 0.24865511 0.37118948

MOTIF human_l3_f_69
letter-probability matrix: alength= 4 w= 9 
 0.16741674 0.28757876 0.50540054 0.03960396
 0.01440144 0.10936094 0.82313231 0.05310531
 0.05040504 0.1939694  0.64806481 0.10756076
 1.98019802e-02 7.11071107e-02 9.08640864e-01 4.50045005e-04
 0.01755176 0.07380738 0.82268227 0.0859586 
 0.00135014 0.13006301 0.47614761 0.39243924
 0.10936094 0.47884788 0.27137714 0.14041404
 0.11521152 0.1890189  0.23042304 0.46534653
 0.20657066 0.47434743 0.16786679 0.15121512

MOTIF human_l3_f_70
letter-probability matrix: alength= 4 w= 9 
 0.05424886 0.21927162 0.13088012 0.59559939
 0.11039454 0.24430956 0.25037936 0.39491654
 0.41578149 0.03186646 0.23937785 0.3129742 
 0.86456753 0.00341426 0.1168437  0.01517451
 0.3323217  0.00151745 0.10318665 0.5629742 
 1.46813354e-01 3.79362671e-04 2.27617602e-03 8.50531108e-01
 0.01479514 0.00151745 0.38088012 0.60280728
 0.21775417 0.10394537 0.50872534 0.16957511
 0.49468892 0.04059181 0.3129742  0.15174507

MOTIF human_l3_f_71
letter-probability matrix: alength= 4 w= 9 
 0.29861676 0.12082994 0.22823434 0.35231896
 9.84947111e-01 4.06834825e-04 4.06834825e-04 1.42392189e-02
 0.00203417 0.0187144  0.01423922 0.96501221
 0.01545972 0.0187144  0.96419854 0.00162734
 0.32139951 0.16761595 0.18022783 0.33075671
 0.01139138 0.0724166  0.20667209 0.70951993
 0.12774614 0.20219691 0.22579333 0.44426363
 0.23555736 0.15622457 0.19487388 0.41334418
 0.10496338 0.21155411 0.13466233 0.54882018

MOTIF human_l3_f_72
letter-probability matrix: alength= 4 w= 9 
 0.40930744 0.25980213 0.19677538 0.13411506
 0.54195676 0.30633932 0.06485892 0.086845  
 0.70355442 0.00073287 0.29204837 0.00366435
 0.22902162 0.55991206 0.03334555 0.17772078
 0.24038109 0.41260535 0.1843166  0.16269696
 0.77464273 0.1641627  0.02528399 0.03591059
 0.12825211 0.22828875 0.01978747 0.62367167
 0.22499084 0.24294613 0.52949798 0.00256504
 0.34298278 0.0974716  0.27555881 0.28398681

MOTIF human_l3_f_73
letter-probability matrix: alength= 4 w= 9 
 0.19607843 0.1914099  0.50373483 0.10877684
 0.03174603 0.09990663 0.64285714 0.2254902 
 0.13118581 0.40569561 0.23669468 0.2264239 
 0.14892624 0.71381886 0.11858077 0.01867414
 0.77824463 0.04388422 0.15452848 0.02334267
 0.02661064 0.81792717 0.00887021 0.14659197
 0.04715219 0.83053221 0.12044818 0.00186741
 0.57096172 0.17880486 0.16293184 0.08730159
 0.18720822 0.23389356 0.1302521  0.44864613

MOTIF human_l3_f_74
letter-probability matrix: alength= 4 w= 9 
 0.1653605  0.25195925 0.27860502 0.30407524
 0.21159875 0.26097179 0.22139498 0.30603448
 0.13009404 0.26371473 0.24020376 0.36598746
 0.02742947 0.01253918 0.83581505 0.1242163 
 5.17241379e-02 3.91849530e-04 6.50078370e-01 2.97805643e-01
 3.91849530e-04 3.17398119e-02 8.86363636e-01 8.15047022e-02
 2.46865204e-02 7.64106583e-02 8.98510972e-01 3.91849530e-04
 0.27037618 0.23471787 0.4161442  0.07876176
 0.15909091 0.31974922 0.30485893 0.21630094

MOTIF human_l3_f_75
letter-probability matrix: alength= 4 w= 9 
 0.28976436 0.25994109 0.32179676 0.12849779
 0.28460972 0.20692194 0.28976436 0.21870398
 0.54896907 0.1314433  0.27393225 0.04565538
 0.38365243 0.09315169 0.07768778 0.4455081 
 0.08689249 0.08799705 0.42820324 0.39690722
 0.6056701  0.08762887 0.26767305 0.03902798
 0.15095729 0.00257732 0.17857143 0.66789396
 0.23600884 0.09057437 0.63696613 0.03645066
 0.1697349  0.14027982 0.42083947 0.2691458 

MOTIF human_l3_f_76
letter-probability matrix: alength= 4 w= 9 
 0.08905535 0.32209738 0.24677486 0.34207241
 0.31460674 0.3196005  0.29463171 0.07116105
 0.25176862 0.31876821 0.2721598  0.15730337
 0.05076987 0.60091552 0.05950895 0.28880566
 0.08531003 0.53766126 0.06367041 0.3133583 
 4.16146484e-04 4.16146484e-04 4.16146484e-04 9.98751561e-01
 8.84311278e-01 4.16146484e-04 1.14856429e-01 4.16146484e-04
 5.80940491e-01 4.16146484e-04 4.18227216e-01 4.16146484e-04
 0.26217228 0.19059509 0.26758219 0.27965044

MOTIF human_l3_f_77
letter-probability matrix: alength= 4 w= 9 
 0.4556686  0.29614826 0.16024709 0.08793605
 0.63372093 0.06540698 0.2434593  0.05741279
 0.515625   0.27943314 0.08793605 0.11700581
 0.20930233 0.16460756 0.20094477 0.42514535
 0.62354651 0.04360465 0.28670058 0.04614826
 3.63372093e-04 3.63372093e-04 2.88517442e-01 7.10755814e-01
 0.08284884 0.20094477 0.71366279 0.0025436 
 0.10138081 0.12899709 0.54178779 0.2278343 
 0.37027616 0.29905523 0.18713663 0.14353198

MOTIF human_l3_f_78
letter-probability matrix: alength= 4 w= 9 
 0.28448572 0.29549364 0.16443068 0.25558996
 0.52356381 0.25043    0.11351909 0.1124871 
 0.42724458 0.1369109  0.2005504  0.23529412
 8.52769178e-01 3.43997248e-04 3.43997248e-04 1.46542828e-01
 3.43997248e-04 3.43997248e-04 3.43997248e-04 9.98968008e-01
 3.43997248e-04 3.43997248e-04 8.48297214e-01 1.51014792e-01
 0.12074303 0.10663915 0.44754042 0.3250774 
 0.25937393 0.30822153 0.35294118 0.07946336
 0.17062264 0.12349501 0.28242174 0.42346061

MOTIF human_l3_f_79
letter-probability matrix: alength= 4 w= 9 
 0.39852399 0.19926199 0.16900369 0.23321033
 0.55756458 0.11365314 0.1804428  0.14833948
 0.01254613 0.01476015 0.00184502 0.97084871
 0.31365314 0.02767528 0.61845018 0.0402214 
 0.69188192 0.02361624 0.21881919 0.06568266
 0.33247232 0.200369   0.06420664 0.40295203
 0.03394834 0.00553506 0.64907749 0.31143911
 0.13099631 0.17712177 0.27785978 0.41402214
 0.20553506 0.29667897 0.18929889 0.30848708

MOTIF human_l3_f_80
letter-probability matrix: alength= 4 w= 9 
 0.16709733 0.33936262 0.07751938 0.41602067
 0.31782946 0.37984496 0.08354866 0.21877692
 9.13867356e-01 8.61326443e-04 8.18260121e-02 3.44530577e-03
 0.01378122 0.01119724 0.06459948 0.91042205
 0.00947459 0.00861326 0.97588286 0.00602929
 0.40482343 0.15245478 0.22652885 0.21619294
 0.10766581 0.02497847 0.12833764 0.73901809
 0.07321275 0.11886305 0.59173127 0.21619294
 0.19982773 0.166236   0.33591731 0.29801895

MOTIF human_l3_f_81
letter-probability matrix: alength= 4 w= 9 
 0.1741012  0.03561917 0.12217044 0.66810919
 3.32889481e-04 8.32223702e-03 1.68442077e-01 8.22902796e-01
 0.00432756 0.03595206 0.13182423 0.82789614
 3.32889481e-04 1.29494008e-01 3.59520639e-02 8.34221039e-01
 3.32889481e-04 1.52796272e-01 1.33155792e-02 8.33555260e-01
 3.32889481e-04 1.65778961e-01 3.32889481e-04 8.33555260e-01
 0.04061252 0.05792277 0.04360852 0.85785619
