MEME version 5.4.1

ALPHABET= ACGT

strands: + -

Background letter frequencies
A 0.25 C 0.25 G 0.25 T 0.25

MOTIF human_l3_f_2
letter-probability matrix: alength= 4 w= 9 
 0.12917351 0.40941434 0.31527094 0.14614122
 0.38697318 0.06978654 0.49890531 0.04433498
 0.02791461 0.08264915 0.84154351 0.04789272
 0.2835249  0.3166393  0.21428571 0.18555008
 0.09386973 0.00164204 0.68117132 0.22331691
 6.32731253e-01 2.73672687e-04 2.73672687e-04 3.66721401e-01
 0.28407225 0.136289   0.16447729 0.41516147
 0.28078818 0.24740011 0.03694581 0.4348659 
 0.26190476 0.41899288 0.12616311 0.19293924

MOTIF human_l3_f_3
letter-probability matrix: alength= 4 w= 9 
 0.20652174 0.22608696 0.0673913  0.5       
 0.46956522 0.27826087 0.25       0.00217391
 0.06956522 0.00217391 0.9173913  0.01086957
 0.00217391 0.06304348 0.00434783 0.93043478
 0.43043478 0.12826087 0.14347826 0.29782609
 0.04347826 0.0173913  0.00217391 0.93695652
 0.49782609 0.10652174 0.00217391 0.39347826
 0.11086957 0.56521739 0.02826087 0.29565217
 0.01304348 0.66521739 0.18043478 0.14130435

MOTIF human_l3_f_6
letter-probability matrix: alength= 4 w= 9 
 0.25078125 0.20520833 0.1484375  0.39557292
 0.20859375 0.14192708 0.1328125  0.51666667
 0.42630208 0.12552083 0.240625   0.20755208
 0.58697917 0.05833333 0.13541667 0.21927083
 0.165625   0.02916667 0.14921875 0.65598958
 0.00182292 0.1453125  0.48489583 0.36796875
 0.06822917 0.06145833 0.56927083 0.30104167
 0.2140625  0.36119792 0.21432292 0.21041667
 0.28932292 0.28671875 0.13932292 0.28463542

MOTIF human_l3_f_8
letter-probability matrix: alength= 4 w= 9 
 0.2454418  0.24824684 0.29546517 0.21084619
 4.67508181e-04 4.09069659e-01 2.10378682e-02 5.69424965e-01
 0.4343151  0.05937354 0.33333333 0.17297803
 0.20804114 0.66386162 0.04160823 0.08648901
 0.07199626 0.63908368 0.08274895 0.20617111
 0.11173446 0.85366994 0.00233754 0.03225806
 0.06030856 0.03132305 0.03272557 0.87564282
 0.22627396 0.38943432 0.2057036  0.17858813
 0.13557737 0.25385694 0.15053763 0.46002805

MOTIF human_l3_f_10
letter-probability matrix: alength= 4 w= 9 
 0.0999006  0.5333002  0.25298211 0.1138171 
 0.22763419 0.44632207 0.20377734 0.1222664 
 0.72763419 0.0417495  0.1804175  0.05019881
 0.27982107 0.07902584 0.19831014 0.44284294
 0.38717694 0.22763419 0.08399602 0.30119284
 0.12624254 0.31163022 0.0193837  0.54274354
 0.38170974 0.36232604 0.04125249 0.21471173
 0.66302187 0.05019881 0.22813121 0.05864811
 0.58200795 0.19483101 0.11630219 0.10685885

MOTIF human_l3_f_15
letter-probability matrix: alength= 4 w= 9 
 0.29964806 0.05681247 0.14982403 0.49371543
 0.37933635 0.05279035 0.2860734  0.2817999 
 0.29537456 0.06058321 0.33006536 0.31397687
 2.51382604e-04 1.98592257e-02 7.03871292e-03 9.72850679e-01
 0.3323278  0.01080945 0.62267471 0.03418803
 0.8496732  0.00854701 0.12016088 0.0216189 
 0.19708396 0.05806938 0.25238813 0.49245852
 0.40447461 0.09276018 0.24786325 0.25490196
 0.3785822  0.07968829 0.26696833 0.27476119

MOTIF human_l3_f_20
letter-probability matrix: alength= 4 w= 9 
 0.29219409 0.22995781 0.01441632 0.46343179
 0.56153305 0.0161744  0.34388186 0.07841069
 0.36040788 0.16244726 0.40752461 0.06962025
 0.0021097  0.20991561 0.02250352 0.76547117
 0.11005626 0.36181435 0.16315049 0.3649789 
 0.3245429  0.13642757 0.21694796 0.32208158
 0.06223629 0.00949367 0.1673699  0.76090014
 0.36181435 0.35232068 0.1916315  0.09423347
 0.34247539 0.08052039 0.34036568 0.23663854

MOTIF human_l3_f_21
letter-probability matrix: alength= 4 w= 9 
 0.33888131 0.16971351 0.06684857 0.42455662
 0.45047749 0.04884038 0.29549795 0.20518417
 0.32141883 0.11077763 0.28240109 0.28540246
 0.10395634 0.08485675 0.15989086 0.65129604
 0.61582538 0.05156889 0.11323329 0.21937244
 0.23929059 0.04556617 0.39754434 0.31759891
 0.30504775 0.00354707 0.02946794 0.66193724
 0.21473397 0.1148704  0.51405184 0.15634379
 0.73042292 0.04583902 0.05566166 0.1680764 

MOTIF human_l3_f_24
letter-probability matrix: alength= 4 w= 9 
 0.29595405 0.12262737 0.37487512 0.20654346
 0.38461538 0.35739261 0.16708292 0.09090909
 0.41958042 0.4473027  0.10964036 0.02347652
 0.3538961  0.31118881 0.03821179 0.2967033 
 0.05144855 0.0964036  0.41258741 0.43956044
 0.20504496 0.06293706 0.04270729 0.68931069
 0.25724276 0.27422577 0.34815185 0.12037962
 0.07042957 0.40284715 0.13286713 0.39385614
 0.24400599 0.33916084 0.15334665 0.26348651

MOTIF human_l3_f_25
letter-probability matrix: alength= 4 w= 9 
 0.15466321 0.10906736 0.18031088 0.55595855
 0.32849741 0.10310881 0.15984456 0.40854922
 0.3380829  0.00103627 0.38393782 0.27694301
 2.59067358e-04 7.77202073e-04 1.55440415e-03 9.97409326e-01
 5.88601036e-01 7.77202073e-04 4.10362694e-01 2.59067358e-04
 8.13989637e-01 2.59067358e-04 1.85492228e-01 2.59067358e-04
 0.57305699 0.07668394 0.15051813 0.19974093
 0.22668394 0.19740933 0.25854922 0.31735751
 0.29663212 0.16243523 0.19481865 0.34611399

MOTIF human_l3_f_26
letter-probability matrix: alength= 4 w= 9 
 0.19482809 0.15897737 0.49309433 0.15310021
 0.0543638  0.1616221  0.55568616 0.22832795
 0.10402586 0.26946812 0.11636791 0.51013811
 0.00176315 0.01116662 0.28680576 0.70026447
 0.28239788 0.34352042 0.02086394 0.35321775
 0.11813106 0.14516603 0.03702615 0.69967676
 0.4692918  0.03790773 0.18542463 0.30737584
 0.29297679 0.43373494 0.0437849  0.22950338
 0.1284161  0.0282104  0.28945048 0.55392301

MOTIF human_l3_f_28
letter-probability matrix: alength= 4 w= 9 
 0.43881119 0.1978022  0.2032967  0.16008991
 0.13661339 0.20629371 0.38486513 0.27222777
 0.06468531 0.34515485 0.10314685 0.48701299
 0.01623377 0.10014985 0.17457542 0.70904096
 0.09290709 0.11388611 0.25074925 0.54245754
 0.31693307 0.56243756 0.03346653 0.08716284
 0.44230769 0.06268731 0.01473526 0.48026973
 0.26123876 0.07017982 0.6023976  0.06618382
 0.12912088 0.14735265 0.23226773 0.49125874

MOTIF human_l3_f_32
letter-probability matrix: alength= 4 w= 9 
 0.12950638 0.10232945 0.32750971 0.44065446
 2.77315585e-04 4.15141431e-01 8.67997781e-02 4.97781475e-01
 0.52163062 0.00665557 0.12007765 0.35163616
 2.77315585e-04 1.38657793e-03 3.44425957e-01 6.53910150e-01
 0.06600111 0.10232945 0.05352191 0.77814753
 0.00332779 0.37160288 0.07515252 0.54991681
 0.07237937 0.04991681 0.11286744 0.76483638
 0.68801997 0.13865779 0.07071547 0.10260677
 0.36466999 0.11342207 0.1103716  0.41153633

MOTIF human_l3_f_33
letter-probability matrix: alength= 4 w= 9 
 0.02766667 0.30133333 0.11266667 0.55833333
 0.00066667 0.53566667 0.00166667 0.462     
 0.47       0.12366667 0.07666667 0.32966667
 0.158      0.55466667 0.17966667 0.10766667
 0.61433333 0.06866667 0.06033333 0.25666667
 0.07433333 0.16633333 0.15366667 0.60566667
 0.18033333 0.32933333 0.18466667 0.30566667
 0.27533333 0.157      0.28466667 0.283     
 0.071 0.549 0.125 0.255

MOTIF human_l3_f_34
letter-probability matrix: alength= 4 w= 9 
 0.27772047 0.14646725 0.18772563 0.38808664
 0.02965446 0.05544095 0.1534296  0.76147499
 0.4089737  0.00464157 0.22331099 0.36307375
 0.42960289 0.0146983  0.3414131  0.21428571
 0.09308922 0.07039711 0.03017019 0.80634348
 0.48349665 0.14027849 0.32697267 0.04925219
 0.58741619 0.02449716 0.3024755  0.08561114
 0.38808664 0.1196493  0.08329036 0.4089737 
 0.47859722 0.07839092 0.08174317 0.3612687 

MOTIF human_l3_f_35
letter-probability matrix: alength= 4 w= 9 
 0.29238329 0.21048321 0.3993994  0.0977341 
 0.22058422 0.52334152 0.03467103 0.22140322
 0.10728911 0.35490035 0.16680317 0.37100737
 0.05842206 0.00682501 0.57848758 0.35626536
 0.4952225  0.03876604 0.3963964  0.06961507
 0.26726727 0.34070434 0.15752116 0.23450723
 0.15861316 0.62817363 0.05350805 0.15970516
 0.32323232 0.47884248 0.07480207 0.12312312
 0.17062517 0.57193557 0.03903904 0.21840022

MOTIF human_l3_f_37
letter-probability matrix: alength= 4 w= 9 
 0.01602312 0.11163646 0.1142632  0.75807723
 0.17809299 0.08221697 0.15786709 0.58182296
 0.19359075 0.02836879 0.2821119  0.49592855
 0.50433412 0.00577883 0.12582086 0.36406619
 0.37562385 0.14709745 0.04728132 0.42999737
 0.06540583 0.64775414 0.07249803 0.214342  
 0.02521671 0.50170738 0.24717625 0.22589966
 0.03835041 0.24980299 0.16469661 0.54714999
 0.23719464 0.12818492 0.44260573 0.19201471

MOTIF human_l3_f_40
letter-probability matrix: alength= 4 w= 9 
 0.17175573 0.30328831 0.1259542  0.39900176
 0.3740458  0.17116853 0.10217264 0.35261304
 0.60099824 0.10217264 0.16793893 0.12889019
 0.01556078 0.34409865 0.00998238 0.63035819
 0.16470934 0.32560188 0.23840282 0.27128597
 6.26247798e-01 3.02113917e-01 2.93599530e-04 7.13446858e-02
 0.26981797 0.02055197 0.01702877 0.69260129
 4.40986494e-01 3.30886671e-01 2.93599530e-04 2.27833235e-01
 0.44950088 0.01145038 0.32442748 0.21462126

MOTIF human_l3_f_42
letter-probability matrix: alength= 4 w= 9 
 0.1960632  0.20849521 0.25045325 0.34498834
 0.11188811 0.20745921 0.26366226 0.41699042
 0.29318829 0.07847708 0.26495726 0.36337736
 0.09220409 0.03159803 0.2975913  0.57860658
 0.52033152 0.000777   0.16317016 0.31572132
 0.36285936 0.24501425 0.31157731 0.08054908
 0.14711215 0.26469826 0.06345506 0.52473452
 0.47008547 0.2038332  0.11655012 0.20953121
 0.4027454  0.1960632  0.18104118 0.22015022

MOTIF human_l3_f_43
letter-probability matrix: alength= 4 w= 9 
 3.47152847e-02 2.49750250e-04 2.49750250e-02 9.40059940e-01
 6.96803197e-02 2.49750250e-04 2.49750250e-04 9.29820180e-01
 1.33866134e-01 1.12387612e-02 2.49750250e-04 8.54645355e-01
 2.49750250e-04 2.49750250e-04 2.49750250e-04 9.99250749e-01
 2.49750250e-04 2.49750250e-04 2.49750250e-04 9.99250749e-01
 1.43356643e-01 2.49750250e-04 2.49750250e-04 8.56143856e-01
 2.49750250e-04 2.49750250e-04 2.49750250e-04 9.99250749e-01
 0.17857143 0.02697303 0.2534965  0.54095904
 2.49750250e-04 5.66933067e-02 1.94805195e-02 9.23576424e-01

MOTIF human_l3_f_45
letter-probability matrix: alength= 4 w= 9 
 0.13571429 0.22539683 0.17380952 0.46507937
 0.00793651 0.31904762 0.30793651 0.36507937
 0.65277778 0.03809524 0.30753968 0.0015873 
 0.23492063 0.00793651 0.71587302 0.04126984
 0.76587302 0.02063492 0.20833333 0.00515873
 0.72738095 0.05277778 0.03611111 0.18373016
 0.60357143 0.05833333 0.08531746 0.25277778
 0.28373016 0.05119048 0.20357143 0.46150794
 0.80119048 0.01309524 0.02380952 0.16190476

MOTIF human_l3_f_49
letter-probability matrix: alength= 4 w= 9 
 0.47318296 0.07418546 0.20025063 0.25238095
 0.3406015  0.06867168 0.40325815 0.18746867
 0.33508772 0.15413534 0.11027569 0.40050125
 0.39448622 0.03358396 0.20626566 0.36566416
 0.7726817  0.05438596 0.07969925 0.09323308
 0.27944862 0.00350877 0.10626566 0.61077694
 0.18446115 0.04135338 0.71052632 0.06365915
 0.40300752 0.02706767 0.1273183  0.44260652
 0.24912281 0.1245614  0.14235589 0.4839599 

MOTIF human_l3_f_50
letter-probability matrix: alength= 4 w= 9 
 0.00158604 0.06899286 0.07295797 0.85646312
 0.0097806  0.08220989 0.22839017 0.67961935
 0.08511763 0.03304256 0.50039651 0.3814433 
 0.29341792 0.48295004 0.2024848  0.02114724
 0.13375628 0.02061856 0.33201163 0.51361353
 0.61353423 0.02854877 0.25244515 0.10547185
 0.23420566 0.1665345  0.29421094 0.3050489 
 0.24900872 0.22521808 0.05736188 0.46841131
 0.48902987 0.25614592 0.06423473 0.19058948

MOTIF human_l3_f_52
letter-probability matrix: alength= 4 w= 9 
 0.33452048 0.04884253 0.07962351 0.53701348
 0.04248283 0.06385144 0.25108115 0.64258458
 0.03790384 0.06207072 0.09615874 0.8038667 
 2.54388196e-04 2.22080895e-01 3.18239634e-01 4.59425083e-01
 0.36046807 0.12058001 0.45026711 0.06868481
 0.21266853 0.20529127 0.27855508 0.30348512
 0.4612058  0.11294836 0.1465276  0.27931824
 0.09666751 0.21572119 0.32587128 0.36174002
 0.22869499 0.29000254 0.15797507 0.3233274 

MOTIF human_l3_f_53
letter-probability matrix: alength= 4 w= 9 
 0.27731726 0.30620447 0.21627732 0.20020095
 0.191158   0.03416227 0.65460939 0.12007033
 0.21853806 0.19668425 0.35016328 0.23461442
 0.34488822 0.26450641 0.09068073 0.29992464
 0.17382567 0.16227079 0.46370259 0.20020095
 0.13715147 0.34262748 0.13187641 0.38834464
 0.07661392 0.35267521 0.10072846 0.46998242
 0.20170811 0.14167295 0.29314243 0.36347651
 0.11152977 0.33584527 0.33484049 0.21778448

MOTIF human_l3_f_54
letter-probability matrix: alength= 4 w= 9 
 0.03307692 0.78923077 0.00461538 0.17307692
 0.27307692 0.07384615 0.48307692 0.17      
 0.28923077 0.09230769 0.47       0.14846154
 0.45       0.11461538 0.07       0.36538462
 0.37538462 0.17769231 0.01461538 0.43230769
 0.16846154 0.09307692 0.36307692 0.37538462
 0.48769231 0.21       0.11615385 0.18615385
 0.05384615 0.17230769 0.17615385 0.59769231
 0.20692308 0.33461538 0.21846154 0.24      

MOTIF human_l3_f_57
letter-probability matrix: alength= 4 w= 9 
 0.50582573 0.17629179 0.24746707 0.0704154 
 0.0035461  0.09599797 0.08991895 0.81053698
 3.54609929e-02 1.80851064e-01 2.53292806e-04 7.83434650e-01
 0.07269504 0.21985816 0.54255319 0.16489362
 0.0212766  0.60055724 0.00734549 0.37082067
 0.22391084 0.0245694  0.23201621 0.51950355
 0.05091185 0.08865248 0.11246201 0.74797366
 0.04078014 0.11651469 0.35030395 0.49240122
 0.10486322 0.13829787 0.35638298 0.40045593

MOTIF human_l3_f_58
letter-probability matrix: alength= 4 w= 9 
 0.31721668 0.1066769  0.41954464 0.15656178
 0.23074955 0.10897928 0.2223075  0.43796367
 0.09925812 0.04988488 0.11256076 0.73829624
 0.01432591 0.03018675 0.08800205 0.86748529
 0.05807112 0.16474802 0.19672551 0.58045536
 0.50677923 0.08723459 0.20900486 0.19698133
 0.27040164 0.08314147 0.43233564 0.21412126
 0.11895625 0.40266053 0.2660527  0.21233052
 0.16398056 0.23535431 0.34817089 0.25249424

MOTIF human_l3_f_59
letter-probability matrix: alength= 4 w= 9 
 0.24118089 0.51763823 0.11283463 0.12834626
 0.25619214 0.17938454 0.13935452 0.4250688 
 0.07655742 0.2044033  0.39404553 0.32499375
 2.50187641e-04 2.50187641e-04 2.50187641e-04 9.99249437e-01
 5.03377533e-01 2.50187641e-04 4.96122092e-01 2.50187641e-04
 7.93345009e-01 2.50187641e-04 2.06154616e-01 2.50187641e-04
 0.28896673 0.27745809 0.30873155 0.12484363
 0.13810358 0.32099074 0.18839129 0.35251439
 0.11708782 0.21341006 0.36602452 0.30347761

MOTIF human_l3_f_60
letter-probability matrix: alength= 4 w= 9 
 0.26398601 0.16608392 0.33841159 0.23151848
 0.45954046 0.02197802 0.3523976  0.16608392
 0.13986014 0.01348651 0.1043956  0.74225774
 0.52047952 0.0526973  0.18106893 0.24575425
 0.44205794 0.04245754 0.33441558 0.18106893
 0.30619381 0.17582418 0.000999   0.51698302
 0.33291708 0.01148851 0.35014985 0.30544456
 0.65659341 0.17532468 0.03821179 0.12987013
 0.22627373 0.12737263 0.16208791 0.48426573

MOTIF human_l3_f_62
letter-probability matrix: alength= 4 w= 9 
 0.25       0.17605634 0.47007042 0.10387324
 0.29342723 0.11032864 0.4407277  0.15551643
 0.15551643 0.33333333 0.47593897 0.03521127
 0.31983568 0.09800469 0.35622066 0.22593897
 0.73004695 0.10974178 0.02288732 0.13732394
 0.05105634 0.00938967 0.01877934 0.92077465
 0.82805164 0.04988263 0.00410798 0.11795775
 0.34741784 0.00234742 0.64143192 0.00880282
 0.17429577 0.07335681 0.61032864 0.14201878

MOTIF human_l3_f_63
letter-probability matrix: alength= 4 w= 9 
 0.10845254 0.45045514 0.15318596 0.28790637
 0.17581274 0.50897269 0.21170351 0.10351105
 0.18621586 0.08738622 0.16879064 0.55760728
 0.07022107 0.31625488 0.37347204 0.24005202
 0.44811443 0.05461638 0.26918075 0.22808843
 0.10481144 0.03094928 0.72145644 0.14278283
 0.55344603 0.20156047 0.18491547 0.06007802
 0.0840052  0.0496749  0.14746424 0.71885566
 0.34902471 0.2496749  0.02418726 0.37711313

MOTIF human_l3_f_68
letter-probability matrix: alength= 4 w= 9 
 0.34602076 0.06020761 0.33564014 0.25813149
 0.13114187 0.13910035 0.45536332 0.27439446
 0.22179931 0.23391003 0.34809689 0.19619377
 0.00449827 0.2532872  0.73287197 0.00934256
 0.46539792 0.20069204 0.18927336 0.14463668
 3.46020761e-04 1.25951557e-01 3.66435986e-01 5.07266436e-01
 0.22871972 0.02871972 0.05086505 0.6916955 
 0.12179931 0.04394464 0.36055363 0.47370242
 0.15743945 0.07543253 0.29446367 0.47266436

MOTIF human_l3_f_69
letter-probability matrix: alength= 4 w= 9 
 0.17032818 0.40927583 0.13262815 0.28776783
 0.07648495 0.28261459 0.38920532 0.25169515
 0.15812314 0.34960673 0.08923244 0.4030377 
 0.16598861 0.47138595 0.00162734 0.3609981 
 0.27068077 0.05315975 0.54081909 0.13534039
 0.10252238 0.05098996 0.425278   0.42120966
 0.21996203 0.030377   0.03119067 0.7184703 
 0.2313534  0.11282886 0.0420396  0.61377814
 0.07811229 0.26932465 0.04014104 0.61242202

MOTIF human_l3_f_71
letter-probability matrix: alength= 4 w= 9 
 0.28266162 0.18366243 0.21612118 0.31755477
 0.21341628 0.2104409  0.31593184 0.26021098
 0.04625372 0.14822829 0.23532594 0.57019205
 0.41060319 0.00432783 0.20584258 0.3792264 
 0.39870165 0.10981877 0.46902894 0.02245064
 0.00108196 0.05058155 0.05382743 0.89450906
 0.60616716 0.05653232 0.31295645 0.02434406
 0.63943738 0.09737625 0.26102245 0.00216392
 0.36516094 0.13578577 0.20638355 0.29266973

MOTIF human_l3_f_72
letter-probability matrix: alength= 4 w= 9 
 0.32107414 0.10683012 0.39171045 0.18038529
 0.23701109 0.18155283 0.20315236 0.37828371
 0.42089901 0.2428488  0.17921775 0.15703444
 0.60945709 0.29071804 0.07180385 0.02802102
 0.44366608 0.19206071 0.0828955  0.2813777 
 5.83771162e-04 3.36252189e-01 6.52072388e-01 1.10916521e-02
 0.00934034 0.31932283 0.65323993 0.01809691
 0.14360771 0.1214244  0.42206655 0.31290134
 0.49562172 0.09457093 0.28604787 0.12375949

MOTIF human_l3_f_73
letter-probability matrix: alength= 4 w= 9 
 0.34984985 0.22972973 0.30730731 0.11311311
 0.47522523 0.48098098 0.02002002 0.02377377
 0.16291291 0.27627628 0.15865866 0.40215215
 0.3485986  0.05205205 0.49974975 0.0995996 
 0.252002   0.49074074 0.06156156 0.1956957 
 0.05530531 0.17017017 0.37762763 0.3968969 
 0.53428428 0.03903904 0.08808809 0.33858859
 0.16066066 0.07532533 0.47247247 0.29154154
 0.09484484 0.2047047  0.17892893 0.52152152

MOTIF human_l3_f_74
letter-probability matrix: alength= 4 w= 9 
 0.25734371 0.15440623 0.32965102 0.25859905
 0.10293748 0.12478032 0.08435852 0.68792368
 0.02636204 0.21667085 0.01230228 0.74466483
 0.19884509 0.01857896 0.30881245 0.47376349
 0.18528747 0.08963093 0.16294251 0.56213909
 1.40346473e-01 2.51067035e-04 2.92493096e-01 5.66909365e-01
 0.26186292 0.08109465 0.30479538 0.35224705
 0.4561888  0.01707256 0.4303289  0.09640974
 0.10067788 0.11624404 0.10318855 0.67988953

MOTIF human_l3_f_76
letter-probability matrix: alength= 4 w= 9 
 0.17212121 0.11454545 0.17454545 0.53878788
 0.13272727 0.11151515 0.25939394 0.49636364
 0.63030303 0.18060606 0.06424242 0.12484848
 0.02727273 0.47090909 0.08909091 0.41272727
 0.26666667 0.02787879 0.05272727 0.65272727
 0.49636364 0.00060606 0.1830303  0.32      
 0.12363636 0.02060606 0.30909091 0.54666667
 0.31151515 0.01757576 0.41515152 0.25575758
 0.16363636 0.08       0.72545455 0.03090909

MOTIF human_l3_f_78
letter-probability matrix: alength= 4 w= 9 
 0.52471779 0.05722071 0.13662904 0.28143246
 0.2864928  0.3464383  0.14013235 0.22693655
 0.55819385 0.2210977  0.21915142 0.00155703
 0.19501752 0.07901907 0.65940054 0.06656286
 0.0537174  0.0206306  0.08836123 0.83729077
 0.27170105 0.04826781 0.05838848 0.62164266
 0.01673803 0.00311405 0.72168159 0.25846633
 0.01050993 0.03970417 0.1342935  0.81549241
 0.45581938 0.09108603 0.15881666 0.29427793

MOTIF human_l3_f_81
letter-probability matrix: alength= 4 w= 9 
 0.27878788 0.1219697  0.28106061 0.31818182
 0.16287879 0.59469697 0.01363636 0.22878788
 0.13712121 0.20492424 0.46780303 0.19015152
 0.00719697 0.0344697  0.26628788 0.69204545
 0.57272727 0.12954545 0.00227273 0.29545455
 0.65075758 0.02651515 0.23371212 0.08901515
 0.06363636 0.62878788 0.14356061 0.16401515
 0.25265152 0.44734848 0.15492424 0.14507576
 0.50795455 0.23863636 0.14545455 0.10795455

MOTIF human_l3_f_82
letter-probability matrix: alength= 4 w= 9 
 0.48097031 0.16394814 0.07611878 0.27896278
 0.28900042 0.00711    0.21748223 0.48640736
 0.706399   0.00627353 0.19364283 0.09368465
 0.03764115 0.16771225 0.05520703 0.73943957
 0.04140527 0.03387704 0.15307403 0.77164366
 0.79548306 0.0418235  0.03889586 0.12379757
 2.98619824e-01 1.67294019e-03 4.18235048e-04 6.99289000e-01
 2.92764534e-03 9.11752405e-02 4.18235048e-04 9.05478879e-01
 0.26181514 0.05102468 0.42534504 0.26181514

MOTIF human_l3_f_84
letter-probability matrix: alength= 4 w= 9 
 0.22570366 0.2700478  0.19144981 0.31279873
 0.54965481 0.10886883 0.01115242 0.33032395
 0.24561869 0.05124801 0.27456187 0.42857143
 0.21269251 0.27854488 0.40334572 0.10541689
 0.20366437 0.39909719 0.17419012 0.22304833
 0.01832183 0.46176314 0.29102496 0.22889007
 0.14869888 0.07249071 0.55284121 0.2259692 
 0.16702071 0.0929368  0.68295273 0.05708975
 0.08470526 0.30350505 0.46415295 0.14763675

MOTIF human_l3_f_85
letter-probability matrix: alength= 4 w= 9 
 0.29216945 0.19255456 0.15147625 0.36379974
 0.3758665  0.13607189 0.21078306 0.27727856
 0.19255456 0.00154044 0.12708601 0.678819  
 0.43902439 0.00154044 0.35455712 0.20487805
 0.33735558 0.01489089 0.34223363 0.3055199 
 0.00102696 0.00154044 0.05442875 0.94300385
 0.49756098 0.04826701 0.43029525 0.02387677
 0.68806162 0.02130937 0.25314506 0.03748395
 0.30192555 0.13761232 0.24852375 0.31193838

MOTIF human_l3_f_86
letter-probability matrix: alength= 4 w= 9 
 0.31246832 0.098074   0.34313229 0.24632539
 0.12290928 0.07830715 0.49670552 0.30207805
 0.4282818  0.30334516 0.004815   0.26355803
 0.21135327 0.36517993 0.23669539 0.18677141
 0.20349721 0.06766346 0.41561075 0.31322859
 0.52660922 0.11657375 0.09959453 0.2572225 
 0.5598074  0.0347187  0.12975165 0.27572225
 0.68195641 0.14445008 0.13253928 0.04105423
 0.36999493 0.04941713 0.25063355 0.32995438

MOTIF human_l3_f_87
letter-probability matrix: alength= 4 w= 9 
 0.3638806  0.11940299 0.30119403 0.21552239
 0.45283582 0.06955224 0.31522388 0.16238806
 0.26925373 0.0441791  0.44268657 0.2438806 
 0.56208955 0.04776119 0.09940299 0.29074627
 0.2041791  0.14447761 0.48597015 0.16537313
 0.34537313 0.06835821 0.07343284 0.51283582
 0.28179104 0.05044776 0.26626866 0.40149254
 0.11164179 0.04925373 0.16686567 0.67223881
 0.26955224 0.00268657 0.3638806  0.3638806 

MOTIF human_l3_f_88
letter-probability matrix: alength= 4 w= 9 
 0.16968085 0.05718085 0.24015957 0.53297872
 0.07154255 0.09521277 0.06994681 0.76329787
 0.12287234 0.01648936 0.36117021 0.49946809
 1.20212766e-01 6.99468085e-02 2.65957447e-04 8.09574468e-01
 0.59760638 0.00452128 0.38510638 0.01276596
 0.22420213 0.19654255 0.01037234 0.56888298
 0.01090426 0.01569149 0.07287234 0.90053191
 0.27526596 0.42287234 0.21675532 0.08510638
 0.32739362 0.0768617  0.17579787 0.41994681

MOTIF human_l3_f_90
letter-probability matrix: alength= 4 w= 9 
 0.17175083 0.09664189 0.23814407 0.49346321
 1.20481928e-02 5.12689054e-04 1.16893104e-01 8.70546014e-01
 0.04562933 0.05767752 0.06946937 0.82722379
 0.56062548 0.01486798 0.26018969 0.16431684
 0.08203025 0.15252499 0.18969495 0.57574981
 0.24634709 0.26916175 0.11022815 0.37426301
 0.04178416 0.08664445 0.20738272 0.66418867
 0.02922328 0.10458857 0.14791079 0.71827736
 0.3747757  0.26788003 0.14919251 0.20815176

MOTIF human_l3_f_93
letter-probability matrix: alength= 4 w= 9 
 0.28153153 0.06906907 0.22922923 0.42017017
 0.31281281 0.1991992  0.16591592 0.32207207
 0.17692693 0.36111111 0.01276276 0.4491992 
 0.43443443 0.18093093 0.27302302 0.11161161
 0.04429429 0.5503003  0.23348348 0.17192192
 0.12712713 0.01601602 0.11061061 0.74624625
 0.08008008 0.00525526 0.7957958  0.11886887
 0.24149149 0.49124124 0.24974975 0.01751752
 0.52802803 0.03153153 0.3988989  0.04154154

MOTIF human_l3_f_94
letter-probability matrix: alength= 4 w= 9 
 0.28958944 0.18804985 0.18695015 0.33541056
 0.24376833 0.24816716 0.24963343 0.25843109
 0.1308651  0.10960411 0.00403226 0.75549853
 0.49156891 0.02749267 0.3207478  0.16019062
 0.49596774 0.00183284 0.29912023 0.20307918
 0.01173021 0.01796188 0.00183284 0.96847507
 5.27126100e-01 3.99560117e-02 4.32551320e-01 3.66568915e-04
 7.43035191e-01 3.66568915e-04 2.40469208e-01 1.61290323e-02
 0.3148827  0.15579179 0.21517595 0.31414956

MOTIF human_l3_f_97
letter-probability matrix: alength= 4 w= 9 
 0.02933985 0.2591687  0.12713936 0.58435208
 0.13691932 0.78973105 0.01711491 0.05623472
 0.94376528 0.05134474 0.00244499 0.00244499
 0.19804401 0.65770171 0.01466993 0.12958435
 0.25427873 0.44743276 0.06845966 0.22982885
 0.66992665 0.15158924 0.02444988 0.15403423
 0.09779951 0.01711491 0.05867971 0.82640587
 0.00244499 0.00488998 0.82885086 0.16381418
 0.0391198  0.19070905 0.34963325 0.4205379 

MOTIF human_l3_f_98
letter-probability matrix: alength= 4 w= 9 
 0.21475996 0.18462717 0.12563841 0.47497446
 0.20760981 0.1578141  0.21629213 0.41828396
 0.02042901 0.20097038 0.21501532 0.56358529
 0.25383044 0.38993871 0.32073544 0.0354954 
 0.33503575 0.1851379  0.09295199 0.38687436
 0.40423902 0.17849847 0.16956078 0.24770174
 0.14530133 0.15423902 0.12997957 0.57048008
 0.2165475  0.05337079 0.48518897 0.24489275
 0.07916241 0.1427477  0.57558733 0.20250255

MOTIF human_l3_f_99
letter-probability matrix: alength= 4 w= 9 
 0.17463788 0.34435638 0.18147035 0.29953539
 0.25799399 0.41678054 0.14047554 0.18474993
 0.25744739 0.11888494 0.22847773 0.39518994
 0.10467341 0.26045368 0.25826729 0.37660563
 0.32194589 0.24897513 0.06121891 0.36786007
 3.02541678e-01 2.73298715e-04 4.81825635e-01 2.15359388e-01
 0.15140749 0.23066412 0.58567915 0.03224925
 0.21863897 0.57857338 0.1057666  0.09702104
 0.13910905 0.2981689  0.29188303 0.27083903

MOTIF human_l3_f_101
letter-probability matrix: alength= 4 w= 9 
 0.7952099  0.09607104 0.06862217 0.04009688
 0.66469322 0.23950484 0.07023681 0.02556512
 0.65285253 0.07185145 0.25968784 0.01560818
 0.46393972 0.1846071  0.12540366 0.22604952
 0.49461787 0.16738428 0.19940797 0.13858988
 0.32938644 0.24946179 0.32965554 0.09149623
 0.4547901  0.01668461 0.49327234 0.03525296
 0.46420883 0.12002153 0.11437029 0.30139935
 0.60441335 0.118676   0.10064586 0.1762648 

MOTIF human_l3_f_102
letter-probability matrix: alength= 4 w= 9 
 0.56372045 0.21916752 0.11536485 0.10174717
 0.44809866 0.19270298 0.02646454 0.33273381
 0.5061665  0.03931141 0.00924974 0.44527235
 0.00385406 0.20298047 0.20375128 0.58941418
 0.0020555  0.46788284 0.09480987 0.4352518 
 0.41778006 0.48586845 0.03108941 0.06526208
 0.82142857 0.05960946 0.0840185  0.03494347
 0.56346351 0.07399794 0.14799589 0.21454265
 0.413926   0.14362795 0.19475848 0.24768756

MOTIF human_l3_f_103
letter-probability matrix: alength= 4 w= 9 
 0.19388271 0.13195147 0.19059656 0.48356926
 0.02502528 0.01541962 0.27376138 0.68579373
 0.20904954 0.39635996 0.11274014 0.28185035
 0.71233569 0.09125379 0.11678463 0.07962588
 0.30889788 0.12209302 0.21789687 0.35111223
 0.53463094 0.239636   0.11046512 0.11526795
 0.63498483 0.239636   0.05409505 0.07128413
 0.49115268 0.16734075 0.22497472 0.11653185
 0.01617796 0.16152679 0.14079879 0.68149646

MOTIF human_l3_f_106
letter-probability matrix: alength= 4 w= 9 
 0.18160742 0.02601752 0.06543019 0.72694487
 7.52189593e-02 2.57599176e-04 3.99278722e-02 8.84595569e-01
 0.04894384 0.001288   0.54276146 0.4070067 
 4.37918599e-03 2.57599176e-04 6.69757857e-03 9.88665636e-01
 2.57599176e-04 2.57599176e-04 2.39567233e-01 7.59917568e-01
 0.00257599 0.00489438 0.45260175 0.53992787
 1.52498712e-01 2.57599176e-04 2.70479134e-02 8.20195775e-01
 3.96702731e-02 2.57599176e-04 2.62751159e-02 9.33797012e-01
 0.09608449 0.01468315 0.00540958 0.88382277

MOTIF human_l3_f_108
letter-probability matrix: alength= 4 w= 9 
 0.46953047 0.11388611 0.05569431 0.36088911
 0.2982018  0.34215784 0.15634366 0.2032967 
 0.36113886 0.40534466 0.01723277 0.21628372
 0.45304695 0.2495005  0.15384615 0.14360639
 0.29495504 0.27647353 0.13361638 0.29495504
 0.40684316 0.24275724 0.00724276 0.34315684
 0.63161838 0.14585415 0.0984016  0.12412587
 0.12887113 0.11788212 0.45304695 0.3001998 
 0.37137862 0.22502498 0.37662338 0.02697303

MOTIF human_l3_f_110
letter-probability matrix: alength= 4 w= 9 
 0.12853742 0.20470775 0.07193864 0.59481619
 0.34594023 0.1449352  0.23168474 0.27743983
 0.29568897 0.09706427 0.28907696 0.3181698 
 0.00158688 0.01824914 0.01930706 0.96085692
 0.36895001 0.0214229  0.6027506  0.00687649
 8.01904258e-01 2.88283523e-02 1.69002909e-01 2.64480296e-04
 0.37503306 0.21846072 0.08066649 0.32583972
 0.24332187 0.21502248 0.16291986 0.37873578
 0.23247818 0.22295689 0.23803227 0.30653266

MOTIF human_l3_f_111
letter-probability matrix: alength= 4 w= 9 
 0.23951049 0.26773227 0.10914086 0.38361638
 0.3041958  0.30569431 0.03496503 0.35514486
 0.35639361 0.15609391 0.00074925 0.48676324
 0.22852148 0.10414585 0.01473526 0.6525974 
 0.19030969 0.23801199 0.02697303 0.54470529
 0.59265734 0.20704296 0.00724276 0.19305694
 0.52972028 0.14585415 0.01623377 0.30819181
 0.43156843 0.23251748 0.11113886 0.22477522
 0.56143856 0.28671329 0.01323676 0.13861139

MOTIF human_l3_f_112
letter-probability matrix: alength= 4 w= 9 
 0.03096867 0.32157004 0.09578682 0.55167447
 0.21065898 0.16564638 0.08426359 0.53943104
 0.0889449  0.29096147 0.23118473 0.38890889
 0.02412676 0.38278718 0.11631257 0.4767735 
 0.22614332 0.0417717  0.33165286 0.40043212
 0.08210299 0.03348938 0.64854159 0.23586604
 0.01800504 0.53222902 0.02736766 0.42239827
 0.16060497 0.11343176 0.12243428 0.60352899
 0.01404393 0.02124595 0.35145841 0.61325171

MOTIF human_l3_f_113
letter-probability matrix: alength= 4 w= 9 
 0.47602829 0.30783338 0.14304428 0.07309405
 0.4610951  0.15457165 0.20644485 0.17788839
 0.39717055 0.13649463 0.2889704  0.17736442
 0.35132303 0.45323553 0.07885774 0.1165837 
 0.54021483 0.15823946 0.03955986 0.26198585
 0.277705   0.01178936 0.2111606  0.49934504
 0.02567461 0.11867959 0.37830757 0.47733822
 0.05632696 0.07257008 0.55331412 0.31778884
 0.09903065 0.14985591 0.27482316 0.47629028

MOTIF human_l3_f_114
letter-probability matrix: alength= 4 w= 9 
 0.28128128 0.1498999  0.27377377 0.29504505
 0.61436436 0.00475475 0.01401401 0.36686687
 2.50250250e-04 1.66166166e-01 1.57657658e-02 8.17817818e-01
 0.08333333 0.08683684 0.65815816 0.17167167
 0.13263263 0.26351351 0.21521522 0.38863864
 0.20695696 0.28703704 0.16741742 0.33858859
 0.22422422 0.22047047 0.11711712 0.43818819
 0.2545045  0.30105105 0.27227227 0.17217217
 0.15590591 0.09209209 0.2012012  0.5508008 

MOTIF human_l3_f_115
letter-probability matrix: alength= 4 w= 9 
 0.47217953 0.14694128 0.0863818  0.29449739
 0.02766677 0.34122349 0.0648632  0.56624654
 0.0611743  0.17460805 0.35505687 0.40916077
 0.00553335 0.08668921 0.13771903 0.77005841
 0.02121119 0.08668921 0.43375346 0.45834614
 0.18905626 0.16415616 0.32831233 0.31847525
 0.2265601  0.09683369 0.2554565  0.42114971
 0.20750077 0.50476483 0.16415616 0.12357824
 0.23117123 0.1152782  0.26836766 0.38518291

MOTIF human_l3_f_118
letter-probability matrix: alength= 4 w= 9 
 0.47455404 0.18363064 0.14375656 0.19805876
 0.61280168 0.08132214 0.0889297  0.21694648
 0.27701994 0.22586569 0.32135362 0.17576076
 0.73452256 0.0275446  0.05666317 0.18126967
 0.06086044 0.23006296 0.47298006 0.23609654
 0.5089192  0.02623295 0.01678909 0.44805876
 0.02177335 0.03331584 0.75209864 0.19281217
 0.31636936 0.02229801 0.06269675 0.59863589
 0.1610703  0.11070304 0.38142707 0.34679958

MOTIF human_l3_f_119
letter-probability matrix: alength= 4 w= 9 
 0.49432955 0.22014676 0.07538359 0.21014009
 0.245497   0.51967979 0.11140761 0.12341561
 0.59439626 0.15343562 0.17278185 0.07938626
 0.36957972 0.03935957 0.26350901 0.3275517 
 0.11074049 0.34289526 0.04336224 0.503002  
 0.00200133 0.00333556 0.15010007 0.84456304
 0.59439626 0.05136758 0.07871915 0.27551701
 0.69513009 0.03268846 0.16744496 0.10473649
 0.26017345 0.10473649 0.09806538 0.53702468

MOTIF human_l3_f_122
letter-probability matrix: alength= 4 w= 9 
 0.09704527 0.39333153 0.16210355 0.34751965
 2.71076172e-04 4.36703714e-01 9.35212795e-02 4.69503931e-01
 0.09487666 0.04879371 0.30658715 0.54974248
 0.04147465 0.13608024 0.17050691 0.65193819
 0.20195175 0.00135538 0.34182705 0.45486582
 0.05936568 0.1854161  0.02195717 0.73326105
 0.20439143 0.01002982 0.31336406 0.47221469
 0.07183519 0.22499322 0.07671456 0.62645703
 0.0932502  0.33721876 0.25264299 0.31688805

MOTIF human_l3_f_125
letter-probability matrix: alength= 4 w= 9 
 0.22464769 0.17933131 0.23100304 0.36501796
 0.42636087 0.27963526 0.06300083 0.23100304
 0.6330478 0.0768168 0.2887538 0.0013816
 2.76319425e-04 2.76319425e-04 1.28488533e-01 8.70958828e-01
 0.10196187 0.10196187 0.12572534 0.67035093
 0.25614811 0.03647416 0.2674772  0.43990053
 0.15197568 0.09643548 0.07654048 0.67504836
 0.75324675 0.19010776 0.00386847 0.05277701
 0.00580271 0.01575021 0.02625035 0.95219674

MOTIF human_l3_f_128
letter-probability matrix: alength= 4 w= 9 
 0.20554446 0.16008991 0.16208791 0.47227772
 0.49050949 0.11738262 0.00549451 0.38661339
 0.37162837 0.10264735 0.00174825 0.52397602
 0.2047952  0.06318681 0.35864136 0.37337662
 0.3484016  0.13036963 0.28571429 0.23551449
 0.4473027 0.2002997 0.003996  0.3484016
 0.503996   0.02072927 0.17507493 0.3001998 
 0.39210789 0.03796204 0.18406593 0.38586414
 0.16633367 0.18981019 0.12337662 0.52047952

MOTIF human_l3_f_134
letter-probability matrix: alength= 4 w= 9 
 0.00668524 0.19108635 0.27910864 0.52311978
 0.20167131 0.10752089 0.25013928 0.44066852
 0.04902507 0.20111421 0.20278552 0.54707521
 0.31977716 0.38272981 0.02339833 0.27409471
 0.33704735 0.02618384 0.18384401 0.45292479
 0.00278552 0.08690808 0.60724234 0.30306407
 0.17437326 0.18774373 0.04066852 0.59721448
 0.01671309 0.03509749 0.62841226 0.31977716
 0.0902507  0.28133705 0.42284123 0.20557103

MOTIF human_l3_f_136
letter-probability matrix: alength= 4 w= 9 
 0.09390863 0.11167513 0.41116751 0.38324873
 0.08883249 0.22335025 0.47969543 0.20812183
 0.7715736  0.00507614 0.22081218 0.00253807
 0.02030457 0.86040609 0.10152284 0.0177665 
 0.00253807 0.26649746 0.00253807 0.7284264 
 0.00253807 0.2715736  0.00761421 0.71827411
 0.54822335 0.36294416 0.04568528 0.04314721
 0.07614213 0.76903553 0.04822335 0.10659898
 0.00253807 0.60152284 0.12182741 0.27411168

MOTIF human_l3_f_139
letter-probability matrix: alength= 4 w= 9 
 0.43907501 0.17491847 0.15653721 0.22946932
 0.14764305 0.24903647 0.09902164 0.50429884
 0.27631189 0.04773199 0.1672102  0.50874592
 0.24814705 0.24607175 0.0613697  0.4444115 
 0.2508153  0.40112659 0.04239549 0.30566261
 0.56033205 0.08241921 0.13133709 0.22591165
 0.44885858 0.31396383 0.01304477 0.22413282
 0.59146161 0.06552031 0.27334717 0.06967092
 0.65253484 0.09279573 0.17136081 0.08330863

MOTIF human_l3_f_140
letter-probability matrix: alength= 4 w= 9 
 0.07117882 0.46103896 0.16408591 0.3036963 
 0.17707293 0.19455544 0.17332667 0.45504496
 0.02397602 0.00874126 0.73226773 0.23501499
 0.08191808 0.18181818 0.48751249 0.24875125
 0.11013986 0.26098901 0.2465035  0.38236763
 0.37387612 0.12862138 0.20729271 0.29020979
 0.03696304 0.33741259 0.22852148 0.3971029 
 0.17807193 0.36988012 0.00549451 0.44655345
 0.36763237 0.34665335 0.02972028 0.25599401

MOTIF human_l3_f_142
letter-probability matrix: alength= 4 w= 9 
 0.1598825  0.00419639 0.02098196 0.81493915
 4.19639110e-04 4.19639110e-04 4.19639110e-04 9.98741083e-01
 1.67855644e-03 4.19639110e-04 4.32228284e-02 9.54678976e-01
 4.19639110e-02 4.19639110e-04 2.93747377e-03 9.54678976e-01
 0.0193034  0.00251783 0.06294587 0.9152329 
 0.00713386 0.01216953 0.03189257 0.94880403
 0.01007134 0.00461603 0.05832984 0.92698279
 0.02475871 0.00503567 0.14813261 0.82207302
 0.05287453 0.00335711 0.34200587 0.60176248

MOTIF human_l3_f_143
letter-probability matrix: alength= 4 w= 9 
 0.22378341 0.11994517 0.02467443 0.63159698
 0.2131597  0.11514736 0.07745031 0.59424263
 0.2121316  0.21007539 0.02227553 0.55551748
 2.86497601e-01 7.12131597e-01 1.02810144e-03 3.42700480e-04
 0.1429061  0.1459904  0.51336532 0.19773818
 0.08978753 0.5010281  0.21795751 0.19122687
 0.31014393 0.0740233  0.30500343 0.31082934
 0.38827964 0.01884853 0.3588074  0.23406443
 0.46161755 0.16072653 0.01713502 0.3605209 

MOTIF human_l3_f_145
letter-probability matrix: alength= 4 w= 9 
 0.0343303  0.10039012 0.09908973 0.76618986
 0.1550065  0.07412224 0.42002601 0.35084525
 3.64109233e-03 1.93758127e-01 2.60078023e-04 8.02340702e-01
 0.37555267 0.06553966 0.0793238  0.47958388
 0.05825748 0.07724317 0.04395319 0.82054616
 9.44343303e-01 2.60078023e-04 5.51365410e-02 2.60078023e-04
 0.02990897 0.17945384 0.0520156  0.73862159
 0.13263979 0.12561769 0.33107932 0.4106632 
 0.43172952 0.08686606 0.24577373 0.23563069

MOTIF human_l3_f_150
letter-probability matrix: alength= 4 w= 9 
 0.27540984 0.20936768 0.27915691 0.23606557
 0.3030445  0.0323185  0.56393443 0.10070258
 0.36908665 0.46276347 0.14613583 0.02201405
 1.13348946e-01 6.83840749e-01 2.02341920e-01 4.68384075e-04
 0.16159251 0.8028103  0.01826698 0.01733021
 0.27259953 0.70444965 0.02154567 0.00140515
 0.43512881 0.52412178 0.02014052 0.0206089 
 0.31662763 0.04543326 0.34519906 0.29274005
 0.38922717 0.2529274  0.20374707 0.15409836

MOTIF human_l3_f_151
letter-probability matrix: alength= 4 w= 9 
 0.02473498 0.07420495 0.01630878 0.88475129
 0.26583311 0.07257407 0.3745583  0.28703452
 0.54063604 0.15493341 0.04512096 0.25930959
 0.40364229 0.08942647 0.25414515 0.25278608
 0.27181299 0.39929329 0.05137266 0.27752107
 0.01386246 0.0021745  0.52133732 0.46262571
 0.55694482 0.15411797 0.13237293 0.15656428
 0.43055178 0.04675183 0.2552324  0.26746398
 0.39711878 0.05517804 0.09160098 0.4561022 

MOTIF human_l3_f_154
letter-probability matrix: alength= 4 w= 9 
 0.17101828 0.10861619 0.37937337 0.34099217
 0.06710183 0.44464752 0.12480418 0.36344648
 0.21253264 0.03394256 0.40522193 0.34830287
 2.61096606e-04 6.39686684e-02 3.48563969e-01 5.87206266e-01
 0.05065274 0.10052219 0.18825065 0.66057441
 0.0535248  0.15718016 0.12532637 0.66396867
 0.27441253 0.03629243 0.00417755 0.68511749
 3.08093995e-01 2.61096606e-04 6.73629243e-02 6.24281984e-01
 0.0232376  0.04830287 0.06710183 0.8613577 

MOTIF human_l3_f_155
letter-probability matrix: alength= 4 w= 9 
 0.2003663  0.25604396 0.296337   0.24725275
 0.31538462 0.14761905 0.36043956 0.17655678
 0.3974359  0.05091575 0.25347985 0.2981685 
 0.15494505 0.16227106 0.33076923 0.35201465
 3.66300366e-04 3.66300366e-04 3.66300366e-04 9.98901099e-01
 2.93406593e-01 3.66300366e-04 7.05860806e-01 3.66300366e-04
 8.65201465e-01 3.66300366e-04 1.34065934e-01 3.66300366e-04
 0.28791209 0.27875458 0.21465201 0.21868132
 0.35457875 0.17069597 0.22454212 0.25018315

MOTIF human_l3_f_158
letter-probability matrix: alength= 4 w= 9 
 0.17180277 0.18002054 0.17873652 0.46944016
 0.21879815 0.21545968 0.04982024 0.51592193
 0.01361068 0.14817668 0.32383154 0.5143811 
 0.32665639 0.13122753 0.22727273 0.31484335
 0.31972265 0.1874679  0.20749872 0.28531073
 7.67847971e-02 2.56805342e-04 7.44735490e-03 9.15511043e-01
 3.64149974e-01 2.56805342e-04 4.85618901e-01 1.49974319e-01
 0.73240883 0.02465331 0.13097072 0.11196713
 0.13071392 0.05367232 0.24268105 0.57293272

MOTIF human_l3_f_160
letter-probability matrix: alength= 4 w= 9 
 0.25124875 0.15184815 0.22977023 0.36713287
 0.60989011 0.07967033 0.00724276 0.3031968 
 0.18581419 0.18981019 0.00674326 0.61763237
 0.02272727 0.03271728 0.22502498 0.71953047
 0.00549451 0.17282717 0.03546454 0.78621379
 0.01323676 0.00274725 0.78471528 0.1993007 
 0.07592408 0.17882118 0.08641359 0.65884116
 0.2485015  0.1451049  0.07392607 0.53246753
 0.14460539 0.12987013 0.09065934 0.63486513

MOTIF human_l3_f_161
letter-probability matrix: alength= 4 w= 9 
 0.09402597 0.50805195 0.06883117 0.32909091
 0.08155844 0.4238961  0.00415584 0.49038961
 0.04727273 0.35558442 0.25142857 0.34571429
 0.07584416 0.6012987  0.13844156 0.18441558
 0.29116883 0.10987013 0.10623377 0.49272727
 0.39428571 0.10623377 0.11064935 0.38883117
 0.45116883 0.12467532 0.3612987  0.06285714
 0.22597403 0.24       0.32337662 0.21064935
