MEME version 5.4.1

ALPHABET= ACGT

strands: + -

Background letter frequencies
A 0.25 C 0.25 G 0.25 T 0.25

MOTIF human_l3_f_0
letter-probability matrix: alength= 4 w= 9 
 0.18946825 0.18224058 0.06917914 0.55911203
 0.20986061 0.1019618  0.6011874  0.08699019
 0.34124935 0.15797625 0.14068147 0.36009293
 0.29530201 0.13293753 0.29065565 0.2811048 
 0.0854414  0.21037687 0.11848219 0.58569954
 0.02503872 0.34925142 0.42901394 0.19669592
 0.21295818 0.40474961 0.17836861 0.20392359
 0.28187919 0.21966959 0.32266391 0.1757873 
 0.33763552 0.36035106 0.12570986 0.17630356

MOTIF human_l3_f_4
letter-probability matrix: alength= 4 w= 9 
 0.02075859 0.22911328 0.05561251 0.69451563
 0.13787801 0.07457714 0.11301896 0.67452588
 0.14249103 0.47283444 0.1101999  0.27447463
 0.27191184 0.09149154 0.33956945 0.29702717
 0.1537673  0.12788314 0.23347002 0.48487955
 0.32009226 0.02819067 0.54049206 0.11122501
 0.10814967 0.12916453 0.02255254 0.74013326
 0.05433111 0.13377755 0.58072783 0.23116351
 0.17247565 0.14172219 0.18990261 0.49589954

MOTIF human_l3_f_5
letter-probability matrix: alength= 4 w= 9 
 0.38368056 0.26591435 0.17708333 0.17332176
 0.52690972 0.19299769 0.1400463  0.1400463 
 0.23929398 0.00173611 0.04542824 0.71354167
 0.40885417 0.01099537 0.39380787 0.18634259
 0.68344907 0.0697338  0.13744213 0.109375  
 0.43923611 0.29918981 0.1166088  0.14496528
 0.22887731 0.32928241 0.1166088  0.32523148
 0.34230324 0.10300926 0.03935185 0.51533565
 0.45746528 0.11168981 0.14380787 0.28703704

MOTIF human_l3_f_13
letter-probability matrix: alength= 4 w= 9 
 0.08986175 0.08064516 0.06451613 0.76497696
 0.04953917 0.19009217 0.07142857 0.68894009
 0.609447   0.00115207 0.38824885 0.00115207
 0.10253456 0.08179724 0.25345622 0.56221198
 0.1140553  0.06912442 0.00230415 0.81451613
 0.73732719 0.00115207 0.09792627 0.16359447
 0.13018433 0.00115207 0.00115207 0.86751152
 0.05990783 0.01958525 0.15898618 0.76152074
 0.44470046 0.06105991 0.0264977  0.46774194

MOTIF human_l3_f_15
letter-probability matrix: alength= 4 w= 9 
 0.05194805 0.30744256 0.33741259 0.3031968 
 0.03696304 0.33716284 0.21728272 0.40859141
 0.01123876 0.00599401 0.02447552 0.95829171
 0.02497502 0.0492008  0.42757243 0.49825175
 0.27622378 0.04470529 0.14060939 0.53846154
 0.20929071 0.08866134 0.002997   0.69905095
 0.03321678 0.33066933 0.06143856 0.57467532
 0.0501998  0.22327672 0.13511489 0.59140859
 0.10739261 0.30919081 0.13336663 0.45004995

MOTIF human_l3_f_16
letter-probability matrix: alength= 4 w= 9 
 0.33666334 0.12712288 0.18306693 0.35314685
 0.18856144 0.11313686 0.58541459 0.11288711
 3.04445554e-01 2.49750250e-04 5.06993007e-01 1.88311688e-01
 4.19580420e-01 5.13236763e-01 2.49750250e-04 6.69330669e-02
 0.03546454 0.3479021  0.37537463 0.24125874
 7.87212787e-01 4.97002997e-02 2.49750250e-04 1.62837163e-01
 0.17257742 0.50749251 0.04395604 0.27597403
 0.12987013 0.30794206 0.1535964  0.40859141
 0.24200799 0.19205794 0.37162837 0.19430569

MOTIF human_l3_f_17
letter-probability matrix: alength= 4 w= 9 
 0.27107062 0.22854973 0.14654518 0.35383447
 0.69552012 0.03037206 0.2080486  0.06605923
 0.28549734 0.00911162 0.53302961 0.17236143
 7.82080486e-02 3.79650721e-03 7.59301443e-04 9.17236143e-01
 0.32422172 0.01670463 0.04631739 0.61275626
 0.00835232 0.10098709 0.03492787 0.85573273
 0.36218679 0.22399393 0.38952164 0.02429765
 0.33864844 0.17463933 0.02429765 0.46241458
 0.09794989 0.25132878 0.24753227 0.40318907

MOTIF human_l3_f_18
letter-probability matrix: alength= 4 w= 9 
 0.05108005 0.03761118 0.05412961 0.85717916
 0.13290978 0.10038119 0.51181703 0.25489199
 0.21296061 0.06149936 0.17102922 0.5545108 
 0.30876747 0.03074968 0.01143583 0.64904701
 0.00559085 0.25031766 0.01016518 0.7339263 
 0.17102922 0.5905972  0.04777637 0.1905972 
 0.12325286 0.12426938 0.05438374 0.69809403
 0.34053367 0.05336722 0.40279543 0.20330368
 0.13621347 0.10851334 0.11003812 0.64523507

MOTIF human_l3_f_19
letter-probability matrix: alength= 4 w= 9 
 0.18912049 0.0045755  0.08083376 0.72547026
 3.99084901e-02 7.62582613e-04 1.11845450e-02 9.48144382e-01
 5.54143366e-02 2.54194204e-04 2.28774784e-01 7.15556685e-01
 0.01677682 0.00305033 0.01499746 0.96517539
 0.06609049 0.05210981 0.28596848 0.59583122
 0.06024403 0.03762074 0.0307575  0.87137773
 2.40721912e-01 3.05033045e-03 2.54194204e-04 7.55973564e-01
 0.07397051 0.06075241 0.06456533 0.80071174
 0.37697001 0.03685816 0.22674123 0.3594306 

MOTIF human_l3_f_20
letter-probability matrix: alength= 4 w= 9 
 0.12337662 0.01323676 0.20554446 0.65784216
 0.4040959  0.18281718 0.07467532 0.33841159
 0.08791209 0.02847153 0.23376623 0.64985015
 0.38236763 0.01323676 0.28246753 0.32192807
 0.32067932 0.07467532 0.07967033 0.52497502
 2.49750250e-04 7.49250749e-04 9.99000999e-03 9.89010989e-01
 0.03421578 0.01973027 0.00424575 0.94180819
 0.79170829 0.05544456 0.02822178 0.12462537
 0.01423576 0.04845155 0.02747253 0.90984016

MOTIF human_l3_f_21
letter-probability matrix: alength= 4 w= 9 
 0.19272514 0.15136404 0.28688765 0.36902317
 2.93341156e-04 2.38779701e-01 1.17336462e-03 7.59753593e-01
 0.78234086 0.01701379 0.13640364 0.06424171
 0.26723379 0.02581402 0.5687885  0.13816368
 0.24611323 0.18803168 0.22587269 0.3399824 
 0.13317688 0.29392784 0.09797595 0.47491933
 0.05368143 0.09034908 0.29334116 0.56262834
 0.35200939 0.27926078 0.05221473 0.31651511
 0.22117923 0.3085949  0.11293634 0.35728953

MOTIF human_l3_f_22
letter-probability matrix: alength= 4 w= 9 
 0.24081787 0.22188565 0.18212798 0.3551685 
 0.25785687 0.1601666  0.24006058 0.34191594
 0.10412722 0.00795153 0.05035971 0.83756153
 0.5119273  0.04392276 0.3722075  0.07194245
 0.57894737 0.00189322 0.3108671  0.10829231
 0.03900038 0.08973874 0.03218478 0.83907611
 0.60015146 0.06967058 0.30102234 0.02915562
 0.58084059 0.0306702  0.35441121 0.034078  
 0.23741007 0.15940931 0.26088603 0.34229459

MOTIF human_l3_f_23
letter-probability matrix: alength= 4 w= 9 
 0.17675607 0.19106003 0.13639847 0.49578544
 0.29936143 0.41634738 0.19003831 0.09425287
 0.19233716 0.08224777 0.41021711 0.31519796
 0.3844189  0.05057471 0.05287356 0.51213282
 0.61251596 0.02145594 0.03243934 0.33358876
 0.10574713 0.06283525 0.5954023  0.23601533
 0.12234994 0.19208174 0.3164751  0.36909323
 0.26181354 0.27075351 0.22247765 0.2449553 
 0.37803321 0.24572158 0.24418902 0.13205619

MOTIF human_l3_f_24
letter-probability matrix: alength= 4 w= 9 
 0.16392479 0.06962397 0.15423032 0.61222092
 0.45035253 0.06844888 0.33284371 0.14835488
 0.53965922 0.06227967 0.26733255 0.13072855
 0.22884841 0.08049354 0.07814336 0.61251469
 0.40041128 0.07079906 0.34576968 0.18301998
 0.52555817 0.12514689 0.19212691 0.15716804
 0.10693302 0.01439483 0.08842538 0.79024677
 0.75851939 0.0640423  0.14189189 0.03554642
 0.57226792 0.02262045 0.36692127 0.03819036

MOTIF human_l3_f_26
letter-probability matrix: alength= 4 w= 9 
 0.21898184 0.09183935 0.3727296  0.31644922
 0.05551292 0.14146841 0.13456127 0.66845741
 0.06318752 0.20260936 0.37349706 0.36070606
 0.15067792 0.06139678 0.09925812 0.68866718
 3.17216679e-02 9.79790228e-02 2.55819903e-04 8.70043489e-01
 0.90176516 0.01253518 0.05730366 0.02839601
 0.01637247 0.61217703 0.12049117 0.25095932
 0.24456383 0.24328473 0.17012024 0.34203121
 0.31158864 0.34177539 0.1015605  0.24507547

MOTIF human_l3_f_27
letter-probability matrix: alength= 4 w= 9 
 0.33509301 0.13323278 0.2139266  0.31774761
 0.17420814 0.17848165 0.24962293 0.39768728
 0.0982906  0.17445953 0.10005028 0.6271996 
 0.40447461 0.0982906  0.20286576 0.29436903
 0.39919558 0.17823027 0.24233283 0.18024133
 0.00527903 0.0462544  0.06485671 0.88360985
 3.82101559e-01 5.02765209e-04 5.37707391e-01 7.96882856e-02
 0.79889392 0.01935646 0.17797888 0.00377074
 0.2918552  0.11940674 0.2933635  0.29537456

MOTIF human_l3_f_30
letter-probability matrix: alength= 4 w= 9 
 0.25178026 0.10300102 0.53992879 0.10528993
 0.04501526 0.27288911 0.11851475 0.56358087
 0.13987792 0.20549339 0.18463886 0.46998983
 0.08494405 0.07985758 0.44175992 0.39343845
 0.38479145 0.16632757 0.16785351 0.28102747
 0.48931841 0.13987792 0.19074262 0.18006104
 0.01703967 0.03128179 0.06408952 0.88758901
 0.09918616 0.35122075 0.34409969 0.20549339
 0.42548321 0.19532045 0.1569176  0.22227874

MOTIF human_l3_f_36
letter-probability matrix: alength= 4 w= 9 
 0.04289216 0.31709559 0.15134804 0.48866422
 0.01102941 0.70680147 0.11335784 0.16881127
 0.18137255 0.44393382 0.23253676 0.14215686
 0.01960784 0.20373775 0.50459559 0.27205882
 0.62009804 0.00520833 0.10998775 0.26470588
 0.1439951  0.0435049  0.20496324 0.60753676
 0.12591912 0.19515931 0.27726716 0.40165441
 0.13848039 0.19914216 0.18198529 0.48039216
 0.19332108 0.35723039 0.13480392 0.31464461

MOTIF human_l3_f_39
letter-probability matrix: alength= 4 w= 9 
 0.05621216 0.10982992 0.14788123 0.68607668
 0.18939176 0.09599308 0.38368406 0.3309311 
 0.14471029 0.27298933 0.07956183 0.50273854
 2.88267512e-04 4.82848083e-01 3.74747766e-03 5.13116172e-01
 0.03660997 0.03199769 0.29259152 0.63880081
 0.02680888 0.07956183 0.60651485 0.28711444
 0.04871721 0.33064284 0.37128856 0.2493514 
 0.09484001 0.1597002  0.24502739 0.5004324 
 0.12827904 0.10348804 0.2626117  0.50562122

MOTIF human_l3_f_40
letter-probability matrix: alength= 4 w= 9 
 0.34215784 0.40234765 0.07717283 0.17832168
 0.17682318 0.40584416 0.38911089 0.02822178
 0.43856144 0.10764236 0.35939061 0.09440559
 0.13161838 0.24050949 0.16283716 0.46503497
 0.46703297 0.09090909 0.31918082 0.12287712
 0.24200799 0.03971029 0.30769231 0.41058941
 0.25324675 0.15634366 0.27447552 0.31593407
 0.17332667 0.28896104 0.33916084 0.19855145
 0.10539461 0.20604396 0.5511988  0.13736264

MOTIF human_l3_f_47
letter-probability matrix: alength= 4 w= 9 
 0.33817904 0.12624331 0.08798776 0.4475899 
 0.17776078 0.66182096 0.01530222 0.14511604
 0.22545269 0.01989288 0.11757205 0.63708238
 0.05151747 0.09487376 0.52257077 0.331038  
 0.17317011 0.14078041 0.12649834 0.55955113
 0.26702372 0.18107626 0.29456771 0.25733231
 0.46187197 0.04820199 0.33843407 0.15149197
 0.57357817 0.08492731 0.25325172 0.0882428 
 0.43330783 0.18923744 0.19306299 0.18439174

MOTIF human_l3_f_49
letter-probability matrix: alength= 4 w= 9 
 0.21002266 0.17678167 0.27574918 0.33744649
 0.06925208 0.25207756 0.13447494 0.54419542
 0.01007303 0.19038026 0.42810375 0.37144296
 0.0088139  0.52908587 0.41500881 0.04709141
 0.18484009 0.27851926 0.25333669 0.28330395
 0.30017628 0.19264669 0.19818685 0.30899018
 0.38856711 0.01460589 0.12666835 0.47015865
 0.27020902 0.20045329 0.2495593  0.27977839
 0.24150088 0.23898262 0.27373458 0.24578192

MOTIF human_l3_f_50
letter-probability matrix: alength= 4 w= 9 
 0.3400895  0.09212951 0.30508028 0.26270071
 0.54514346 0.11108186 0.04974993 0.29402474
 0.26401685 0.11871545 0.00710713 0.61016057
 0.17899447 0.0184259  0.17767834 0.62490129
 0.48986575 0.06712293 0.02474335 0.41826797
 0.3013951  0.67307186 0.0086865  0.01684654
 0.36167412 0.15898921 0.2403264  0.23901027
 0.230587   0.28902343 0.11266123 0.36772835
 0.24243222 0.12424322 0.31271387 0.32061069

MOTIF human_l3_f_52
letter-probability matrix: alength= 4 w= 9 
 0.00910036 0.14820593 0.51378055 0.32891316
 0.00650026 0.00962038 0.16302652 0.82085283
 0.01794072 0.03484139 0.60036401 0.34685387
 0.41107644 0.01950078 0.15704628 0.4123765 
 0.35439418 0.06864275 0.41679667 0.16016641
 0.58346334 0.0275611  0.07722309 0.31175247
 0.11570463 0.33463339 0.18616745 0.36349454
 0.125065   0.3673947  0.14040562 0.36713469
 0.17186687 0.37779511 0.10686427 0.34347374

MOTIF human_l3_f_53
letter-probability matrix: alength= 4 w= 9 
 0.40883838 0.13535354 0.27373737 0.18207071
 0.24545455 0.15479798 0.45454545 0.14520202
 0.14671717 0.15631313 0.33762626 0.35934343
 0.09116162 0.00252525 0.69318182 0.21313131
 0.4719697  0.16035354 0.06868687 0.2989899 
 0.1770202  0.00151515 0.33863636 0.48282828
 0.10530303 0.28838384 0.36616162 0.24015152
 0.4229798  0.38686869 0.13181818 0.05833333
 0.33308081 0.27727273 0.18030303 0.20934343

MOTIF human_l3_f_55
letter-probability matrix: alength= 4 w= 9 
 0.18540333 0.19129321 0.12957746 0.49372599
 0.44455826 0.1134443  0.26734955 0.17464789
 0.33930858 0.10857875 0.06069142 0.49142125
 0.33137004 0.20947503 0.36107554 0.09807939
 0.56747759 0.14955186 0.16209987 0.12087068
 0.24071703 0.38412292 0.06939821 0.30576184
 0.15185659 0.1206146  0.384379   0.34314981
 0.28169014 0.13367478 0.28553137 0.29910371
 0.48399488 0.0950064  0.39231754 0.02868118

MOTIF human_l3_f_56
letter-probability matrix: alength= 4 w= 9 
 0.01017602 0.55583058 0.02585259 0.40814081
 0.05280528 0.5910341  0.21012101 0.1460396 
 0.23184818 0.32508251 0.09790979 0.34515952
 0.30555556 0.03575358 0.35781078 0.30088009
 0.04455446 0.73514851 0.02530253 0.1949945 
 0.03685369 0.11468647 0.26925193 0.57920792
 0.06023102 0.64741474 0.08305831 0.20929593
 0.18316832 0.71094609 0.07288229 0.0330033 
 0.1430143  0.26842684 0.2169967  0.37156216

MOTIF human_l3_f_58
letter-probability matrix: alength= 4 w= 9 
 0.65950653 0.0467344  0.15616836 0.13759071
 0.80551524 0.07489115 0.087373   0.03222061
 0.60232221 0.05921626 0.16197388 0.17648766
 0.89666183 0.01015965 0.02148041 0.07169811
 0.24644412 0.03570392 0.41306241 0.30478955
 0.495791   0.08940493 0.01219158 0.40261248
 0.42409289 0.00290276 0.21422351 0.35878084
 0.23773585 0.04963716 0.28098694 0.43164006
 0.61480406 0.0850508  0.09840348 0.20174165

MOTIF human_l3_f_59
letter-probability matrix: alength= 4 w= 9 
 0.32828283 0.21212121 0.24494949 0.21464646
 0.23383838 0.42752525 0.13838384 0.20025253
 0.45176768 0.04671717 0.40732323 0.09419192
 0.50025253 0.16186869 0.03257576 0.30530303
 0.25631313 0.25883838 0.12222222 0.36262626
 0.73636364 0.05429293 0.03308081 0.17626263
 0.26666667 0.03535354 0.06338384 0.63459596
 0.26792929 0.05075758 0.61641414 0.06489899
 0.24621212 0.10833333 0.52222222 0.12323232

MOTIF human_l3_f_60
letter-probability matrix: alength= 4 w= 9 
 0.15428571 0.34142857 0.26285714 0.24142857
 0.55821429 0.18321429 0.11357143 0.145     
 0.77428571 0.06607143 0.06571429 0.09392857
 0.59714286 0.1275     0.11285714 0.1625    
 0.0225     0.44535714 0.13035714 0.40178571
 0.00678571 0.395      0.13571429 0.4625    
 0.04642857 0.09607143 0.27535714 0.58214286
 0.0675     0.00428571 0.83892857 0.08928571
 0.19178571 0.20357143 0.44107143 0.16357143

MOTIF human_l3_f_61
letter-probability matrix: alength= 4 w= 9 
 0.22239422 0.28224974 0.24613003 0.24922601
 0.59184727 0.15531476 0.12641899 0.12641899
 0.15634675 0.22187822 0.23581011 0.38596491
 5.15995872e-04 8.46233230e-02 2.06398349e-03 9.12796698e-01
 0.46388029 0.06862745 0.20072239 0.26676987
 0.32610939 0.08617131 0.52425181 0.06346749
 0.33075335 0.01444788 0.48039216 0.1744066 
 0.25335397 0.35190918 0.15221878 0.24251806
 0.01135191 0.1996904  0.72652219 0.0624355 

MOTIF human_l3_f_63
letter-probability matrix: alength= 4 w= 9 
 0.16939341 0.30883463 0.36194312 0.15982884
 0.30833124 0.12836647 0.31009313 0.25320916
 0.00906116 0.39592248 0.17820287 0.41681349
 0.03725145 0.1228291  0.18852253 0.65139693
 0.05839416 0.14044802 0.71079789 0.09035993
 0.53032973 0.16033224 0.21469922 0.09463881
 0.26151523 0.05033979 0.03246917 0.65567581
 0.31890259 0.39265039 0.09438711 0.1940599 
 0.34885477 0.05889756 0.37855525 0.21369242

MOTIF human_l3_f_64
letter-probability matrix: alength= 4 w= 9 
 0.0443769  0.20851064 0.32978723 0.41732523
 0.08206687 0.0881459  0.01945289 0.81033435
 0.04407295 0.04255319 0.58419453 0.32917933
 0.04711246 0.09209726 0.09756839 0.76322188
 0.19392097 0.08966565 0.02553191 0.69088146
 0.19817629 0.03039514 0.14255319 0.62887538
 0.40820669 0.01489362 0.28237082 0.29452888
 0.15440729 0.03495441 0.56808511 0.24255319
 0.28389058 0.08449848 0.16656535 0.46504559

MOTIF human_l3_f_66
letter-probability matrix: alength= 4 w= 9 
 0.10245687 0.32618923 0.13199164 0.43936226
 0.35964454 0.29351803 0.1314689  0.21536853
 0.31965499 0.14871929 0.28044956 0.25117616
 0.01097752 0.05959226 0.01019341 0.9192368 
 0.55175118 0.00705698 0.42733926 0.01385259
 5.26921066e-01 5.72399373e-02 4.15577627e-01 2.61369577e-04
 0.28463147 0.2929953  0.14845792 0.27391532
 0.12754835 0.37088343 0.27783586 0.22373236
 0.15760585 0.23183481 0.39362258 0.21693675

MOTIF human_l3_f_70
letter-probability matrix: alength= 4 w= 9 
 0.43146214 0.05874674 0.11879896 0.39099217
 0.00195822 0.00261097 0.20953003 0.78590078
 0.33681462 0.02349869 0.29503916 0.34464752
 0.44908616 0.07114883 0.44582245 0.03394256
 0.02610966 0.06657963 0.14686684 0.76044386
 0.29112272 0.00652742 0.60509138 0.09725849
 7.93733681e-01 6.52741514e-04 1.44908616e-01 6.07049608e-02
 0.42819843 0.04699739 0.0613577  0.46344648
 0.14490862 0.08159269 0.12206266 0.65143603

MOTIF human_l3_f_71
letter-probability matrix: alength= 4 w= 9 
 0.32442557 0.18356643 0.01348651 0.47852148
 0.36463536 0.0497003  0.03071928 0.55494505
 0.38536464 0.14185814 0.03396603 0.43881119
 0.09665335 0.05544456 0.39260739 0.45529471
 0.20779221 0.16883117 0.32692308 0.29645355
 0.47377622 0.23976024 0.20154845 0.08491508
 0.32292707 0.24775225 0.10314685 0.32617383
 0.36863137 0.38986014 0.10939061 0.13211788
 0.34765235 0.27672328 0.06143856 0.31418581

MOTIF human_l3_f_73
letter-probability matrix: alength= 4 w= 9 
 0.39060939 0.07242757 0.03521479 0.50174825
 0.47727273 0.03046953 0.15084915 0.34140859
 0.23451548 0.18756244 0.31143856 0.26648352
 0.01373626 0.05544456 0.01448551 0.91633367
 0.44380619 0.00749251 0.50174825 0.04695305
 0.76698302 0.01148851 0.15584416 0.06568432
 0.48901099 0.13011988 0.14335664 0.23751249
 0.31993007 0.20929071 0.21603397 0.25474525
 0.26573427 0.17007992 0.22827173 0.33591409

MOTIF human_l3_f_79
letter-probability matrix: alength= 4 w= 9 
 0.24860647 0.25752508 0.23299889 0.26086957
 0.03205128 0.06187291 0.52564103 0.38043478
 0.16917503 0.02814939 0.10785953 0.69481605
 2.78706800e-04 1.75585284e-02 6.45206243e-01 3.36956522e-01
 4.62653289e-02 1.33779264e-02 2.78706800e-04 9.40078038e-01
 0.22352285 0.08667781 0.46153846 0.22826087
 0.61343367 0.0780379  0.04849498 0.26003344
 0.47045708 0.16192865 0.26421405 0.10340022
 0.25473802 0.08082497 0.1680602  0.49637681

MOTIF human_l3_f_80
letter-probability matrix: alength= 4 w= 9 
 0.47009841 0.16300782 0.15594247 0.2109513 
 0.23012869 0.10269997 0.20514762 0.46202372
 0.19934393 0.01539238 0.0547565  0.73050719
 0.24299773 0.00782236 0.40827656 0.34090336
 0.20287661 0.0229624  0.0428968  0.73126419
 0.27327782 0.51198587 0.05828917 0.15644714
 2.24577340e-01 5.04668181e-04 6.23265203e-02 7.12591471e-01
 0.11203634 0.0903356  0.16906384 0.62856422
 0.19707292 0.08554126 0.03305577 0.68433005

MOTIF human_l3_f_83
letter-probability matrix: alength= 4 w= 9 
 0.51554664 0.06544634 0.18355065 0.23545637
 0.14142427 0.04939819 0.29162487 0.51755266
 0.082999   0.29012036 0.03059178 0.59628887
 0.34628887 0.31920762 0.00275827 0.33174524
 0.28711133 0.13239719 0.04889669 0.53159478
 0.65396189 0.02908726 0.00626881 0.31068205
 0.48796389 0.17602808 0.09779338 0.23821464
 0.61308927 0.02432297 0.15772317 0.20486459
 0.43455366 0.07372116 0.1995988  0.29212638

MOTIF human_l3_f_84
letter-probability matrix: alength= 4 w= 9 
 0.31836735 0.20714286 0.14642857 0.32806122
 0.32168367 0.14540816 0.24515306 0.2877551 
 0.09005102 0.05484694 0.18954082 0.66556122
 0.35510204 0.27678571 0.14005102 0.22806122
 0.47423469 0.01964286 0.35484694 0.15127551
 0.02142857 0.00178571 0.01173469 0.96505102
 0.7494898  0.00561224 0.2372449  0.00765306
 6.44642857e-01 5.10204082e-04 3.28061224e-01 2.67857143e-02
 0.23214286 0.1630102  0.25433673 0.3505102 

MOTIF human_l3_f_87
letter-probability matrix: alength= 4 w= 9 
 0.43956044 0.30619381 0.04495504 0.20929071
 0.17432567 0.19805195 0.17957043 0.44805195
 0.10914086 0.02622378 0.32467532 0.53996004
 0.00174825 0.09765235 0.70579421 0.19480519
 0.04345654 0.28921079 0.39685315 0.27047952
 0.44855145 0.21203796 0.18131868 0.15809191
 0.42882118 0.39010989 0.10789211 0.07317682
 0.23476523 0.18831169 0.08466533 0.49225774
 0.53571429 0.18531469 0.13711289 0.14185814

MOTIF human_l3_f_89
letter-probability matrix: alength= 4 w= 9 
 0.05844156 0.28603896 0.3538961  0.30162338
 0.26136364 0.11136364 0.23149351 0.39577922
 0.13149351 0.44415584 0.24220779 0.18214286
 0.35616883 0.48116883 0.12077922 0.04188312
 0.25584416 0.32175325 0.23246753 0.18993506
 0.08798701 0.10032468 0.25811688 0.55357143
 0.37987013 0.10162338 0.11233766 0.40616883
 0.18896104 0.11850649 0.5961039  0.09642857
 0.04545455 0.0724026  0.75292208 0.12922078

MOTIF human_l3_f_91
letter-probability matrix: alength= 4 w= 9 
 0.10589411 0.59390609 0.05969031 0.24050949
 0.3518981  0.21103896 0.04270729 0.39435564
 0.04795205 0.62962038 0.26148851 0.06093906
 1.24875125e-03 5.40209790e-01 2.49750250e-04 4.58291708e-01
 0.04145854 0.24775225 0.502997   0.20779221
 0.01323676 0.40534466 0.21003996 0.37137862
 0.04745255 0.24300699 0.07142857 0.63811189
 0.02697303 0.40634366 0.33491508 0.23176823
 0.15659341 0.21053946 0.38886114 0.24400599

MOTIF human_l3_f_92
letter-probability matrix: alength= 4 w= 9 
 0.42692308 0.30615385 0.21717949 0.04974359
 0.47692308 0.43179487 0.00769231 0.08358974
 0.35461538 0.16384615 0.05948718 0.42205128
 0.30615385 0.15102564 0.05871795 0.48410256
 0.25102564 0.37564103 0.04948718 0.32384615
 0.05307692 0.1325641  0.56666667 0.24769231
 0.44846154 0.13769231 0.22692308 0.18692308
 0.11871795 0.26589744 0.39358974 0.22179487
 0.17641026 0.3074359  0.07153846 0.44461538

MOTIF human_l3_f_93
letter-probability matrix: alength= 4 w= 9 
 0.32647644 0.14664897 0.06337094 0.46350365
 0.10285335 0.10451228 0.33145322 0.46118115
 0.16456536 0.01194426 0.05142668 0.7720637 
 0.44260119 0.00199071 0.53185136 0.02355674
 0.50630392 0.00199071 0.35932316 0.13238222
 1.42003981e-01 3.31785003e-04 4.04114134e-01 4.53550100e-01
 0.25746516 0.03185136 0.44260119 0.26808228
 0.35467817 0.02322495 0.32116788 0.300929  
 0.28832117 0.06337094 0.1526211  0.49568679

MOTIF human_l3_f_94
letter-probability matrix: alength= 4 w= 9 
 0.15509491 0.22677323 0.35264735 0.26548452
 0.36413586 0.0969031  0.32442557 0.21453546
 0.35589411 0.01023976 0.03946054 0.59440559
 0.2952048  0.08666334 0.43081918 0.18731269
 0.28771229 0.01823177 0.25924076 0.43481518
 0.23776224 0.31043956 0.38661339 0.06518482
 0.0467033  0.17532468 0.40184815 0.37612388
 0.3981019  0.23826174 0.07217782 0.29145854
 0.16983017 0.11013986 0.57842158 0.14160839

MOTIF human_l3_f_97
letter-probability matrix: alength= 4 w= 9 
 0.1383293  0.364491   0.30190706 0.19527263
 0.21434327 0.13886651 0.41149611 0.23529412
 0.55627182 0.13000269 0.01128122 0.30244427
 0.24979855 0.10367983 0.07332796 0.57319366
 0.34139135 0.07816277 0.06285254 0.51759334
 0.3166801  0.41310771 0.00832662 0.26188558
 0.42788074 0.07091056 0.20843406 0.29277464
 0.51410153 0.25624496 0.15766855 0.07198496
 0.25329036 0.30727908 0.05345152 0.38597905

MOTIF human_l3_f_99
letter-probability matrix: alength= 4 w= 9 
 0.29068258 0.53438879 0.08642616 0.08850247
 0.63093693 0.16143265 0.1160135  0.09161692
 0.12276148 0.08149494 0.50973268 0.2860109 
 0.11990657 0.4300545  0.05060991 0.39942902
 0.30210226 0.05424345 0.38645212 0.25720218
 0.35946016 0.02024397 0.5112899  0.10900597
 0.29509473 0.18712691 0.34544511 0.17233325
 0.23202699 0.04022839 0.6109525  0.11679211
 0.46197768 0.12950947 0.25019465 0.15831819

MOTIF human_l3_f_101
letter-probability matrix: alength= 4 w= 9 
 0.11598985 0.22360406 0.31269036 0.34771574
 0.15406091 0.15558376 0.30076142 0.38959391
 0.02081218 0.44949239 0.0319797  0.49771574
 0.12106599 0.13401015 0.55558376 0.1893401 
 0.37411168 0.41878173 0.16852792 0.03857868
 0.01218274 0.00304569 0.11827411 0.86649746
 0.50583756 0.35583756 0.03477157 0.1035533 
 0.38324873 0.09898477 0.22538071 0.29238579
 0.33451777 0.2142132  0.28426396 0.16700508

MOTIF human_l3_f_102
letter-probability matrix: alength= 4 w= 9 
 0.1343105  0.39515405 0.243793   0.22674245
 0.22674245 0.11486689 0.37391564 0.28447502
 0.14507927 0.5501047  0.01794795 0.28686808
 0.03380197 0.57702662 0.09632067 0.29285073
 0.38049656 0.1812743  0.40981155 0.02841759
 0.30930302 0.18875262 0.07508226 0.4268621 
 0.07298833 0.47861203 0.09153455 0.35686509
 0.17469339 0.42297338 0.2207598  0.18157344
 0.05833084 0.48967993 0.04845947 0.40352976

MOTIF human_l3_f_104
letter-probability matrix: alength= 4 w= 9 
 0.73386888 0.1427831  0.05364084 0.06970718
 0.19720135 0.28789842 0.06737497 0.44752527
 0.15470329 0.37159886 0.32210417 0.15159368
 0.24773257 0.42083441 0.27597823 0.05545478
 0.01554807 0.18579943 0.24462296 0.55402954
 0.10754081 0.28297486 0.21378595 0.39569837
 0.16791915 0.17051049 0.24928738 0.41228297
 0.12179321 0.10132159 0.05130863 0.72557657
 0.13008551 0.15314848 0.22674268 0.49002332

MOTIF human_l3_f_107
letter-probability matrix: alength= 4 w= 9 
 0.54353493 0.07820647 0.13920751 0.23905109
 0.60297185 0.06621481 0.00469239 0.32612096
 0.29692388 0.0265902  0.00677789 0.66970803
 0.07950991 0.00130344 0.17049009 0.74869656
 0.03128259 0.02372263 0.03623566 0.90875912
 0.0531804  0.01798749 0.60636079 0.32247132
 0.08237748 0.02450469 0.20776851 0.68534932
 0.37565172 0.01929093 0.19577685 0.4092805 
 0.20516163 0.06021898 0.09098019 0.64363921

MOTIF human_l3_f_108
letter-probability matrix: alength= 4 w= 9 
 0.09595579 0.4925898  0.08239136 0.32906305
 0.15649334 0.17834715 0.40567697 0.25948254
 0.04144687 0.34011555 0.29841748 0.3200201 
 0.15272545 0.48781713 0.2755589  0.08389852
 0.30796282 0.12258227 0.29515197 0.27430294
 0.42225571 0.21803567 0.2941472  0.06556142
 0.6395378  0.0552625  0.23210249 0.07309721
 0.70283848 0.14493846 0.03215273 0.12007033
 0.34689776 0.09846772 0.17483044 0.37980407

MOTIF human_l3_f_111
letter-probability matrix: alength= 4 w= 9 
 0.52556912 0.07555262 0.17387001 0.22500825
 0.04157044 0.12702079 0.58429561 0.24711316
 0.60508083 0.36852524 0.02441438 0.00197954
 0.21313098 0.047839   0.32365556 0.41537446
 0.25602112 0.0847905  0.2038931  0.45529528
 0.14021775 0.0847905  0.20851204 0.56647971
 0.29396239 0.00791818 0.33421313 0.3639063 
 3.71494556e-01 1.30979875e-01 4.97195645e-01 3.29924117e-04
 0.38931046 0.15077532 0.28109535 0.17881887

MOTIF human_l3_f_112
letter-probability matrix: alength= 4 w= 9 
 0.65817246 0.03011583 0.22110682 0.09060489
 0.06100386 0.00540541 0.33539254 0.5981982 
 2.57400257e-04 3.88674389e-02 8.23680824e-03 9.52638353e-01
 0.56499356 0.09137709 0.09369369 0.24993565
 0.15881596 0.07284427 0.00823681 0.76010296
 0.67979408 0.02985843 0.00514801 0.28519949
 0.41724582 0.22651223 0.08622909 0.27001287
 0.15109395 0.03243243 0.37194337 0.44453024
 0.24401544 0.10836551 0.26023166 0.38738739

MOTIF human_l3_f_114
letter-probability matrix: alength= 4 w= 9 
 0.1640984  0.20113544 0.41524736 0.21951879
 0.12516896 0.15706948 0.03919978 0.67856177
 0.02703433 0.4379562  0.12706137 0.40794809
 0.1073263  0.08191403 0.14814815 0.66261152
 0.00162206 0.0100027  0.38686131 0.60151392
 0.04541768 0.00351446 0.43957826 0.51148959
 0.02054609 0.12300622 0.33928089 0.5171668 
 0.24195729 0.18978102 0.03730738 0.53095431
 0.10164909 0.15490673 0.05028386 0.69316031

MOTIF human_l3_f_116
letter-probability matrix: alength= 4 w= 9 
 0.38799891 0.137388   0.33152321 0.14308987
 0.19685039 0.41895194 0.28970948 0.09448819
 0.13575889 0.10263372 0.11322292 0.64838447
 0.01058919 0.02307901 0.92397502 0.04235677
 0.74368721 0.11675265 0.01330437 0.12625577
 0.21395601 0.07466739 0.1618246  0.549552  
 0.46456693 0.24599511 0.00678794 0.28265001
 0.13521586 0.41134944 0.13494434 0.31849036
 0.46130872 0.26038556 0.13114309 0.14716264

MOTIF human_l3_f_120
letter-probability matrix: alength= 4 w= 9 
 0.176951   0.13430127 0.25136116 0.43738657
 0.15789474 0.146098   0.3723533  0.32365396
 0.30278282 0.3399879  0.22534785 0.13188143
 0.09255898 0.32395644 0.3723533  0.21113128
 0.24803388 0.1046582  0.09921355 0.54809437
 0.00665457 0.10344828 0.86963097 0.02026618
 0.26346038 0.15728978 0.16061706 0.41863279
 0.07713249 0.24894132 0.07047792 0.60344828
 0.12704174 0.46370236 0.00816697 0.40108893

MOTIF human_l3_f_121
letter-probability matrix: alength= 4 w= 9 
 0.21378151 0.33277311 0.13277311 0.32067227
 0.18756303 0.15495798 0.15966387 0.49781513
 0.10252101 0.06386555 0.45747899 0.37613445
 6.72268908e-04 8.46722689e-01 3.36134454e-04 1.52268908e-01
 0.24436975 0.14252101 0.38789916 0.22521008
 0.02689076 0.08537815 0.19731092 0.69042017
 1.94957983e-01 3.49579832e-02 3.36134454e-04 7.69747899e-01
 0.00470588 0.08235294 0.3297479  0.58319328
 0.00369748 0.19495798 0.33445378 0.46689076

MOTIF human_l3_f_124
letter-probability matrix: alength= 4 w= 9 
 0.21128871 0.52922078 0.08941059 0.17007992
 0.42707293 0.18556444 0.19380619 0.19355644
 0.11988012 0.47652348 0.29795205 0.10564436
 0.02797203 0.55969031 0.17782218 0.23451548
 0.27272727 0.18506494 0.04695305 0.49525475
 0.01448551 0.02822178 0.2977023  0.65959041
 0.06743257 0.43081918 0.30744256 0.19430569
 0.33691309 0.16933067 0.41608392 0.07767233
 0.26398601 0.25424575 0.26948052 0.21228771

MOTIF human_l3_f_125
letter-probability matrix: alength= 4 w= 9 
 0.08527542 0.36573093 0.11837924 0.43061441
 0.42372881 0.18193856 0.10037076 0.29396186
 0.29528602 0.38532839 0.08580508 0.23358051
 0.8628178  0.01800847 0.04555085 0.07362288
 0.30667373 0.14353814 0.13612288 0.41366525
 0.57759534 0.02568856 0.12023305 0.27648305
 0.17372881 0.25132415 0.53919492 0.03575212
 0.02568856 0.09110169 0.26297669 0.62023305
 0.38241525 0.32997881 0.19226695 0.09533898

MOTIF human_l3_f_126
letter-probability matrix: alength= 4 w= 9 
 0.15646088 0.26218445 0.26668333 0.31467133
 0.32216946 0.31367158 0.05373657 0.31042239
 0.16245939 0.21844539 0.14621345 0.47288178
 0.30467383 0.4503874  0.10497376 0.13996501
 0.08422894 0.32616846 0.15371157 0.43589103
 0.0539865  0.40189953 0.21869533 0.32541865
 0.063984   0.16970757 0.19545114 0.57085729
 0.16770807 0.40314921 0.26668333 0.16245939
 0.15246188 0.16220945 0.24743814 0.43789053

MOTIF human_l3_f_129
letter-probability matrix: alength= 4 w= 9 
 0.23958333 0.29411765 0.21599265 0.25030637
 0.29534314 0.21170343 0.13756127 0.35539216
 0.25704657 0.06678922 0.14613971 0.53002451
 0.2221201  0.07751225 0.09007353 0.61029412
 0.19699755 0.48805147 0.08455882 0.23039216
 0.47947304 0.11182598 0.19883578 0.2098652 
 0.453125   0.11795343 0.27328431 0.15563725
 0.19546569 0.59528186 0.12040441 0.08884804
 0.38909314 0.17555147 0.13449755 0.30085784

MOTIF human_l3_f_130
letter-probability matrix: alength= 4 w= 9 
 0.36366197 0.22985915 0.18535211 0.22112676
 0.62619718 0.27295775 0.02112676 0.07971831
 0.6771831  0.25830986 0.05014085 0.0143662 
 0.43098592 0.26450704 0.20591549 0.09859155
 0.01690141 0.22197183 0.23690141 0.52422535
 1.01690141e-01 2.18873239e-01 5.63380282e-04 6.78873239e-01
 0.52450704 0.41267606 0.00084507 0.06197183
 0.30704225 0.27464789 0.08169014 0.33661972
 0.44169014 0.22929577 0.11464789 0.2143662 

MOTIF human_l3_f_131
letter-probability matrix: alength= 4 w= 9 
 0.09007433 0.05159598 0.027547   0.83078268
 0.34980324 0.01005684 0.31919545 0.32094447
 0.42107564 0.01880192 0.31001312 0.25010931
 0.00306078 0.0323568  0.10668999 0.85789244
 0.34717971 0.06296458 0.57324005 0.01661565
 0.82334937 0.0266725  0.09750765 0.05247049
 0.42326192 0.20725842 0.12549191 0.24398776
 0.30039353 0.13642326 0.18233494 0.38084827
 0.22037604 0.22606034 0.19763883 0.35592479

MOTIF human_l3_f_132
letter-probability matrix: alength= 4 w= 9 
 0.15056818 0.14566116 0.45816116 0.2456095 
 0.06198347 0.01033058 0.21978306 0.70790289
 0.07360537 0.11105372 0.78667355 0.02866736
 0.22856405 0.02117769 0.16193182 0.58832645
 0.08316116 0.13946281 0.31740702 0.45996901
 0.06818182 0.15805785 0.57231405 0.20144628
 0.27040289 0.14746901 0.11002066 0.47210744
 0.26652893 0.0348657  0.2151343  0.48347107
 0.21900826 0.12732438 0.27918388 0.37448347

MOTIF human_l3_f_133
letter-probability matrix: alength= 4 w= 9 
 0.37978831 0.26915323 0.20539315 0.14566532
 0.35685484 0.18623992 0.33341734 0.1234879 
 0.12071573 0.24470766 0.20413306 0.43044355
 0.11466734 0.29359879 0.00252016 0.58921371
 0.14314516 0.09954637 0.56275202 0.19455645
 0.03855847 0.51890121 0.30342742 0.1391129 
 0.09879032 0.65146169 0.046875   0.20287298
 0.05267137 0.56502016 0.0609879  0.32132056
 0.26008065 0.16229839 0.20438508 0.37323589

MOTIF human_l3_f_134
letter-probability matrix: alength= 4 w= 9 
 0.1347464  0.16527883 0.26949281 0.43048196
 0.00277567 0.24627807 0.01741105 0.7335352 
 0.25309109 0.32298764 0.09765329 0.32626798
 0.14938178 0.23568004 0.14988645 0.46505173
 0.13726975 0.23542771 0.0903356  0.53696694
 0.38001514 0.00883169 0.47035074 0.14080242
 0.43704264 0.00706535 0.30229624 0.25359576
 0.45622004 0.08251325 0.30658592 0.1546808 
 0.34140802 0.23063336 0.09260661 0.33535201

MOTIF human_l3_f_135
letter-probability matrix: alength= 4 w= 9 
 0.25024975 0.13336663 0.17307692 0.44330669
 0.13736264 0.03071928 0.55994006 0.27197802
 0.05094905 0.34340659 0.15484515 0.4507992 
 0.48101898 0.07342657 0.41108891 0.03446553
 0.11988012 0.20854146 0.59240759 0.07917083
 0.57467532 0.08041958 0.09815185 0.24675325
 0.4453047  0.03996004 0.2962038  0.21853147
 0.46878122 0.11313686 0.1545954  0.26348651
 0.45604396 0.05894106 0.23051948 0.2544955 

MOTIF human_l3_f_137
letter-probability matrix: alength= 4 w= 9 
 0.31425598 0.18574402 0.31503642 0.18496358
 0.10301769 0.65010406 0.03199792 0.21488033
 0.28407908 0.00078044 0.13891779 0.57622268
 0.43912591 0.14412071 0.00520291 0.41155047
 0.17403746 0.48100937 0.06373569 0.28121748
 0.32700312 0.25520291 0.0119667  0.40582726
 0.33246618 0.11862643 0.31529657 0.23361082
 0.25598335 0.13007284 0.55983351 0.0541103 
 0.19406868 0.16597294 0.35431842 0.28563996

MOTIF human_l3_f_139
letter-probability matrix: alength= 4 w= 9 
 0.00085106 0.22382979 0.06297872 0.71234043
 0.1412766  0.56425532 0.03829787 0.25617021
 0.29021277 0.00085106 0.31404255 0.39489362
 0.13191489 0.43659574 0.38553191 0.04595745
 0.41361702 0.29531915 0.09021277 0.20085106
 0.23148936 0.03148936 0.53191489 0.20510638
 0.6493617  0.11489362 0.08510638 0.1506383 
 0.05021277 0.0212766  0.20170213 0.72680851
 0.46893617 0.15489362 0.03319149 0.34297872

MOTIF human_l3_f_141
letter-probability matrix: alength= 4 w= 9 
 0.05583909 0.07715401 0.10147103 0.76553588
 0.04953467 0.12818973 0.07084959 0.751426  
 0.32812969 0.08015611 0.19573702 0.39597718
 0.37916542 0.25577905 0.08225758 0.28279796
 0.08165716 0.17081957 0.33473431 0.41278895
 0.02611828 0.17652357 0.19723807 0.60012008
 0.16331432 0.0858601  0.44731312 0.30351246
 0.21975383 0.15821075 0.38126689 0.24076854
 0.24166917 0.27138997 0.31972381 0.16721705

MOTIF human_l3_f_143
letter-probability matrix: alength= 4 w= 9 
 0.49093656 0.1223565  0.16817724 0.21852971
 0.38192346 0.24773414 0.18831823 0.18202417
 0.1183283  0.10146022 0.14627392 0.63393756
 0.26208459 0.15080564 0.45996979 0.12713998
 0.18101712 0.08862034 0.34667674 0.3836858 
 0.11354481 0.21626385 0.14149043 0.52870091
 0.31596173 0.0407855  0.2633434  0.37990937
 0.21500504 0.11858006 0.09592145 0.57049345
 0.13821752 0.42900302 0.25805639 0.17472306

MOTIF human_l3_f_144
letter-probability matrix: alength= 4 w= 9 
 0.48295165 0.16208651 0.25699746 0.09796438
 0.24961832 0.22798982 0.13740458 0.38498728
 0.38982188 0.25750636 0.15012723 0.20254453
 0.37964377 0.09465649 0.50788804 0.0178117 
 0.0697201  0.23536896 0.37506361 0.31984733
 0.09287532 0.44198473 0.32875318 0.13638677
 0.35954198 0.23816794 0.05419847 0.3480916 
 0.38473282 0.02468193 0.07811705 0.51246819
 0.17506361 0.12468193 0.0475827  0.65267176

MOTIF human_l3_f_147
letter-probability matrix: alength= 4 w= 9 
 0.27992776 0.21929825 0.09494324 0.40583075
 0.15118679 0.17131063 0.31836945 0.35913313
 0.44246646 0.08152735 0.09881321 0.37719298
 2.57997936e-04 1.88854489e-01 2.47678019e-01 5.63209494e-01
 0.45485036 0.10294118 0.13054696 0.31166151
 0.06140351 0.08926729 0.13854489 0.71078431
 0.48864809 0.04308566 0.00412797 0.46413829
 0.06578947 0.05237358 0.10139319 0.78044376
 0.1501548  0.07249742 0.29540764 0.48194014

MOTIF human_l3_f_148
letter-probability matrix: alength= 4 w= 9 
 0.49249173 0.0633749  0.14252991 0.30160346
 0.01221685 0.43777043 0.00254518 0.54746755
 0.19012471 0.24586409 0.41689997 0.14711122
 0.33367269 0.17179944 0.12267753 0.37185034
 0.16670909 0.12878595 0.12165946 0.58284551
 0.08093663 0.07228302 0.26597098 0.58080937
 0.39450242 0.06744719 0.33265462 0.20539578
 0.32120132 0.15474675 0.12064138 0.40341054
 0.34054467 0.07711886 0.19928735 0.38304912

MOTIF human_l3_f_149
letter-probability matrix: alength= 4 w= 9 
 0.65607804 0.16508254 0.10955478 0.06928464
 0.36943472 0.16283142 0.16808404 0.29964982
 0.01950975 0.512006   0.04077039 0.42771386
 0.15382691 0.35192596 0.10005003 0.3941971 
 0.09929965 0.36943472 0.16383192 0.36743372
 0.16258129 0.33366683 0.18609305 0.31765883
 0.36143072 0.26663332 0.07203602 0.29989995
 0.26113057 0.12206103 0.08504252 0.53176588
 0.19034517 0.08504252 0.34617309 0.37843922

MOTIF human_l3_f_151
letter-probability matrix: alength= 4 w= 9 
 0.31768232 0.24250749 0.32342657 0.11638362
 0.50974026 0.17207792 0.17707293 0.14110889
 0.27247752 0.2012987  0.40509491 0.12112887
 0.7037962  0.15084915 0.11213786 0.03321678
 0.67132867 0.05394605 0.06943057 0.20529471
 0.52022977 0.17257742 0.1978022  0.10939061
 0.3523976  0.3996004  0.18931069 0.05869131
 0.37287712 0.03971029 0.1530969  0.43431568
 0.62687313 0.23701299 0.08116883 0.05494505

MOTIF human_l3_f_153
letter-probability matrix: alength= 4 w= 9 
 0.4043989  0.21794551 0.17370657 0.20394901
 0.28742814 0.08822794 0.31267183 0.31167208
 0.20619845 0.29817546 0.13821545 0.35741065
 0.32016996 0.25293677 0.05648588 0.3704074 
 0.08122969 0.39215196 0.03699075 0.48962759
 0.12496876 0.41739565 0.24568858 0.21194701
 0.39540115 0.04748813 0.06623344 0.49087728
 0.25993502 0.15046238 0.45963509 0.12996751
 0.28517871 0.16245939 0.06023494 0.49212697

MOTIF human_l3_f_155
letter-probability matrix: alength= 4 w= 9 
 0.36611612 0.13988989 0.35235235 0.14164164
 0.22197197 0.11211211 0.22672673 0.43918919
 0.26351351 0.20820821 0.06206206 0.46621622
 0.12537538 0.03703704 0.71271271 0.12487487
 0.03328328 0.1534034  0.32032032 0.49299299
 0.5452953  0.11711712 0.17867868 0.15890891
 0.23348348 0.0533033  0.26326326 0.44994995
 0.30505506 0.47247247 0.13538539 0.08708709
 0.25750751 0.14264264 0.10035035 0.4994995 

MOTIF human_l3_f_157
letter-probability matrix: alength= 4 w= 9 
 0.21803197 0.11388611 0.07167832 0.5964036 
 0.21228771 0.02172827 0.21778222 0.5482018 
 0.08341658 0.26273726 0.08991009 0.56393606
 0.62687313 0.05569431 0.06618382 0.25124875
 0.14310689 0.10714286 0.41983017 0.32992008
 0.46778222 0.18656344 0.02772228 0.31793207
 0.28421578 0.23626374 0.2514985  0.22802198
 0.74275724 0.16983017 0.00599401 0.08141858
 0.51573427 0.0954046  0.10814186 0.28071928

MOTIF human_l3_f_159
letter-probability matrix: alength= 4 w= 9 
 0.35741065 0.29592602 0.23744064 0.10922269
 0.29367658 0.2551862  0.21469633 0.23644089
 0.24793802 0.49837541 0.04098975 0.21269683
 0.29942514 0.10647338 0.22469383 0.36940765
 0.18245439 0.01524619 0.14646338 0.65583604
 0.03849038 0.25943514 0.43764059 0.26443389
 0.00474881 0.2751812  0.11597101 0.60409898
 0.01049738 0.3264184  0.21469633 0.4483879 
 0.16970757 0.39190202 0.03349163 0.40489878

MOTIF human_l3_f_165
letter-probability matrix: alength= 4 w= 9 
 0.12884221 0.26639344 0.16803279 0.43673156
 0.44902664 0.16982582 0.34042008 0.04072746
 0.06608607 0.16239754 0.19518443 0.57633197
 2.56147541e-04 2.84836066e-01 2.56147541e-04 7.14651639e-01
 0.0942623  0.07248975 0.3125     0.52074795
 0.02843238 0.16931352 0.01127049 0.79098361
 0.53099385 0.07172131 0.36116803 0.0361168 
