MEME version 5.3.0

ALPHABET= ACGT

strands: + -

Background letter frequencies
A 0.25 C 0.25 G 0.25 T 0.25

MOTIF human_l3_f_0
letter-probability matrix: alength= 4 w= 9 
 0.61259685 0.16070982 0.18445389 0.04223944
 0.68857786 0.10772307 0.1272182  0.07648088
 0.44138965 0.18170457 0.23269183 0.14421395
 0.56335916 0.10847288 0.17670582 0.15146213
 4.60884779e-01 4.19895026e-02 2.49937516e-04 4.96875781e-01
 0.14421395 0.007998   0.49937516 0.3484129 
 0.05223694 0.06823294 0.72206948 0.15746063
 0.30717321 0.2671832  0.25293677 0.17270682
 0.33191702 0.15621095 0.22994251 0.28192952

MOTIF human_l3_f_1
letter-probability matrix: alength= 4 w= 9 
 0.52982456 0.05137845 0.37669173 0.04210526
 0.11729323 0.11629073 0.31077694 0.4556391 
 0.00325815 0.00350877 0.97869674 0.01453634
 0.08320802 0.10426065 0.62255639 0.18997494
 0.05162907 0.09824561 0.74135338 0.10877193
 0.16691729 0.29323308 0.37117794 0.16867168
 0.13709273 0.18496241 0.42781955 0.25012531
 0.11052632 0.62556391 0.14837093 0.11553885
 0.17468672 0.45438596 0.17443609 0.19649123

MOTIF human_l3_f_2
letter-probability matrix: alength= 4 w= 9 
 0.00475561 0.05125495 0.01162483 0.9323646 
 0.02457067 0.00211361 0.42298547 0.55033025
 0.00924703 0.02589168 0.56354029 0.401321  
 0.2010568  0.24517834 0.067107   0.48665786
 0.12575958 0.00343461 0.42192867 0.44887715
 0.00554822 0.08084544 0.38335535 0.53025099
 0.01215324 0.22324967 0.04253633 0.72206077
 0.02166446 0.20819022 0.59498018 0.17516513
 0.0988111  0.22377807 0.10726552 0.57014531

MOTIF human_l3_f_3
letter-probability matrix: alength= 4 w= 9 
 0.541166   0.17489987 0.18558077 0.09835336
 0.39875389 0.32977303 0.23542501 0.03604806
 0.86337339 0.01824655 0.11081442 0.00756564
 0.73520249 0.13262127 0.03426791 0.09790832
 0.29550512 0.11259457 0.15843347 0.43346684
 0.47396529 0.20738763 0.02536716 0.29327993
 0.28927459 0.00089008 0.21495327 0.49488206
 0.0329328  0.00267023 0.65509568 0.30930129
 0.25456164 0.09568313 0.352915   0.29684023

MOTIF human_l3_f_4
letter-probability matrix: alength= 4 w= 9 
 0.19656339 0.32673783 0.22702421 0.24967456
 0.4944025  0.10127571 0.30799271 0.09632908
 0.40588388 0.35016923 0.13512106 0.10882583
 5.53762041e-01 2.91590732e-02 4.16558188e-01 5.20697735e-04
 0.41812028 0.12054153 0.29653736 0.16480083
 0.24993491 0.08669617 0.26008852 0.4032804 
 6.79510544e-01 1.27310596e-01 1.92918511e-01 2.60348867e-04
 0.12783129 0.02733663 0.11481385 0.73001822
 0.05415256 0.08877896 0.82869045 0.02837803

MOTIF human_l3_f_5
letter-probability matrix: alength= 4 w= 9 
 0.19258114 0.09860896 0.07264297 0.63616692
 0.39258114 0.16136012 0.00185471 0.44420402
 0.16599691 0.17063369 0.06862442 0.59474498
 0.42009274 0.20834621 0.03462133 0.33693972
 0.19938176 0.17619784 0.54683153 0.07758887
 0.31251932 0.11282844 0.16816074 0.4064915 
 0.01978362 0.10819165 0.8015456  0.07047913
 0.03987635 0.05131376 0.10046368 0.80834621
 0.00587326 0.22472952 0.29211747 0.47727975

MOTIF human_l3_f_6
letter-probability matrix: alength= 4 w= 9 
 0.15786517 0.18202247 0.31910112 0.34101124
 0.47865169 0.12696629 0.1747191  0.21966292
 7.19101124e-01 1.62921348e-01 1.17415730e-01 5.61797753e-04
 0.99044944 0.00561798 0.00168539 0.00224719
 0.5752809  0.1005618  0.05224719 0.27191011
 5.61797753e-04 2.02247191e-02 3.53932584e-02 9.43820225e-01
 6.23595506e-02 1.68539326e-03 5.61797753e-04 9.35393258e-01
 6.17977528e-03 5.61797753e-04 9.92696629e-01 5.61797753e-04
 0.05337079 0.2247191  0.24662921 0.4752809 

MOTIF human_l3_f_7
letter-probability matrix: alength= 4 w= 9 
 0.06290909 0.092      0.17090909 0.67418182
 3.63636364e-04 4.61818182e-02 1.56363636e-02 9.37818182e-01
 0.472      0.00872727 0.33745455 0.18181818
 0.22981818 0.44145455 0.28509091 0.04363636
 0.36109091 0.12836364 0.11527273 0.39527273
 0.94036364 0.03127273 0.00618182 0.02218182
 0.48909091 0.13709091 0.12909091 0.24472727
 0.21454545 0.07345455 0.196      0.516     
 0.26945455 0.06363636 0.23127273 0.43563636

MOTIF human_l3_f_8
letter-probability matrix: alength= 4 w= 9 
 0.18832599 0.22081498 0.31690529 0.27395374
 0.05258811 0.28001101 0.08232379 0.58507709
 0.32709251 0.24752203 0.1594163  0.26596916
 0.00110132 0.00440529 0.90556167 0.08893172
 5.50660793e-04 3.39207048e-01 2.75330396e-03 6.57488987e-01
 0.33645374 0.12114537 0.14179515 0.40060573
 0.18171806 0.11784141 0.17455947 0.52588106
 0.55066079 0.14977974 0.07351322 0.22604626
 0.06938326 0.02615639 0.33287445 0.5715859 

MOTIF human_l3_f_9
letter-probability matrix: alength= 4 w= 9 
 0.15634366 0.54145854 0.1466034  0.15559441
 0.09265734 0.33241758 0.51598402 0.05894106
 0.02772228 0.88561439 0.00424575 0.08241758
 1.12387612e-02 9.86513487e-01 2.49750250e-04 1.99800200e-03
 0.19805195 0.70829171 0.02197802 0.07167832
 0.16133866 0.71553447 0.0541958  0.06893107
 0.18006993 0.64185814 0.10614386 0.07192807
 0.27447552 0.16533467 0.49425574 0.06593407
 0.06843157 0.21628372 0.53171828 0.18356643

MOTIF human_l3_f_10
letter-probability matrix: alength= 4 w= 9 
 0.20944922 0.09777665 0.31480546 0.37796867
 0.10005053 0.08514401 0.32364831 0.49115715
 0.12834765 0.2036382  0.14982314 0.51819101
 0.32213239 0.01263264 0.31000505 0.35522991
 0.11419909 0.10687216 0.10384032 0.67508843
 2.97625063e-01 6.52854977e-01 2.52652855e-04 4.92673067e-02
 0.09979788 0.54471956 0.04320364 0.31227893
 0.12278929 0.55381506 0.03259222 0.29080344
 0.08741789 0.59398686 0.10005053 0.21854472

MOTIF human_l3_f_11
letter-probability matrix: alength= 4 w= 9 
 0.85185185 0.08641975 0.01234568 0.04938272
 0.61728395 0.08641975 0.28395062 0.01234568
 0.0617284  0.02469136 0.79012346 0.12345679
 0.33333333 0.08641975 0.04938272 0.5308642 
 0.32098765 0.18518519 0.01234568 0.48148148
 0.30864198 0.01234568 0.0617284  0.61728395
 0.40740741 0.11111111 0.40740741 0.07407407
 0.11111111 0.01234568 0.07407407 0.80246914
 0.07407407 0.35802469 0.55555556 0.01234568

MOTIF human_l3_f_12
letter-probability matrix: alength= 4 w= 9 
 0.10978451 0.24665114 0.18870122 0.45486313
 0.37245195 0.17763541 0.21694817 0.23296447
 0.00728014 0.31683168 0.0154339  0.66045428
 0.15259173 0.06290041 0.37186954 0.41263832
 2.91205591e-04 2.91205591e-04 2.91205591e-04 9.99126383e-01
 8.76237624e-01 2.91205591e-04 1.23179965e-01 2.91205591e-04
 7.73442050e-01 2.91205591e-04 2.25975539e-01 2.91205591e-04
 0.30605708 0.06464764 0.38817705 0.24111823
 0.31887012 0.20093186 0.21083285 0.26936517

MOTIF human_l3_f_13
letter-probability matrix: alength= 4 w= 9 
 0.22094801 0.17507645 0.37767584 0.22629969
 0.13455657 0.21381244 0.07772681 0.57390418
 0.00076453 0.47986748 0.01401631 0.50535168
 2.54841998e-04 5.57339450e-01 1.40672783e-01 3.01732926e-01
 0.06702345 0.39780836 0.02522936 0.50993884
 0.13098879 0.33817533 0.05224261 0.47859327
 0.19826707 0.02446483 0.02777778 0.74949032
 0.33384302 0.3343527  0.2038736  0.12793068
 0.19801223 0.07033639 0.54434251 0.18730887

MOTIF human_l3_f_14
letter-probability matrix: alength= 4 w= 9 
 0.0575903  0.48648649 0.21015408 0.24576913
 0.08941652 0.15003789 0.75675676 0.00378884
 0.02955292 0.18565294 0.71533215 0.06946199
 0.02879515 0.30083354 0.39328113 0.27709017
 1.55847436e-01 1.69234655e-02 8.26976509e-01 2.52589038e-04
 0.018439   0.44076787 0.50593584 0.03485729
 0.05279111 0.27128063 0.44809295 0.22783531
 0.03081586 0.02702703 0.78252084 0.15963627
 0.0530437  0.48219247 0.34680475 0.11795908

MOTIF human_l3_f_15
letter-probability matrix: alength= 4 w= 9 
 0.34190809 0.32967033 0.28896104 0.03946054
 8.00949051e-01 2.49750250e-04 1.98551449e-01 2.49750250e-04
 0.12087912 0.07492507 0.66783217 0.13636364
 0.01398601 0.79595405 0.10464535 0.08541459
 0.31993007 0.13836164 0.33441558 0.20729271
 0.11263736 0.0487013  0.36688312 0.47177822
 0.39335664 0.40659341 0.16358641 0.03646354
 0.27247752 0.16208791 0.41858142 0.14685315
 0.27022977 0.4040959  0.18256743 0.14310689

MOTIF human_l3_f_16
letter-probability matrix: alength= 4 w= 9 
 0.09365634 0.247003   0.5994006  0.05994006
 0.06043956 0.64285714 0.20404595 0.09265734
 0.05919081 0.52747253 0.2524975  0.16083916
 0.02422577 0.72202797 0.21728272 0.03646354
 0.003996   0.87237762 0.00849151 0.11513487
 2.49750250e-04 7.60489510e-01 2.38511489e-01 7.49250749e-04
 0.01923077 0.9030969  0.07517483 0.0024975 
 0.08091908 0.78021978 0.10614386 0.03271728
 0.12887113 0.5541958  0.3031968  0.01373626

MOTIF human_l3_f_17
letter-probability matrix: alength= 4 w= 9 
 0.51913876 0.16028708 0.00717703 0.31339713
 0.1937799  0.00956938 0.36363636 0.43301435
 0.1076555  0.00239234 0.64114833 0.24880383
 0.0215311  0.22488038 0.00717703 0.74641148
 0.22966507 0.33492823 0.26076555 0.17464115
 0.0430622  0.65789474 0.00239234 0.29665072
 0.57655502 0.22727273 0.00956938 0.18660287
 0.0861244  0.00478469 0.04784689 0.86124402
 0.14354067 0.04545455 0.76315789 0.04784689

MOTIF human_l3_f_18
letter-probability matrix: alength= 4 w= 9 
 0.30231965 0.35253632 0.15829722 0.1868468 
 0.30002549 0.29926077 0.13943411 0.26127963
 0.36120316 0.29390772 0.24445577 0.10043334
 0.92454754 0.02778486 0.0183533  0.0293143 
 2.42161611e-02 2.54906959e-04 1.69513128e-01 8.06015804e-01
 2.54906959e-04 2.54906959e-04 9.71450421e-01 2.80397655e-02
 0.07723681 0.26331889 0.3443793  0.315065  
 0.11980627 0.0731583  0.47285241 0.33418302
 0.12286515 0.16925822 0.36375223 0.34412439

MOTIF human_l3_f_19
letter-probability matrix: alength= 4 w= 9 
 0.24149856 0.32391931 0.15389049 0.28069164
 0.2945245  0.40576369 0.13804035 0.16167147
 8.21325648e-01 2.88184438e-04 1.78097983e-01 2.88184438e-04
 0.29193084 0.23314121 0.13371758 0.34121037
 0.26974063 0.14063401 0.33948127 0.25014409
 8.21613833e-01 2.88184438e-04 1.47838617e-01 3.02593660e-02
 0.05994236 0.09048991 0.00432277 0.84524496
 1.38328530e-02 2.88184438e-04 8.74639769e-01 1.11239193e-01
 0.14351585 0.22795389 0.22766571 0.40086455

MOTIF human_l3_f_20
letter-probability matrix: alength= 4 w= 9 
 0.27786582 0.19704173 0.14976228 0.37533016
 0.19360803 0.11304807 0.27284733 0.42049657
 0.04199683 0.10353936 0.03512942 0.81933439
 0.44796619 0.13180137 0.34020074 0.0800317 
 0.49920761 0.15610143 0.21817221 0.12651875
 0.04727945 0.0375066  0.07818278 0.83703117
 0.55890122 0.03697834 0.28499736 0.11912309
 0.83571051 0.00977285 0.13338616 0.02113048
 0.20470153 0.08161648 0.11542525 0.59825674

MOTIF human_l3_f_21
letter-probability matrix: alength= 4 w= 9 
 0.1958816  0.28416988 0.18867439 0.33127413
 0.71660232 0.20875161 0.02779923 0.04684685
 0.38223938 0.05456885 0.1979408  0.36525097
 2.57400257e-04 7.72200772e-04 1.46718147e-02 9.84298584e-01
 0.06486486 0.02445302 0.04839125 0.86229086
 0.04453024 0.07232947 0.22831403 0.65482625
 0.11042471 0.3029601  0.42882883 0.15778636
 0.66048906 0.04375804 0.04118404 0.25456885
 0.02651223 0.05431145 0.14465894 0.77451737

MOTIF human_l3_f_22
letter-probability matrix: alength= 4 w= 9 
 0.230578   0.12927284 0.19018024 0.44996892
 6.21504040e-04 6.21504040e-04 6.21504040e-03 9.92541952e-01
 7.11622126e-01 6.21504040e-04 2.87134866e-01 6.21504040e-04
 0.61715351 0.0006215  0.38160348 0.0006215 
 0.04474829 0.00745805 0.01678061 0.93101305
 0.65568676 0.02361715 0.2927284  0.02796768
 0.72405221 0.00559354 0.26848975 0.00186451
 0.34679925 0.11187073 0.15475451 0.38657551
 0.15288999 0.14605345 0.21193288 0.48912368

MOTIF human_l3_f_23
letter-probability matrix: alength= 4 w= 9 
 0.14821124 0.03321976 0.19420784 0.62436116
 0.01362862 0.00511073 0.27172061 0.70954003
 0.5758092  0.00085179 0.42248722 0.00085179
 8.51788756e-04 5.11073254e-03 8.26235094e-02 9.11413969e-01
 0.03918228 0.10051107 0.04599659 0.81431005
 6.55877342e-02 2.55536627e-03 8.51788756e-04 9.31005111e-01
 8.51788756e-04 1.19250426e-02 2.98126065e-02 9.57410562e-01
 0.53492334 0.01362862 0.45059625 0.00085179
 0.09028961 0.11839864 0.19505963 0.59625213

MOTIF human_l3_f_24
letter-probability matrix: alength= 4 w= 9 
 0.43265192 0.24670961 0.26183142 0.05880706
 0.35284234 0.23354803 0.19238309 0.22122655
 0.01820218 0.8325399  0.12489499 0.02436292
 0.77905349 0.07616914 0.13105573 0.01372165
 0.04816578 0.70596472 0.15793895 0.08793055
 0.12825539 0.67880146 0.08092971 0.11201344
 0.42537104 0.29011481 0.10865304 0.1758611 
 0.3842061  0.16942033 0.40520863 0.04116494
 0.21450574 0.22542705 0.5466256  0.01344161

MOTIF human_l3_f_25
letter-probability matrix: alength= 4 w= 9 
 0.36227545 0.09281437 0.02694611 0.51796407
 0.25748503 0.33233533 0.01497006 0.39520958
 0.98802395 0.00299401 0.00598802 0.00299401
 0.21856287 0.13173653 0.00299401 0.64670659
 0.31137725 0.10778443 0.57185629 0.00898204
 0.97904192 0.00299401 0.01497006 0.00299401
 0.00299401 0.01497006 0.00299401 0.97904192
 0.00299401 0.00299401 0.97904192 0.01497006
 0.17664671 0.12874251 0.16467066 0.52994012

MOTIF human_l3_f_26
letter-probability matrix: alength= 4 w= 9 
 0.65034965 0.04695305 0.07717283 0.22552448
 0.11313686 0.01923077 0.03521479 0.83241758
 0.04495504 0.07717283 0.06793207 0.80994006
 7.88711289e-01 2.49750250e-04 4.47052947e-02 1.66333666e-01
 0.06618382 0.02497502 0.04995005 0.85889111
 0.06568432 0.21103896 0.01998002 0.7032967 
 0.22827173 0.00324675 0.05919081 0.70929071
 0.26698302 0.01023976 0.05969031 0.66308691
 0.14135864 0.02497502 0.03771229 0.79595405

MOTIF human_l3_f_27
letter-probability matrix: alength= 4 w= 9 
 0.3836074  0.17754368 0.23150051 0.20734841
 0.53776978 0.15184995 0.17985612 0.13052415
 0.43653649 0.36356629 0.07887975 0.12101747
 8.49434738e-01 2.56937307e-04 4.21377184e-02 1.08170606e-01
 0.39619733 0.10149024 0.05087359 0.45143885
 0.16829394 0.32014388 0.05960946 0.45195272
 5.92754368e-01 2.56937307e-04 3.44295992e-02 3.72559096e-01
 0.02620761 0.09403905 0.00770812 0.87204522
 0.0950668  0.09635149 0.40441932 0.40416238

MOTIF human_l3_f_28
letter-probability matrix: alength= 4 w= 9 
 0.24399894 0.04035874 0.28488525 0.43075706
 0.23951464 0.32102348 0.331311   0.10815088
 0.1656555  0.24637299 0.08836719 0.49960433
 0.45555262 0.0775521  0.37351622 0.09337906
 0.4376154  0.23160116 0.18464785 0.14613558
 0.57240834 0.04748088 0.09074123 0.28936956
 0.5668689  0.02769718 0.25164864 0.15378528
 0.37879188 0.09812714 0.13901345 0.38406753
 0.41044579 0.0440517  0.25138486 0.29411765

MOTIF human_l3_f_29
letter-probability matrix: alength= 4 w= 9 
 0.29562713 0.07776905 0.44121498 0.18538885
 0.27284629 0.21523959 0.22780833 0.28410579
 0.41241163 0.18119927 0.20974077 0.19664834
 0.68106834 0.00157109 0.30898141 0.00837916
 0.21628699 0.17465305 0.26315789 0.34590207
 0.24954176 0.08850484 0.33752291 0.32443048
 0.73893689 0.00759361 0.2330453  0.02042419
 0.01492537 0.07462687 0.10421576 0.806232  
 0.01806756 0.04818015 0.8643624  0.06938989

MOTIF human_l3_f_30
letter-probability matrix: alength= 4 w= 9 
 0.39936017 0.30605172 0.1023727  0.19221541
 0.41348974 0.18021861 0.25486537 0.15142629
 0.71447614 0.04505465 0.21834178 0.02212743
 0.25406558 0.17941882 0.20287923 0.36363636
 0.32711277 0.12396694 0.2228739  0.32604639
 0.794988   0.00079979 0.06984804 0.13436417
 0.02292722 0.05091975 0.1327646  0.79338843
 1.99946681e-02 5.33191149e-04 9.39482805e-01 3.99893362e-02
 0.17008798 0.26233005 0.18528392 0.38229805

MOTIF human_l3_f_31
letter-probability matrix: alength= 4 w= 9 
 0.08906125 0.12302755 0.72907194 0.05883926
 0.16127307 0.09628243 0.69938486 0.04305964
 0.22278684 0.3150575  0.35383792 0.10831773
 0.10002675 0.09414282 0.57448516 0.23134528
 0.123295   0.15485424 0.58250869 0.13934207
 0.2701257  0.20486761 0.37309441 0.15191228
 0.04359454 0.13105108 0.52634394 0.29901043
 0.12115539 0.30863867 0.52982081 0.04038513
 0.14736561 0.42391014 0.21743782 0.21128644

MOTIF human_l3_f_32
letter-probability matrix: alength= 4 w= 9 
 0.19762712 0.14677966 0.43254237 0.22305085
 0.29694915 0.3820339  0.12169492 0.19932203
 0.6220339  0.25050847 0.04067797 0.08677966
 0.67661017 0.09898305 0.08067797 0.14372881
 0.38983051 0.17864407 0.09389831 0.33762712
 0.33627119 0.08745763 0.20135593 0.37491525
 3.28474576e-01 3.38983051e-04 9.76271186e-02 5.73559322e-01
 0.02508475 0.09254237 0.2640678  0.61830508
 0.0420339  0.08305085 0.55220339 0.32271186

MOTIF human_l3_f_33
letter-probability matrix: alength= 4 w= 9 
 0.08795602 0.24887556 0.47326337 0.18990505
 0.35332334 0.19490255 0.06546727 0.38630685
 0.24287856 0.49625187 0.2093953  0.05147426
 0.11344328 0.16241879 0.44427786 0.27986007
 0.32783608 0.12243878 0.54772614 0.001999  
 0.06146927 0.06196902 0.62018991 0.25637181
 0.14892554 0.37931034 0.42528736 0.04647676
 0.33233383 0.03948026 0.43478261 0.1934033 
 0.05447276 0.12143928 0.77911044 0.04497751

MOTIF human_l3_f_34
letter-probability matrix: alength= 4 w= 9 
 0.43602416 0.12246019 0.14085667 0.30065898
 0.15046678 0.34843493 0.12355848 0.37753981
 0.25288303 0.08237232 0.04667765 0.618067  
 2.74574410e-04 9.82976387e-02 8.43767161e-01 5.76606260e-02
 0.06150467 0.30313015 0.00247117 0.63289401
 0.01400329 0.00356947 0.62300934 0.3594179 
 0.0450302  0.04667765 0.00796266 0.90032949
 0.24437122 0.18231741 0.12136189 0.45194948
 0.10955519 0.06177924 0.31274025 0.51592532

MOTIF human_l3_f_35
letter-probability matrix: alength= 4 w= 9 
 0.19155933 0.1419567  0.13729789 0.52918608
 0.06796383 0.0586462  0.55905728 0.31433269
 0.59523157 0.02302001 0.24171006 0.14003837
 0.4499863  0.01013976 0.05809811 0.48177583
 4.43957249e-02 2.74047684e-04 5.17676076e-01 4.37654152e-01
 0.14277884 0.22389696 0.31926555 0.31405865
 0.18854481 0.25623458 0.48862702 0.06659359
 0.31077007 0.15237051 0.17018361 0.3666758 
 0.45354892 0.21485338 0.12798027 0.20361743

MOTIF human_l3_f_36
letter-probability matrix: alength= 4 w= 9 
 0.40405577 0.2869455  0.16121673 0.147782  
 0.16806084 0.17870722 0.54752852 0.10570342
 0.27629911 0.1269962  0.51787072 0.07883397
 4.33967047e-01 2.53485425e-04 4.32192649e-01 1.33586819e-01
 0.02281369 0.4626109  0.1409379  0.37363752
 0.09784537 0.19695817 0.46185044 0.24334601
 0.49632446 0.10139417 0.34423321 0.05804816
 0.17160963 0.30874525 0.20126743 0.31837769
 0.08922687 0.22382763 0.52319392 0.16375158

MOTIF human_l3_f_37
letter-probability matrix: alength= 4 w= 9 
 0.21886495 0.18970047 0.43510247 0.15633211
 0.02758802 0.26747241 0.39122438 0.31371519
 0.1849711  0.27009984 0.33499737 0.20993169
 0.17682606 0.00105097 0.7979506  0.02417236
 5.25486075e-04 2.21492380e-01 6.84708355e-01 9.32737782e-02
 0.01918024 0.09879138 0.72569627 0.15633211
 0.15160273 0.07146611 0.70231214 0.07461902
 0.21466106 0.19469259 0.42958487 0.16106148
 0.12769312 0.169732   0.584866   0.11770888

MOTIF human_l3_f_38
letter-probability matrix: alength= 4 w= 9 
 0.65609391 0.07342657 0.13036963 0.14010989
 0.63936064 0.27822178 0.01848152 0.06393606
 0.49050949 0.47152847 0.0024975  0.03546454
 7.99950050e-01 7.49250749e-04 1.27622378e-01 7.16783217e-02
 0.0541958  0.13811189 0.41058941 0.3971029 
 0.42082917 0.06718282 0.17482517 0.33716284
 0.40934066 0.21978022 0.22227772 0.1486014 
 0.04320679 0.11788212 0.1456044  0.69330669
 0.17032967 0.13011988 0.4030969  0.29645355

MOTIF human_l3_f_39
letter-probability matrix: alength= 4 w= 9 
 0.40676653 0.13145661 0.09220041 0.36957645
 0.36957645 0.25774793 0.30965909 0.06301653
 0.34065083 0.08057851 0.56043388 0.01833678
 0.00955579 0.11751033 0.67768595 0.19524793
 0.69524793 0.09581612 0.03667355 0.1722624 
 0.04467975 0.00103306 0.06844008 0.88584711
 0.04597107 0.26033058 0.01678719 0.67691116
 0.12603306 0.24380165 0.20557851 0.42458678
 0.07257231 0.22262397 0.30216942 0.4026343 

MOTIF human_l3_f_40
letter-probability matrix: alength= 4 w= 9 
 0.17301485 0.24725629 0.17688832 0.40284054
 0.30148483 0.16204003 0.29761136 0.23886378
 0.1336346  0.57198192 0.11297611 0.18140736
 0.32085216 0.39573919 0.03098773 0.25242092
 0.01032924 0.00129116 0.97740478 0.01097482
 0.4622337  0.49838606 0.02711427 0.01226598
 0.00645578 0.36991607 0.2995481  0.32408005
 0.33376372 0.23950936 0.00064558 0.42608134
 0.10522918 0.2149774  0.04196256 0.63783086

MOTIF human_l3_f_41
letter-probability matrix: alength= 4 w= 9 
 0.31522843 0.31167513 0.17918782 0.19390863
 0.28807107 0.11852792 0.27106599 0.32233503
 0.32106599 0.11522843 0.38629442 0.17741117
 5.02538071e-02 6.47208122e-02 8.84771574e-01 2.53807107e-04
 0.1393401  0.10939086 0.72030457 0.03096447
 0.20558376 0.18730964 0.48172589 0.12538071
 0.14746193 0.51243655 0.23274112 0.10736041
 0.04720812 0.13096447 0.17614213 0.64568528
 0.03984772 0.51269036 0.23172589 0.21573604

MOTIF human_l3_f_42
letter-probability matrix: alength= 4 w= 9 
 0.20838084 0.18871152 0.35034208 0.25256556
 2.85062714e-04 4.84606613e-03 2.85062714e-04 9.94583808e-01
 7.29760547e-01 2.85062714e-04 2.69669327e-01 2.85062714e-04
 0.63084379 0.0022805  0.36602052 0.00085519
 0.15165336 0.29133409 0.30986317 0.24714937
 0.15849487 0.11602052 0.16676169 0.55872292
 0.12314709 0.3777081  0.11202965 0.38711517
 0.14538198 0.25826682 0.38711517 0.20923603
 0.27964652 0.25741163 0.26140251 0.20153934

MOTIF human_l3_f_43
letter-probability matrix: alength= 4 w= 9 
 0.29222174 0.17877095 0.34937688 0.17963043
 0.16029222 0.08594757 0.57198109 0.18177911
 4.29737860e-04 7.79974216e-01 4.29737860e-04 2.19166309e-01
 0.45509239 0.07348517 0.18091964 0.29050279
 0.06961753 0.24838848 0.53158573 0.15040825
 0.52170176 0.00773528 0.36785561 0.10270735
 0.12634293 0.16287065 0.09153416 0.61925226
 6.87580576e-03 4.29737860e-04 7.16802750e-01 2.75891706e-01
 0.19810915 0.31757628 0.17834121 0.30597336

MOTIF human_l3_f_44
letter-probability matrix: alength= 4 w= 9 
 0.35289389 0.1607717  0.19614148 0.29019293
 0.29448017 0.26339764 0.1221865  0.31993569
 0.77250804 0.00884244 0.03269025 0.18595927
 3.82904609e-01 2.67952840e-04 2.67952840e-04 6.16559486e-01
 2.67952840e-04 2.67952840e-04 6.30225080e-01 3.69239014e-01
 0.30117899 0.10423365 0.41050375 0.1840836 
 0.39737406 0.07770632 0.16586281 0.35905681
 0.1886388  0.10986066 0.23472669 0.46677385
 0.2550911  0.2028403  0.07449089 0.46757771

MOTIF human_l3_f_45
letter-probability matrix: alength= 4 w= 9 
 0.07843781 0.50541516 0.09255005 0.32359698
 0.04069577 0.08434526 0.5789301  0.29602888
 0.03216278 0.04299311 0.6928126  0.23203151
 0.02494257 0.57531999 0.00951756 0.39021989
 0.17886446 0.13291762 0.5592386  0.12897932
 0.08992452 0.36429275 0.44634066 0.09944207
 0.34197571 0.28946505 0.28848047 0.08007877
 0.4568428  0.1535937  0.22087299 0.16869052
 0.2678044  0.38562521 0.118149   0.2284214 

MOTIF human_l3_f_46
letter-probability matrix: alength= 4 w= 9 
 0.25999001 0.28771229 0.29470529 0.15759241
 0.29995005 0.22227772 0.08666334 0.39110889
 0.06618382 0.1481019  0.50724276 0.27847153
 0.45629371 0.18081918 0.07417582 0.28871129
 0.40584416 0.26873127 0.04270729 0.28271728
 0.67082917 0.04845155 0.2475025  0.03321678
 0.5959041  0.11838162 0.21378621 0.07192807
 0.33191808 0.09065934 0.22352647 0.3538961 
 0.38486513 0.05969031 0.50849151 0.04695305

MOTIF human_l3_f_47
letter-probability matrix: alength= 4 w= 9 
 0.10244333 0.33529585 0.19222844 0.37003238
 0.21754489 0.58816603 0.09802767 0.09626141
 0.04386223 0.01677951 0.84515749 0.09420077
 0.01648513 0.22225493 0.04592287 0.71533706
 0.38857816 0.50544598 0.0677068  0.03826906
 0.32087136 0.55107448 0.10244333 0.02561083
 0.3632617  0.40859582 0.09272888 0.1354136 
 0.45863998 0.3788637  0.09537827 0.06711805
 0.65763909 0.20635855 0.06034737 0.07565499

MOTIF human_l3_f_48
letter-probability matrix: alength= 4 w= 9 
 0.14838381 0.36955968 0.26800713 0.21404938
 0.14482057 0.54568593 0.29142275 0.01807076
 0.30389412 0.2359379  0.36930517 0.09086281
 0.08068211 0.00127259 0.9050649  0.0129804 
 0.14125732 0.50012726 0.33367269 0.02494273
 0.03105116 0.68592517 0.2690252  0.01399847
 0.60397048 0.23771952 0.03868669 0.11962331
 0.16620005 0.57419191 0.23924663 0.02036142
 0.34130822 0.26953423 0.35403411 0.03512344

MOTIF human_l3_f_49
letter-probability matrix: alength= 4 w= 9 
 0.31487658 0.17278185 0.40126751 0.11107405
 0.16010674 0.35323549 0.16844563 0.31821214
 6.96130754e-01 4.60306871e-02 2.57505003e-01 3.33555704e-04
 0.13875917 0.03769179 0.19312875 0.63042028
 0.0993996  0.1317545  0.61340894 0.15543696
 0.39859907 0.242495   0.21047365 0.14843229
 0.12308205 0.10373582 0.30987325 0.46330887
 0.13909273 0.11641094 0.53402268 0.21047365
 0.15243496 0.13275517 0.55603736 0.15877252

MOTIF human_l3_f_50
letter-probability matrix: alength= 4 w= 9 
 0.16766867 0.2745491  0.27187709 0.28590514
 0.08884436 0.41148965 0.16165665 0.33800935
 0.12625251 0.39278557 0.20173681 0.27922512
 0.09752839 0.16700067 0.1255845  0.60988644
 0.00267201 0.54509018 0.39812959 0.05410822
 6.68002672e-04 6.34602538e-02 6.68002672e-02 8.69071476e-01
 0.42150969 0.03273213 0.54509018 0.000668  
 8.00267201e-01 6.68002672e-04 1.98396794e-01 6.68002672e-04
 0.36072144 0.04475618 0.498998   0.09552438

MOTIF human_l3_f_51
letter-probability matrix: alength= 4 w= 9 
 0.06853397 0.30870083 0.37365912 0.24910608
 0.0056615  0.46632896 0.15584029 0.37216925
 0.27592372 0.24344458 0.47228844 0.00834327
 0.42997616 0.28456496 0.28396901 0.00148987
 0.08909416 0.51013111 0.28277712 0.11799762
 0.14511323 0.1716329  0.59058403 0.09266985
 0.29261025 0.22675805 0.21871275 0.26191895
 0.00536353 0.60935638 0.08611442 0.29916567
 0.09862932 0.25536353 0.48480334 0.16120381

MOTIF human_l3_f_52
letter-probability matrix: alength= 4 w= 9 
 0.56085193 0.22134888 0.10978702 0.10801217
 0.5811359  0.18483773 0.16176471 0.07226166
 0.14122718 0.01977688 0.01470588 0.82429006
 0.49391481 0.19827586 0.06338742 0.24442191
 0.40289047 0.043357   0.49340771 0.06034483
 0.01876268 0.2484787  0.20157201 0.53118661
 0.44827586 0.16353955 0.09127789 0.29690669
 0.27028398 0.14731237 0.22996957 0.35243408
 0.1285497  0.41506085 0.02281947 0.43356998

MOTIF human_l3_f_53
letter-probability matrix: alength= 4 w= 9 
 0.14285714 0.14285714 0.57142857 0.14285714
 0.14285714 0.57142857 0.14285714 0.14285714
 0.57142857 0.14285714 0.14285714 0.14285714
 0.42857143 0.28571429 0.14285714 0.14285714
 0.14285714 0.14285714 0.14285714 0.57142857
 0.57142857 0.14285714 0.14285714 0.14285714
 0.14285714 0.14285714 0.14285714 0.57142857
 0.14285714 0.14285714 0.14285714 0.57142857
 0.14285714 0.14285714 0.57142857 0.14285714

MOTIF human_l3_f_54
letter-probability matrix: alength= 4 w= 9 
 0.26352642 0.13017187 0.35677912 0.2495226 
 0.01845958 0.2667091  0.22024188 0.49458943
 0.15467855 0.09102482 0.41725016 0.33704647
 3.18268619e-04 3.18268619e-04 4.13749204e-03 9.95225971e-01
 6.49904519e-01 3.18268619e-04 3.36728199e-01 1.30490134e-02
 6.05983450e-01 1.90961171e-03 3.91788670e-01 3.18268619e-04
 0.2991725  0.15658816 0.24824952 0.29598982
 0.25493316 0.30840229 0.16740929 0.26925525
 0.25397836 0.39401655 0.11266709 0.239338  

MOTIF human_l3_f_55
letter-probability matrix: alength= 4 w= 9 
 0.4221332  0.28117176 0.24311467 0.05358037
 0.54281422 0.02028042 0.41812719 0.01877817
 0.33450175 0.15197797 0.35578368 0.1577366 
 0.2889334  0.22058087 0.32849274 0.16199299
 0.67025538 0.03680521 0.15197797 0.14096144
 0.00475714 0.00801202 0.23335003 0.75388082
 0.02679019 0.06835253 0.83149725 0.07336004
 0.20255383 0.13620431 0.46169254 0.19954932
 0.21857787 0.24636955 0.30395593 0.23109664

MOTIF human_l3_f_56
letter-probability matrix: alength= 4 w= 9 
 0.04514502 0.36645649 0.31450189 0.2738966 
 0.06179067 0.37452711 0.38814628 0.17553594
 0.00630517 0.4776797  0.41008827 0.10592686
 0.00807062 0.73165195 0.18259773 0.0776797 
 0.09911728 0.64791929 0.04943253 0.2035309 
 0.12383354 0.3480454  0.00983607 0.51828499
 0.01084489 0.81160151 0.02799496 0.14955864
 0.24035309 0.41387137 0.08802018 0.25775536
 0.26431274 0.41916772 0.21916772 0.09735183

MOTIF human_l3_f_57
letter-probability matrix: alength= 4 w= 9 
 0.08597285 0.32918552 0.02488688 0.55995475
 0.3800905  0.24321267 0.06447964 0.31221719
 0.30542986 0.01357466 0.12895928 0.5520362 
 0.14819005 0.00791855 0.00452489 0.83936652
 0.00113122 0.00113122 0.01809955 0.97963801
 0.83484163 0.13461538 0.00904977 0.02149321
 0.1300905  0.42307692 0.01244344 0.43438914
 0.33031674 0.49660633 0.1040724  0.06900452
 0.14479638 0.04638009 0.20588235 0.60294118

MOTIF human_l3_f_58
letter-probability matrix: alength= 4 w= 9 
 0.13591496 0.17615793 0.14882308 0.53910402
 0.36218679 0.01746393 0.2372817  0.38306758
 0.5508732  0.25132878 0.10668185 0.09111617
 0.26006074 0.22892938 0.05049355 0.46051632
 0.52581625 0.13439636 0.2649962  0.07479119
 0.51100987 0.00607441 0.47190585 0.01100987
 0.40926348 0.01328778 0.56871678 0.00873197
 0.08352316 0.06567957 0.75132878 0.09946849
 0.52961276 0.09908884 0.3151101  0.05618831

MOTIF human_l3_f_59
letter-probability matrix: alength= 4 w= 9 
 0.43118118 0.1021021  0.42917918 0.03753754
 0.3963964  0.35985986 0.13513514 0.10860861
 0.16266266 0.26226226 0.14489489 0.43018018
 7.08958959e-01 1.27627628e-02 2.78028028e-01 2.50250250e-04
 0.06931932 0.03653654 0.2474975  0.64664665
 0.10785786 0.21346346 0.66416416 0.01451451
 0.28478478 0.08158158 0.49124124 0.14239239
 0.20895896 0.32007007 0.17942943 0.29154154
 0.14464464 0.21146146 0.51551552 0.12837838

MOTIF human_l3_f_60
letter-probability matrix: alength= 4 w= 9 
 0.40377358 0.12201258 0.1509434  0.32327044
 0.27044025 0.06415094 0.00754717 0.65786164
 0.03144654 0.00503145 0.31698113 0.64654088
 0.00503145 0.09559748 0.44402516 0.45534591
 0.00125786 0.00125786 0.01509434 0.98238994
 0.57610063 0.00125786 0.42138365 0.00125786
 0.69559748 0.00125786 0.30188679 0.00125786
 0.49433962 0.10943396 0.28050314 0.11572327
 0.47421384 0.12201258 0.09308176 0.31069182

MOTIF human_l3_f_61
letter-probability matrix: alength= 4 w= 9 
 0.13721019 0.27936146 0.10756366 0.47586469
 0.32991258 0.3618396  0.06993539 0.23831243
 0.51577347 0.18624097 0.14063094 0.15735462
 0.22082858 0.42721399 0.29076397 0.06119346
 0.29608514 0.15355378 0.09083998 0.45952109
 0.13302927 0.0858989  0.31584949 0.46522235
 0.10566325 0.7286203  0.05967313 0.10604333
 0.34245534 0.14253136 0.02622577 0.48878753
 0.26339795 0.08399848 0.53857849 0.11402509

MOTIF human_l3_f_62
letter-probability matrix: alength= 4 w= 9 
 0.48630505 0.0424275  0.08941998 0.38184748
 0.31901182 0.03168636 0.00966702 0.6396348 
 0.11117078 0.00080559 0.3235768  0.56444683
 0.26288937 0.08190118 0.30370569 0.35150376
 0.28920516 0.09049409 0.00993555 0.6103652 
 0.09156821 0.02631579 0.31740064 0.56471536
 0.2113319  0.08190118 0.26503759 0.44172932
 0.216971   0.12996778 0.17937701 0.47368421
 0.09129968 0.07894737 0.26584318 0.56390977

MOTIF human_l3_f_63
letter-probability matrix: alength= 4 w= 9 
 0.39091376 0.27874743 0.18737166 0.14296715
 0.58162218 0.10061602 0.2849076  0.03285421
 0.32135524 0.17659138 0.18429158 0.31776181
 0.30082136 0.10934292 0.45610883 0.1337269 
 0.6986653  0.0551848  0.22279261 0.02335729
 0.00975359 0.04594456 0.14810062 0.79620123
 0.00564682 0.02592402 0.91786448 0.05056468
 0.10395277 0.11858316 0.54928131 0.22818275
 0.1850616  0.27104723 0.37654004 0.16735113

MOTIF human_l3_f_64
letter-probability matrix: alength= 4 w= 9 
 0.51054638 0.21194409 0.13926302 0.13824651
 5.56797967e-01 2.54129606e-04 3.81702668e-01 6.12452351e-02
 0.61753494 0.05997459 0.15857687 0.1639136 
 0.81067344 0.02337992 0.02668361 0.13926302
 0.23964422 0.09377382 0.03049555 0.6360864 
 0.15171537 0.65743329 0.01041931 0.18043202
 0.46277001 0.03634053 0.42973316 0.07115629
 0.36162643 0.17357052 0.01651842 0.44828463
 0.29860229 0.25362135 0.14282084 0.30495553

MOTIF human_l3_f_65
letter-probability matrix: alength= 4 w= 9 
 0.03482864 0.62301477 0.08442463 0.25773196
 0.47812761 0.38060741 0.13820006 0.00306492
 0.69100028 0.0133742  0.26274728 0.03287824
 0.09807746 0.48119253 0.12120368 0.29952633
 0.1242686  0.20618557 0.18333798 0.48620786
 0.20785734 0.44636389 0.01727501 0.32850376
 0.00891613 0.27138479 0.24937308 0.470326  
 0.22039565 0.18250209 0.33909167 0.25801059
 0.26469769 0.29869044 0.22513235 0.21147952

MOTIF human_l3_f_66
letter-probability matrix: alength= 4 w= 9 
 0.67557443 0.0984016  0.17582418 0.0501998 
 0.60564436 0.07867133 0.13836164 0.17732268
 0.37787213 0.12237762 0.18281718 0.31693307
 0.66508492 0.06818182 0.11838162 0.14835165
 3.62887113e-01 2.49750250e-04 3.69630370e-02 5.99900100e-01
 0.03021978 0.00999001 0.49975025 0.46003996
 0.21653347 0.07442557 0.5516983  0.15734266
 0.35664336 0.24300699 0.11888112 0.28146853
 0.22452547 0.19380619 0.18106893 0.4005994 

MOTIF human_l3_f_67
letter-probability matrix: alength= 4 w= 9 
 0.29854872 0.18244644 0.10228058 0.41672426
 0.22149274 0.36800276 0.04284727 0.36765722
 0.85176227 0.02038701 0.02833449 0.09951624
 0.07532827 0.02798894 0.84450587 0.05217692
 0.69004838 0.01002073 0.04561161 0.25431928
 0.03489979 0.00829302 0.82377332 0.13303386
 0.65894955 0.09778853 0.08811334 0.15514858
 0.37456807 0.0300622  0.26157567 0.33379406
 0.28887353 0.13510712 0.10469938 0.47131997

MOTIF human_l3_f_68
letter-probability matrix: alength= 4 w= 9 
 0.22891104 0.18251534 0.24233129 0.34624233
 0.17292945 0.29026074 0.20667178 0.33013804
 0.11234663 0.07783742 0.0559816  0.75383436
 0.58205521 0.01955521 0.27300613 0.12538344
 0.43711656 0.04869632 0.43021472 0.08397239
 3.83435583e-04 3.83435583e-04 3.83435583e-04 9.98849693e-01
 6.35736196e-01 3.83435583e-04 3.63496933e-01 3.83435583e-04
 6.41487730e-01 3.83435583e-04 3.57745399e-01 3.83435583e-04
 0.26917178 0.1142638  0.34087423 0.27569018

MOTIF human_l3_f_69
letter-probability matrix: alength= 4 w= 9 
 0.17967699 0.28566622 0.48923284 0.04542396
 0.01615074 0.12281292 0.80652759 0.05450875
 0.04878869 0.20524899 0.63829071 0.1076716 
 0.02119785 0.07570659 0.89973082 0.00336474
 0.01816958 0.08277254 0.81359354 0.08546433
 0.00100942 0.13189771 0.49798116 0.36911171
 0.1295424  0.46601615 0.25504711 0.14939435
 0.12146703 0.20323015 0.23822342 0.43707941
 0.20154778 0.46635262 0.17462988 0.15746972

MOTIF human_l3_f_70
letter-probability matrix: alength= 4 w= 9 
 0.05839416 0.2146649  0.12939615 0.59754479
 0.09986729 0.27106835 0.24950232 0.37956204
 0.39416058 0.06104844 0.23855342 0.30623756
 0.85865959 0.00464499 0.11712011 0.01957532
 0.3540146  0.00132714 0.11147976 0.5331785 
 1.59588587e-01 3.31785003e-04 4.64499005e-03 8.35434638e-01
 0.02256138 0.0023225  0.36562707 0.60948905
 0.22063703 0.12475116 0.49900464 0.15560717
 0.45885866 0.04346384 0.35534174 0.14233577

MOTIF human_l3_f_71
letter-probability matrix: alength= 4 w= 9 
 0.29439117 0.12786981 0.22813136 0.34960767
 9.72682360e-01 2.90613194e-04 2.90613194e-04 2.67364138e-02
 0.00842778 0.01918047 0.02528335 0.9471084 
 0.03254868 0.01888986 0.94565533 0.00290613
 0.31037489 0.16158094 0.18657367 0.3414705 
 0.03138622 0.10694566 0.27695437 0.58471375
 0.14995641 0.19267655 0.22086603 0.43650102
 0.24760244 0.16623075 0.20110433 0.38506248
 0.12031386 0.23626853 0.14675966 0.49665795

MOTIF human_l3_f_72
letter-probability matrix: alength= 4 w= 9 
 0.40772414 0.24606897 0.21186207 0.13434483
 0.56882759 0.26896552 0.06510345 0.09710345
 0.69268966 0.00082759 0.3017931  0.00468966
 0.26068966 0.53627586 0.04137931 0.16165517
 0.2822069  0.37931034 0.17517241 0.16331034
 0.76689655 0.16413793 0.0262069  0.04275862
 0.17186207 0.22786207 0.01627586 0.584     
 0.27696552 0.2377931  0.48248276 0.00275862
 0.36082759 0.09848276 0.25489655 0.2857931 

MOTIF human_l3_f_73
letter-probability matrix: alength= 4 w= 9 
 0.1867378  0.19207317 0.5148628  0.10632622
 0.03734756 0.10708841 0.62614329 0.22942073
 0.12842988 0.38948171 0.26181402 0.22027439
 0.17454268 0.68254573 0.12309451 0.01981707
 0.75381098 0.05716463 0.16615854 0.02286585
 0.02743902 0.79535061 0.01791159 0.15929878
 0.05602134 0.81516768 0.125      0.00381098
 0.54954268 0.19588415 0.15929878 0.09527439
 0.19588415 0.2507622  0.12652439 0.42682927

MOTIF human_l3_f_74
letter-probability matrix: alength= 4 w= 9 
 0.17244471 0.25642558 0.31052002 0.26060968
 0.22893007 0.26927675 0.19665272 0.30514047
 0.13000598 0.24895397 0.27226539 0.34877466
 0.02809325 0.01763299 0.83233712 0.12193664
 5.61864913e-02 2.98864316e-04 6.53915123e-01 2.89599522e-01
 2.98864316e-04 4.00478183e-02 8.77166766e-01 8.24865511e-02
 3.31739390e-02 8.24865511e-02 8.84040646e-01 2.98864316e-04
 0.27226539 0.26897788 0.37806336 0.08069337
 0.17095039 0.34937238 0.29736999 0.18230723

MOTIF human_l3_f_75
letter-probability matrix: alength= 4 w= 9 
 0.28626479 0.26617121 0.31929535 0.12826865
 0.28433801 0.21855216 0.2777319  0.21937792
 0.56867603 0.12964492 0.25516102 0.04651803
 0.36251032 0.09881641 0.07652078 0.46215249
 0.08918249 0.08450317 0.46187724 0.3644371 
 0.58436554 0.09331131 0.26479494 0.05752821
 0.18662263 0.0090834  0.17616295 0.62813102
 0.23809524 0.10514726 0.61078998 0.04596752
 0.18276906 0.17175888 0.37985136 0.2656207 

MOTIF human_l3_f_76
letter-probability matrix: alength= 4 w= 9 
 0.09283338 0.31025098 0.24251588 0.35439976
 0.31871787 0.30087693 0.28364076 0.09676444
 0.24916843 0.29906259 0.28605987 0.1657091 
 0.07831872 0.53099486 0.08497127 0.30571515
 0.09767161 0.51587542 0.07257333 0.31387965
 3.02388872e-04 3.02388872e-04 3.02388872e-04 9.99092833e-01
 8.58482008e-01 3.02388872e-04 1.40913214e-01 3.02388872e-04
 5.94798911e-01 3.02388872e-04 4.04596311e-01 3.02388872e-04
 0.27094043 0.18596916 0.26277593 0.28031448

MOTIF human_l3_f_77
letter-probability matrix: alength= 4 w= 9 
 0.47332421 0.27578659 0.15129959 0.0995896 
 0.58878249 0.07168263 0.2506156  0.08891929
 0.50177839 0.26155951 0.08016416 0.15649795
 0.21833105 0.1493844  0.17045144 0.46183311
 0.59398085 0.03994528 0.28043776 0.08563611
 2.73597811e-04 2.73597811e-04 2.80711354e-01 7.18741450e-01
 0.10123119 0.17948016 0.6872777  0.03201094
 0.11956224 0.12640219 0.47305062 0.28098495
 0.37674419 0.27277702 0.18057456 0.16990424

MOTIF human_l3_f_78
letter-probability matrix: alength= 4 w= 9 
 0.28049422 0.28601472 0.18217666 0.25131441
 0.49237645 0.26919033 0.10594111 0.13249211
 0.44085174 0.1466877  0.18007361 0.23238696
 7.98633018e-01 5.25762355e-04 2.62881178e-04 2.00578339e-01
 5.25762355e-04 2.62881178e-04 2.62881178e-04 9.98948475e-01
 2.62881178e-04 2.62881178e-04 7.91272345e-01 2.08201893e-01
 0.12776025 0.1033123  0.37276551 0.39616193
 0.2373817  0.2668244  0.36146162 0.13433228
 0.16377497 0.13696109 0.24710831 0.45215563

MOTIF human_l3_f_79
letter-probability matrix: alength= 4 w= 9 
 0.38198668 0.19258616 0.17405155 0.25137562
 0.5444541  0.1071532  0.19200695 0.15638575
 0.01476977 0.01708659 0.00463365 0.96350999
 0.32522444 0.03504199 0.58355054 0.05618303
 0.66406024 0.02172024 0.24587315 0.06834637
 0.32580365 0.21778164 0.0712424  0.38517231
 0.03764842 0.01505937 0.63944396 0.30784825
 0.1337967  0.18129163 0.25282363 0.43208804
 0.20243267 0.30002896 0.19316536 0.30437301

MOTIF human_l3_f_80
letter-probability matrix: alength= 4 w= 9 
 0.21363418 0.31156985 0.10033605 0.37445991
 0.32981277 0.33989438 0.11761882 0.21267403
 9.15026404e-01 4.80076812e-04 8.20931349e-02 2.40038406e-03
 0.018723   0.01968315 0.05424868 0.90734518
 0.02448392 0.01344215 0.94383101 0.01824292
 0.37349976 0.16898704 0.2131541  0.2443591 
 0.12818051 0.05424868 0.17330773 0.64426308
 0.09409506 0.1469035  0.49159866 0.26740278
 0.20259241 0.18674988 0.32885262 0.28180509

MOTIF human_l3_f_81
letter-probability matrix: alength= 4 w= 9 
 0.1530969  0.04120879 0.18256743 0.62312687
 2.49750250e-04 1.59840160e-02 1.72327672e-01 8.11438561e-01
 0.01348651 0.04595405 0.12962038 0.81093906
 2.49750250e-04 1.26873127e-01 4.47052947e-02 8.28171828e-01
 2.49750250e-04 1.52347652e-01 2.07292707e-02 8.26673327e-01
 2.49750250e-04 1.72827173e-01 2.49750250e-04 8.26673327e-01
 0.03921079 0.05794206 0.05569431 0.84715285
 2.49750250e-04 7.06793207e-02 1.99800200e-01 7.29270729e-01
 0.16758242 0.08091908 0.26023976 0.49125874

MOTIF human_l3_f_82
letter-probability matrix: alength= 4 w= 9 
 0.03571429 0.23214286 0.04166667 0.69047619
