MEME version 5.4.1

ALPHABET= ACGT

strands: + -

Background letter frequencies
A 0.25 C 0.25 G 0.25 T 0.25

MOTIF human_l3_f_1
letter-probability matrix: alength= 4 w= 9 
 0.49075924 0.06243756 0.08891109 0.35789211
 0.09015984 0.03021978 0.24150849 0.63811189
 0.001998   0.14310689 0.38236763 0.47252747
 0.01198801 0.03921079 0.04020979 0.90859141
 0.0521978  0.05644356 0.19655345 0.69480519
 0.10914086 0.01673327 0.17532468 0.6988012 
 0.13836164 0.13461538 0.1023976  0.62462537
 0.05769231 0.14635365 0.13936064 0.65659341
 0.08266733 0.06868132 0.248002   0.60064935

MOTIF human_l3_f_3
letter-probability matrix: alength= 4 w= 9 
 0.18412256 0.12423398 0.1908078  0.50083565
 0.01476323 0.04512535 0.22284123 0.71727019
 0.37771588 0.01754875 0.24066852 0.36406685
 0.09052925 0.1632312  0.07548747 0.67075209
 0.11448468 0.15069638 0.00083565 0.73398329
 0.32869081 0.00306407 0.00807799 0.66016713
 0.08523677 0.23091922 0.0281337  0.65571031
 0.16852368 0.06573816 0.29387187 0.4718663 
 0.27576602 0.0810585  0.35821727 0.28495822

MOTIF human_l3_f_5
letter-probability matrix: alength= 4 w= 9 
 0.15759241 0.12237762 0.36313686 0.35689311
 0.22377622 0.44505495 0.27072927 0.06043956
 0.29170829 0.23626374 0.39185814 0.08016983
 0.28121878 0.15384615 0.39885115 0.16608392
 0.16783217 0.06793207 0.10314685 0.66108891
 0.23651349 0.0024975  0.0516983  0.70929071
 0.06718282 0.17482517 0.36413586 0.39385614
 0.23301698 0.23376623 0.14210789 0.39110889
 0.27722278 0.04045954 0.21053946 0.47177822

MOTIF human_l3_f_7
letter-probability matrix: alength= 4 w= 9 
 0.30115533 0.1042362  0.14839538 0.44621309
 0.14890886 0.23928113 0.0097561  0.60205392
 0.16893453 0.01514763 0.03491656 0.78100128
 0.1478819  0.04390244 0.69961489 0.10860077
 0.05288832 0.52708601 0.01155327 0.4084724 
 0.06341463 0.31604621 0.03825417 0.58228498
 0.36765083 0.15532734 0.0169448  0.46007702
 0.37124519 0.06983312 0.12426187 0.43465982
 0.20795892 0.10038511 0.06957638 0.62207959

MOTIF human_l3_f_11
letter-probability matrix: alength= 4 w= 9 
 0.00950252 0.05002795 0.08077138 0.85969816
 0.03745109 0.11682504 0.19508105 0.65064282
 0.15455562 0.06679709 0.00754612 0.77110117
 0.21017328 0.0352152  0.6117943  0.14281722
 0.02766909 0.07210732 0.05058692 0.84963667
 2.79485746e-04 1.08999441e-02 1.54835103e-01 8.33985467e-01
 0.00866406 0.07126887 0.14393516 0.77613192
 0.02207937 0.0136948  0.83063164 0.13359419
 0.1039687  0.1489659  0.23476803 0.51229737

MOTIF human_l3_f_14
letter-probability matrix: alength= 4 w= 9 
 0.2042957  0.17357642 0.22677323 0.39535465
 0.07442557 0.19155844 0.11288711 0.62112887
 7.49250749e-04 2.79720280e-02 4.72027972e-02 9.24075924e-01
 0.0546953  0.13661339 0.1963037  0.61238761
 0.05344655 0.09665335 0.56518482 0.28471528
 0.04845155 0.00874126 0.30669331 0.63611389
 0.22177822 0.38036963 0.07992008 0.31793207
 3.12187812e-02 4.99500500e-04 2.85214785e-01 6.83066933e-01
 0.22577423 0.08116883 0.25674326 0.43631369

MOTIF human_l3_f_19
letter-probability matrix: alength= 4 w= 9 
 0.12077789 0.02661208 0.22313204 0.62947799
 0.04503582 0.02354145 0.13101331 0.80040942
 0.66018424 0.01842375 0.15660184 0.16479017
 0.17195496 0.39815763 0.02251791 0.4073695 
 0.02558854 0.34390993 0.44319345 0.18730809
 0.37871034 0.45445241 0.13510747 0.03172979
 0.10644831 0.20266121 0.06550665 0.62538383
 0.15967247 0.63868987 0.02763562 0.17400205
 0.40327533 0.26100307 0.18730809 0.14841351

MOTIF human_l3_f_20
letter-probability matrix: alength= 4 w= 9 
 0.07377049 0.3204918  0.25737705 0.34836066
 4.09836066e-04 5.45491803e-01 1.05327869e-01 3.48770492e-01
 0.12540984 0.34344262 0.27663934 0.2545082 
 0.27295082 0.11434426 0.31598361 0.29672131
 0.70409836 0.00368852 0.00327869 0.28893443
 3.77049180e-02 1.22950820e-03 4.09836066e-04 9.60655738e-01
 0.49467213 0.18442623 0.11065574 0.2102459 
 0.1704918  0.33032787 0.14303279 0.35614754
 0.13893443 0.28032787 0.21106557 0.36967213

MOTIF human_l3_f_21
letter-probability matrix: alength= 4 w= 9 
 0.13095939 0.3790465  0.23513832 0.2548558 
 0.29487934 0.04178929 0.49381989 0.16951148
 0.42613302 0.23072396 0.22160094 0.12154208
 0.03384344 0.5956445  0.23454974 0.13596233
 0.23778693 0.12213067 0.54885227 0.09123014
 0.23278399 0.45055915 0.16774573 0.14891112
 0.43113596 0.11742201 0.34049441 0.11094762
 0.54826368 0.19482048 0.0191289  0.23778693
 0.42701589 0.24455562 0.17981165 0.14861683

MOTIF human_l3_f_24
letter-probability matrix: alength= 4 w= 9 
 0.54121767 0.01212284 0.01751078 0.42914871
 0.61260776 0.08943966 0.05711207 0.24084052
 0.20878233 0.01804957 0.00835129 0.76481681
 5.38793103e-04 2.69396552e-04 1.99353448e-02 9.79256466e-01
 0.04525862 0.00646552 0.08001078 0.86826509
 2.26293103e-02 2.69396552e-04 2.13362069e-01 7.63739224e-01
 0.2424569  0.01346983 0.36584052 0.37823276
 0.29956897 0.08512931 0.03125    0.58405172
 0.09967672 0.00942888 0.05199353 0.83890086

MOTIF human_l3_f_26
letter-probability matrix: alength= 4 w= 9 
 0.16776533 0.20204351 0.51878708 0.11140409
 0.02109426 0.01153593 0.28345419 0.68391562
 0.05471325 0.00428477 0.39156229 0.54943968
 0.08141068 0.24324324 0.34970336 0.32564272
 0.33322347 0.11041529 0.35332894 0.2030323 
 0.11634806 0.19874753 0.2030323  0.48187212
 0.86123929 0.00263678 0.0471325  0.08899143
 0.10349374 0.36453527 0.17963085 0.35234015
 0.35168095 0.22841134 0.10711931 0.3127884 

MOTIF human_l3_f_27
letter-probability matrix: alength= 4 w= 9 
 0.63993949 0.26739788 0.06770045 0.02496218
 0.67435703 0.06316188 0.09909228 0.1633888 
 0.39826021 0.0790469  0.35665658 0.16603631
 0.00113464 0.40620272 0.06921331 0.52344932
 0.00416036 0.00907716 0.01966717 0.96709531
 0.00832073 0.00151286 0.84341906 0.14674735
 0.24357035 0.09720121 0.37216339 0.28706505
 0.23487141 0.09795764 0.0790469  0.58812405
 0.19440242 0.09909228 0.22995461 0.47655068

MOTIF human_l3_f_34
letter-probability matrix: alength= 4 w= 9 
 0.09920058 0.37790698 0.03415698 0.48873547
 0.16678779 0.34920058 0.07340116 0.41061047
 0.10210756 0.609375   0.18350291 0.10501453
 0.01744186 0.578125   0.14934593 0.25508721
 0.15443314 0.39462209 0.23110465 0.21984012
 0.03452035 0.85356105 0.01344477 0.09847384
 0.39571221 0.4662064  0.109375   0.0287064 
 0.16715116 0.3684593  0.32703488 0.13735465
 0.23037791 0.24454942 0.16860465 0.35646802

MOTIF human_l3_f_36
letter-probability matrix: alength= 4 w= 9 
 0.13782726 0.29792356 0.13782726 0.42642191
 0.21667168 0.55461932 0.09720132 0.13150767
 0.31778513 0.25579296 0.07372856 0.35269335
 0.40114354 0.42822751 0.14264219 0.02798676
 0.07884442 0.14535059 0.29792356 0.47788143
 0.13150767 0.2699368  0.09720132 0.5013542 
 0.53475775 0.09088173 0.02437556 0.34998495
 0.08937707 0.19440265 0.28077039 0.43544989
 0.09629853 0.67168221 0.10773398 0.12428528

MOTIF human_l3_f_38
letter-probability matrix: alength= 4 w= 9 
 0.2585752  0.08865435 0.1292876  0.52348285
 0.17308707 0.23166227 0.20527704 0.38997361
 0.37572559 0.04643799 0.02532982 0.5525066 
 0.57941953 0.2944591  0.10923483 0.01688654
 0.33350923 0.10976253 0.01002639 0.54670185
 2.37467018e-02 4.33245383e-01 5.27704485e-04 5.42480211e-01
 0.04327177 0.21424802 0.08601583 0.65646438
 0.00316623 0.05013193 0.58100264 0.36569921
 0.29498681 0.06174142 0.61688654 0.02638522

MOTIF human_l3_f_39
letter-probability matrix: alength= 4 w= 9 
 0.08816184 0.24725275 0.04270729 0.62187812
 0.03221778 0.01798202 0.68931069 0.26048951
 0.10564436 0.03771229 0.13686314 0.71978022
 0.00749251 0.12637363 0.2495005  0.61663337
 0.27047952 0.06643357 0.0969031  0.56618382
 0.36888112 0.18781219 0.01073926 0.43256743
 1.70079920e-01 2.34765235e-01 2.49750250e-04 5.94905095e-01
 0.12462537 0.43306693 0.07042957 0.37187812
 0.17032967 0.45954046 0.18581419 0.18431568

MOTIF human_l3_f_41
letter-probability matrix: alength= 4 w= 9 
 0.13834297 0.39306358 0.28246628 0.18612717
 0.27707129 0.01425819 0.29710983 0.41156069
 0.23468208 0.25510597 0.28901734 0.22119461
 0.13872832 0.63159923 0.038921   0.19075145
 0.19344894 0.2867052  0.08516378 0.43468208
 0.01926782 0.02736031 0.31368015 0.63969171
 0.26435453 0.04971098 0.19344894 0.49248555
 0.27976879 0.07090559 0.4743738  0.17495183
 0.07707129 0.23314066 0.22427746 0.4655106 

MOTIF human_l3_f_42
letter-probability matrix: alength= 4 w= 9 
 0.00306357 0.15292316 0.01174368 0.83226959
 0.02476385 0.18126117 0.09675772 0.69721726
 0.11156497 0.04595354 0.14296656 0.69951493
 0.61577738 0.00765892 0.03140158 0.34516211
 3.36992596e-02 2.55297421e-04 2.42532550e-02 9.41792188e-01
 8.42481491e-03 2.55297421e-04 3.99795762e-01 5.91524126e-01
 0.0594843  0.12152157 0.61833035 0.20066377
 0.20551442 0.04135818 0.1983661  0.5547613 
 0.23921368 0.06050549 0.19504723 0.5052336 

MOTIF human_l3_f_43
letter-probability matrix: alength= 4 w= 9 
 0.26188467 0.05963432 0.43516174 0.24331927
 0.04978903 0.23825598 0.37552743 0.33642757
 0.53980309 0.25822785 0.12011252 0.08185654
 3.63994374e-01 2.81293952e-04 2.85232068e-01 3.50492264e-01
 0.67510549 0.00562588 0.20168776 0.11758087
 0.22081575 0.05260197 0.23347398 0.4931083 
 0.35386779 0.04585091 0.37355837 0.22672293
 0.32911392 0.2374121  0.16202532 0.27144866
 0.29704641 0.04585091 0.15921238 0.4978903 

MOTIF human_l3_f_47
letter-probability matrix: alength= 4 w= 9 
 0.11613387 0.28296703 0.10739261 0.49350649
 0.254995   0.14535465 0.58191808 0.01773227
 0.001998   0.12112887 0.00674326 0.87012987
 2.49750250e-04 1.40109890e-01 2.99700300e-03 8.56643357e-01
 0.00924076 0.002997   0.17982018 0.80794206
 0.03971029 0.25649351 0.03521479 0.66858142
 0.11513487 0.02497502 0.39785215 0.46203796
 0.17457542 0.20404595 0.16733267 0.45404595
 0.09490509 0.21578422 0.16758242 0.52172827

MOTIF human_l3_f_49
letter-probability matrix: alength= 4 w= 9 
 0.28424305 0.08959835 0.30895984 0.31719876
 0.3069001  0.09783728 0.10968074 0.48558187
 0.47013388 0.21060762 0.16735324 0.15190525
 0.13800206 0.04943357 0.02986612 0.78269825
 0.01287333 0.13851699 0.03244078 0.8161689 
 6.17919670e-03 5.14933059e-04 2.21421215e-02 9.71163749e-01
 0.67250257 0.0046344  0.12409887 0.19876416
 7.92481977e-01 2.05973223e-03 2.04943357e-01 5.14933059e-04
 0.12564367 0.0669413  0.32698249 0.48043254

MOTIF human_l3_f_50
letter-probability matrix: alength= 4 w= 9 
 0.11045008 0.18520435 0.10010347 0.60424211
 0.17227108 0.0693223  0.25323332 0.50517331
 0.21857217 0.10967408 0.44231764 0.22943611
 0.22840145 0.01500259 0.47904811 0.27754785
 0.09674082 0.02897051 0.59363683 0.28065184
 0.33419555 0.0879462  0.06233833 0.51551992
 0.32152095 0.10967408 0.19736161 0.37144335
 0.42990171 0.01810657 0.46016555 0.09182618
 0.32255561 0.07708226 0.13450595 0.46585618

MOTIF human_l3_f_51
letter-probability matrix: alength= 4 w= 9 
 0.26199804 0.13565132 0.16944172 0.43290891
 0.12781587 0.00440744 0.0582762  0.80950049
 0.63418217 0.01371205 0.22575906 0.12634672
 0.36875612 0.00391773 0.57443683 0.05288932
 0.04407444 0.00342801 0.01273262 0.93976494
 0.78354554 0.00685602 0.20323213 0.00636631
 6.62095984e-01 4.89715965e-04 3.09990206e-01 2.74240940e-02
 0.35455436 0.1194907  0.15670911 0.36924584
 0.2115573  0.13222331 0.22135162 0.43486778

MOTIF human_l3_f_54
letter-probability matrix: alength= 4 w= 9 
 0.30936556 0.13534743 0.13353474 0.42175227
 1.38972810e-02 6.04229607e-04 1.20845921e-03 9.84290030e-01
 7.66767372e-01 6.04229607e-04 2.18126888e-01 1.45015106e-02
 0.59154079 0.00060423 0.40725076 0.00060423
 6.04229607e-04 6.04229607e-04 6.04229607e-04 9.98187311e-01
 6.83383686e-01 6.04229607e-04 3.15407855e-01 6.04229607e-04
 7.49244713e-01 6.04229607e-04 2.49546828e-01 6.04229607e-04
 0.27794562 0.09607251 0.12870091 0.49728097
 0.22296073 0.13595166 0.19939577 0.44169184

MOTIF human_l3_f_55
letter-probability matrix: alength= 4 w= 9 
 0.11163895 0.17814727 0.02850356 0.68171021
 0.6152019  0.09738717 0.18764846 0.09976247
 0.3847981  0.01900238 0.58669834 0.00950119
 0.24703088 0.08788599 0.2304038  0.43467933
 0.42042755 0.03087886 0.0023753  0.54631829
 0.17339667 0.11876485 0.42280285 0.28503563
 0.24703088 0.51543943 0.19952494 0.03800475
 0.18764846 0.68408551 0.11401425 0.01425178
 0.23990499 0.11638955 0.29453682 0.34916865

MOTIF human_l3_f_56
letter-probability matrix: alength= 4 w= 9 
 0.42057942 0.38236763 0.04795205 0.1491009 
 0.23926074 0.17707293 0.36963037 0.21403596
 0.02372627 0.4493007  0.05844156 0.46853147
 0.35789211 0.17782218 0.1491009  0.31518482
 0.1505994  0.12762238 0.40984016 0.31193806
 0.17607393 0.27697303 0.18306693 0.36388611
 0.1023976  0.52772228 0.04545455 0.32442557
 0.15859141 0.48076923 0.3001998  0.06043956
 0.23001998 0.48776224 0.09290709 0.18931069

MOTIF human_l3_f_57
letter-probability matrix: alength= 4 w= 9 
 0.03247597 0.07170694 0.22083658 0.67498051
 0.24603793 0.22785139 0.20031177 0.32579891
 0.34112757 0.16523772 0.15978176 0.33385295
 0.55676799 0.26812159 0.09664848 0.07846194
 0.49441413 0.04598597 0.12184983 0.33775006
 0.3790595  0.03325539 0.00831385 0.57937127
 0.41179527 0.00051962 0.25876851 0.3289166 
 0.32112237 0.14497272 0.08209925 0.45180566
 0.54065991 0.0233827  0.25123409 0.1847233 

MOTIF human_l3_f_60
letter-probability matrix: alength= 4 w= 9 
 0.26245085 0.13269987 0.19102228 0.413827  
 0.21035387 0.1595675  0.29325033 0.33682831
 0.0491481  0.04980341 0.15366972 0.74737877
 0.52752294 0.03243775 0.25982962 0.1802097 
 0.4593709  0.03636959 0.46690695 0.03735256
 0.0206422  0.03931848 0.06913499 0.87090433
 0.56258191 0.01933159 0.37090433 0.04718218
 0.73460026 0.00884666 0.21395806 0.04259502
 0.27948886 0.14941022 0.14121887 0.42988204

MOTIF human_l3_f_66
letter-probability matrix: alength= 4 w= 9 
 0.15934539 0.22394488 0.28509905 0.33161068
 0.5343095  0.08383577 0.29543497 0.08641975
 0.43956359 0.1857594  0.21762848 0.15704852
 0.32271031 0.18432386 0.23370657 0.25925926
 9.99138674e-01 2.87108814e-04 2.87108814e-04 2.87108814e-04
 2.87108814e-04 2.87108814e-04 2.87108814e-04 9.99138674e-01
 2.87108814e-04 2.87108814e-04 9.99138674e-01 2.87108814e-04
 0.13924777 0.22652885 0.26988229 0.36434109
 0.263853   0.12001148 0.31524548 0.30089004

MOTIF human_l3_f_68
letter-probability matrix: alength= 4 w= 9 
 0.46476762 0.04172914 0.36381809 0.12968516
 0.24337831 0.23213393 0.17966017 0.34482759
 0.28435782 0.18815592 0.19115442 0.33633183
 0.86756622 0.01924038 0.09970015 0.01349325
 0.12218891 0.0109945  0.00374813 0.86306847
 0.07546227 0.01524238 0.78735632 0.12193903
 0.47951024 0.04272864 0.27361319 0.20414793
 0.14317841 0.17541229 0.19565217 0.48575712
 0.17891054 0.14317841 0.43228386 0.24562719

MOTIF human_l3_f_71
letter-probability matrix: alength= 4 w= 9 
 0.3054371  0.22654584 0.34275053 0.12526652
 0.05836887 0.11513859 0.01705757 0.80943497
 0.05277186 0.09834755 0.58395522 0.26492537
 0.3869936  0.33662047 0.02185501 0.25453092
 0.15778252 0.1553838  0.31529851 0.37153518
 0.71108742 0.0847548  0.09195096 0.11220682
 0.2771855  0.23747335 0.20708955 0.2782516 
 0.23081023 0.30996802 0.26492537 0.19429638
 0.18976546 0.11007463 0.46375267 0.23640725

MOTIF human_l3_f_72
letter-probability matrix: alength= 4 w= 9 
 0.20515387 0.20990743 0.13460095 0.45033775
 0.27445584 0.20915687 0.19089317 0.32549412
 0.21015762 0.02651989 0.0365274  0.7267951 
 0.45859395 0.03577683 0.2752064  0.23042282
 0.50262697 0.13485114 0.22842132 0.13410058
 0.0365274 0.0202652 0.0020015 0.9412059
 0.58218664 0.00275206 0.32674506 0.08831624
 0.6822617  0.00075056 0.25719289 0.05979485
 0.33775331 0.08156117 0.24918689 0.33149862

MOTIF human_l3_f_76
letter-probability matrix: alength= 4 w= 9 
 0.08333333 0.13095238 0.21428571 0.57142857
 0.01190476 0.78571429 0.01190476 0.19047619
 0.01190476 0.01190476 0.96428571 0.01190476
 0.47619048 0.04761905 0.19047619 0.28571429
 0.11904762 0.01190476 0.79761905 0.07142857
 0.03571429 0.75       0.04761905 0.16666667
 0.03571429 0.05952381 0.13095238 0.77380952
 0.28571429 0.01190476 0.66666667 0.03571429
 0.39285714 0.04761905 0.1547619  0.4047619 

MOTIF human_l3_f_78
letter-probability matrix: alength= 4 w= 9 
 0.16537468 0.14341085 0.1369509  0.55426357
 0.42248062 0.14728682 0.20542636 0.2248062 
 0.54651163 0.04392765 0.40826873 0.00129199
 0.49870801 0.01808786 0.20801034 0.2751938 
 0.00129199 0.47803618 0.33333333 0.1873385 
 0.00904393 0.00387597 0.00258398 0.98449612
 0.0245478  0.00129199 0.94444444 0.02971576
 0.99612403 0.00129199 0.00129199 0.00129199
 0.14341085 0.20930233 0.26485788 0.38242894

MOTIF human_l3_f_79
letter-probability matrix: alength= 4 w= 9 
 0.53541927 0.21852315 0.00475594 0.24130163
 0.0465582  0.20876095 0.0057572  0.73892365
 0.02803504 0.03854819 0.61802253 0.31539424
 0.06683354 0.28235294 0.14668335 0.50413016
 0.13291615 0.31914894 0.09361702 0.4543179 
 0.14843554 0.15294118 0.08836045 0.61026283
 0.53742178 0.24230288 0.10538173 0.11489362
 0.32315394 0.11113892 0.08811014 0.477597  
 0.2931164  0.16020025 0.15494368 0.39173967

MOTIF human_l3_f_80
letter-probability matrix: alength= 4 w= 9 
 0.32758183 0.08145141 0.40801827 0.18294849
 0.24790662 0.14717077 0.24283177 0.36209084
 0.10378077 0.22151738 0.47627506 0.1984268 
 0.62674448 0.05074854 0.29764019 0.02486679
 0.4087795  0.10175082 0.08449632 0.40497336
 0.05430094 0.68155291 0.20274042 0.06140573
 0.56965237 0.07789901 0.09312357 0.25932504
 0.14920071 0.34661253 0.1651865  0.33900025
 0.22659224 0.37021061 0.23851814 0.16467902

MOTIF human_l3_f_81
letter-probability matrix: alength= 4 w= 9 
 0.4697733  0.18110831 0.22216625 0.12695214
 0.41914358 0.09042821 0.1534005  0.33702771
 0.28967254 0.18488665 0.32015113 0.20528967
 2.51889169e-04 4.03022670e-03 2.51889169e-04 9.95465995e-01
 0.59798489 0.01284635 0.34231738 0.04685139
 0.39798489 0.01133501 0.53652393 0.05415617
 0.52821159 0.15214106 0.19244332 0.12720403
 0.25239295 0.19622166 0.28564232 0.26574307
 0.21763224 0.1395466  0.38715365 0.25566751

MOTIF human_l3_f_82
letter-probability matrix: alength= 4 w= 9 
 0.13420428 0.16429137 0.29770388 0.40380048
 0.35748219 0.10965954 0.17656374 0.35629454
 0.4378464  0.15043547 0.05463183 0.3570863 
 2.12984956e-01 3.95882819e-04 3.24623911e-01 4.61995249e-01
 0.3111639  0.65558195 0.00633413 0.02692003
 0.44893112 0.01504355 0.32145685 0.21456849
 6.52019002e-01 1.06492478e-01 3.95882819e-04 2.41092637e-01
 2.20110847e-01 3.95882819e-04 3.12747427e-02 7.48218527e-01
 0.34718923 0.00831354 0.08392716 0.56057007

MOTIF human_l3_f_83
letter-probability matrix: alength= 4 w= 9 
 0.18131868 0.15834166 0.22377622 0.43656344
 0.33166833 0.28346653 0.19355644 0.19130869
 0.25749251 0.26873127 0.13711289 0.33666334
 0.27722278 0.04470529 0.13911089 0.53896104
 0.18356643 0.08341658 0.08041958 0.6525974 
 0.30794206 0.52522478 0.00699301 0.15984016
 0.73776224 0.00774226 0.01448551 0.24000999
 0.33591409 0.4985015  0.0954046  0.07017982
 0.39360639 0.36763237 0.03621379 0.20254745

MOTIF human_l3_f_84
letter-probability matrix: alength= 4 w= 9 
 0.189   0.08275 0.05675 0.6715 
 0.15675 0.096   0.03225 0.715  
 0.08975 0.15225 0.1415  0.6165 
 0.093   0.01275 0.846   0.04825
 0.0855  0.01    0.02575 0.87875
 2.5000e-04 9.4500e-02 2.9025e-01 6.1500e-01
 0.11725 0.0645  0.59725 0.221  
 0.21375 0.08875 0.1785  0.519  
 0.245   0.06225 0.2245  0.46825

MOTIF human_l3_f_85
letter-probability matrix: alength= 4 w= 9 
 0.57502931 0.09202814 0.04396249 0.28898007
 0.2919109  0.16822978 0.15767878 0.38218054
 0.24032825 0.1014068  0.03575615 0.62250879
 0.3094959  0.44490035 0.1101993  0.13540445
 0.15416178 0.06037515 0.42497069 0.36049238
 0.40797186 0.17409144 0.32708089 0.0908558 
 0.52696366 0.00762016 0.16588511 0.29953107
 0.43200469 0.0052755  0.37280188 0.18991794
 0.41617819 0.11137163 0.1066823  0.36576788

MOTIF human_l3_f_86
letter-probability matrix: alength= 4 w= 9 
 0.21151795 0.05972272 0.1951653  0.53359403
 0.13899751 0.07252044 0.12833274 0.66014931
 0.29008176 0.01670814 0.25986491 0.43334518
 7.10984714e-04 2.63064344e-02 1.68147885e-01 8.04834696e-01
 0.73658016 0.04123711 0.15961607 0.06256665
 0.69889797 0.12619979 0.10380377 0.07109847
 0.07963029 0.12584429 0.04550302 0.7490224 
 0.0323498  0.16352648 0.09669392 0.70742979
 0.14930679 0.139353   0.08709563 0.62424458

MOTIF human_l3_f_91
letter-probability matrix: alength= 4 w= 9 
 0.42982018 0.12262737 0.40934066 0.03821179
 0.01923077 0.16483516 0.06418581 0.75174825
 0.00574426 0.03346653 0.07892108 0.88186813
 0.4458042  0.06443556 0.26998002 0.21978022
 0.09465534 0.25024975 0.09390609 0.56118881
 1.34615385e-01 2.49750250e-04 1.91558442e-01 6.73576424e-01
 0.57067932 0.03071928 0.06318681 0.33541459
 0.1481019  0.13836164 0.05694306 0.65659341
 0.22302697 0.12637363 0.11663337 0.53396603

MOTIF human_l3_f_92
letter-probability matrix: alength= 4 w= 9 
 0.0205035  0.16558526 0.0628082  0.75110304
 0.02517519 0.13807423 0.36153647 0.47521412
 0.00103815 0.16350895 0.01116013 0.82429276
 0.10251752 0.03296133 0.60809759 0.25642357
 0.01764859 0.07864002 0.67609655 0.22761485
 0.49987023 0.15598235 0.16740202 0.17674539
 0.30677394 0.07552556 0.07682325 0.54087724
 0.31378147 0.11679211 0.2211264  0.34830003
 0.23981313 0.10225798 0.16895925 0.48896963

MOTIF human_l3_f_94
letter-probability matrix: alength= 4 w= 9 
 0.10223642 0.3696942  0.14240073 0.38566864
 0.14376997 0.47238704 0.00684619 0.37699681
 0.60565952 0.08808763 0.28388864 0.02236422
 4.56412597e-04 1.00410771e-02 8.16522136e-01 1.72980374e-01
 0.04016431 0.34687357 0.33637608 0.27658603
 0.50661798 0.20629849 0.14331356 0.14376997
 0.09675947 0.12505705 0.34504792 0.43313555
 0.69694204 0.03925148 0.01277955 0.25102693
 0.11182109 0.16111365 0.15974441 0.56732086

MOTIF human_l3_f_95
letter-probability matrix: alength= 4 w= 9 
 0.5969031  0.1471029  0.15934066 0.09665335
 0.38461538 0.13461538 0.12087912 0.35989011
 0.48876124 0.07942058 0.17382617 0.25799201
 4.77772228e-01 6.96803197e-02 2.49750250e-04 4.52297702e-01
 0.0472028  0.00724276 0.07517483 0.87037962
 8.19180819e-02 4.99500500e-04 1.78071928e-01 7.39510490e-01
 0.09240759 0.06843157 0.44080919 0.39835165
 0.02072927 0.13411588 0.36938062 0.47577423
 0.23451548 0.21978022 0.42682318 0.11888112

MOTIF human_l3_f_98
letter-probability matrix: alength= 4 w= 9 
 0.16377749 0.20853816 0.36714101 0.26054334
 0.17231565 0.08175938 0.24191462 0.50401035
 0.52445019 0.02664942 0.29521345 0.15368693
 0.18602846 0.0007762  0.72005175 0.0931436 
 0.13247089 0.09262613 0.38240621 0.39249677
 0.1373868  0.03622251 0.65692109 0.1694696 
 0.17179819 0.07141009 0.29987063 0.45692109
 0.3622251  0.06649418 0.15549806 0.41578266
 0.13272962 0.06080207 0.08175938 0.72470893

MOTIF human_l3_f_101
letter-probability matrix: alength= 4 w= 9 
 0.2384     0.06826667 0.25653333 0.4368    
 0.05333333 0.0056     0.72053333 0.22053333
 0.16746667 0.04506667 0.17413333 0.61333333
 0.25253333 0.01253333 0.21786667 0.51706667
 0.0264     0.00533333 0.0264     0.94186667
 0.17146667 0.55386667 0.00133333 0.27333333
 2.66666667e-04 4.20533333e-01 1.49066667e-01 4.30133333e-01
 0.3304     0.23493333 0.06       0.37466667
 0.19333333 0.18586667 0.32666667 0.29413333

MOTIF human_l3_f_102
letter-probability matrix: alength= 4 w= 9 
 0.18320083 0.1679917  0.27445558 0.37435188
 0.0680954  0.15416523 0.05530591 0.72243346
 0.62288282 0.01832008 0.24576564 0.11303146
 0.31420671 0.21742136 0.29450398 0.17386796
 0.17317663 0.02315935 0.03767715 0.76598686
 0.59246457 0.03352921 0.21085378 0.16315244
 6.25993778e-01 3.45661943e-04 2.59246457e-01 1.14414103e-01
 0.51711027 0.11406844 0.05841687 0.31040442
 0.11890771 0.05496025 0.18907708 0.63705496

MOTIF human_l3_f_104
letter-probability matrix: alength= 4 w= 9 
 0.76914779 0.08279396 0.10652643 0.04153182
 0.29584682 0.02669903 0.31634304 0.36111111
 0.51456311 0.15210356 0.20010787 0.13322546
 0.68743258 0.07578209 0.23516721 0.00161812
 0.13133765 0.04368932 0.21035599 0.61461704
 0.09304207 0.21143474 0.01078749 0.68473571
 0.18122977 0.11380798 0.4789644  0.22599784
 0.07605178 0.10976268 0.15426106 0.65992449
 0.71089536 0.09142395 0.13403452 0.06364617

MOTIF human_l3_f_105
letter-probability matrix: alength= 4 w= 9 
 0.36722151 0.26350832 0.16338028 0.20588988
 0.09807939 0.60973111 0.12804097 0.16414853
 0.02637644 0.30448143 0.06734955 0.60179257
 1.41869398e-01 2.56081946e-04 8.47119078e-01 1.07554417e-02
 0.10985915 0.00665813 0.15236876 0.73111396
 0.12266325 0.42355954 0.05403329 0.39974392
 0.02355954 0.05121639 0.49295775 0.43226633
 0.1418694  0.42048656 0.16491677 0.27272727
 0.24788732 0.39206146 0.11959027 0.24046095

MOTIF human_l3_f_107
letter-probability matrix: alength= 4 w= 9 
 0.24666163 0.38825901 0.1723356  0.19274376
 0.11589821 0.18745276 0.31796422 0.37868481
 0.06449987 0.22675737 0.56210632 0.14663643
 2.51952633e-04 2.51952633e-04 2.51952633e-04 9.99244142e-01
 2.37843285e-01 2.51952633e-04 7.61652809e-01 2.51952633e-04
 8.80322499e-01 2.51952633e-04 1.19173595e-01 2.51952633e-04
 0.32426304 0.34240363 0.14562862 0.18770471
 0.20760897 0.20458554 0.20861678 0.37918871
 0.143613   0.33887629 0.21264802 0.30486269

MOTIF human_l3_f_108
letter-probability matrix: alength= 4 w= 9 
 0.08793836 0.41710946 0.06455898 0.4303932 
 0.04171095 0.33262487 0.22741764 0.39824655
 0.24601488 0.02098831 0.34723698 0.38575983
 0.13177471 0.04941552 0.6424017  0.17640808
 0.58528162 0.18783209 0.02178533 0.20510096
 0.27656748 0.22635494 0.35387885 0.14319872
 0.50132837 0.13841658 0.25850159 0.10175345
 0.36530287 0.09431456 0.4325186  0.10786397
 0.69553666 0.12327311 0.01248672 0.16870351

MOTIF human_l3_f_111
letter-probability matrix: alength= 4 w= 9 
 0.24712644 0.18773946 0.09961686 0.46551724
 0.04022989 0.28735632 0.05172414 0.62068966
 0.00957854 0.24712644 0.74137931 0.00191571
 0.00191571 0.25862069 0.69348659 0.04597701
 0.04597701 0.04597701 0.01149425 0.89655172
 0.17049808 0.04214559 0.02681992 0.7605364 
 0.06321839 0.00957854 0.00191571 0.92528736
 0.04789272 0.00191571 0.08812261 0.86206897
 0.07471264 0.14176245 0.22796935 0.55555556

MOTIF human_l3_f_113
letter-probability matrix: alength= 4 w= 9 
 0.20756063 0.13694722 0.00998573 0.64550642
 0.27817404 0.12482168 0.00178317 0.59522111
 0.08737518 0.0374465  0.08487874 0.79029957
 0.12660485 0.23965763 0.54778887 0.08594864
 0.13552068 0.40370899 0.43259629 0.02817404
 7.81027104e-01 3.56633381e-04 1.43366619e-01 7.52496434e-02
 0.39550642 0.0085592  0.32025678 0.2756776 
 0.56383738 0.04422254 0.02175464 0.37018545
 0.36447932 0.05991441 0.04636234 0.52924394

MOTIF human_l3_f_115
letter-probability matrix: alength= 4 w= 9 
 0.13904608 0.06440313 0.09161951 0.70493129
 0.48612234 0.08057127 0.29129615 0.14201024
 0.52977634 0.06251684 0.26650499 0.14120183
 0.15656157 0.05631905 0.06952304 0.71759634
 0.46564268 0.05470224 0.275128   0.20452708
 0.49528429 0.07087039 0.30261385 0.13123147
 0.09377526 0.04661816 0.05039073 0.80921584
 0.61007815 0.04176772 0.25626516 0.09188898
 0.59229318 0.043654   0.27890057 0.08515225

MOTIF human_l3_f_118
letter-probability matrix: alength= 4 w= 9 
 0.17582418 0.15097946 0.32154802 0.35164835
 0.02580029 0.039656   0.02054467 0.91399904
 0.54276159 0.07405638 0.36120401 0.02197802
 0.55948399 0.00430005 0.42236025 0.01385571
 0.00955566 0.1863354  0.05542284 0.7486861 
 0.58241758 0.10081223 0.18251314 0.13425705
 0.48112757 0.07453416 0.38748208 0.05685619
 0.35833731 0.10224558 0.15336837 0.38604873
 0.2570473  0.18537984 0.15575729 0.40181558

MOTIF human_l3_f_119
letter-probability matrix: alength= 4 w= 9 
 0.2699005  0.2238806  0.29850746 0.20771144
 0.85945274 0.05472637 0.03109453 0.05472637
 0.48880597 0.00870647 0.06840796 0.4340796 
 0.28482587 0.55223881 0.03109453 0.1318408 
 0.5721393  0.22761194 0.03731343 0.16293532
 0.0261194  0.52487562 0.34577114 0.10323383
 0.01243781 0.41169154 0.50497512 0.07089552
 0.02363184 0.28482587 0.64800995 0.04353234
 0.10447761 0.31094527 0.51616915 0.06840796

MOTIF human_l3_f_122
letter-probability matrix: alength= 4 w= 9 
 0.26693341 0.06630466 0.15661618 0.51014576
 0.37896542 0.25664476 0.0142898  0.35010003
 0.23521006 0.04429837 0.05715919 0.66333238
 0.17890826 0.10945985 0.18948271 0.52214919
 0.00400114 0.08259503 0.21177479 0.70162904
 0.28722492 0.12374964 0.16861961 0.42040583
 0.7673621  0.01314661 0.1969134  0.02257788
 0.07373535 0.04372678 0.31466133 0.56787654
 0.58188054 0.09917119 0.04601315 0.27293512

MOTIF human_l3_f_125
letter-probability matrix: alength= 4 w= 9 
 0.29662749 0.17245784 0.16913643 0.36177823
 0.49846704 0.1446091  0.10194175 0.25498212
 0.57639244 0.08329075 0.12621359 0.21410322
 0.25268268 0.06515074 0.21665815 0.46550843
 0.16836995 0.10858457 0.22151252 0.50153296
 0.64205416 0.07102708 0.18983137 0.09708738
 0.02682678 0.09018906 0.00817578 0.87480838
 0.02631579 0.02299438 0.84747062 0.10321921
 0.07179356 0.18369954 0.15636178 0.58814512

MOTIF human_l3_f_127
letter-probability matrix: alength= 4 w= 9 
 0.61863137 0.19255744 0.08016983 0.10864136
 0.25899101 0.11538462 0.32742258 0.2982018 
 0.06318681 0.07892108 0.1998002  0.65809191
 0.00424575 0.22777223 0.08066933 0.68731269
 0.27547453 0.13061938 0.29245754 0.30144855
 0.14185814 0.41558442 0.18881119 0.25374625
 0.72477522 0.11088911 0.00549451 0.15884116
 0.03146853 0.01048951 0.52272727 0.43531469
 0.16633367 0.34565435 0.19280719 0.2952048 

MOTIF human_l3_f_130
letter-probability matrix: alength= 4 w= 9 
 0.30386179 0.18470528 0.30436992 0.20706301
 0.22332317 0.11026423 0.0523374  0.6140752 
 0.23069106 0.02794715 0.30538618 0.43597561
 0.07240854 0.31122967 0.0785061  0.53785569
 0.71747967 0.02566057 0.0632622  0.19359756
 0.63490854 0.17174797 0.1359248  0.0574187 
 0.47586382 0.14227642 0.10340447 0.27845528
 0.60543699 0.0574187  0.15370935 0.18343496
 0.66920732 0.06859756 0.13871951 0.12347561

MOTIF human_l3_f_131
letter-probability matrix: alength= 4 w= 9 
 0.55469169 0.08284182 0.05308311 0.30938338
 0.3002681  0.1386059  0.13297587 0.42815013
 0.10348525 0.08579088 0.01099196 0.7997319 
 0.23136729 0.04128686 0.28900804 0.4383378 
 0.36219839 0.10616622 0.21367292 0.31796247
 0.35147453 0.57104558 0.06568365 0.01179625
 0.14906166 0.07560322 0.32386059 0.45147453
 0.17560322 0.08632708 0.230563   0.5075067 
 0.07935657 0.14718499 0.38579088 0.38766756

MOTIF human_l3_f_132
letter-probability matrix: alength= 4 w= 9 
 0.08995656 0.03833376 0.13161257 0.74009711
 0.22182469 0.04267825 0.0092001  0.72629696
 0.09992333 0.02325581 0.37234858 0.50447227
 2.55558395e-04 4.77894199e-02 4.85560951e-03 9.47099412e-01
 0.7518528  0.0153335  0.22156913 0.01124457
 0.00996678 0.03833376 0.16227958 0.78941988
 0.04830054 0.00230003 0.00127779 0.94812165
 0.06874521 0.03066701 0.73754153 0.16304626
 0.04395604 0.14081268 0.13825709 0.67697419

MOTIF human_l3_f_133
letter-probability matrix: alength= 4 w= 9 
 0.30076142 0.02994924 0.12741117 0.54187817
 0.1715736  0.04086294 0.04593909 0.74162437
 0.30532995 0.1571066  0.00228426 0.53527919
 0.1715736  0.03984772 0.02182741 0.76675127
 0.39492386 0.00812183 0.04593909 0.55101523
 0.19111675 0.55964467 0.00253807 0.24670051
 0.58680203 0.25304569 0.0680203  0.09213198
 0.79746193 0.01878173 0.11015228 0.07360406
 0.60025381 0.06446701 0.03248731 0.30279188

MOTIF human_l3_f_134
letter-probability matrix: alength= 4 w= 9 
 0.06268731 0.16358641 0.13186813 0.64185814
 0.21728272 0.19480519 0.05394605 0.53396603
 0.14785215 0.25424575 0.18456543 0.41333666
 0.19555445 0.09615385 0.51223776 0.19605395
 0.3026973  0.16658342 0.01348651 0.51723277
 0.04470529 0.12512488 0.05794206 0.77222777
 0.15509491 0.02522478 0.07142857 0.74825175
 0.08816184 0.05644356 0.84490509 0.01048951
 0.21928072 0.12062937 0.2962038  0.36388611

MOTIF human_l3_f_135
letter-probability matrix: alength= 4 w= 9 
 0.45116637 0.14329659 0.13919508 0.26634196
 0.18508075 0.02102025 0.46500897 0.32889003
 0.00999744 0.15073058 0.05024353 0.78902845
 0.0587029  0.39143809 0.2953089  0.25455012
 0.12714689 0.59266855 0.17610869 0.10407588
 0.03845168 0.63035119 0.15970264 0.17149449
 0.03691361 0.34760318 0.27428864 0.34119457
 0.04127147 0.20046142 0.48397847 0.27428864
 0.16764932 0.41527813 0.20405024 0.2130223 

MOTIF human_l3_f_137
letter-probability matrix: alength= 4 w= 9 
 0.39378238 0.11994819 0.28782383 0.1984456 
 0.17772021 0.12746114 0.19585492 0.49896373
 0.10854922 0.31139896 0.09611399 0.48393782
 2.59067358e-04 1.74093264e-01 4.07253886e-01 4.18393782e-01
 0.14119171 0.18160622 0.31606218 0.3611399 
 0.36917098 0.16580311 0.1880829  0.27694301
 0.43626943 0.14818653 0.00854922 0.40699482
 0.10777202 0.22953368 0.13005181 0.53264249
 0.1253886  0.21528497 0.36373057 0.29559585

MOTIF human_l3_f_138
letter-probability matrix: alength= 4 w= 9 
 0.06330014 0.1230441  0.07396871 0.73968706
 0.00675676 0.00675676 0.78733997 0.19914651
 3.55618777e-02 2.08748222e-01 7.11237553e-04 7.54978663e-01
 0.51920341 0.00782361 0.42567568 0.0472973 
 0.10135135 0.27987198 0.14473684 0.47403983
 0.17034139 0.23968706 0.24679943 0.34317212
 0.35526316 0.15753912 0.12766714 0.35953058
 0.2254623  0.18349929 0.21123755 0.37980085
 0.41785206 0.18990043 0.05761024 0.33463727

MOTIF human_l3_f_140
letter-probability matrix: alength= 4 w= 9 
 0.0199262  0.28265683 0.19594096 0.50147601
 0.00258303 0.32214022 0.42250923 0.25276753
 0.14797048 0.19520295 0.59188192 0.06494465
 0.15571956 0.30664207 0.32619926 0.21143911
 0.43837638 0.2103321  0.24464945 0.10664207
 2.61992620e-01 3.69003690e-04 2.47601476e-01 4.90036900e-01
 0.12804428 0.35092251 0.05904059 0.46199262
 0.16863469 0.3202952  0.07638376 0.43468635
 0.25313653 0.33948339 0.21143911 0.19594096

MOTIF human_l3_f_142
letter-probability matrix: alength= 4 w= 9 
 0.18381618 0.20879121 0.05769231 0.5497003 
 0.13086913 0.19280719 0.36188811 0.31443556
 0.17232767 0.32817183 0.08416583 0.41533467
 0.36538462 0.43756244 0.17257742 0.02447552
 0.51373626 0.02247752 0.2544955  0.20929071
 0.26748252 0.02372627 0.40484515 0.30394605
 0.12462537 0.14685315 0.04020979 0.68831169
 0.42582418 0.03871129 0.2495005  0.28596404
 0.00749251 0.04220779 0.29495504 0.65534466

MOTIF human_l3_f_143
letter-probability matrix: alength= 4 w= 9 
 0.62254627 0.09197981 0.25995513 0.02551879
 0.42793045 0.18115536 0.2638811  0.12703309
 0.1292765  0.48261357 0.34015704 0.04795289
 0.59310151 0.15002804 0.09113853 0.16573191
 0.16208637 0.34071789 0.39484016 0.10235558
 0.20218732 0.25266405 0.18199663 0.36315199
 0.08833427 0.16292765 0.04122266 0.70751542
 0.45148626 0.13123948 0.04150308 0.37577117
 0.18676388 0.40213124 0.14021312 0.27089176

MOTIF human_l3_f_144
letter-probability matrix: alength= 4 w= 9 
 0.37296037 0.19476819 0.07847708 0.35379435
 0.54933955 0.12483812 0.2040922  0.12173012
 0.23517224 0.03133903 0.17094017 0.56254856
 0.23543124 0.11266511 0.13493913 0.51696452
 0.14581715 0.03833204 0.05698006 0.75887076
 0.14504015 0.11836312 0.16187516 0.57472157
 0.2983683  0.01657602 0.07666408 0.60839161
 0.3030303  0.05594406 0.36415436 0.27687128
 0.48821549 0.01579902 0.30976431 0.18622119

MOTIF human_l3_f_148
letter-probability matrix: alength= 4 w= 9 
 0.11017897 0.31543624 0.0458613  0.52852349
 0.14653244 0.33724832 0.10011186 0.41610738
 0.2466443  0.22762864 0.38422819 0.14149888
 0.72091723 0.01845638 0.22259508 0.03803132
 0.16778523 0.54642058 0.09675615 0.18903803
 0.25223714 0.55760626 0.18903803 0.00111857
 0.43512304 0.25055928 0.17114094 0.14317673
 0.64876957 0.00167785 0.27013423 0.07941834
 0.38814318 0.08165548 0.0738255  0.45637584

MOTIF human_l3_f_150
letter-probability matrix: alength= 4 w= 9 
 0.30540278 0.11937884 0.2617276  0.31349078
 0.22387577 0.17761242 0.21934649 0.37916532
 2.77903591e-01 3.23519896e-04 6.26658039e-01 9.51148496e-02
 3.23519896e-04 3.37107732e-01 3.23519896e-04 6.62245228e-01
 0.13199612 0.38984148 0.14202523 0.33613717
 0.21740537 0.01682303 0.20543513 0.56033646
 0.4325461  0.3186671  0.00194112 0.24684568
 0.29052087 0.0113232  0.17470074 0.52345519
 0.17987706 0.14623099 0.27984471 0.39404723

MOTIF human_l3_f_151
letter-probability matrix: alength= 4 w= 9 
 0.1530969  0.00899101 0.01473526 0.82317682
 0.01273726 0.00624376 0.00774226 0.97327672
 0.18856144 0.08766234 0.00849151 0.71528472
 0.37712288 0.06443556 0.2962038  0.26223776
 0.11113886 0.12112887 0.02847153 0.73926074
 0.3489011  0.11213786 0.05244755 0.48651349
 0.06868132 0.08591409 0.02197802 0.82342657
 0.37087912 0.09965035 0.01748252 0.51198801
 0.17307692 0.15634366 0.05669331 0.61388611

MOTIF human_l3_f_154
letter-probability matrix: alength= 4 w= 9 
 0.46219931 0.1884307  0.26861397 0.08075601
 0.38831615 0.3556701  0.14032073 0.11569301
 0.79381443 0.11340206 0.0532646  0.0395189 
 0.91237113 0.02061856 0.00630011 0.06071019
 0.15521191 0.45418099 0.13344788 0.25715922
 0.00057274 0.38545246 0.11970218 0.49427262
 0.06242841 0.54810997 0.16151203 0.2279496 
 0.25544101 0.26975945 0.39289805 0.08190149
 0.45761741 0.19358534 0.17754868 0.17124857

MOTIF human_l3_f_155
letter-probability matrix: alength= 4 w= 9 
 0.1830213  0.24919303 0.1714009  0.39638476
 0.42769529 0.26210458 0.06843125 0.24176888
 0.44351194 0.01904454 0.00258231 0.5348612 
 0.64977405 0.00451904 0.14396385 0.20174306
 0.47256294 0.03615236 0.21110394 0.28018076
 0.16365397 0.22788896 0.10103292 0.50742414
 0.18140736 0.46029697 0.08683021 0.27146546
 0.06810846 0.49160749 0.35926404 0.08102001
 0.31149128 0.27275662 0.20432537 0.21142673

MOTIF human_l3_f_156
letter-probability matrix: alength= 4 w= 9 
 0.43919278 0.18852894 0.13754647 0.23473181
 0.25862985 0.00212427 0.69782262 0.04142326
 0.13489113 0.2480085  0.56399363 0.05310674
 5.43281997e-01 2.20924057e-01 2.35262878e-01 5.31067446e-04
 7.49867233e-01 5.31067446e-04 2.46415295e-01 3.18640467e-03
 0.7519915  0.00743494 0.14710568 0.09346787
 0.4747743  0.05735528 0.26606479 0.20180563
 0.66808285 0.00531067 0.06956984 0.25703664
 0.07381837 0.09187467 0.09399894 0.74030802

MOTIF human_l3_f_157
letter-probability matrix: alength= 4 w= 9 
 0.2679701  0.18976423 0.07245543 0.46981024
 0.83841288 0.02501438 0.09028177 0.04629097
 0.14893617 0.11500863 0.07820587 0.65784934
 0.0293272  0.1132835  0.00230017 0.85508913
 0.06296722 0.12967223 0.14117309 0.66618746
 0.26854514 0.22972973 0.43645773 0.0652674 
 0.29528465 0.00143761 0.33640023 0.36687752
 0.5253019  0.17050029 0.08855664 0.21564117
 0.16963772 0.04772858 0.37521564 0.40741806

MOTIF human_l3_f_158
letter-probability matrix: alength= 4 w= 9 
 0.21785893 0.13356678 0.35767884 0.29089545
 0.24912456 0.07678839 0.19484742 0.47923962
 0.21610805 0.12881441 0.07578789 0.57928964
 0.14082041 0.01925963 0.02751376 0.8124062 
 0.47073537 0.00425213 0.34717359 0.17783892
 0.506003   0.01025513 0.35817909 0.12556278
 0.21135568 0.14682341 0.0947974  0.54702351
 0.55152576 0.12281141 0.14332166 0.18234117
 0.32766383 0.11330665 0.41045523 0.14857429

MOTIF human_l3_f_159
letter-probability matrix: alength= 4 w= 9 
 0.30894106 0.08891109 0.28496503 0.31718282
 0.00724276 0.57142857 0.0044955  0.41683317
 2.49750250e-04 1.59590410e-01 1.76823177e-01 6.63336663e-01
 0.13036963 0.0969031  0.37187812 0.40084915
 0.13586414 0.2534965  0.01573427 0.59490509
 0.59490509 0.08766234 0.24025974 0.07717283
 0.02272727 0.44205794 0.06218781 0.47302697
 0.15759241 0.46453546 0.08266733 0.2952048 
 0.1456044  0.31868132 0.23201798 0.3036963 

MOTIF human_l3_f_160
letter-probability matrix: alength= 4 w= 9 
 0.07909091 0.31181818 0.15272727 0.45636364
 0.02363636 0.09636364 0.48454545 0.39545455
 0.07363636 0.09909091 0.51181818 0.31545455
 0.02545455 0.89818182 0.00090909 0.07545455
 0.12818182 0.06909091 0.69       0.11272727
 0.00090909 0.23818182 0.27272727 0.48818182
 0.06636364 0.16454545 0.09181818 0.67727273
 0.08818182 0.02090909 0.87272727 0.01818182
 0.18909091 0.42454545 0.03       0.35636364

MOTIF human_l3_f_163
letter-probability matrix: alength= 4 w= 9 
 0.32461356 0.16736029 0.27883472 0.22919144
