MEME version 5.4.1

ALPHABET= ACGT

strands: + -

Background letter frequencies
A 0.25 C 0.25 G 0.25 T 0.25

MOTIF human_l3_f_0
letter-probability matrix: alength= 4 w= 9 
 0.17782218 0.19480519 0.35014985 0.27722278
 2.49750250e-04 2.49750250e-04 2.49750250e-04 9.99250749e-01
 7.38511489e-01 2.49750250e-04 2.60989011e-01 2.49750250e-04
 8.45904096e-01 2.49750250e-04 1.53596404e-01 2.49750250e-04
 0.37412587 0.21603397 0.1958042  0.21403596
 0.20054945 0.10964036 0.32442557 0.36538462
 0.27997003 0.28746254 0.13211788 0.30044955
 0.14935065 0.28921079 0.16258741 0.39885115
 0.23501499 0.24225774 0.39635365 0.12637363

MOTIF human_l3_f_1
letter-probability matrix: alength= 4 w= 9 
 0.39135864 0.14935065 0.39410589 0.06518482
 0.37012987 0.04195804 0.47402597 0.11388611
 0.1491009  0.22702298 0.28396603 0.33991009
 0.30694306 0.38461538 0.14385614 0.16458541
 0.34915085 0.07792208 0.2504995  0.32242757
 0.01398601 0.06893107 0.61988012 0.2972028 
 0.05719281 0.09490509 0.66283716 0.18506494
 0.10014985 0.16408591 0.42582418 0.30994006
 0.10789211 0.18006993 0.31568432 0.39635365

MOTIF human_l3_f_2
letter-probability matrix: alength= 4 w= 9 
 0.32367792 0.31570555 0.15705554 0.20356099
 9.18947648e-01 2.92319957e-03 7.78634069e-02 2.65745416e-04
 0.08344406 0.5301621  0.0959341  0.29045974
 0.11161307 0.42412968 0.24422004 0.2200372 
 0.33377624 0.1363274  0.10922137 0.42067499
 0.31278235 0.14190805 0.17778368 0.36752591
 0.28647356 0.02179112 0.48551687 0.20621844
 0.22721233 0.14988041 0.10868988 0.51421738
 0.16715387 0.36407122 0.1480202  0.32075472

MOTIF human_l3_f_3
letter-probability matrix: alength= 4 w= 9 
 0.51302083 0.07109375 0.309375   0.10651042
 0.246875   0.20286458 0.34661458 0.20364583
 0.22161458 0.10677083 0.2328125  0.43880208
 4.36458333e-01 7.81250000e-04 5.62500000e-01 2.60416667e-04
 0.09765625 0.49166667 0.10520833 0.30546875
 0.09479167 0.20885417 0.55338542 0.14296875
 0.36901042 0.19140625 0.43645833 0.003125  
 0.06588542 0.44088542 0.16276042 0.33046875
 0.0609375  0.40260417 0.3859375  0.15052083

MOTIF human_l3_f_4
letter-probability matrix: alength= 4 w= 9 
 0.43293004 0.22461862 0.27643346 0.06601789
 0.46002104 0.26223041 0.19174119 0.08600736
 0.58627038 0.07943188 0.21646502 0.11783272
 0.51972646 0.19437138 0.19700158 0.08890058
 0.40610205 0.11572856 0.05234087 0.42582851
 0.27774855 0.0189374  0.41793793 0.28537612
 0.11993688 0.0607575  0.45660179 0.36270384
 0.16386113 0.12019989 0.53314045 0.18279853
 0.2769595  0.18279853 0.28406102 0.25618096

MOTIF human_l3_f_5
letter-probability matrix: alength= 4 w= 9 
 0.05499838 0.26593335 0.3235199  0.35554837
 0.03720479 0.78421223 0.0064704  0.17211258
 0.48139761 0.08540925 0.41345843 0.01973471
 0.11258492 0.24587512 0.55063086 0.09090909
 0.34196053 0.26043352 0.31316726 0.08443869
 0.3186671  0.01358784 0.65901003 0.00873504
 3.23519896e-04 1.13555484e-01 4.99838240e-01 3.86282756e-01
 0.01747007 0.20317049 0.76285992 0.01649951
 0.0763507  0.26625687 0.39792947 0.25946296

MOTIF human_l3_f_6
letter-probability matrix: alength= 4 w= 9 
 0.02507578 0.29181593 0.0636539  0.6194544 
 0.51694682 0.1430146  0.17553045 0.16450813
 0.4028658  0.12675668 0.28024249 0.19013502
 0.14935244 0.04546707 0.1738771  0.63130339
 0.44778176 0.21934417 0.24910444 0.08376963
 0.5439515  0.03306696 0.28933591 0.13364563
 0.45108845 0.03334252 0.50950675 0.00606228
 0.27390466 0.41526591 0.02535134 0.28547809
 0.22953982 0.25930008 0.14880132 0.36235878

MOTIF human_l3_f_7
letter-probability matrix: alength= 4 w= 9 
 0.7726776  0.01748634 0.09617486 0.1136612 
 0.29180328 0.01967213 0.05136612 0.63715847
 0.11256831 0.0010929  0.72896175 0.15737705
 0.48852459 0.01202186 0.07650273 0.42295082
 0.1726776  0.01639344 0.0010929  0.80983607
 0.03825137 0.03715847 0.49508197 0.4295082 
 0.04699454 0.18142077 0.28196721 0.48961749
 0.18688525 0.16502732 0.26229508 0.38579235
 0.13114754 0.42404372 0.11693989 0.32786885

MOTIF human_l3_f_8
letter-probability matrix: alength= 4 w= 9 
 0.05875706 0.63389831 0.19322034 0.11412429
 0.49830508 0.16723164 0.28248588 0.0519774 
 0.4700565  0.01355932 0.5039548  0.01242938
 0.09830508 0.06553672 0.5920904  0.2440678 
 0.0259887  0.0519774  0.25875706 0.66327684
 0.17740113 0.03841808 0.51525424 0.26892655
 0.23050847 0.18983051 0.41129944 0.16836158
 0.11638418 0.00338983 0.41355932 0.46666667
 0.03050847 0.16836158 0.08248588 0.71864407

MOTIF human_l3_f_9
letter-probability matrix: alength= 4 w= 9 
 0.35224895 0.12029289 0.11532427 0.41213389
 0.21365063 0.08995816 0.44194561 0.25444561
 0.01725941 0.15611925 0.05543933 0.77118201
 0.09544979 0.60251046 0.00183054 0.30020921
 0.25366109 0.48535565 0.07845188 0.18253138
 0.31982218 0.36950837 0.05099372 0.25967573
 0.58786611 0.06380753 0.20449791 0.14382845
 0.67128661 0.16187238 0.11689331 0.0499477 
 0.54236402 0.05203975 0.08838912 0.31720711

MOTIF human_l3_f_10
letter-probability matrix: alength= 4 w= 9 
 0.22959739 0.19967356 0.09276387 0.47796518
 0.01033732 0.1335691  0.58569097 0.27040261
 0.17791077 0.04515778 0.69477693 0.08215452
 0.00408052 0.15261153 0.66104461 0.18226333
 0.21001088 0.08188248 0.49646355 0.21164309
 0.09874864 0.23177367 0.56528836 0.10418934
 0.05522307 0.20484222 0.4820457  0.25788901
 0.3101197  0.19423286 0.22252448 0.27312296
 0.6648531  0.16430903 0.02067465 0.15016322

MOTIF human_l3_f_11
letter-probability matrix: alength= 4 w= 9 
 0.25077662 0.3473595  0.24908218 0.1527817 
 0.23891556 0.14205027 0.24484609 0.37418808
 0.47020616 0.04546738 0.19514262 0.28918385
 0.05055069 0.09884213 0.18243434 0.66817283
 0.33888732 0.00960181 0.24202203 0.40948884
 8.72634849e-02 2.82406100e-04 5.56057611e-01 3.56396498e-01
 0.08076814 0.04094888 0.59983056 0.27845241
 0.07540243 0.1852584  0.70064953 0.03868964
 0.10307823 0.11211522 0.6066083  0.17819825

MOTIF human_l3_f_12
letter-probability matrix: alength= 4 w= 9 
 0.35788808 0.1593424  0.12835915 0.35441037
 0.12045526 0.63547265 0.07872273 0.16534935
 0.34713879 0.26715144 0.28959848 0.09611129
 0.25260828 0.18337022 0.54631679 0.01770471
 0.21024344 0.04932027 0.1052798  0.6351565 
 0.04900411 0.04110022 0.23363895 0.67625672
 0.0768258  0.1081252  0.41226684 0.40278217
 0.2247866  0.1650332  0.18969333 0.42048688
 0.50806197 0.16882706 0.19032564 0.13278533

MOTIF human_l3_f_13
letter-probability matrix: alength= 4 w= 9 
 0.2670068  0.03613946 0.59778912 0.09906463
 0.05569728 0.08418367 0.36394558 0.49617347
 4.08163265e-01 4.25170068e-04 5.65051020e-01 2.63605442e-02
 0.5880102  0.00127551 0.36734694 0.04336735
 0.06547619 0.02380952 0.49872449 0.4119898 
 0.30357143 0.12670068 0.1207483  0.44897959
 0.17772109 0.08205782 0.39285714 0.34736395
 0.51870748 0.16454082 0.21088435 0.10586735
 0.14328231 0.14965986 0.17602041 0.53103741

MOTIF human_l3_f_14
letter-probability matrix: alength= 4 w= 9 
 0.5        0.13488115 0.14234384 0.22277501
 0.15450525 0.12050857 0.28330569 0.44168049
 0.56799337 0.0328911  0.28634605 0.11276949
 0.19817579 0.06854616 0.18711996 0.5461581 
 0.04145937 0.18048646 0.60945274 0.16860144
 0.4275843  0.06771697 0.40547264 0.09922609
 0.07960199 0.3090105  0.19430625 0.41708126
 0.13515755 0.2103372  0.45854063 0.19596462
 0.31011609 0.21227197 0.28385849 0.19375345

MOTIF human_l3_f_15
letter-probability matrix: alength= 4 w= 9 
 0.01423576 0.39585415 0.56193806 0.02797203
 0.0501998  0.56993007 0.33291708 0.04695305
 0.0044955  0.77347652 0.21478521 0.00724276
 0.03921079 0.66883117 0.06143856 0.23051948
 0.03996004 0.87337662 0.00699301 0.07967033
 0.05944056 0.86313686 0.05744256 0.01998002
 0.08266733 0.7012987  0.18681319 0.02922078
 0.06018981 0.58116883 0.32092907 0.03771229
 0.08216783 0.49050949 0.38736264 0.03996004

MOTIF human_l3_f_16
letter-probability matrix: alength= 4 w= 9 
 0.15250379 0.32953971 0.42008093 0.09787557
 0.212696   0.20763784 0.47521497 0.10445119
 0.06550329 0.13100658 0.74481538 0.05867476
 0.11330298 0.0897825  0.60318665 0.19372787
 0.02352049 0.11406171 0.54552352 0.31689428
 0.02023268 0.20940819 0.50708144 0.26327769
 0.13555893 0.2306525  0.54602934 0.08775923
 0.22989378 0.12139605 0.63808801 0.01062215
 0.09736975 0.06170966 0.8113303  0.02959029

MOTIF human_l3_f_17
letter-probability matrix: alength= 4 w= 9 
 0.25677233 0.15475504 0.55158501 0.03688761
 0.05936599 0.07896254 0.80345821 0.05821326
 2.88184438e-04 3.48703170e-02 8.88760807e-01 7.60806916e-02
 4.84149856e-02 1.11527378e-01 8.39769452e-01 2.88184438e-04
 0.09711816 0.16253602 0.38818444 0.35216138
 0.04870317 0.23948127 0.58933718 0.12247839
 0.42103746 0.08789625 0.24870317 0.24236311
 0.36541787 0.06801153 0.49913545 0.06743516
 0.23919308 0.1389049  0.48760807 0.13429395

MOTIF human_l3_f_18
letter-probability matrix: alength= 4 w= 9 
 0.11555737 0.38219682 0.22417313 0.27807268
 0.15230706 0.15802368 0.28991425 0.399755  
 0.26623111 0.33074724 0.15802368 0.24499796
 0.00612495 0.8758677  0.00367497 0.11433238
 0.30624745 0.10739077 0.41812985 0.16823193
 0.30257248 0.09922417 0.35361372 0.24458963
 0.28664761 0.28297264 0.02204982 0.40832993
 0.39281339 0.42915476 0.02204982 0.15598203
 0.34218048 0.36913026 0.02980808 0.25888118

MOTIF human_l3_f_19
letter-probability matrix: alength= 4 w= 9 
 0.08343172 0.32428178 0.0377804  0.5545061 
 0.02439984 0.2231405  0.14088941 0.61157025
 0.0051161  0.25423062 0.06926407 0.67138922
 0.02479339 0.14443133 0.69382133 0.13695396
 0.04329004 0.21487603 0.42542306 0.31641086
 3.93545848e-04 5.37190083e-01 4.40771350e-02 4.18339237e-01
 0.01731602 0.50019677 0.14443133 0.33805588
 0.06690279 0.14639906 0.78276269 0.00393546
 0.03935458 0.13380559 0.53207399 0.29476584

MOTIF human_l3_f_20
letter-probability matrix: alength= 4 w= 9 
 0.43295803 0.06678608 0.05808598 0.44216991
 0.11770727 0.51535312 0.07830092 0.28863869
 0.06064483 0.19165814 0.12026612 0.62743091
 2.19037871e-01 4.22466735e-01 2.55885363e-04 3.58239509e-01
 0.41274309 0.11617195 0.10568066 0.3654043 
 0.44524053 0.39943705 0.08367451 0.0716479 
 0.2778915  0.06653019 0.17093142 0.48464688
 0.31499488 0.0962129  0.16683726 0.42195496
 0.17195496 0.24411464 0.08981576 0.49411464

MOTIF human_l3_f_21
letter-probability matrix: alength= 4 w= 9 
 0.17457542 0.22652348 0.43631369 0.16258741
 0.18456543 0.49925075 0.26623377 0.04995005
 0.0034965  0.36363636 0.61388611 0.01898102
 2.49750250e-03 9.88261738e-01 8.99100899e-03 2.49750250e-04
 0.02997003 0.75124875 0.09165834 0.12712288
 0.00524476 0.58516484 0.19805195 0.21153846
 0.05844156 0.31068931 0.33091908 0.29995005
 0.14410589 0.39460539 0.32992008 0.13136863
 0.08641359 0.21028971 0.40234765 0.30094905

MOTIF human_l3_f_22
letter-probability matrix: alength= 4 w= 9 
 0.09615385 0.02692308 0.25128205 0.62564103
 0.02564103 0.24487179 0.12307692 0.60641026
 0.03589744 0.41666667 0.0025641  0.54487179
 0.08846154 0.3        0.00128205 0.61025641
 0.57692308 0.41282051 0.00128205 0.00897436
 0.22948718 0.22820513 0.00128205 0.54102564
 0.30384615 0.12820513 0.18974359 0.37820513
 0.86538462 0.04230769 0.0025641  0.08974359
 0.03846154 0.0025641  0.05128205 0.90769231

MOTIF human_l3_f_23
letter-probability matrix: alength= 4 w= 9 
 0.31745595 0.14785242 0.2464207  0.28827093
 0.06828194 0.20759912 0.06773128 0.65638767
 0.30011013 0.05396476 0.32764317 0.31828194
 2.75330396e-04 3.57929515e-03 1.18392070e-02 9.84306167e-01
 8.19933921e-01 2.75330396e-04 1.78964758e-01 8.25991189e-04
 5.64702643e-01 5.50660793e-04 4.34471366e-01 2.75330396e-04
 0.19410793 0.20704846 0.1657489  0.43309471
 0.38298458 0.2128304  0.1060022  0.29818282
 0.54019824 0.12747797 0.07874449 0.2535793 

MOTIF human_l3_f_24
letter-probability matrix: alength= 4 w= 9 
 0.20160597 0.28735303 0.12331517 0.38772584
 0.01347863 0.11815314 0.40722684 0.46114138
 0.23831374 0.04445082 0.41353599 0.30369946
 0.01605965 0.09979925 0.7304273  0.15371379
 0.09148265 0.02667049 0.79696014 0.08488672
 1.95296817e-01 2.86779467e-04 5.57499283e-01 2.46917121e-01
 0.3854316  0.08230571 0.46630341 0.06595928
 0.59650129 0.17866361 0.09979925 0.12503585
 0.19013479 0.321193   0.282191   0.20648122

MOTIF human_l3_f_25
letter-probability matrix: alength= 4 w= 9 
 0.17650497 0.22180012 0.4956166  0.10607832
 0.10958504 0.45587376 0.1616014  0.2729398 
 0.02688486 0.42460549 0.16949153 0.37901812
 4.69316189e-01 2.68556400e-01 2.61835184e-01 2.92226768e-04
 4.10286382e-01 3.44243133e-01 2.92226768e-04 2.45178258e-01
 0.05230859 0.47603741 0.42168323 0.04997078
 0.29748685 0.4509059  0.13150205 0.1201052 
 0.23611923 0.25277615 0.17533606 0.33576856
 0.07568673 0.3679135  0.52250146 0.03389831

MOTIF human_l3_f_26
letter-probability matrix: alength= 4 w= 9 
 0.39089522 0.0638352  0.18743642 0.35783316
 0.06790437 0.20523906 0.38046796 0.34638861
 0.24262462 0.10274669 0.00127162 0.65335707
 4.57782299e-01 2.54323499e-04 8.90132248e-03 5.33062055e-01
 0.00127162 0.017294   0.04170905 0.93972533
 5.08646999e-04 2.54323499e-04 3.15361139e-02 9.67700916e-01
 0.38758901 0.02670397 0.21566633 0.37004069
 0.03535097 0.20981689 0.04476094 0.71007121
 0.39445575 0.16251272 0.10223805 0.34079349

MOTIF human_l3_f_27
letter-probability matrix: alength= 4 w= 9 
 0.46789488 0.07992414 0.26686535 0.18531563
 0.25467353 0.22026551 0.06583582 0.45922514
 0.35329179 0.11731238 0.18667028 0.34272555
 0.57978868 0.01192089 0.10593335 0.30235708
 0.04389054 0.02465457 0.32105121 0.61040368
 0.06150095 0.13519371 0.58385261 0.21945272
 0.09590897 0.24600379 0.17745868 0.48062856
 0.20969927 0.15605527 0.20102953 0.43321593
 0.22460038 0.20780276 0.23462476 0.33297209

MOTIF human_l3_f_28
letter-probability matrix: alength= 4 w= 9 
 0.40228341 0.25050369 0.26729349 0.07991941
 0.57824043 0.10208193 0.06380121 0.25587643
 0.516454   0.12155809 0.06111484 0.30087307
 0.79717931 0.01141706 0.05574211 0.13566152
 0.53593015 0.02149093 0.23035594 0.21222297
 0.33982539 0.13364674 0.44459369 0.08193418
 0.5809268  0.01880457 0.08260578 0.31766286
 0.00402955 0.00335796 0.55137676 0.44123573
 0.15379449 0.09200806 0.38280725 0.37139019

MOTIF human_l3_f_29
letter-probability matrix: alength= 4 w= 9 
 0.21496084 0.34377532 0.08776668 0.35349716
 0.78071834 0.09640832 0.11045099 0.01242236
 0.3089387  0.25465839 0.11288145 0.32352147
 0.2984067  0.13718607 0.15852012 0.40588712
 0.67269781 0.05184985 0.03240616 0.24304618
 0.07804483 0.00243046 0.02592493 0.89359978
 2.70051310e-04 2.10640022e-02 6.67296786e-01 3.11369160e-01
 0.03672698 0.07480421 0.28004321 0.6084256 
 0.23062382 0.19362679 0.1442074  0.43154199

MOTIF human_l3_f_30
letter-probability matrix: alength= 4 w= 9 
 0.21575695 0.25746653 0.1900103  0.33676622
 0.68177137 0.05792997 0.20108136 0.0592173 
 0.20185376 0.35041195 0.06951596 0.37821833
 5.58702369e-01 6.79711637e-02 3.73069001e-01 2.57466529e-04
 0.63748713 0.05973223 0.1961895  0.10659114
 0.56513903 0.02342945 0.02291452 0.38851699
 0.60556128 0.00901133 0.18022657 0.20520082
 0.10195675 0.15087539 0.10581874 0.64134912
 0.00798146 0.21987642 0.4953656  0.27677652

MOTIF human_l3_f_31
letter-probability matrix: alength= 4 w= 9 
 0.57042957 0.06543457 0.22802198 0.13611389
 0.3971029  0.06268731 0.43506494 0.10514486
 0.15634366 0.17307692 0.1998002  0.47077922
 0.07492507 0.4020979  0.13036963 0.39260739
 0.14835165 0.23451548 0.14360639 0.47352647
 0.08991009 0.0531968  0.23051948 0.62637363
 0.53421578 0.02322677 0.21253746 0.23001998
 0.14060939 0.08416583 0.51423576 0.26098901
 0.09240759 0.10739261 0.56793207 0.23226773

MOTIF human_l3_f_32
letter-probability matrix: alength= 4 w= 9 
 0.2523391  0.44627162 0.23362631 0.06776297
 0.09668273 0.3580947  0.08137227 0.4638503 
 0.0649277  0.38162745 0.44173519 0.11170967
 2.83527077e-04 3.02806918e-01 1.13410831e-03 6.95775447e-01
 0.01219166 0.00170116 0.22682166 0.75928551
 0.07456762 0.02551744 0.46044797 0.43946697
 0.12191664 0.26538134 0.07286646 0.53983555
 0.35355826 0.15168699 0.20810887 0.28664587
 0.10121917 0.06747944 0.40544372 0.42585767

MOTIF human_l3_f_33
letter-probability matrix: alength= 4 w= 9 
 0.33084511 0.10557185 0.14556118 0.41802186
 0.0298587  0.09224207 0.28712343 0.59077579
 0.21727539 0.61370301 0.00159957 0.16742202
 0.80938416 0.07438017 0.07651293 0.03972274
 0.13889629 0.0543855  0.5601173  0.24660091
 0.17595308 0.20687817 0.14262863 0.47454012
 0.1444948  0.10797121 0.3193815  0.42815249
 0.1202346  0.46574247 0.09677419 0.31724873
 0.1085044  0.38469741 0.03492402 0.47187417

MOTIF human_l3_f_34
letter-probability matrix: alength= 4 w= 9 
 0.53081123 0.19890796 0.12714509 0.14313573
 6.89547582e-01 3.90015601e-04 3.09672387e-01 3.90015601e-04
 0.23556942 0.20124805 0.11895476 0.44422777
 0.22620905 0.14469579 0.34711388 0.28198128
 0.74882995 0.09984399 0.00234009 0.14898596
 0.02106084 0.07839314 0.03549142 0.8650546 
 3.90015601e-04 5.07020281e-03 8.09672387e-01 1.84867395e-01
 0.18291732 0.17316693 0.24921997 0.39469579
 0.21138846 0.25117005 0.22464899 0.31279251

MOTIF human_l3_f_35
letter-probability matrix: alength= 4 w= 9 
 0.57593688 0.10566357 0.16060862 0.15779093
 0.34122288 0.04367427 0.42857143 0.18653142
 0.30064807 0.47309101 0.10228233 0.12397859
 8.51225697e-01 2.81769513e-03 1.45674838e-01 2.81769513e-04
 0.67032967 0.09270217 0.04733728 0.18963088
 0.22513384 0.22344322 0.39954917 0.15187377
 0.62130178 0.05607213 0.11270781 0.20991829
 0.40180332 0.11749789 0.01634263 0.46435616
 0.01549732 0.04846436 0.50887574 0.42716258

MOTIF human_l3_f_36
letter-probability matrix: alength= 4 w= 9 
 0.2276022  0.58915628 0.07393447 0.10930705
 0.16613511 0.15511743 0.26964337 0.40910409
 0.11945491 0.28674978 0.4566541  0.1371412 
 2.89939113e-04 4.42447086e-01 3.15453755e-01 2.41809220e-01
 0.05711801 0.34966657 0.01884604 0.57436938
 0.11394607 0.37576109 0.17251377 0.33777907
 0.01710641 0.438098   0.21484488 0.32995071
 0.23688026 0.30559582 0.20324732 0.2542766 
 0.60684256 0.04117135 0.33227022 0.01971586

MOTIF human_l3_f_37
letter-probability matrix: alength= 4 w= 9 
 0.23355774 0.29621958 0.13982393 0.33039876
 0.33583635 0.30295184 0.11418954 0.24702227
 0.41584671 0.15639565 0.23951321 0.18824443
 0.91998964 0.03029518 0.03987571 0.00983946
 0.14500259 0.00258933 0.00647333 0.84593475
 8.80372864e-03 2.58933195e-04 8.45934749e-01 1.45002589e-01
 0.32030036 0.1856551  0.16960124 0.32444329
 0.21232522 0.14319006 0.26462973 0.379855  
 0.22475401 0.24520974 0.20844122 0.32159503

MOTIF human_l3_f_38
letter-probability matrix: alength= 4 w= 9 
 0.21603397 0.38536464 0.15559441 0.24300699
 0.58291708 0.02447552 0.31618382 0.07642358
 0.21453546 0.21853147 0.18631369 0.38061938
 0.49125874 0.12087912 0.21953047 0.16833167
 0.48476523 0.03896104 0.35589411 0.12037962
 0.24575425 0.25874126 0.18506494 0.31043956
 0.05194805 0.3469031  0.43756244 0.16358641
 0.63861139 0.21903097 0.11688312 0.02547453
 0.12162837 0.08966034 0.12287712 0.66583417

MOTIF human_l3_f_39
letter-probability matrix: alength= 4 w= 9 
 0.21687677 0.09724723 0.06817597 0.61770003
 0.12863391 0.14381271 0.0895292  0.63802418
 0.14406998 0.29920247 0.28968356 0.26704399
 0.01157705 0.34010805 0.18060201 0.46771289
 5.14535632e-04 1.57962439e-01 1.10625161e-02 8.30460509e-01
 0.01003344 0.24646257 0.07229226 0.67121173
 0.06611783 0.41214304 0.34525341 0.17648572
 0.03653203 0.28222279 0.02083869 0.66040648
 0.0439928  0.30897865 0.12503216 0.5219964 

MOTIF human_l3_f_40
letter-probability matrix: alength= 4 w= 9 
 0.09565435 0.08266733 0.17782218 0.64385614
 0.13836164 0.07317682 0.03296703 0.75549451
 0.18531469 0.10614386 0.25749251 0.45104895
 0.44205794 0.42857143 0.05669331 0.07267732
 0.61338661 0.26473526 0.07742258 0.04445554
 0.91108891 0.004995   0.08241758 0.0014985 
 0.39085914 0.13111888 0.32092907 0.15709291
 0.44030969 0.05444555 0.10464535 0.4005994 
 0.22177822 0.09115884 0.46103896 0.22602398

MOTIF human_l3_f_41
letter-probability matrix: alength= 4 w= 9 
 0.52273863 0.09095452 0.24237881 0.14392804
 0.12168916 0.24362819 0.05547226 0.57921039
 0.09195402 0.55972014 0.27386307 0.07446277
 0.54847576 0.01149425 0.43203398 0.007996  
 0.44977511 0.19390305 0.08870565 0.26761619
 0.06771614 0.06271864 0.53623188 0.33333333
 0.43178411 0.2083958  0.26261869 0.0972014 
 0.26661669 0.3135932  0.0922039  0.32758621
 0.15592204 0.08645677 0.53998001 0.21764118

MOTIF human_l3_f_42
letter-probability matrix: alength= 4 w= 9 
 0.39176869 0.1898932  0.2419901  0.17634801
 0.43214379 0.23651993 0.18572545 0.14561084
 0.55144569 0.19015369 0.07970826 0.17869237
 0.8319875  0.10731961 0.03907268 0.02162021
 0.42172441 0.06642355 0.0554832  0.45636885
 0.26673613 0.08700182 0.48606408 0.16019797
 0.67361292 0.0487106  0.21229487 0.06538161
 0.11617609 0.14352696 0.04167752 0.69861943
 0.09169054 0.07189372 0.75253972 0.08387601

MOTIF human_l3_f_43
letter-probability matrix: alength= 4 w= 9 
 0.06941716 0.49770792 0.31630648 0.11656843
 0.52717747 0.12573674 0.34643091 0.00065488
 0.11001965 0.23575639 0.54551408 0.10870989
 0.00065488 0.4675835  0.31434185 0.21741978
 0.04060249 0.03798297 0.59070072 0.33071382
 0.31630648 0.20497708 0.43811395 0.04060249
 0.09102816 0.10740013 0.76686313 0.03470858
 0.01047806 0.10019646 0.83431565 0.05500982
 0.0805501  0.28552718 0.53700065 0.09692207

MOTIF human_l3_f_44
letter-probability matrix: alength= 4 w= 9 
 0.11299435 0.38920276 0.26522285 0.23258004
 0.31638418 0.08945386 0.39453861 0.19962335
 0.21594476 0.54425612 0.09824231 0.14155681
 0.08286252 0.04080352 0.32454488 0.55178908
 0.16478343 0.16258632 0.45856874 0.21406152
 0.01035782 0.33333333 0.52824859 0.12806026
 0.12680477 0.54456999 0.06936598 0.25925926
 0.28248588 0.2517263  0.16321406 0.30257376
 0.08819837 0.13057125 0.67545512 0.10577527

MOTIF human_l3_f_45
letter-probability matrix: alength= 4 w= 9 
 0.14582798 0.24082157 0.1563543  0.45699615
 0.12503209 0.00410783 0.2872914  0.58356868
 0.02053915 0.07471117 0.17663671 0.72811297
 0.06726573 0.00872914 0.57740693 0.3465982 
 0.13889602 0.03594352 0.1902439  0.63491656
 0.54428755 0.33786906 0.00308087 0.11476252
 0.08112965 0.06264442 0.18279846 0.67342747
 0.12297818 0.1042362  0.11424904 0.65853659
 0.20410783 0.13247754 0.46495507 0.19845956

MOTIF human_l3_f_46
letter-probability matrix: alength= 4 w= 9 
 0.35888945 0.17040245 0.23611819 0.23458991
 0.18492104 0.17473255 0.21497708 0.42536933
 0.1464595  0.18059093 0.25802343 0.41492613
 0.17524198 0.01732043 0.03362201 0.77381559
 0.2969944  0.16225166 0.19434539 0.34640856
 0.32654101 0.06647988 0.25802343 0.34895568
 0.07972491 0.0084055  0.06011207 0.85175751
 0.65028018 0.04355578 0.27661742 0.02954661
 0.66887417 0.03082017 0.27381559 0.02649007

MOTIF human_l3_f_47
letter-probability matrix: alength= 4 w= 9 
 0.30591521 0.32901752 0.12617416 0.23889312
 0.37065245 0.2810358  0.30743844 0.04087332
 0.45290683 0.07413049 0.39324702 0.07971566
 0.65168825 0.16577812 0.0017771  0.18075654
 0.40594059 0.13074384 0.37623762 0.08707794
 0.11094186 0.01904037 0.1507997  0.71921808
 0.01193196 0.02081747 0.21909114 0.74815943
 0.28382838 0.01370906 0.38106118 0.32140137
 0.06524499 0.08225438 0.51282051 0.33968012

MOTIF human_l3_f_48
letter-probability matrix: alength= 4 w= 9 
 0.11883589 0.06063056 0.46443007 0.35610348
 0.02384802 0.05375909 0.05214228 0.87025061
 0.49070331 0.08003234 0.36257074 0.06669361
 6.00646726e-01 4.04203719e-04 3.98544867e-01 4.04203719e-04
 0.2821342  0.07922393 0.22473727 0.41390461
 0.31851253 0.22999192 0.22392886 0.22756669
 0.52627324 0.13783347 0.21584479 0.1200485 
 0.11398545 0.17865804 0.13379143 0.57356508
 0.13257882 0.17057397 0.55699272 0.13985449

MOTIF human_l3_f_49
letter-probability matrix: alength= 4 w= 9 
 0.27747084 0.1252302  0.41743401 0.17986495
 0.33548189 0.11540823 0.17587477 0.37323511
 0.06292204 0.16789441 0.31982812 0.44935543
 0.01381215 0.11479435 0.52455494 0.34683855
 0.73726212 0.06691222 0.13597299 0.05985267
 0.06445672 0.09116022 0.06599141 0.77839165
 0.02025783 0.08686311 0.81092695 0.08195212
 0.1577655  0.26856967 0.19122161 0.38244322
 0.22160835 0.24094537 0.18109269 0.35635359

MOTIF human_l3_f_50
letter-probability matrix: alength= 4 w= 9 
 0.52147852 0.31818182 0.11863137 0.04170829
 0.78246753 0.10664336 0.09565435 0.01523477
 0.78396603 0.0541958  0.12437562 0.03746254
 0.61138861 0.11213786 0.17632368 0.10014985
 0.23101898 0.07842158 0.29420579 0.39635365
 0.37762238 0.02322677 0.43131868 0.16783217
 0.09340659 0.11988012 0.44055944 0.34615385
 0.22802198 0.05544456 0.48826174 0.22827173
 0.18856144 0.1530969  0.39385614 0.26448551

MOTIF human_l3_f_51
letter-probability matrix: alength= 4 w= 9 
 0.58598228 0.09145388 0.20766024 0.1149036 
 0.17665451 0.02292861 0.32073997 0.47967692
 0.10422095 0.07998958 0.73006774 0.08572173
 0.81552892 0.05940594 0.09484106 0.03022408
 0.4119333  0.01589369 0.26315789 0.30901511
 0.58337676 0.00625326 0.27436165 0.13600834
 0.52866076 0.03439291 0.29364252 0.1433038 
 0.27540386 0.02813966 0.29624805 0.40020844
 0.26263679 0.07269411 0.34705576 0.31761334

MOTIF human_l3_f_52
letter-probability matrix: alength= 4 w= 9 
 0.11873945 0.05655599 0.08694429 0.73776027
 0.47158132 0.05627462 0.34383793 0.12830613
 0.56752954 0.05740011 0.25042206 0.12464828
 0.1223973  0.05177265 0.06218346 0.7636466 
 0.52222847 0.05599325 0.29347214 0.12830613
 0.52222847 0.06978053 0.27236916 0.13562183
 0.12830613 0.04473832 0.05711874 0.7698368 
 0.55683737 0.05064716 0.27236916 0.12014631
 0.57484524 0.06162071 0.25717501 0.10635903

MOTIF human_l3_f_53
letter-probability matrix: alength= 4 w= 9 
 0.41195679 0.07385079 0.40567697 0.10851545
 0.40693293 0.28560663 0.18588294 0.12157749
 0.46269781 0.21778448 0.27003266 0.04948505
 0.79929666 0.06782216 0.13112283 0.00175835
 0.35568953 0.07385079 0.06003517 0.51042452
 0.22004521 0.18035669 0.43531776 0.16428033
 0.62923888 0.02838483 0.2388847  0.10349159
 0.10399397 0.15297664 0.13690028 0.60612911
 0.08038181 0.04722432 0.76262246 0.10977141

MOTIF human_l3_f_54
letter-probability matrix: alength= 4 w= 9 
 0.1691779  0.29500397 0.16204071 0.37377743
 0.11313772 0.26222575 0.44356331 0.18107322
 0.39466032 0.2331483  0.31139307 0.06079831
 0.0692572  0.3925456  0.15014539 0.38805181
 0.00290775 0.48929421 0.41845096 0.08934708
 0.12371134 0.60190325 0.06264869 0.21173672
 0.16864922 0.52630188 0.22971187 0.07533703
 0.16812054 0.5741475  0.22416072 0.03357124
 0.259318  0.3148295 0.2690986 0.1567539

MOTIF human_l3_f_55
letter-probability matrix: alength= 4 w= 9 
 0.09209209 0.28578579 0.45595596 0.16616617
 0.32357357 0.3023023  0.12637638 0.24774775
 0.00900901 0.07057057 0.44444444 0.47597598
 0.01101101 0.37887888 0.18168168 0.42842843
 0.16141141 0.30580581 0.15165165 0.38113113
 0.13513514 0.43918919 0.40690691 0.01876877
 0.25125125 0.50225225 0.05605606 0.19044044
 0.13588589 0.36886887 0.37287287 0.12237237
 0.3033033  0.32232232 0.13438438 0.23998999

MOTIF human_l3_f_56
letter-probability matrix: alength= 4 w= 9 
 0.48883375 0.29497519 0.12034739 0.09584367
 8.09863524e-01 5.86228288e-02 1.31203474e-01 3.10173697e-04
 0.7323201  0.02636476 0.23138958 0.00992556
 0.27760546 0.18424318 0.10235732 0.43579404
 0.44820099 0.0601737  0.0837469  0.40787841
 0.84274194 0.04466501 0.01923077 0.09336228
 0.02636476 0.06296526 0.08684864 0.82382134
 0.08684864 0.12934243 0.26271712 0.52109181
 0.21153846 0.32413151 0.1616005  0.30272953

MOTIF human_l3_f_57
letter-probability matrix: alength= 4 w= 9 
 0.04144667 0.25844773 0.57787751 0.12222809
 0.00290391 0.37222809 0.30913411 0.3157339 
 0.1280359  0.59213305 0.13305174 0.1467793 
 0.25818374 0.00871172 0.72544879 0.00765576
 0.09952482 0.20353749 0.58870116 0.10823654
 0.0593981  0.44535375 0.17449842 0.32074974
 0.18321014 0.43690602 0.25712777 0.12275607
 0.01319958 0.02930306 0.40839493 0.54910243
 0.09318902 0.16816262 0.52349525 0.21515312

MOTIF human_l3_f_58
letter-probability matrix: alength= 4 w= 9 
 0.11404047 0.12047823 0.5472103  0.218271  
 0.23237278 0.16768853 0.31453096 0.28540773
 0.20631514 0.32709994 0.08828939 0.37829552
 0.68669528 0.04812998 0.25965665 0.00551809
 3.06560392e-04 5.10423053e-01 3.38749234e-01 1.50521153e-01
 0.86358063 0.01195586 0.02851012 0.0959534 
 0.45064378 0.42857143 0.02728387 0.09350092
 0.33690987 0.0959534  0.21244635 0.35469037
 0.27896996 0.35407725 0.22624157 0.14071122

MOTIF human_l3_f_59
letter-probability matrix: alength= 4 w= 9 
 0.07617188 0.52441406 0.21777344 0.18164062
 0.1796875  0.33398438 0.36816406 0.11816406
 0.27539062 0.1171875  0.53515625 0.07226562
 0.65527344 0.15136719 0.08691406 0.10644531
 0.00390625 0.34375    0.18066406 0.47167969
 0.23632812 0.11132812 0.64257812 0.00976562
 0.15332031 0.16308594 0.52636719 0.15722656
 0.02929688 0.0234375  0.79882812 0.1484375 
 0.17675781 0.27832031 0.5078125  0.03710938

MOTIF human_l3_f_60
letter-probability matrix: alength= 4 w= 9 
 0.60464535 0.17132867 0.19655345 0.02747253
 0.11338661 0.29395604 0.43356643 0.15909091
 0.4537962  0.14310689 0.06393606 0.33916084
 0.45829171 0.21778222 0.16408591 0.15984016
 0.57992008 0.29395604 0.06343656 0.06268731
 0.38036963 0.27897103 0.27322677 0.06743257
 0.78796204 0.15709291 0.03721279 0.01773227
 0.62962038 0.05994006 0.19705295 0.11338661
 0.32392607 0.06218781 0.51273726 0.10114885

MOTIF human_l3_f_61
letter-probability matrix: alength= 4 w= 9 
 0.17487685 0.23727422 0.42391899 0.16392994
 0.15188834 0.20990695 0.30076628 0.33743842
 0.02326218 0.34646962 0.40558292 0.22468528
 2.73672687e-04 1.65571976e-01 6.93486590e-01 1.40667761e-01
 0.12643678 0.03147236 0.56157635 0.2805145 
 2.73672687e-04 7.97482211e-01 3.53037767e-02 1.66940339e-01
 0.02435687 0.23508484 0.09386973 0.64668856
 0.14203612 0.33114395 0.35522715 0.17159278
 0.23399015 0.29967159 0.32731253 0.13902573

MOTIF human_l3_f_62
letter-probability matrix: alength= 4 w= 9 
 0.12790698 0.5        0.15891473 0.21317829
 0.00387597 0.49224806 0.03100775 0.47286822
 0.42635659 0.01162791 0.55813953 0.00387597
 0.00387597 0.03875969 0.39147287 0.56589147
 0.0503876  0.51937984 0.00387597 0.42635659
 0.00387597 0.55426357 0.01550388 0.42635659
 0.00387597 0.51937984 0.0503876  0.42635659
 0.00387597 0.51937984 0.0503876  0.42635659
 0.32170543 0.40310078 0.27131783 0.00387597

MOTIF human_l3_f_63
letter-probability matrix: alength= 4 w= 9 
 0.43478261 0.51505017 0.00668896 0.04347826
 0.20735786 0.02006689 0.69230769 0.08026756
 0.80602007 0.1270903  0.05016722 0.01672241
 0.23076923 0.07692308 0.50501672 0.18729097
 0.30769231 0.16053512 0.02006689 0.51170569
 0.48160535 0.39130435 0.04013378 0.08695652
 0.0735786  0.44816054 0.24749164 0.23076923
 0.06354515 0.50167224 0.090301   0.34448161
 0.75585284 0.01337793 0.21404682 0.01672241

MOTIF human_l3_f_64
letter-probability matrix: alength= 4 w= 9 
 0.08793637 0.15819708 0.11047282 0.64339373
 0.09058772 0.11621741 0.18559434 0.60760053
 0.16659302 0.09102961 0.47459125 0.26778612
 0.06186478 0.3857711  0.20371189 0.34865223
 0.87582855 0.10340256 0.00353513 0.01723376
 4.41891295e-04 1.23729563e-02 2.96067167e-02 9.57578436e-01
 4.41891295e-04 4.41891295e-04 4.41891295e-04 9.98674326e-01
 0.04374724 0.01104728 0.92090146 0.02430402
 0.06186478 0.10737958 0.26425099 0.56650464

MOTIF human_l3_f_65
letter-probability matrix: alength= 4 w= 9 
 0.28886118 0.14630091 0.29717373 0.26766417
 0.14048213 0.22693267 0.09310058 0.53948462
 0.23441397 0.03075644 0.11180382 0.62302577
 0.00166251 0.41645885 0.39027431 0.19160432
 4.15627598e-04 4.15627598e-04 4.15627598e-04 9.98753117e-01
 6.66666667e-01 4.15627598e-04 3.32502078e-01 4.15627598e-04
 5.90191189e-01 4.15627598e-04 4.07730673e-01 1.66251039e-03
 0.46093101 0.09975062 0.15128845 0.28802993
 0.2726517  0.11803824 0.18121363 0.42809643

MOTIF human_l3_f_66
letter-probability matrix: alength= 4 w= 9 
 0.3125169  0.21681536 0.21005677 0.26061098
 0.62178967 0.12462828 0.23628008 0.01730197
 6.14220059e-01 4.75804271e-02 3.37929170e-01 2.70343336e-04
 0.18518519 0.05893485 0.01378751 0.74209246
 0.15490673 0.14193025 0.41389565 0.28926737
 0.28602325 0.07407407 0.48553663 0.15436604
 0.2557448  0.23844282 0.00054069 0.5052717 
 0.11002974 0.03487429 0.60421736 0.25087862
 0.12652068 0.19978373 0.17139768 0.50229792

MOTIF human_l3_f_67
letter-probability matrix: alength= 4 w= 9 
 0.42474916 0.01839465 0.12876254 0.42809365
 0.62541806 0.03344482 0.00167224 0.33946488
 0.01170569 0.05351171 0.1638796  0.77090301
 0.17391304 0.00167224 0.00167224 0.82274247
 0.01003344 0.1638796  0.73578595 0.090301  
 0.70234114 0.09364548 0.16722408 0.0367893 
 0.39130435 0.00501672 0.26086957 0.34280936
 0.87959866 0.03344482 0.06521739 0.02173913
 0.49331104 0.01839465 0.13712375 0.35117057

MOTIF human_l3_f_68
letter-probability matrix: alength= 4 w= 9 
 0.02418208 0.08357041 0.08783784 0.80440967
 0.1326458  0.11130868 0.1514936  0.60455192
 0.05476529 0.12731152 0.23826458 0.57965861
 0.31578947 0.29018492 0.21941679 0.17460882
 0.29587482 0.07539118 0.41820768 0.21052632
 0.02347084 0.0529872  0.74039829 0.18314367
 0.24502134 0.32396871 0.31721195 0.11379801
 0.09317212 0.10384068 0.31578947 0.48719772
 0.15860597 0.4071835  0.16998578 0.26422475

MOTIF human_l3_f_69
letter-probability matrix: alength= 4 w= 9 
 0.21355499 0.17442455 0.12634271 0.48567775
 0.56138107 0.13248082 0.1915601  0.11457801
 0.42506394 0.05191816 0.01099744 0.51202046
 0.07314578 0.04936061 0.54168798 0.33580563
 0.35268542 0.04578005 0.39974425 0.20179028
 0.26751918 0.15345269 0.07570332 0.50332481
 0.09948849 0.10818414 0.47774936 0.31457801
 0.3342711  0.05396419 0.28388747 0.32787724
 0.24219949 0.1971867  0.20869565 0.35191816

MOTIF human_l3_f_70
letter-probability matrix: alength= 4 w= 9 
 0.25936753 0.14589423 0.46266277 0.13207547
 0.13127824 0.41004518 0.16263619 0.29604039
 0.20488972 0.01408451 0.47834175 0.30268403
 0.18017539 0.47090088 0.1567898  0.19213394
 0.06112145 0.25192665 0.62397024 0.06298166
 0.01514749 0.22110019 0.56178581 0.20196652
 0.00186022 0.28461334 0.66808398 0.04544247
 0.00079724 0.65798565 0.26866862 0.0725485 
 0.10071751 0.64443263 0.19027372 0.06457614

MOTIF human_l3_f_71
letter-probability matrix: alength= 4 w= 9 
 0.23746702 0.12875989 0.34986807 0.28390501
 0.06807388 0.03984169 0.04907652 0.84300792
 0.41055409 0.04274406 0.45013193 0.09656992
 0.57467018 0.08680739 0.25065963 0.0878628 
 0.15804749 0.08601583 0.02295515 0.73298153
 0.62506596 0.12216359 0.23588391 0.01688654
 0.66675462 0.0591029  0.23641161 0.03773087
 0.3237467  0.20395778 0.16385224 0.30844327
 0.19261214 0.16754617 0.25699208 0.3828496 

MOTIF human_l3_f_72
letter-probability matrix: alength= 4 w= 9 
 0.06783479 0.28560701 0.33191489 0.3146433 
 0.0738423  0.04030038 0.88185232 0.00400501
 0.00951189 0.51864831 0.30763454 0.16420526
 0.2135169  0.32966208 0.32065081 0.13617021
 0.13892365 0.05131414 0.3126408  0.4971214 
 0.03128911 0.64005006 0.22252816 0.10613267
 0.08886108 0.64180225 0.25181477 0.0175219 
 0.06007509 0.53867334 0.28335419 0.11789737
 0.13617021 0.61727159 0.09011264 0.15644556

MOTIF human_l3_f_73
letter-probability matrix: alength= 4 w= 9 
 0.17840685 0.3485846  0.05727452 0.41573404
 1.01053325e-01 3.48584595e-01 3.29163924e-04 5.50032916e-01
 3.29163924e-04 5.58920342e-01 3.29163924e-04 4.40421330e-01
 3.29163924e-04 4.47992100e-01 2.63331139e-02 5.25345622e-01
 3.29163924e-04 4.74654378e-01 7.89993417e-03 5.17116524e-01
 3.29163924e-04 3.68663594e-01 1.02040816e-02 6.20803160e-01
 0.10467413 0.30348914 0.06550362 0.52633311
 0.08163265 0.23140224 0.6714944  0.0154707 
 0.11125741 0.24588545 0.14812377 0.49473338

MOTIF human_l3_f_74
letter-probability matrix: alength= 4 w= 9 
 0.32095901 0.24052591 0.32843516 0.11007992
 0.04923949 0.25135344 0.36607373 0.33333333
 0.02191286 0.52126837 0.1768497  0.27996906
 2.57798402e-04 3.10131477e-01 5.12503222e-01 1.77107502e-01
 0.02500644 0.21680846 0.5810776  0.1771075 
 2.57798402e-04 7.17195153e-01 9.61588038e-02 1.86388244e-01
 0.00489817 0.74761536 0.13998453 0.10750193
 0.00670276 0.60556845 0.13663315 0.25109564
 0.25032225 0.35395721 0.34055169 0.05516886

MOTIF human_l3_f_75
letter-probability matrix: alength= 4 w= 9 
 0.16470588 0.14723708 0.19358289 0.49447415
 0.12941176 0.22638146 0.40677362 0.23743316
 3.56506239e-04 3.56506239e-04 3.56506239e-04 9.98930481e-01
 8.32085561e-01 3.56506239e-04 1.67201426e-01 3.56506239e-04
 1.93226381e-01 3.56506239e-04 8.06060606e-01 3.56506239e-04
 0.28520499 0.0688057  0.23101604 0.41497326
 0.24278075 0.25418895 0.34973262 0.15329768
 0.08199643 0.27664884 0.31586453 0.3254902 
 0.22459893 0.23137255 0.35258467 0.19144385

MOTIF human_l3_f_76
letter-probability matrix: alength= 4 w= 9 
 0.14104639 0.34412082 0.17529666 0.33953614
 0.47788565 0.03910464 0.17934196 0.30366775
 0.09088457 0.16316073 0.07065804 0.67529666
 0.06391586 0.12540453 0.44390507 0.36677454
 0.298274   0.0315534  0.10059331 0.56957929
 2.31930960e-02 2.99892125e-01 2.69687163e-04 6.76645092e-01
 0.00701187 0.13079827 0.44255663 0.41963323
 0.048274   0.23220065 0.31499461 0.40453074
 0.38214671 0.17826321 0.35032362 0.08926645

MOTIF human_l3_f_77
letter-probability matrix: alength= 4 w= 9 
 0.0608543  0.05792861 0.29637215 0.58484494
 0.00614394 0.08191925 0.16617905 0.74575775
 0.03540082 0.02896431 0.20713868 0.7284962 
 0.40433002 0.0842598  0.20421299 0.30719719
 0.09332943 0.374488   0.04622586 0.4859567 
 0.58864833 0.17203043 0.12053833 0.11878291
 0.04564073 0.1021065  0.55500293 0.29724985
 0.12902282 0.13838502 0.04564073 0.68695143
 0.15096548 0.1114687  0.35283792 0.38472791

MOTIF human_l3_f_78
letter-probability matrix: alength= 4 w= 9 
 0.3648415  0.13083573 0.31037464 0.19394813
 0.51498559 0.01152738 0.46743516 0.00605187
 0.03544669 0.14034582 0.52939481 0.29481268
 0.01469741 0.12017291 0.34063401 0.52449568
 0.20403458 0.24927954 0.48472622 0.06195965
 5.47550432e-03 2.88184438e-04 8.38040346e-01 1.56195965e-01
 0.0129683  0.14495677 0.62363112 0.2184438 
 0.00345821 0.14005764 0.43573487 0.42074928
 0.15446686 0.29423631 0.25389049 0.29740634

MOTIF human_l3_f_79
letter-probability matrix: alength= 4 w= 9 
 0.35950189 0.26285869 0.31050352 0.0671359 
 0.79020032 0.03952355 0.14645371 0.02382241
 0.22983216 0.12181917 0.04845696 0.59989172
 0.14428803 0.11559285 0.73037358 0.00974553
 0.50785057 0.07390363 0.28316188 0.13508392
 0.1724418  0.24093124 0.09231186 0.49431511
 0.16513265 0.07390363 0.60747158 0.15349215
 0.19924201 0.21548457 0.3508392  0.23443422
 0.2514889  0.29859231 0.26746075 0.18245804

MOTIF human_l3_f_80
letter-probability matrix: alength= 4 w= 9 
 0.01950488 0.13953488 0.40085021 0.44011003
 0.04326082 0.42385596 0.08377094 0.44911228
 0.01750438 0.21155289 0.3915979  0.37934484
 0.28657164 0.00975244 0.34908727 0.35458865
 2.50062516e-04 3.91347837e-01 5.37634409e-02 5.54638660e-01
 0.10777694 0.28982246 0.16629157 0.43610903
 0.11502876 0.02750688 0.42110528 0.43635909
 0.08052013 0.25731433 0.24156039 0.42060515
 0.11477869 0.12003001 0.3755939  0.3895974 

MOTIF human_l3_f_81
letter-probability matrix: alength= 4 w= 9 
 0.12110523 0.0952381  0.08759553 0.69606114
 0.14697237 0.27160494 0.00411523 0.57730747
 0.00646678 0.0446796  0.18400941 0.76484421
 0.05408583 0.02175191 0.1622575  0.76190476
 0.02939447 0.10993533 0.10170488 0.75896531
 0.01763668 0.13932981 0.01763668 0.82539683
 0.11463845 0.00587889 0.10288066 0.776602  
 0.07172252 0.04820694 0.47736626 0.40270429
 3.09229865e-01 4.35038213e-02 6.46678424e-01 5.87889477e-04

MOTIF human_l3_f_82
letter-probability matrix: alength= 4 w= 9 
 0.63507708 0.10411928 0.21708365 0.04371999
 0.36997726 0.18751579 0.2041951  0.23831185
 0.5248926  0.11296437 0.09931766 0.26282537
 5.88324488e-01 2.52716705e-04 6.06520091e-03 4.05357594e-01
 0.00101087 0.00379075 0.40561031 0.58958807
 1.43037655e-01 2.52716705e-04 7.12155673e-01 1.44553955e-01
 0.23982815 0.23351024 0.16957291 0.3570887 
 0.24286075 0.22441243 0.27899924 0.25372757
