MEME version 5.3.0

ALPHABET= ACGT

strands: + -

Background letter frequencies
A 0.25 C 0.25 G 0.25 T 0.25

MOTIF human_l3_f_0
letter-probability matrix: alength= 4 w= 9 
 0.15441751 0.4870993  0.08014073 0.27834246
 0.2724785  0.64229867 0.05942142 0.02580141
 0.76583268 0.02971071 0.19781079 0.00664582
 0.1477717  0.12939797 0.26974199 0.45308835
 0.14112588 0.09695074 0.47224394 0.28967944
 0.63057076 0.04769351 0.2853792  0.03635653
 0.1247068  0.1735731  0.04104769 0.6606724 
 0.01681001 0.00156372 0.76035966 0.22126661
 0.08678655 0.36747459 0.16419077 0.38154808

MOTIF human_l3_f_1
letter-probability matrix: alength= 4 w= 9 
 0.64689731 0.08731466 0.21554091 0.05024712
 0.73036793 0.07742998 0.14470071 0.04750137
 0.27594728 0.16556837 0.13042284 0.4280615 
 0.51867106 0.07303679 0.29626579 0.11202636
 3.22899506e-01 2.74574410e-04 2.06205382e-01 4.70620538e-01
 0.07742998 0.06232839 0.53459638 0.32564525
 0.23503569 0.09719934 0.47446458 0.19330038
 0.20071389 0.20263591 0.26468973 0.33196046
 0.20565623 0.25617792 0.25562878 0.28253707

MOTIF human_l3_f_2
letter-probability matrix: alength= 4 w= 9 
 0.30819838 0.39144737 0.18117409 0.11918016
 7.15840081e-01 1.61943320e-02 2.67712551e-01 2.53036437e-04
 0.29529352 0.15561741 0.24342105 0.30566802
 0.19610324 0.20521255 0.39954453 0.19913968
 0.78719636 0.03846154 0.14574899 0.02859312
 0.00253036 0.09716599 0.10146761 0.79883603
 7.08502024e-03 2.53036437e-04 9.39777328e-01 5.28846154e-02
 0.16497976 0.31477733 0.26239879 0.25784413
 0.23178138 0.28997976 0.25961538 0.21862348

MOTIF human_l3_f_3
letter-probability matrix: alength= 4 w= 9 
 0.24943503 0.1279661  0.41327684 0.20932203
 0.19661017 0.40734463 0.29350282 0.10254237
 0.31384181 0.27909605 0.24745763 0.15960452
 8.66949153e-01 1.41242938e-02 1.18644068e-01 2.82485876e-04
 0.13333333 0.13926554 0.01666667 0.71073446
 0.18050847 0.09350282 0.67372881 0.05225989
 0.47344633 0.09124294 0.30423729 0.13107345
 0.05       0.19661017 0.20480226 0.54858757
 0.07316384 0.1579096  0.67485876 0.0940678 

MOTIF human_l3_f_4
letter-probability matrix: alength= 4 w= 9 
 0.05684949 0.46080641 0.30453293 0.17781117
 0.21587779 0.52241422 0.1557726  0.10593539
 0.13173053 0.3638868  0.42649637 0.0778863 
 0.03556223 0.44377661 0.43901828 0.08164288
 0.08715252 0.0746306  0.39444027 0.44377661
 0.05033809 0.13473579 0.61056849 0.20435763
 0.00425745 0.08539945 0.61682945 0.29351365
 0.07087403 0.23766592 0.54820937 0.14325069
 0.0235412  0.05159028 0.68244428 0.24242424

MOTIF human_l3_f_5
letter-probability matrix: alength= 4 w= 9 
 0.38523109 0.21533695 0.21017299 0.18925897
 0.26594371 0.19158275 0.19700491 0.34546863
 0.24270591 0.19029176 0.24864446 0.31835786
 0.18177124 0.11773819 0.13891041 0.56158017
 0.28634134 0.03588949 0.34650142 0.33126775
 0.29305448 0.10069713 0.44668216 0.15956623
 0.02194681 0.01032791 0.01471727 0.953008  
 0.72450297 0.0116189  0.25458301 0.00929512
 0.74799897 0.00852053 0.23366899 0.00981152

MOTIF human_l3_f_6
letter-probability matrix: alength= 4 w= 9 
 0.01454082 0.72168367 0.15306122 0.11071429
 0.02857143 0.57857143 0.28545918 0.10739796
 0.04030612 0.80280612 0.0627551  0.09413265
 0.17576531 0.47653061 0.16377551 0.18392857
 0.13290816 0.43163265 0.32423469 0.11122449
 2.55102041e-04 9.06632653e-01 8.23979592e-02 1.07142857e-02
 0.01505102 0.94107143 0.02882653 0.01505102
 0.01045918 0.87372449 0.02576531 0.09005102
 0.0372449  0.73239796 0.06632653 0.16403061

MOTIF human_l3_f_7
letter-probability matrix: alength= 4 w= 9 
 0.18206793 0.23301698 0.50324675 0.08166833
 0.0516983  0.03496503 0.9040959  0.00924076
 0.03796204 0.14435564 0.80044955 0.01723277
 0.13461538 0.6998002  0.16383616 0.00174825
 2.49750250e-04 3.17682318e-01 2.25274725e-01 4.56793207e-01
 2.49750250e-04 4.22327672e-01 4.00849151e-01 1.76573427e-01
 0.06168831 0.37237762 0.4985015  0.06743257
 0.15334665 0.58616384 0.20604396 0.05444555
 0.17707293 0.31593407 0.34715285 0.15984016

MOTIF human_l3_f_8
letter-probability matrix: alength= 4 w= 9 
 0.16666667 0.16666667 0.16666667 0.5       
 0.16666667 0.16666667 0.16666667 0.5       
 0.16666667 0.16666667 0.5        0.16666667
 0.16666667 0.16666667 0.5        0.16666667
 0.16666667 0.16666667 0.16666667 0.5       
 0.16666667 0.16666667 0.5        0.16666667
 0.16666667 0.5        0.16666667 0.16666667
 0.5        0.16666667 0.16666667 0.16666667
 0.16666667 0.16666667 0.5        0.16666667

MOTIF human_l3_f_9
letter-probability matrix: alength= 4 w= 9 
 0.34362416 0.10040268 0.31409396 0.24187919
 0.01530201 0.29530201 0.01771812 0.67167785
 0.19704698 0.52080537 0.27221477 0.00993289
 4.08322148e-01 2.30872483e-02 5.68322148e-01 2.68456376e-04
 0.33422819 0.38389262 0.22577181 0.05610738
 0.05154362 0.47194631 0.08053691 0.39597315
 0.25395973 0.24751678 0.10979866 0.38872483
 0.20214765 0.29879195 0.07731544 0.42174497
 0.17879195 0.16       0.43731544 0.22389262

MOTIF human_l3_f_10
letter-probability matrix: alength= 4 w= 9 
 0.10673012 0.33616587 0.30183549 0.25526852
 0.08565602 0.56050306 0.05132563 0.3025153 
 4.35078178e-02 3.39904827e-04 8.97348742e-01 5.88035350e-02
 0.06254249 0.64649898 0.03331067 0.25764786
 0.58225697 0.17131203 0.14853841 0.09789259
 0.5278722  0.05540449 0.23011557 0.18660775
 0.36743712 0.3874915  0.07205982 0.17301156
 0.29911625 0.28076139 0.15635622 0.26376615
 0.82834806 0.06458192 0.06594154 0.04112848

MOTIF human_l3_f_11
letter-probability matrix: alength= 4 w= 9 
 0.125 0.125 0.25  0.5  
 0.125 0.125 0.125 0.625
 0.5   0.125 0.25  0.125
 0.125 0.25  0.125 0.5  
 0.625 0.125 0.125 0.125
 0.125 0.125 0.125 0.625
 0.625 0.125 0.125 0.125
 0.125 0.125 0.625 0.125
 0.125 0.125 0.625 0.125

MOTIF human_l3_f_12
letter-probability matrix: alength= 4 w= 9 
 6.89127106e-02 2.55232261e-04 1.03113834e-01 8.27718224e-01
 2.55232261e-04 2.55232261e-04 1.27871363e-01 8.71618173e-01
 2.55232261e-04 2.55232261e-04 3.80296069e-02 9.61459929e-01
 8.95865237e-02 2.55232261e-04 1.25063808e-02 8.97651863e-01
 1.42930066e-02 2.55232261e-04 2.55232261e-04 9.85196529e-01
 0.00153139 0.00127616 0.01071975 0.98647269
 9.77539561e-02 9.18836141e-03 2.55232261e-04 8.92802450e-01
 0.20137825 0.01174068 0.00433895 0.78254211
 1.07963247e-01 6.25319040e-02 2.55232261e-04 8.29249617e-01

MOTIF human_l3_f_13
letter-probability matrix: alength= 4 w= 9 
 0.497003   0.18206793 0.26673327 0.0541958 
 0.42407592 0.23051948 0.15634366 0.18906094
 0.37387612 0.19555445 0.18506494 0.2455045 
 0.87487512 0.0487013  0.05544456 0.02097902
 2.3976024e-01 2.4975025e-04 2.4975025e-04 7.5974026e-01
 2.4975025e-04 2.4975025e-04 7.5974026e-01 2.3976024e-01
 0.11988012 0.02247752 0.58941059 0.26823177
 0.22102897 0.29245754 0.31418581 0.17232767
 0.24325674 0.1978022  0.28096903 0.27797203

MOTIF human_l3_f_14
letter-probability matrix: alength= 4 w= 9 
 0.08009392 0.48421602 0.27732846 0.1583616 
 0.03391599 0.10983564 0.78345943 0.07278894
 2.60892252e-04 5.66397078e-01 3.48812940e-01 8.45290895e-02
 2.60892252e-04 7.59979129e-01 2.37411949e-02 2.16018784e-01
 2.60892252e-04 7.22149752e-01 2.61414036e-01 1.61753196e-02
 0.07983303 0.34124706 0.41899296 0.15992695
 0.44169058 0.19071224 0.13696843 0.23062875
 0.13175059 0.13018523 0.69084268 0.0472215 
 0.17271067 0.46751891 0.25202191 0.1077485 

MOTIF human_l3_f_15
letter-probability matrix: alength= 4 w= 9 
 0.16983051 0.40033898 0.10067797 0.32915254
 0.05559322 0.32305085 0.49152542 0.12983051
 3.38983051e-04 3.38983051e-04 3.38983051e-04 9.98983051e-01
 2.01694915e-01 3.38983051e-04 7.97627119e-01 3.38983051e-04
 8.80000000e-01 3.38983051e-04 1.19322034e-01 3.38983051e-04
 0.25423729 0.34610169 0.26813559 0.13152542
 0.12779661 0.54644068 0.12474576 0.20101695
 0.18881356 0.40711864 0.15830508 0.24576271
 0.23728814 0.35355932 0.24576271 0.16338983

MOTIF human_l3_f_16
letter-probability matrix: alength= 4 w= 9 
 0.51875    0.16901042 0.22604167 0.08619792
 0.73567708 0.04947917 0.14947917 0.06536458
 0.20572917 0.084375   0.36796875 0.34192708
 0.30989583 0.028125   0.25520833 0.40677083
 0.05520833 0.00625    0.28802083 0.65052083
 0.06901042 0.35520833 0.54348958 0.03229167
 0.18828125 0.02890625 0.30130208 0.48151042
 0.16223958 0.29973958 0.09973958 0.43828125
 0.08307292 0.19114583 0.10078125 0.625     

MOTIF human_l3_f_17
letter-probability matrix: alength= 4 w= 9 
 0.484948   0.0711549  0.14449918 0.29939792
 0.2865353  0.06376574 0.03639847 0.61330049
 0.14203612 0.02955665 0.39436234 0.43404488
 0.26819923 0.05062945 0.33634373 0.34482759
 0.39846743 0.0922277  0.25205255 0.25725233
 0.17515052 0.12588944 0.21921182 0.47974822
 0.53886152 0.06020799 0.31910235 0.08182813
 0.39737274 0.0922277  0.15790914 0.35249042
 0.3546798  0.08155446 0.27586207 0.28790367

MOTIF human_l3_f_18
letter-probability matrix: alength= 4 w= 9 
 0.22492697 0.35394352 0.16650438 0.25462512
 0.2224927  0.00730282 0.68841285 0.08179163
 0.12804284 0.07789679 0.76923077 0.0248296 
 0.02288218 0.41723466 0.21470302 0.34518014
 0.34858812 0.33057449 0.28334956 0.03748783
 6.62122687e-02 4.86854917e-04 6.02726388e-01 3.30574489e-01
 0.04527751 0.32814021 0.55890944 0.06767283
 0.10808179 0.33592989 0.39143135 0.16455696
 0.30866602 0.39435248 0.12609542 0.17088608

MOTIF human_l3_f_19
letter-probability matrix: alength= 4 w= 9 
 0.6744186  0.02965116 0.20639535 0.08953488
 0.26889535 0.21017442 0.11686047 0.40406977
 0.25087209 0.3380814  0.27587209 0.13517442
 0.51947674 0.12761628 0.3369186  0.01598837
 0.1880814  0.25494186 0.10494186 0.45203488
 0.02732558 0.26540698 0.48313953 0.22412791
 0.50319767 0.27877907 0.13488372 0.08313953
 0.02703488 0.47790698 0.00465116 0.49040698
 0.0497093  0.18895349 0.6247093  0.13662791

MOTIF human_l3_f_20
letter-probability matrix: alength= 4 w= 9 
 0.10790537 0.20369302 0.06924409 0.61915753
 0.06347374 0.03029429 0.33150606 0.57472591
 0.08915176 0.24783612 0.07674553 0.58626659
 0.13935372 0.09924986 0.10386613 0.65753029
 0.00317369 0.19215234 0.19532602 0.60934795
 0.00115407 0.11684939 0.36728217 0.51471437
 0.08020773 0.08857473 0.40767455 0.42354299
 0.30582804 0.15233699 0.08655511 0.45527986
 0.30871321 0.07501443 0.15666474 0.45960762

MOTIF human_l3_f_21
letter-probability matrix: alength= 4 w= 9 
 0.23289431 0.06521041 0.3160938  0.38580148
 0.11982011 0.33408288 0.17667845 0.36941857
 0.17346611 0.02152265 0.09251526 0.71249598
 0.00256987 0.36909733 0.29360745 0.33472535
 3.21233537e-04 3.21233537e-04 4.88274976e-02 9.50530035e-01
 3.29906842e-01 3.21233537e-04 6.62704786e-01 7.06713781e-03
 8.95599101e-01 3.21233537e-04 1.03758432e-01 3.21233537e-04
 0.48474141 0.09347896 0.2595567  0.16222294
 0.33376164 0.08576935 0.25056216 0.32990684

MOTIF human_l3_f_22
letter-probability matrix: alength= 4 w= 9 
 0.25203252 0.18927846 0.3379065  0.22078252
 0.29090447 0.26244919 0.15599593 0.29065041
 0.55792683 0.24720528 0.10924797 0.08561992
 0.79065041 0.10162602 0.09730691 0.01041667
 0.50533537 0.07215447 0.06377033 0.35873984
 0.51321138 0.0785061  0.26219512 0.1460874 
 6.15345528e-01 2.54065041e-04 1.41260163e-01 2.43140244e-01
 0.01651423 0.10950203 0.25863821 0.61534553
 0.03582317 0.04776423 0.77820122 0.13821138

MOTIF human_l3_f_23
letter-probability matrix: alength= 4 w= 9 
 0.1291423  0.11500975 0.08235867 0.67348928
 1.70565302e-02 4.87329435e-04 5.36062378e-03 9.77095517e-01
 0.62183236 0.01510721 0.10672515 0.25633528
 0.77729045 0.00146199 0.03703704 0.18421053
 0.19395712 0.03411306 0.01120858 0.76072125
 0.11988304 0.09064327 0.07992203 0.70955166
 0.05604288 0.21929825 0.63352827 0.0911306 
 0.11111111 0.11939571 0.36500975 0.40448343
 0.13304094 0.12524366 0.25487329 0.48684211

MOTIF human_l3_f_24
letter-probability matrix: alength= 4 w= 9 
 0.52165207 0.09862328 0.23279099 0.14693367
 0.34142678 0.21827284 0.10362954 0.33667084
 0.30763454 0.20450563 0.26458073 0.2232791 
 9.15894869e-01 2.50312891e-04 7.73466834e-02 6.50813517e-03
 0.20125156 0.07709637 0.03329161 0.68836045
 0.09261577 0.07259074 0.40475594 0.43003755
 0.42478098 0.02453066 0.25331665 0.29737171
 0.05907384 0.14142678 0.15294118 0.6465582 
 0.07934919 0.0660826  0.45907384 0.39549437

MOTIF human_l3_f_25
letter-probability matrix: alength= 4 w= 9 
 0.42927967 0.28463109 0.20239137 0.08369787
 0.59638379 0.090697   0.30183727 0.01108195
 0.27267425 0.14435696 0.19568387 0.38728492
 0.27646544 0.09332167 0.40565763 0.22455526
 0.53368329 0.01487314 0.31437737 0.1370662 
 0.10265383 0.22134733 0.10673666 0.56926218
 0.00145815 0.00320793 0.84368621 0.15164771
 0.19685039 0.29658793 0.22076407 0.28579761
 0.24817731 0.22484689 0.23767862 0.28929717

MOTIF human_l3_f_26
letter-probability matrix: alength= 4 w= 9 
 0.10242792 0.2245827  0.44208397 0.23090541
 2.52908447e-04 2.52908447e-04 2.52908447e-04 9.99241275e-01
 5.72078907e-01 2.52908447e-04 4.27415276e-01 2.52908447e-04
 7.41780475e-01 2.52908447e-04 2.57713708e-01 2.52908447e-04
 0.13935255 0.38290339 0.29135053 0.18639353
 0.16186141 0.27137076 0.15528579 0.41148204
 0.22534143 0.07258472 0.40187152 0.30020233
 0.1947395  0.18816388 0.46788063 0.14921598
 0.15376834 0.19398078 0.31562974 0.33662114

MOTIF human_l3_f_27
letter-probability matrix: alength= 4 w= 9 
 0.53866046 0.14998707 0.15257305 0.15877942
 0.10111197 0.06335661 0.15955521 0.67597621
 0.41298164 0.01784329 0.40599948 0.16317559
 0.58417378 0.00310318 0.19782777 0.21489527
 0.06594259 0.13679855 0.0651668  0.73209206
 0.50840445 0.15645203 0.31264546 0.02249806
 0.32040341 0.13214378 0.42875614 0.11869666
 0.1458495  0.10705974 0.18696664 0.56012413
 0.49650892 0.13602276 0.20274114 0.16472718

MOTIF human_l3_f_28
letter-probability matrix: alength= 4 w= 9 
 0.38946015 0.25289203 0.27506427 0.08258355
 0.31715938 0.0401671  0.3496144  0.29305913
 0.30205656 0.00449871 0.63978149 0.05366324
 0.07326478 0.00385604 0.27956298 0.6433162 
 0.20147815 0.00514139 0.50385604 0.28952442
 0.02859897 0.00514139 0.95115681 0.01510283
 0.20051414 0.00096401 0.53791774 0.26060411
 0.21304627 0.12917738 0.51381748 0.14395887
 0.16677378 0.16356041 0.36439589 0.30526992

MOTIF human_l3_f_29
letter-probability matrix: alength= 4 w= 9 
 0.55797101 0.37681159 0.04891304 0.01630435
 0.00181159 0.07246377 0.02536232 0.90036232
 0.00362319 0.12862319 0.71557971 0.15217391
 0.01811594 0.36231884 0.00181159 0.61775362
 0.09601449 0.00905797 0.00181159 0.89311594
 0.00724638 0.25724638 0.24818841 0.48731884
 0.19565217 0.10507246 0.00181159 0.69746377
 0.42391304 0.0307971  0.12137681 0.42391304
 0.19021739 0.30434783 0.05253623 0.45289855

MOTIF human_l3_f_30
letter-probability matrix: alength= 4 w= 9 
 0.40671303 0.22134865 0.14998488 0.22195343
 0.31660115 0.35560931 0.15663744 0.1711521 
 8.29452676e-01 2.54006653e-02 1.44844270e-01 3.02388872e-04
 0.25461143 0.14786816 0.038101   0.55941941
 0.18596916 0.081645   0.54248564 0.18990021
 0.73450257 0.02086483 0.22890838 0.01572422
 0.13547021 0.11611733 0.06319927 0.68521318
 0.04777744 0.04021772 0.8315694  0.08043544
 0.13395827 0.08587844 0.3967342  0.38342909

MOTIF human_l3_f_31
letter-probability matrix: alength= 4 w= 9 
 0.2987013  0.02164502 0.44155844 0.23809524
 0.004329   0.84415584 0.004329   0.14718615
 0.06926407 0.01731602 0.54978355 0.36363636
 0.08225108 0.45021645 0.05194805 0.41558442
 0.30735931 0.004329   0.15584416 0.53246753
 0.13852814 0.02597403 0.004329   0.83116883
 0.02164502 0.14718615 0.33766234 0.49350649
 0.06926407 0.04761905 0.02597403 0.85714286
 0.07792208 0.2034632  0.23809524 0.48051948

MOTIF human_l3_f_32
letter-probability matrix: alength= 4 w= 9 
 0.20975752 0.19106047 0.06485539 0.53432661
 0.11189015 0.21560035 0.15717207 0.51533742
 2.92141396e-04 2.92141396e-04 2.92141396e-04 9.99123576e-01
 5.74349985e-01 2.92141396e-04 2.36342390e-01 1.89015483e-01
 4.45515630e-01 2.92141396e-04 3.65176746e-01 1.89015483e-01
 0.06456325 0.27578148 0.28045574 0.37919953
 0.10955302 0.07887818 0.64095822 0.17061058
 0.1221151  0.09114812 0.34005259 0.4466842 
 0.21501607 0.19076833 0.23809524 0.35612036

MOTIF human_l3_f_33
letter-probability matrix: alength= 4 w= 9 
 0.26714801 0.17122228 0.11707065 0.44455905
 0.03403816 0.25451264 0.28261991 0.42882929
 0.15007736 0.10340382 0.19185147 0.55466735
 0.02810727 0.0293966  0.93940175 0.00309438
 0.10237236 0.01521403 0.30144404 0.58096957
 0.14156782 0.00180505 0.00128932 0.8553378 
 2.57864879e-04 2.06291903e-03 3.45538938e-02 9.63125322e-01
 0.01779268 0.08896338 0.03919546 0.85404848
 0.06291903 0.10598247 0.19649304 0.63460547

MOTIF human_l3_f_34
letter-probability matrix: alength= 4 w= 9 
 0.32517483 0.49300699 0.04320679 0.13861139
 0.20054945 0.42657343 0.22202797 0.15084915
 0.46753247 0.05094905 0.46428571 0.01723277
 0.16333666 0.17007992 0.48651349 0.18006993
 0.03096903 0.25649351 0.56593407 0.1466034 
 0.28196803 0.00749251 0.31518482 0.39535465
 0.06818182 0.14885115 0.2485015  0.53446553
 0.31868132 0.08941059 0.56818182 0.02372627
 0.13386613 0.26898102 0.41183816 0.18531469

MOTIF human_l3_f_35
letter-probability matrix: alength= 4 w= 9 
 0.45154845 0.15734266 0.32392607 0.06718282
 0.0452048  0.14160839 0.43931069 0.37387612
 0.09440559 0.46853147 0.27072927 0.16633367
 0.11463536 0.03321678 0.61588412 0.23626374
 0.17807193 0.16208791 0.53946054 0.12037962
 0.32992008 0.36813187 0.23776224 0.06418581
 0.16983017 0.36288711 0.28571429 0.18156843
 0.56593407 0.07217782 0.17132867 0.19055944
 0.22602398 0.34415584 0.11263736 0.31718282

MOTIF human_l3_f_36
letter-probability matrix: alength= 4 w= 9 
 0.25182724 0.15946844 0.22990033 0.35880399
 0.11694352 0.00465116 0.05780731 0.82059801
 0.64385382 0.04584718 0.24784053 0.06245847
 0.40664452 0.02990033 0.55880399 0.00465116
 7.84053156e-02 6.64451827e-04 3.98671096e-03 9.16943522e-01
 6.97009967e-01 6.64451827e-04 2.57807309e-01 4.45182724e-02
 7.10299003e-01 6.64451827e-04 2.07308970e-01 8.17275748e-02
 0.28504983 0.23388704 0.13754153 0.34352159
 0.10963455 0.1076412  0.26112957 0.52159468

MOTIF human_l3_f_37
letter-probability matrix: alength= 4 w= 9 
 0.20493454 0.2092145  0.11757301 0.46827795
 0.32049345 0.14224572 0.0835851  0.45367573
 0.11278953 0.14954683 0.18554884 0.5521148 
 0.38746224 0.12361531 0.09617321 0.39274924
 2.23816717e-01 2.51762336e-04 2.51762336e-04 7.75679758e-01
 2.51762336e-04 2.51762336e-04 3.85448137e-01 6.14048338e-01
 0.19561934 0.01787513 0.33761329 0.44889225
 0.2286002  0.12059416 0.63116818 0.01963746
 0.2907855  0.19486405 0.15986908 0.35448137

MOTIF human_l3_f_38
letter-probability matrix: alength= 4 w= 9 
 0.13010008 0.2381319  0.14472671 0.48704131
 0.14677957 0.04464973 0.26302284 0.54554786
 0.42494226 0.0033359  0.40697973 0.16474211
 0.24095458 0.0100077  0.34000513 0.40903259
 0.42083654 0.00821144 0.30382345 0.26712856
 0.38747755 0.02489094 0.31716705 0.27046446
 0.44855017 0.15268155 0.02643059 0.3723377 
 0.34462407 0.07236336 0.05003849 0.53297408
 0.3692584  0.04978188 0.00692841 0.57403131

MOTIF human_l3_f_39
letter-probability matrix: alength= 4 w= 9 
 0.72282828 0.04808081 0.08646465 0.14262626
 0.53212121 0.17292929 0.18868687 0.10626263
 0.48767677 0.22464646 0.1030303  0.18464646
 0.6630303  0.00363636 0.20686869 0.12646465
 0.53414141 0.09616162 0.15474747 0.21494949
 0.65777778 0.18747475 0.00808081 0.14666667
 0.8189899  0.0169697  0.01737374 0.14666667
 0.63474747 0.0969697  0.03838384 0.22989899
 0.48767677 0.30747475 0.05252525 0.15232323

MOTIF human_l3_f_40
letter-probability matrix: alength= 4 w= 9 
 0.09586706 0.52961227 0.08691947 0.28760119
 0.06263315 0.51171709 0.19130805 0.23434171
 0.06007669 0.03067746 0.76693651 0.14230933
 0.18150831 0.40477205 0.40264167 0.01107797
 0.10396251 0.5820196  0.07967618 0.23434171
 0.13080528 0.31359182 0.53046442 0.02513847
 0.08223264 0.47635279 0.31018321 0.13123136
 0.03067746 0.26033234 0.58542821 0.12356199
 0.26714955 0.16489135 0.48103963 0.08691947

MOTIF human_l3_f_41
letter-probability matrix: alength= 4 w= 9 
 0.28136201 0.16009558 0.26851852 0.29002389
 0.01105137 0.20400239 0.51911589 0.26583035
 0.01284349 0.00955795 0.13381123 0.84378734
 2.30286738e-01 2.98685783e-04 6.13500597e-01 1.55913978e-01
 8.11827957e-01 2.98685783e-04 1.87574671e-01 2.98685783e-04
 0.24820789 0.46594982 0.119773   0.1660693 
 0.23178017 0.37664277 0.26135006 0.130227  
 0.25985663 0.37275986 0.24103943 0.12634409
 0.2353644  0.26373955 0.28853047 0.21236559

MOTIF human_l3_f_42
letter-probability matrix: alength= 4 w= 9 
 0.15274825 0.20892803 0.19921045 0.43911327
 0.06802308 0.40176131 0.23868813 0.29152748
 0.31308837 0.21014273 0.2805952  0.1961737 
 0.50592165 0.14819314 0.14728211 0.1986031 
 0.71970847 0.00516247 0.02793805 0.24719101
 0.03067112 0.00941391 0.24658366 0.71333131
 0.17339812 0.03461889 0.7181901  0.07379289
 0.13543881 0.25964166 0.18827817 0.41664136
 0.1961737  0.12754327 0.31217735 0.36410568

MOTIF human_l3_f_43
letter-probability matrix: alength= 4 w= 9 
 0.32967033 0.22924298 0.23229548 0.20879121
 0.36355311 0.11752137 0.45360195 0.06532357
 0.06593407 0.57234432 0.25732601 0.1043956 
 0.12087912 0.47863248 0.22222222 0.17826618
 0.03113553 0.03540904 0.75854701 0.17490842
 6.26373626e-01 3.05250305e-04 1.59645910e-01 2.13675214e-01
 7.26495726e-02 3.05250305e-04 7.00244200e-01 2.26800977e-01
 0.30769231 0.36813187 0.05128205 0.27289377
 0.09371184 0.247558   0.48870574 0.17002442

MOTIF human_l3_f_44
letter-probability matrix: alength= 4 w= 9 
 0.36759438 0.10719206 0.14769909 0.37751447
 0.06144944 0.16478369 0.07798292 0.69578396
 0.05152935 0.04546707 0.54973822 0.35326536
 0.60071645 0.01184899 0.04326261 0.34417195
 0.09699642 0.06172499 0.06999173 0.77128686
 0.02865803 0.038027   0.62028107 0.31303389
 0.38523009 0.19178837 0.22816203 0.19481951
 0.26591347 0.12896115 0.19481951 0.41030587
 0.19123726 0.10801874 0.28079361 0.4199504 

MOTIF human_l3_f_45
letter-probability matrix: alength= 4 w= 9 
 0.21062829 0.06172156 0.23055632 0.49709383
 0.07473014 0.12205923 0.34514254 0.45806809
 0.20979795 0.2219762  0.04483808 0.52338777
 0.23526156 0.03099917 0.35316911 0.38057016
 0.22889565 0.25020758 0.47439801 0.04649875
 0.09604207 0.00608912 0.41765846 0.48021035
 0.4757819  0.32964296 0.1823969  0.01217825
 0.58510933 0.03681151 0.21644063 0.16163853
 0.19319125 0.20481594 0.32659839 0.27539441

MOTIF human_l3_f_46
letter-probability matrix: alength= 4 w= 9 
 0.19989955 0.02109493 0.03942742 0.7395781 
 0.19186339 0.12757408 0.0542441  0.62631843
 0.11501758 0.16725264 0.32747363 0.39025615
 0.04620794 0.01983928 0.07257659 0.86137619
 0.78804621 0.0801105  0.00803616 0.12380713
 0.03415369 0.25012557 0.00552486 0.71019588
 0.38372677 0.04696133 0.00125565 0.56805625
 0.35961828 0.03992968 0.14816675 0.45228528
 0.3997991  0.0233551  0.06479156 0.51205424

MOTIF human_l3_f_47
letter-probability matrix: alength= 4 w= 9 
 0.458565   0.06221869 0.31135822 0.16785809
 0.28461742 0.19089224 0.13582208 0.38866826
 0.32433148 0.2279587  0.30606301 0.14164681
 7.41064337e-01 2.64760392e-04 2.58406142e-01 2.64760392e-04
 0.37595976 0.22478157 0.09981467 0.299444  
 0.23431295 0.15620863 0.34736563 0.26211279
 0.79534022 0.0675139  0.12152502 0.01562086
 0.02356367 0.1464125  0.02594652 0.80407731
 0.03124173 0.06460154 0.866296   0.03786074

MOTIF human_l3_f_48
letter-probability matrix: alength= 4 w= 9 
 0.14446186 0.02220481 0.3362069  0.49712644
 0.05041797 0.00862069 0.07732497 0.86363636
 6.94879833e-02 2.61233020e-04 1.83124347e-01 7.47126437e-01
 3.76175549e-02 2.61233020e-04 1.67189133e-02 9.45402299e-01
 0.16039707 0.01332288 0.14655172 0.67972832
 0.00888192 0.0031348  0.6084117  0.37957158
 0.04728318 0.01880878 0.11938349 0.81452456
 0.14707419 0.02220481 0.00600836 0.82471264
 0.0031348  0.00261233 0.12800418 0.86624869

MOTIF human_l3_f_49
letter-probability matrix: alength= 4 w= 9 
 0.05343915 0.06507937 0.80634921 0.07513228
 0.03677249 0.21375661 0.67962963 0.06984127
 0.02275132 0.63280423 0.31137566 0.03306878
 2.89417989e-01 4.23280423e-01 2.87037037e-01 2.64550265e-04
 0.29338624 0.20820106 0.22671958 0.27169312
 0.14444444 0.57751323 0.22962963 0.0484127 
 0.28862434 0.11349206 0.52777778 0.07010582
 0.03650794 0.32592593 0.34206349 0.29550265
 0.01375661 0.09338624 0.67328042 0.21957672

MOTIF human_l3_f_50
letter-probability matrix: alength= 4 w= 9 
 0.14208243 0.1664859  0.4972885  0.19414317
 0.05558568 0.41296095 0.25       0.28145336
 0.15319957 0.39018438 0.23481562 0.22180043
 2.78199566e-01 2.71149675e-04 7.21258134e-01 2.71149675e-04
 0.14587852 0.09219089 0.69658351 0.06534707
 0.06887202 0.32429501 0.545282   0.06155098
 0.38774403 0.38150759 0.1282538  0.10249458
 0.04962039 0.35656182 0.15455531 0.43926247
 0.09544469 0.2909436  0.53199566 0.08161605

MOTIF human_l3_f_51
letter-probability matrix: alength= 4 w= 9 
 0.6865331  0.2444839  0.01851382 0.05046919
 0.52954603 0.06949024 0.20441288 0.19655085
 0.26604109 0.29596754 0.11184377 0.3261476 
 0.10778595 0.10727872 0.06010652 0.72482881
 0.14506721 0.00228253 0.29951813 0.55313213
 0.15622622 0.00608674 0.70606137 0.13162567
 0.31422775 0.19705808 0.30306873 0.18564545
 0.17727619 0.27314228 0.28227238 0.26730916
 0.097895   0.25107786 0.47324372 0.17778341

MOTIF human_l3_f_52
letter-probability matrix: alength= 4 w= 9 
 0.13924477 0.39143628 0.19116655 0.27815239
 0.26264329 0.30950775 0.15475388 0.27309508
 0.29096426 0.18610924 0.50505732 0.01786918
 0.16857721 0.40660823 0.27747808 0.14733648
 0.14362778 0.54720162 0.18408631 0.12508429
 5.97100472e-01 4.02225219e-01 3.37154417e-04 3.37154417e-04
 0.07821982 0.25185435 0.04383007 0.62609575
 0.05967633 0.17296022 0.76432906 0.00303439
 0.18442347 0.0111261  0.6797033  0.12474713

MOTIF human_l3_f_53
letter-probability matrix: alength= 4 w= 9 
 0.04849013 0.10801394 0.24186992 0.60162602
 0.00261324 0.04210221 0.66608595 0.28919861
 0.0029036  0.05778165 0.12746806 0.81184669
 0.04790941 0.0159698  0.4869338  0.44918699
 0.06445993 0.01364692 0.40505226 0.51684088
 0.37108014 0.23635308 0.07781649 0.31475029
 0.12833914 0.00958188 0.1083043  0.75377468
 0.14576074 0.08304297 0.33333333 0.43786295
 0.17160279 0.21051103 0.08797909 0.52990708

MOTIF human_l3_f_54
letter-probability matrix: alength= 4 w= 9 
 7.83248731e-01 4.49238579e-02 1.71065990e-01 7.61421320e-04
 0.34543147 0.12309645 0.11218274 0.41928934
 0.21573604 0.14898477 0.17766497 0.45761421
 0.70634518 0.03705584 0.03883249 0.2177665 
 9.87309645e-02 2.53807107e-04 2.03045685e-03 8.98984772e-01
 2.53807107e-04 2.53807107e-04 6.91370558e-01 3.08121827e-01
 0.20406091 0.15126904 0.24796954 0.39670051
 0.16751269 0.11040609 0.3        0.42208122
 0.29974619 0.18959391 0.15152284 0.35913706

MOTIF human_l3_f_55
letter-probability matrix: alength= 4 w= 9 
 0.29919288 0.15446702 0.17088784 0.37545227
 0.00194823 0.01976065 0.10381297 0.87447815
 0.62454773 0.02310047 0.11689396 0.23545783
 2.89173393e-01 1.66991372e-03 7.08600056e-01 5.56637907e-04
 0.16838297 0.01057612 0.05677707 0.76426385
 0.50013916 0.0147509  0.48121347 0.00389647
 0.64347342 0.03952129 0.24993042 0.06707487
 0.31700529 0.13025327 0.11466741 0.43807403
 0.22655163 0.16504314 0.16114667 0.44725856

MOTIF human_l3_f_56
letter-probability matrix: alength= 4 w= 9 
 0.43023256 0.16085271 0.16666667 0.24224806
 0.73062016 0.0503876  0.16472868 0.05426357
 0.23255814 0.28100775 0.06395349 0.42248062
 0.40891473 0.04457364 0.54457364 0.00193798
 0.52906977 0.00193798 0.46705426 0.00193798
 0.04069767 0.17635659 0.00193798 0.78100775
 0.12790698 0.66472868 0.00193798 0.20542636
 0.26550388 0.0620155  0.03100775 0.64147287
 0.59883721 0.09302326 0.23837209 0.06976744

MOTIF human_l3_f_57
letter-probability matrix: alength= 4 w= 9 
 0.01729925 0.4185386  0.13710302 0.42705913
 5.16395559e-04 7.05138136e-01 1.26000516e-01 1.68344952e-01
 0.13684482 0.68190034 0.11825458 0.06300026
 0.1043119  0.79189259 0.023496   0.08029951
 0.1745417  0.48463723 0.07100439 0.26981668
 0.33100955 0.56648593 0.07720114 0.02530338
 0.10947586 0.43506326 0.14536535 0.31009553
 0.0697134  0.32687839 0.4771495  0.12625871
 0.07203718 0.32326362 0.41982959 0.18486961

MOTIF human_l3_f_58
letter-probability matrix: alength= 4 w= 9 
 0.10526316 0.19548872 0.58646617 0.11278195
 0.27067669 0.41353383 0.2481203  0.06766917
 0.0075188  0.61654135 0.0075188  0.36842105
 0.0075188  0.18796992 0.41353383 0.39097744
 0.0075188  0.0075188  0.0075188  0.97744361
 0.97744361 0.0075188  0.0075188  0.0075188 
 0.81203008 0.0075188  0.17293233 0.0075188 
 0.7443609  0.06015038 0.0075188  0.18796992
 0.28571429 0.06766917 0.36842105 0.27819549

MOTIF human_l3_f_59
letter-probability matrix: alength= 4 w= 9 
 0.6777862  0.21430377 0.08137478 0.02653525
 0.18599949 0.208744   0.10917362 0.49608289
 0.1966136  0.02299722 0.70735406 0.07303513
 0.29618398 0.16527672 0.04169826 0.49684104
 0.08086935 0.12433662 0.25726561 0.53752843
 0.04346727 0.3646702  0.39120546 0.20065706
 0.3328279  0.10209755 0.44452868 0.12054587
 0.19863533 0.30932525 0.27874653 0.2132929 
 0.64392216 0.11170078 0.13393985 0.1104372 

MOTIF human_l3_f_60
letter-probability matrix: alength= 4 w= 9 
 0.04825333 0.2445338  0.07790902 0.62930385
 0.03593868 0.07966826 0.20432269 0.68007037
 0.02111083 0.0103041  0.72480523 0.24377984
 0.00100528 0.02739382 0.45463684 0.51696406
 0.01382257 0.01005278 0.2794672  0.69665745
 0.2897713  0.0246293  0.29178185 0.39381754
 0.09223423 0.01181201 0.8668007  0.02915305
 0.17391304 0.13646645 0.15833124 0.53128927
 0.22870068 0.29077658 0.22241769 0.25810505

MOTIF human_l3_f_61
letter-probability matrix: alength= 4 w= 9 
 0.18873422 0.21430884 0.44253804 0.15441891
 0.17513758 0.26966656 0.45613467 0.09906118
 0.0220136  0.23179022 0.521528   0.22466818
 0.06021366 0.2039495  0.73227582 0.00356102
 0.20718679 0.16801554 0.59922305 0.02557462
 0.00582713 0.44059566 0.35480738 0.19876983
 0.00258983 0.02136614 0.43671091 0.53933312
 0.09582389 0.3726125  0.42376174 0.10780188
 0.17772742 0.24927161 0.42991259 0.14308838

MOTIF human_l3_f_62
letter-probability matrix: alength= 4 w= 9 
 0.32317682 0.26423576 0.26023976 0.15234765
 7.29270729e-01 2.49750250e-04 2.70229770e-01 2.49750250e-04
 0.22577423 0.18281718 0.23426573 0.35714286
 0.17707293 0.16408591 0.44280719 0.21603397
 0.75599401 0.002997   0.23426573 0.00674326
 0.03121878 0.17932068 0.02947053 0.75999001
 1.89810190e-02 2.49750250e-04 9.26323676e-01 5.44455544e-02
 0.21178821 0.247003   0.18081918 0.36038961
 0.19080919 0.26423576 0.23976024 0.30519481

MOTIF human_l3_f_63
letter-probability matrix: alength= 4 w= 9 
 0.29126704 0.28546189 0.29732458 0.12594649
 0.15143867 0.22185765 0.06309944 0.56360424
 0.04038364 0.29934377 0.3071681  0.35310449
 2.52397779e-04 2.52397779e-04 2.52397779e-04 9.99242807e-01
 5.60323069e-01 2.52397779e-04 4.39172135e-01 2.52397779e-04
 6.03230692e-01 2.52397779e-04 3.96264513e-01 2.52397779e-04
 0.3069157  0.32685512 0.26956083 0.09666835
 0.3177688  0.37657749 0.14891469 0.15673902
 0.17945482 0.20292781 0.24533064 0.37228672

MOTIF human_l3_f_64
letter-probability matrix: alength= 4 w= 9 
 0.1995602  0.28064871 0.29549203 0.22429907
 0.31638263 0.39719626 0.27487631 0.0115448 
 0.29274327 0.14431006 0.43320506 0.12974162
 0.00797141 0.05002749 0.89087411 0.05112699
 0.00192413 0.0162177  0.97993403 0.00192413
 0.00274876 0.0846619  0.90764156 0.00494777
 0.02006597 0.18279274 0.74903793 0.04810335
 0.06322155 0.23529412 0.53106102 0.17042331
 0.26003299 0.44145135 0.14815833 0.15035734

MOTIF human_l3_f_65
letter-probability matrix: alength= 4 w= 9 
 0.15988372 0.1205074  0.43789641 0.28171247
 0.0737315  0.04096195 0.83139535 0.05391121
 2.75369979e-01 2.64270613e-04 7.08509514e-01 1.58562368e-02
 0.01294926 0.11390063 0.58350951 0.28964059
 2.64270613e-04 1.87896406e-01 6.31871036e-01 1.79968288e-01
 0.03990486 0.42679704 0.24365751 0.28964059
 0.04598309 0.36548626 0.40539112 0.18313953
 0.10042283 0.53356237 0.09196617 0.27404863
 0.19952431 0.49603594 0.12447146 0.17996829

MOTIF human_l3_f_66
letter-probability matrix: alength= 4 w= 9 
 0.00208333 0.81875    0.16875    0.01041667
 0.69791667 0.25625    0.03333333 0.0125    
 0.04166667 0.34791667 0.07083333 0.53958333
 0.19375    0.77916667 0.00208333 0.025     
 0.50625 0.3     0.08125 0.1125 
 0.00208333 0.00208333 0.64166667 0.35416667
 0.00833333 0.82916667 0.00208333 0.16041667
 0.15833333 0.27083333 0.00416667 0.56666667
 0.21458333 0.31041667 0.25416667 0.22083333

MOTIF human_l3_f_67
letter-probability matrix: alength= 4 w= 9 
 0.1005102  0.53826531 0.24719388 0.11403061
 0.0877551  0.45637755 0.37372449 0.08214286
 1.08928571e-01 4.61734694e-02 8.44642857e-01 2.55102041e-04
 0.06071429 0.43520408 0.4872449  0.01683673
 0.02040816 0.83979592 0.1377551  0.00204082
 1.14540816e-01 8.78826531e-01 2.55102041e-04 6.37755102e-03
 2.55102041e-04 8.58673469e-01 2.55102041e-04 1.40816327e-01
 0.06556122 0.43494898 0.47142857 0.02806122
 0.03010204 0.36938776 0.49846939 0.10204082

MOTIF human_l3_f_68
letter-probability matrix: alength= 4 w= 9 
 0.34111446 0.15788153 0.18423695 0.31676707
 0.1315261  0.12274096 0.20983936 0.53589357
 0.07756024 0.19628514 0.05346386 0.67269076
 0.30722892 0.0311245  0.24146586 0.42018072
 0.40512048 0.08985944 0.27459839 0.23042169
 2.51004016e-04 2.51004016e-04 2.51004016e-04 9.99246988e-01
 6.89257028e-01 1.25502008e-03 3.09236948e-01 2.51004016e-04
 7.17118474e-01 2.51004016e-04 2.82379518e-01 2.51004016e-04
 0.36370482 0.125251   0.16365462 0.34738956

MOTIF human_l3_f_69
letter-probability matrix: alength= 4 w= 9 
 0.26273726 0.33891109 0.28371628 0.11463536
 0.75674326 0.01573427 0.19005994 0.03746254
 0.27922078 0.3001998  0.26023976 0.16033966
 7.74475524e-01 1.35364635e-01 8.99100899e-02 2.49750250e-04
 0.78971029 0.04270729 0.09315684 0.07442557
 0.26548452 0.28471528 0.15559441 0.29420579
 0.26798202 0.2042957  0.28171828 0.246004  
 0.62337662 0.11238761 0.04895105 0.21528472
 2.49750250e-04 1.25124875e-01 2.41008991e-01 6.33616384e-01

MOTIF human_l3_f_70
letter-probability matrix: alength= 4 w= 9 
 0.30585623 0.16902581 0.27615876 0.2489592 
 0.23202886 0.06355815 0.16708299 0.53733   
 0.49986123 0.01470996 0.10963086 0.37579795
 0.13683042 0.13266722 0.1384957  0.59200666
 0.50596725 0.03108521 0.43130724 0.0316403 
 0.19955593 0.17069109 0.04579517 0.58395781
 0.07132945 0.08215376 0.57812934 0.26838745
 0.11129614 0.23397169 0.38245906 0.27227311
 0.24146545 0.21426589 0.26311407 0.28115459

MOTIF human_l3_f_71
letter-probability matrix: alength= 4 w= 9 
 0.29867512 0.15034562 0.04752304 0.50345622
 2.59216590e-01 2.88018433e-04 1.97580645e-01 5.42914747e-01
 2.88018433e-04 5.76036866e-03 8.32373272e-02 9.10714286e-01
 0.0483871  0.06595622 0.22897465 0.65668203
 0.25835253 0.01209677 0.27851382 0.45103687
 9.36059908e-02 4.87039171e-01 4.19066820e-01 2.88018433e-04
 0.25864055 0.18404378 0.19758065 0.35973502
 0.4516129  0.09130184 0.37759217 0.07949309
 0.21687788 0.20074885 0.22897465 0.35339862

MOTIF human_l3_f_72
letter-probability matrix: alength= 4 w= 9 
 0.10214592 0.19055794 0.67854077 0.02875536
 0.1639485  0.69356223 0.09785408 0.04463519
 0.32103004 0.32017167 0.30386266 0.05493562
 0.37639485 0.40987124 0.21158798 0.00214592
 0.01201717 0.01158798 0.83733906 0.13905579
 0.10729614 0.51072961 0.13648069 0.24549356
 0.1055794  0.11030043 0.12618026 0.65793991
 0.05751073 0.52188841 0.2806867  0.13991416
 0.02446352 0.47038627 0.36351931 0.1416309 

MOTIF human_l3_f_73
letter-probability matrix: alength= 4 w= 9 
 0.28282828 0.01010101 0.14141414 0.56565657
 0.01010101 0.01010101 0.72727273 0.25252525
 0.74747475 0.01010101 0.23232323 0.01010101
 0.57575758 0.12121212 0.2020202  0.1010101 
 0.68686869 0.03030303 0.18181818 0.1010101 
 0.4040404  0.57575758 0.01010101 0.01010101
 0.01010101 0.01010101 0.01010101 0.96969697
 0.55555556 0.01010101 0.42424242 0.01010101
 0.60606061 0.01010101 0.37373737 0.01010101

MOTIF human_l3_f_74
letter-probability matrix: alength= 4 w= 9 
 0.36013986 0.38536464 0.08066933 0.17382617
 0.67382617 0.10689311 0.12487512 0.09440559
 0.34490509 0.06293706 0.36363636 0.22852148
 0.00749251 0.03871129 0.00999001 0.94380619
 0.17582418 0.07042957 0.22827173 0.52547453
 0.05669331 0.17382617 0.34165834 0.42782218
 0.3489011  0.41208791 0.21228771 0.02672328
 0.27097902 0.03346653 0.14360639 0.55194805
 0.11338661 0.25224775 0.3454046  0.28896104

MOTIF human_l3_f_75
letter-probability matrix: alength= 4 w= 9 
 0.67586032 0.02176113 0.29959514 0.0027834 
 0.26847166 0.24620445 0.13284413 0.35247976
 0.23254049 0.23532389 0.27909919 0.25303644
 0.77656883 0.09665992 0.01695344 0.10981781
 0.01214575 0.02201417 0.09640688 0.8694332 
 2.53036437e-04 5.06072874e-04 8.93471660e-01 1.05769231e-01
 0.2312753  0.23785425 0.30237854 0.2284919 
 0.22317814 0.42029352 0.19964575 0.15688259
 0.22697368 0.31300607 0.23051619 0.22950405

MOTIF human_l3_f_76
letter-probability matrix: alength= 4 w= 9 
 0.17395626 0.29920477 0.23724321 0.28959576
 3.31345262e-04 8.31676607e-02 2.65076209e-03 9.13850232e-01
 7.89264414e-01 1.25911199e-02 1.97813121e-01 3.31345262e-04
 7.14049039e-01 4.97017893e-03 2.80649437e-01 3.31345262e-04
 0.25480451 0.14877402 0.4860835  0.11033797
 0.23923128 0.10768721 0.35917826 0.29390325
 0.03909874 0.41318754 0.12259775 0.42511597
 0.06891981 0.2899271  0.41550696 0.22564612
 0.23658052 0.37640822 0.15308151 0.23392975

MOTIF human_l3_f_77
letter-probability matrix: alength= 4 w= 9 
 0.15204832 0.16544118 0.36738445 0.31512605
 0.02914916 0.0832458  0.75315126 0.13445378
 0.16727941 0.59217437 0.08429622 0.15625   
 5.53308824e-01 4.35399160e-01 2.62605042e-04 1.10294118e-02
 0.36738445 0.2762605  0.3022584  0.05409664
 0.48398109 0.10871849 0.30882353 0.09847689
 0.21454832 0.28466387 0.17804622 0.3227416 
 0.26680672 0.36318277 0.11344538 0.25656513
 0.13970588 0.17962185 0.22006303 0.46060924

MOTIF human_l3_f_78
letter-probability matrix: alength= 4 w= 9 
 0.05084746 0.09752709 0.83300917 0.01861628
 0.06279522 0.42706307 0.35343151 0.1567102 
 0.03584329 0.22283968 0.582384   0.15893304
 0.02000556 0.39983329 0.29813837 0.28202278
 0.16643512 0.39455404 0.181995   0.25701584
 0.0308419  0.78077244 0.13948319 0.04890247
 0.19922201 0.04723534 0.60933593 0.14420672
 0.00111142 0.79160878 0.09280356 0.11447624
 0.03500972 0.41733815 0.50736316 0.04028897

MOTIF human_l3_f_79
letter-probability matrix: alength= 4 w= 9 
 0.13677572 0.10878991 0.21679149 0.53764289
 0.09262909 0.45683879 0.07016161 0.38037052
 0.21206149 0.10445408 0.10405991 0.57942452
 9.27079227e-01 3.94166338e-04 7.21324399e-02 3.94166338e-04
 0.16673236 0.12613323 0.06503745 0.64209696
 0.06976744 0.1147024  0.72763106 0.08789909
 0.47694127 0.20969649 0.08947576 0.22388648
 0.01182499 0.18289318 0.10760741 0.69767442
 0.03823413 0.14860071 0.62357115 0.18959401

MOTIF human_l3_f_80
letter-probability matrix: alength= 4 w= 9 
 0.52425467 0.05709955 0.39944416 0.01920162
 0.24734715 0.17913087 0.51844366 0.05507832
 0.2566953  0.58691258 0.06417383 0.09221829
 3.01162203e-01 2.52652855e-04 4.93178373e-01 2.05406771e-01
 0.01061142 0.14729661 0.61141991 0.23067206
 0.02829712 0.26301162 0.63036887 0.07832239
 0.46235472 0.30444669 0.14931784 0.08388075
 0.21955533 0.128095   0.371905   0.28044467
 0.05861546 0.35017686 0.3054573  0.28575038

MOTIF human_l3_f_81
letter-probability matrix: alength= 4 w= 9 
 0.39670886 0.21063291 0.30151899 0.09113924
 0.62506329 0.16810127 0.11265823 0.09417722
 0.19468354 0.10607595 0.17696203 0.52227848
 0.54101266 0.0156962  0.44253165 0.00075949
 0.09594937 0.00962025 0.29493671 0.59949367
 0.10658228 0.07063291 0.64       0.18278481
 0.0564557  0.10202532 0.57594937 0.26556962
 0.16936709 0.25848101 0.27493671 0.29721519
 0.1835443  0.23443038 0.25772152 0.3243038 

MOTIF human_l3_f_82
letter-probability matrix: alength= 4 w= 9 
 0.24969549 0.01705238 0.00974421 0.72350792
 0.0499391  0.00121803 0.00121803 0.94762485
 0.00121803 0.00121803 0.00121803 0.99634592
