MEME version 5.3.0

ALPHABET= ACGT

strands: + -

Background letter frequencies
A 0.25 C 0.25 G 0.25 T 0.25

MOTIF human_l3_f_0
letter-probability matrix: alength= 4 w= 9 
 0.18946825 0.18224058 0.06917914 0.55911203
 0.20986061 0.1019618  0.6011874  0.08699019
 0.34124935 0.15797625 0.14068147 0.36009293
 0.29530201 0.13293753 0.29065565 0.2811048 
 0.0854414  0.21037687 0.11848219 0.58569954
 0.02503872 0.34925142 0.42901394 0.19669592
 0.21295818 0.40474961 0.17836861 0.20392359
 0.28187919 0.21966959 0.32266391 0.1757873 
 0.33763552 0.36035106 0.12570986 0.17630356

MOTIF human_l3_f_1
letter-probability matrix: alength= 4 w= 9 
 0.40244551 0.2698033  0.21345029 0.1143009 
 0.40696438 0.31233386 0.13343966 0.14726209
 0.85061138 0.02631579 0.11456672 0.00850611
 0.25677831 0.13131313 0.10659224 0.50531632
 0.16294524 0.11270601 0.5297714  0.19457735
 0.69989367 0.04651781 0.19005848 0.06353004
 0.12094631 0.11137693 0.1440723  0.62360447
 0.10180755 0.11297182 0.70707071 0.07814992
 0.15364168 0.14992026 0.43221691 0.26422116

MOTIF human_l3_f_2
letter-probability matrix: alength= 4 w= 9 
 0.09805428 0.22759857 0.56349206 0.11085509
 0.06861239 0.11520737 0.65488991 0.16129032
 0.08294931 0.14772145 0.76804916 0.00128008
 0.01510497 0.7547363  0.19022017 0.03993856
 0.00896057 0.86584741 0.02201741 0.1031746 
 0.09728623 0.64951357 0.08806964 0.16513057
 0.03097798 0.38248848 0.39400922 0.19252432
 0.01740911 0.75960061 0.17255504 0.05043523
 0.13952893 0.29288274 0.45110087 0.11648746

MOTIF human_l3_f_3
letter-probability matrix: alength= 4 w= 9 
 0.1131744  0.25043915 0.15432873 0.48205772
 0.28632371 0.0642409  0.54077792 0.10865747
 0.22885822 0.59347553 0.10715182 0.07051443
 0.66223338 0.14278545 0.17013802 0.02484316
 0.55006274 0.24592221 0.08356336 0.12045169
 0.31442911 0.04291092 0.17089084 0.47176913
 0.52421581 0.05294856 0.4140527  0.00878294
 0.16562108 0.09912171 0.12195734 0.61329987
 0.16913425 0.08958595 0.44215809 0.29912171

MOTIF human_l3_f_4
letter-probability matrix: alength= 4 w= 9 
 0.02075859 0.22911328 0.05561251 0.69451563
 0.13787801 0.07457714 0.11301896 0.67452588
 0.14249103 0.47283444 0.1101999  0.27447463
 0.27191184 0.09149154 0.33956945 0.29702717
 0.1537673  0.12788314 0.23347002 0.48487955
 0.32009226 0.02819067 0.54049206 0.11122501
 0.10814967 0.12916453 0.02255254 0.74013326
 0.05433111 0.13377755 0.58072783 0.23116351
 0.17247565 0.14172219 0.18990261 0.49589954

MOTIF human_l3_f_5
letter-probability matrix: alength= 4 w= 9 
 0.38368056 0.26591435 0.17708333 0.17332176
 0.52690972 0.19299769 0.1400463  0.1400463 
 0.23929398 0.00173611 0.04542824 0.71354167
 0.40885417 0.01099537 0.39380787 0.18634259
 0.68344907 0.0697338  0.13744213 0.109375  
 0.43923611 0.29918981 0.1166088  0.14496528
 0.22887731 0.32928241 0.1166088  0.32523148
 0.34230324 0.10300926 0.03935185 0.51533565
 0.45746528 0.11168981 0.14380787 0.28703704

MOTIF human_l3_f_6
letter-probability matrix: alength= 4 w= 9 
 0.08254717 0.47287736 0.10023585 0.34433962
 0.74056604 0.18396226 0.05778302 0.01768868
 0.13679245 0.00117925 0.65448113 0.20754717
 0.32193396 0.3254717  0.19693396 0.15566038
 0.01650943 0.54481132 0.06132075 0.37735849
 0.00117925 0.52240566 0.03301887 0.44339623
 0.1120283  0.21933962 0.31367925 0.35495283
 0.1379717  0.01533019 0.48349057 0.36320755
 0.00471698 0.0129717  0.55896226 0.42334906

MOTIF human_l3_f_7
letter-probability matrix: alength= 4 w= 9 
 0.21678322 0.51773227 0.1953047  0.07017982
 0.21053946 0.2007992  0.48251748 0.10614386
 0.01748252 0.2504995  0.23026973 0.50174825
 0.04295704 0.22002997 0.39735265 0.33966034
 0.11563437 0.36688312 0.38761239 0.12987013
 0.10364635 0.20704296 0.54370629 0.1456044 
 0.08866134 0.37212787 0.15909091 0.38011988
 0.11113886 0.59140859 0.21453546 0.08291708
 0.0969031  0.10664336 0.29645355 0.5       

MOTIF human_l3_f_8
letter-probability matrix: alength= 4 w= 9 
 0.35109802 0.11703267 0.33101232 0.20085699
 0.24022496 0.31574719 0.17273701 0.27129084
 0.43652919 0.17782539 0.17327263 0.21237279
 9.19121585e-01 2.67809320e-04 2.94590252e-03 7.76647027e-02
 0.03829673 0.00455276 0.07873594 0.87841457
 0.07579004 0.01874665 0.89903589 0.00642742
 0.22576326 0.15586502 0.32324585 0.29512587
 0.19442957 0.26700589 0.24317086 0.29539368
 0.08703803 0.16925549 0.47080878 0.2728977 

MOTIF human_l3_f_9
letter-probability matrix: alength= 4 w= 9 
 0.19774718 0.27709637 0.37421777 0.15093867
 0.16745932 0.11914894 0.4212766  0.29211514
 0.159199   0.15769712 0.65006258 0.0330413 
 0.18773467 0.26933667 0.16670839 0.37622028
 0.08610763 0.44480601 0.14092616 0.3281602 
 0.45607009 0.11964956 0.39123905 0.0330413 
 0.1301627  0.28085106 0.18948686 0.39949937
 0.28610763 0.12465582 0.57171464 0.0175219 
 0.081602   0.05081352 0.59899875 0.26858573

MOTIF human_l3_f_10
letter-probability matrix: alength= 4 w= 9 
 0.11707317 0.68211382 0.15934959 0.04146341
 0.04349593 0.67439024 0.26463415 0.01747967
 0.11178862 0.6800813  0.14390244 0.06422764
 0.00406504 0.69918699 0.10528455 0.19146341
 0.20284553 0.36910569 0.27439024 0.15365854
 0.01341463 0.40650407 0.55813008 0.02195122
 0.07926829 0.35934959 0.53780488 0.02357724
 0.0296748  0.21097561 0.70894309 0.0504065 
 0.04552846 0.46788618 0.42560976 0.06097561

MOTIF human_l3_f_11
letter-probability matrix: alength= 4 w= 9 
 0.12033443 0.26186921 0.32726187 0.29053449
 0.0522544  0.63899672 0.05882353 0.24992535
 0.27381308 0.20244849 0.38936996 0.13436847
 2.98596596e-04 5.76590027e-01 2.98596596e-04 4.22812780e-01
 0.2547029  0.43326366 0.20394148 0.10809197
 0.49596895 0.25679307 0.18841445 0.05882353
 0.24664079 0.10092565 0.53000896 0.1224246 
 0.16094357 0.43714542 0.15049268 0.25141833
 0.26754255 0.44968647 0.19647656 0.08629442

MOTIF human_l3_f_12
letter-probability matrix: alength= 4 w= 9 
 0.1027846  0.27559378 0.39271089 0.22891073
 0.38615889 0.05487305 0.32923833 0.22972973
 0.07780508 0.26781327 0.13595414 0.51842752
 0.1048321  0.08558559 0.26248976 0.54709255
 0.10687961 0.14742015 0.18140868 0.56429156
 0.01187551 0.15520066 0.18632269 0.64660115
 0.00778051 0.16748567 0.27886978 0.54586405
 0.05610156 0.0012285  0.4049959  0.53767404
 0.03603604 0.02129402 0.45700246 0.48566749

MOTIF human_l3_f_13
letter-probability matrix: alength= 4 w= 9 
 0.08986175 0.08064516 0.06451613 0.76497696
 0.04953917 0.19009217 0.07142857 0.68894009
 0.609447   0.00115207 0.38824885 0.00115207
 0.10253456 0.08179724 0.25345622 0.56221198
 0.1140553  0.06912442 0.00230415 0.81451613
 0.73732719 0.00115207 0.09792627 0.16359447
 0.13018433 0.00115207 0.00115207 0.86751152
 0.05990783 0.01958525 0.15898618 0.76152074
 0.44470046 0.06105991 0.0264977  0.46774194

MOTIF human_l3_f_14
letter-probability matrix: alength= 4 w= 9 
 0.43834232 0.22809973 0.09770889 0.23584906
 0.47540431 0.09467655 0.14656334 0.2833558 
 0.61927224 0.04649596 0.28706199 0.04716981
 0.01549865 0.02628032 0.21933962 0.7388814 
 0.01920485 0.01314016 0.7203504  0.24730458
 0.2796496  0.07075472 0.41374663 0.23584906
 0.62466307 0.04548518 0.10478437 0.22506739
 0.49595687 0.07243935 0.13342318 0.29818059
 0.28436658 0.13173854 0.14824798 0.4356469 

MOTIF human_l3_f_15
letter-probability matrix: alength= 4 w= 9 
 0.05194805 0.30744256 0.33741259 0.3031968 
 0.03696304 0.33716284 0.21728272 0.40859141
 0.01123876 0.00599401 0.02447552 0.95829171
 0.02497502 0.0492008  0.42757243 0.49825175
 0.27622378 0.04470529 0.14060939 0.53846154
 0.20929071 0.08866134 0.002997   0.69905095
 0.03321678 0.33066933 0.06143856 0.57467532
 0.0501998  0.22327672 0.13511489 0.59140859
 0.10739261 0.30919081 0.13336663 0.45004995

MOTIF human_l3_f_16
letter-probability matrix: alength= 4 w= 9 
 0.33666334 0.12712288 0.18306693 0.35314685
 0.18856144 0.11313686 0.58541459 0.11288711
 3.04445554e-01 2.49750250e-04 5.06993007e-01 1.88311688e-01
 4.19580420e-01 5.13236763e-01 2.49750250e-04 6.69330669e-02
 0.03546454 0.3479021  0.37537463 0.24125874
 7.87212787e-01 4.97002997e-02 2.49750250e-04 1.62837163e-01
 0.17257742 0.50749251 0.04395604 0.27597403
 0.12987013 0.30794206 0.1535964  0.40859141
 0.24200799 0.19205794 0.37162837 0.19430569

MOTIF human_l3_f_17
letter-probability matrix: alength= 4 w= 9 
 0.27107062 0.22854973 0.14654518 0.35383447
 0.69552012 0.03037206 0.2080486  0.06605923
 0.28549734 0.00911162 0.53302961 0.17236143
 7.82080486e-02 3.79650721e-03 7.59301443e-04 9.17236143e-01
 0.32422172 0.01670463 0.04631739 0.61275626
 0.00835232 0.10098709 0.03492787 0.85573273
 0.36218679 0.22399393 0.38952164 0.02429765
 0.33864844 0.17463933 0.02429765 0.46241458
 0.09794989 0.25132878 0.24753227 0.40318907

MOTIF human_l3_f_18
letter-probability matrix: alength= 4 w= 9 
 0.05108005 0.03761118 0.05412961 0.85717916
 0.13290978 0.10038119 0.51181703 0.25489199
 0.21296061 0.06149936 0.17102922 0.5545108 
 0.30876747 0.03074968 0.01143583 0.64904701
 0.00559085 0.25031766 0.01016518 0.7339263 
 0.17102922 0.5905972  0.04777637 0.1905972 
 0.12325286 0.12426938 0.05438374 0.69809403
 0.34053367 0.05336722 0.40279543 0.20330368
 0.13621347 0.10851334 0.11003812 0.64523507

MOTIF human_l3_f_19
letter-probability matrix: alength= 4 w= 9 
 0.18912049 0.0045755  0.08083376 0.72547026
 3.99084901e-02 7.62582613e-04 1.11845450e-02 9.48144382e-01
 5.54143366e-02 2.54194204e-04 2.28774784e-01 7.15556685e-01
 0.01677682 0.00305033 0.01499746 0.96517539
 0.06609049 0.05210981 0.28596848 0.59583122
 0.06024403 0.03762074 0.0307575  0.87137773
 2.40721912e-01 3.05033045e-03 2.54194204e-04 7.55973564e-01
 0.07397051 0.06075241 0.06456533 0.80071174
 0.37697001 0.03685816 0.22674123 0.3594306 

MOTIF human_l3_f_20
letter-probability matrix: alength= 4 w= 9 
 0.12337662 0.01323676 0.20554446 0.65784216
 0.4040959  0.18281718 0.07467532 0.33841159
 0.08791209 0.02847153 0.23376623 0.64985015
 0.38236763 0.01323676 0.28246753 0.32192807
 0.32067932 0.07467532 0.07967033 0.52497502
 2.49750250e-04 7.49250749e-04 9.99000999e-03 9.89010989e-01
 0.03421578 0.01973027 0.00424575 0.94180819
 0.79170829 0.05544456 0.02822178 0.12462537
 0.01423576 0.04845155 0.02747253 0.90984016

MOTIF human_l3_f_21
letter-probability matrix: alength= 4 w= 9 
 0.19272514 0.15136404 0.28688765 0.36902317
 2.93341156e-04 2.38779701e-01 1.17336462e-03 7.59753593e-01
 0.78234086 0.01701379 0.13640364 0.06424171
 0.26723379 0.02581402 0.5687885  0.13816368
 0.24611323 0.18803168 0.22587269 0.3399824 
 0.13317688 0.29392784 0.09797595 0.47491933
 0.05368143 0.09034908 0.29334116 0.56262834
 0.35200939 0.27926078 0.05221473 0.31651511
 0.22117923 0.3085949  0.11293634 0.35728953

MOTIF human_l3_f_22
letter-probability matrix: alength= 4 w= 9 
 0.24081787 0.22188565 0.18212798 0.3551685 
 0.25785687 0.1601666  0.24006058 0.34191594
 0.10412722 0.00795153 0.05035971 0.83756153
 0.5119273  0.04392276 0.3722075  0.07194245
 0.57894737 0.00189322 0.3108671  0.10829231
 0.03900038 0.08973874 0.03218478 0.83907611
 0.60015146 0.06967058 0.30102234 0.02915562
 0.58084059 0.0306702  0.35441121 0.034078  
 0.23741007 0.15940931 0.26088603 0.34229459

MOTIF human_l3_f_23
letter-probability matrix: alength= 4 w= 9 
 0.17675607 0.19106003 0.13639847 0.49578544
 0.29936143 0.41634738 0.19003831 0.09425287
 0.19233716 0.08224777 0.41021711 0.31519796
 0.3844189  0.05057471 0.05287356 0.51213282
 0.61251596 0.02145594 0.03243934 0.33358876
 0.10574713 0.06283525 0.5954023  0.23601533
 0.12234994 0.19208174 0.3164751  0.36909323
 0.26181354 0.27075351 0.22247765 0.2449553 
 0.37803321 0.24572158 0.24418902 0.13205619

MOTIF human_l3_f_24
letter-probability matrix: alength= 4 w= 9 
 0.16392479 0.06962397 0.15423032 0.61222092
 0.45035253 0.06844888 0.33284371 0.14835488
 0.53965922 0.06227967 0.26733255 0.13072855
 0.22884841 0.08049354 0.07814336 0.61251469
 0.40041128 0.07079906 0.34576968 0.18301998
 0.52555817 0.12514689 0.19212691 0.15716804
 0.10693302 0.01439483 0.08842538 0.79024677
 0.75851939 0.0640423  0.14189189 0.03554642
 0.57226792 0.02262045 0.36692127 0.03819036

MOTIF human_l3_f_25
letter-probability matrix: alength= 4 w= 9 
 0.30967904 0.1218656  0.06569709 0.50275827
 0.19583751 0.07347041 0.09002006 0.64067202
 4.33550652e-01 2.50752257e-04 4.01203611e-03 5.62186560e-01
 2.50752257e-04 2.50752257e-04 3.96188566e-02 9.59879639e-01
 5.01504514e-03 2.50752257e-04 4.71915747e-01 5.22818455e-01
 0.19408225 0.09327984 0.06293882 0.6496991 
 0.05265797 0.05591775 0.18004012 0.71138415
 0.02357071 0.12086259 0.0614343  0.7941324 
 0.1775326  0.10581745 0.27683049 0.43981946

MOTIF human_l3_f_26
letter-probability matrix: alength= 4 w= 9 
 0.21898184 0.09183935 0.3727296  0.31644922
 0.05551292 0.14146841 0.13456127 0.66845741
 0.06318752 0.20260936 0.37349706 0.36070606
 0.15067792 0.06139678 0.09925812 0.68866718
 3.17216679e-02 9.79790228e-02 2.55819903e-04 8.70043489e-01
 0.90176516 0.01253518 0.05730366 0.02839601
 0.01637247 0.61217703 0.12049117 0.25095932
 0.24456383 0.24328473 0.17012024 0.34203121
 0.31158864 0.34177539 0.1015605  0.24507547

MOTIF human_l3_f_27
letter-probability matrix: alength= 4 w= 9 
 0.33509301 0.13323278 0.2139266  0.31774761
 0.17420814 0.17848165 0.24962293 0.39768728
 0.0982906  0.17445953 0.10005028 0.6271996 
 0.40447461 0.0982906  0.20286576 0.29436903
 0.39919558 0.17823027 0.24233283 0.18024133
 0.00527903 0.0462544  0.06485671 0.88360985
 3.82101559e-01 5.02765209e-04 5.37707391e-01 7.96882856e-02
 0.79889392 0.01935646 0.17797888 0.00377074
 0.2918552  0.11940674 0.2933635  0.29537456

MOTIF human_l3_f_28
letter-probability matrix: alength= 4 w= 9 
 0.18489728 0.23375902 0.25596891 0.32537479
 0.09383676 0.24541921 0.39700167 0.26374237
 0.65463631 0.02220988 0.29094947 0.03220433
 0.2276513  0.10105497 0.16712937 0.50416435
 0.10216546 0.25319267 0.49194892 0.15269295
 0.57634647 0.06218767 0.33759023 0.02387562
 0.0660744  0.31426985 0.04330927 0.57634647
 0.06440866 0.02554137 0.77734592 0.13270405
 0.07717934 0.21654636 0.36979456 0.33647973

MOTIF human_l3_f_29
letter-probability matrix: alength= 4 w= 9 
 0.31322272 0.30794369 0.20588235 0.17295123
 0.51784816 0.07817999 0.22926094 0.17471091
 0.25615887 0.15082956 0.20789341 0.38511815
 0.21845148 0.29839115 0.39265963 0.09049774
 0.6387632  0.06485671 0.18124686 0.11513323
 0.14479638 0.11714429 0.00125691 0.73680241
 0.03946707 0.15409754 0.65535445 0.15108095
 0.53821016 0.16918049 0.09301156 0.19959779
 0.10356963 0.18074409 0.44293615 0.27275013

MOTIF human_l3_f_30
letter-probability matrix: alength= 4 w= 9 
 0.25178026 0.10300102 0.53992879 0.10528993
 0.04501526 0.27288911 0.11851475 0.56358087
 0.13987792 0.20549339 0.18463886 0.46998983
 0.08494405 0.07985758 0.44175992 0.39343845
 0.38479145 0.16632757 0.16785351 0.28102747
 0.48931841 0.13987792 0.19074262 0.18006104
 0.01703967 0.03128179 0.06408952 0.88758901
 0.09918616 0.35122075 0.34409969 0.20549339
 0.42548321 0.19532045 0.1569176  0.22227874

MOTIF human_l3_f_31
letter-probability matrix: alength= 4 w= 9 
 0.29166667 0.33592133 0.25750518 0.11490683
 0.35921325 0.17080745 0.39415114 0.07582816
 0.14233954 0.04451346 0.77277433 0.04037267
 0.07375776 0.07220497 0.5636646  0.29037267
 0.25595238 0.00388199 0.71454451 0.02562112
 4.14078675e-03 5.17598344e-04 5.92650104e-01 4.02691511e-01
 0.1260352  0.3436853  0.52717391 0.00310559
 0.33488613 0.24094203 0.23990683 0.18426501
 0.27743271 0.36024845 0.2192029  0.14311594

MOTIF human_l3_f_32
letter-probability matrix: alength= 4 w= 9 
 0.21693122 0.13227513 0.19413919 0.45665446
 0.10907611 0.12983313 0.70533171 0.05575906
 0.33821734 0.02238502 0.63532764 0.00407   
 0.20879121 0.16239316 0.28327228 0.34554335
 4.07000407e-04 1.08669109e-01 7.83068783e-01 1.07855108e-01
 0.001221   0.11192511 0.67521368 0.21164021
 0.40659341 0.46967847 0.07936508 0.04436304
 0.1953602  0.17785918 0.45339845 0.17338217
 0.19413919 0.39031339 0.2035002  0.21204721

MOTIF human_l3_f_33
letter-probability matrix: alength= 4 w= 9 
 0.00651005 0.49136711 0.01160487 0.49051797
 0.22105859 0.11887914 0.44891027 0.211152  
 0.23860742 0.20067931 0.22502123 0.33569205
 0.36597792 0.45853382 0.01896405 0.1565242 
 0.21936032 0.31757713 0.0577413  0.40532126
 0.2459666  0.11831305 0.53495613 0.10076422
 0.24483442 0.15878856 0.19728276 0.39909425
 0.04670252 0.04019247 0.35805265 0.55505236
 0.0894424  0.12991792 0.74667421 0.03396547

MOTIF human_l3_f_34
letter-probability matrix: alength= 4 w= 9 
 0.47352647 0.33666334 0.16133866 0.02847153
 0.3503996  0.31118881 0.29145854 0.04695305
 0.11688312 0.65534466 0.15334665 0.07442557
 0.10764236 0.38411588 0.46153846 0.0467033 
 0.19330669 0.25799201 0.4473027  0.1013986 
 0.0044955  0.42557443 0.35864136 0.21128871
 0.01898102 0.17482517 0.75549451 0.0506993 
 0.09165834 0.35589411 0.4473027  0.10514486
 0.18331668 0.16083916 0.56368631 0.09215784

MOTIF human_l3_f_35
letter-probability matrix: alength= 4 w= 9 
 0.47542707 0.23758213 0.14691196 0.14007884
 0.44231275 0.08804205 0.09461235 0.37503285
 0.45282523 0.00919842 0.41655716 0.12141919
 0.16583443 0.18791064 0.24704336 0.39921156
 0.26149803 0.11931669 0.52010512 0.09908016
 0.55190539 0.16452037 0.03942181 0.24415243
 0.07516426 0.10932983 0.20026281 0.6152431 
 0.07043364 0.09461235 0.66596583 0.16898817
 0.21892247 0.20735874 0.38055191 0.19316689

MOTIF human_l3_f_36
letter-probability matrix: alength= 4 w= 9 
 0.04289216 0.31709559 0.15134804 0.48866422
 0.01102941 0.70680147 0.11335784 0.16881127
 0.18137255 0.44393382 0.23253676 0.14215686
 0.01960784 0.20373775 0.50459559 0.27205882
 0.62009804 0.00520833 0.10998775 0.26470588
 0.1439951  0.0435049  0.20496324 0.60753676
 0.12591912 0.19515931 0.27726716 0.40165441
 0.13848039 0.19914216 0.18198529 0.48039216
 0.19332108 0.35723039 0.13480392 0.31464461

MOTIF human_l3_f_37
letter-probability matrix: alength= 4 w= 9 
 0.12573099 0.26218324 0.05019493 0.56189084
 0.06920078 0.19688109 0.25779727 0.47612086
 0.01364522 0.39766082 0.39766082 0.19103314
 0.01949318 0.42690058 0.38401559 0.16959064
 0.27387914 0.36598441 0.16959064 0.19054581
 0.16276803 0.13352827 0.38547758 0.31822612
 0.00438596 0.05750487 0.5545809  0.38352827
 0.01120858 0.25438596 0.2037037  0.53070175
 0.05994152 0.2665692  0.30994152 0.36354776

MOTIF human_l3_f_38
letter-probability matrix: alength= 4 w= 9 
 0.07142857 0.00999001 0.21078921 0.70779221
 0.00549451 0.19455544 0.00624376 0.79370629
 0.0482018  0.08591409 0.13986014 0.72602398
 0.0964036  0.04595405 0.11088911 0.74675325
 0.00424575 0.17882118 0.02472527 0.79220779
 0.00674326 0.14485514 0.11413586 0.73426573
 0.08441558 0.02797203 0.46953047 0.41808192
 0.23926074 0.07317682 0.42307692 0.26448551
 0.24125874 0.07567433 0.18181818 0.50124875

MOTIF human_l3_f_39
letter-probability matrix: alength= 4 w= 9 
 0.05621216 0.10982992 0.14788123 0.68607668
 0.18939176 0.09599308 0.38368406 0.3309311 
 0.14471029 0.27298933 0.07956183 0.50273854
 2.88267512e-04 4.82848083e-01 3.74747766e-03 5.13116172e-01
 0.03660997 0.03199769 0.29259152 0.63880081
 0.02680888 0.07956183 0.60651485 0.28711444
 0.04871721 0.33064284 0.37128856 0.2493514 
 0.09484001 0.1597002  0.24502739 0.5004324 
 0.12827904 0.10348804 0.2626117  0.50562122

MOTIF human_l3_f_40
letter-probability matrix: alength= 4 w= 9 
 0.34215784 0.40234765 0.07717283 0.17832168
 0.17682318 0.40584416 0.38911089 0.02822178
 0.43856144 0.10764236 0.35939061 0.09440559
 0.13161838 0.24050949 0.16283716 0.46503497
 0.46703297 0.09090909 0.31918082 0.12287712
 0.24200799 0.03971029 0.30769231 0.41058941
 0.25324675 0.15634366 0.27447552 0.31593407
 0.17332667 0.28896104 0.33916084 0.19855145
 0.10539461 0.20604396 0.5511988  0.13736264

MOTIF human_l3_f_41
letter-probability matrix: alength= 4 w= 9 
 0.10862972 0.30769231 0.37055418 0.21312379
 0.27129859 0.04962779 0.25999449 0.41907913
 0.08133444 0.24041908 0.40529363 0.27295285
 0.05624483 0.72346292 0.02812242 0.19216984
 0.40226082 0.01323408 0.40556934 0.17893576
 0.24510615 0.06975462 0.65232975 0.03280948
 0.04301075 0.07775021 0.39784946 0.48138958
 0.18196857 0.14143921 0.61317894 0.06341329
 0.0719603  0.20016543 0.4292804  0.29859388

MOTIF human_l3_f_42
letter-probability matrix: alength= 4 w= 9 
 0.32871972 0.19953864 0.06978085 0.40196078
 0.20703576 0.05594002 0.62889273 0.10813149
 2.88350634e-04 1.83967705e-01 2.45386390e-01 5.70357555e-01
 8.65051903e-04 4.03690888e-03 5.39215686e-02 9.41176471e-01
 0.02854671 0.01153403 0.52249135 0.43742791
 0.14100346 0.01297578 0.5239331  0.32208766
 0.53200692 0.23731257 0.00692042 0.22376009
 0.23558247 0.07698962 0.32641292 0.36101499
 0.22145329 0.1583045  0.21395617 0.40628604

MOTIF human_l3_f_43
letter-probability matrix: alength= 4 w= 9 
 0.09522303 0.24865549 0.39481177 0.26130971
 0.02372667 0.20404935 0.2578298  0.51439418
 0.09079405 0.52546662 0.02625751 0.35748181
 0.79373616 0.01391965 0.19139513 0.00094907
 0.22777602 0.14362543 0.61151534 0.0170832 
 0.1445745  0.05472952 0.77190762 0.02878836
 0.60012654 0.06959823 0.217969   0.11230623
 0.08288516 0.18348624 0.0227776  0.710851  
 0.22840873 0.24296109 0.40366972 0.12496046

MOTIF human_l3_f_44
letter-probability matrix: alength= 4 w= 9 
 0.0653009  0.14916773 0.68886044 0.09667093
 0.00256082 0.39788732 0.10595391 0.49359795
 0.3024968  0.21222791 0.20486556 0.28040973
 0.00096031 0.07714469 0.22567222 0.69622279
 0.42605634 0.51888604 0.04513444 0.00992318
 0.27816901 0.40717029 0.27240717 0.04225352
 0.05985915 0.17893726 0.70614597 0.05505762
 0.40108835 0.18822023 0.21318822 0.1975032 
 0.36587708 0.24455826 0.31658131 0.07298335

MOTIF human_l3_f_45
letter-probability matrix: alength= 4 w= 9 
 0.33610188 0.18438538 0.12513843 0.35437431
 0.53488372 0.24778516 0.00609081 0.21124031
 0.20708749 0.34856035 0.19684385 0.24750831
 0.40282392 0.05149502 0.3845515  0.16112957
 0.12624585 0.20819491 0.45570321 0.20985604
 0.05841639 0.07170543 0.63593577 0.23394241
 0.07198228 0.29180509 0.54152824 0.09468439
 0.12569214 0.55426357 0.07724252 0.24280177
 0.21539313 0.19462901 0.36960133 0.22037652

MOTIF human_l3_f_46
letter-probability matrix: alength= 4 w= 9 
 0.19890561 0.42325581 0.3127223  0.06511628
 0.05854993 0.29603283 0.50642955 0.13898769
 0.28673051 0.19917921 0.3627907  0.15129959
 0.00218878 0.02188782 0.87277702 0.10314637
 2.73597811e-04 2.27086183e-02 8.66210670e-01 1.10807114e-01
 2.73597811e-04 7.14090287e-02 7.67989056e-01 1.60328317e-01
 0.19179207 0.07031464 0.49138167 0.24651163
 0.20820793 0.33488372 0.21532148 0.24158687
 0.28837209 0.32339261 0.11874145 0.26949384

MOTIF human_l3_f_47
letter-probability matrix: alength= 4 w= 9 
 0.33817904 0.12624331 0.08798776 0.4475899 
 0.17776078 0.66182096 0.01530222 0.14511604
 0.22545269 0.01989288 0.11757205 0.63708238
 0.05151747 0.09487376 0.52257077 0.331038  
 0.17317011 0.14078041 0.12649834 0.55955113
 0.26702372 0.18107626 0.29456771 0.25733231
 0.46187197 0.04820199 0.33843407 0.15149197
 0.57357817 0.08492731 0.25325172 0.0882428 
 0.43330783 0.18923744 0.19306299 0.18439174

MOTIF human_l3_f_48
letter-probability matrix: alength= 4 w= 9 
 0.2124699  0.26919989 0.35188654 0.16644367
 0.15600749 0.10088306 0.34706984 0.3960396 
 0.24351084 0.08937651 0.37035055 0.29676211
 0.04040674 0.00749264 0.47899385 0.47310677
 0.1699224  0.06288467 0.71554723 0.05164571
 0.24163768 0.0990099  0.65747926 0.00187316
 0.3253947  0.30880385 0.33449291 0.03130854
 0.03050575 0.0331817  0.49478191 0.44153064
 0.30425475 0.29087503 0.13031844 0.27455178

MOTIF human_l3_f_49
letter-probability matrix: alength= 4 w= 9 
 0.21002266 0.17678167 0.27574918 0.33744649
 0.06925208 0.25207756 0.13447494 0.54419542
 0.01007303 0.19038026 0.42810375 0.37144296
 0.0088139  0.52908587 0.41500881 0.04709141
 0.18484009 0.27851926 0.25333669 0.28330395
 0.30017628 0.19264669 0.19818685 0.30899018
 0.38856711 0.01460589 0.12666835 0.47015865
 0.27020902 0.20045329 0.2495593  0.27977839
 0.24150088 0.23898262 0.27373458 0.24578192

MOTIF human_l3_f_50
letter-probability matrix: alength= 4 w= 9 
 0.3400895  0.09212951 0.30508028 0.26270071
 0.54514346 0.11108186 0.04974993 0.29402474
 0.26401685 0.11871545 0.00710713 0.61016057
 0.17899447 0.0184259  0.17767834 0.62490129
 0.48986575 0.06712293 0.02474335 0.41826797
 0.3013951  0.67307186 0.0086865  0.01684654
 0.36167412 0.15898921 0.2403264  0.23901027
 0.230587   0.28902343 0.11266123 0.36772835
 0.24243222 0.12424322 0.31271387 0.32061069

MOTIF human_l3_f_51
letter-probability matrix: alength= 4 w= 9 
 0.14749662 0.2270636  0.47117727 0.15426252
 0.03788904 0.43788904 0.31691475 0.20730717
 0.0173207  0.67848444 0.21271989 0.09147497
 0.17564276 0.69255751 0.10717185 0.02462788
 0.02489851 0.79161028 0.15317997 0.03031123
 0.01028417 0.85358593 0.064682   0.0714479 
 0.09039242 0.55534506 0.30473613 0.04952639
 0.18809202 0.42571042 0.24952639 0.13667118
 0.18809202 0.39242219 0.29607578 0.12341001

MOTIF human_l3_f_52
letter-probability matrix: alength= 4 w= 9 
 0.00910036 0.14820593 0.51378055 0.32891316
 0.00650026 0.00962038 0.16302652 0.82085283
 0.01794072 0.03484139 0.60036401 0.34685387
 0.41107644 0.01950078 0.15704628 0.4123765 
 0.35439418 0.06864275 0.41679667 0.16016641
 0.58346334 0.0275611  0.07722309 0.31175247
 0.11570463 0.33463339 0.18616745 0.36349454
 0.125065   0.3673947  0.14040562 0.36713469
 0.17186687 0.37779511 0.10686427 0.34347374

MOTIF human_l3_f_53
letter-probability matrix: alength= 4 w= 9 
 0.40883838 0.13535354 0.27373737 0.18207071
 0.24545455 0.15479798 0.45454545 0.14520202
 0.14671717 0.15631313 0.33762626 0.35934343
 0.09116162 0.00252525 0.69318182 0.21313131
 0.4719697  0.16035354 0.06868687 0.2989899 
 0.1770202  0.00151515 0.33863636 0.48282828
 0.10530303 0.28838384 0.36616162 0.24015152
 0.4229798  0.38686869 0.13181818 0.05833333
 0.33308081 0.27727273 0.18030303 0.20934343

MOTIF human_l3_f_54
letter-probability matrix: alength= 4 w= 9 
 0.45936484 0.28882221 0.06251563 0.18929732
 0.54363591 0.00300075 0.15553888 0.29782446
 0.33133283 0.14603651 0.11877969 0.40385096
 0.12703176 0.15178795 0.2228057  0.49837459
 0.44811203 0.05376344 0.13203301 0.36609152
 0.00350088 0.00100025 0.09152288 0.90397599
 0.00775194 0.02525631 0.6344086  0.33258315
 0.13403351 0.08977244 0.31682921 0.45936484
 0.2268067  0.1547887  0.38509627 0.23330833

MOTIF human_l3_f_55
letter-probability matrix: alength= 4 w= 9 
 0.18540333 0.19129321 0.12957746 0.49372599
 0.44455826 0.1134443  0.26734955 0.17464789
 0.33930858 0.10857875 0.06069142 0.49142125
 0.33137004 0.20947503 0.36107554 0.09807939
 0.56747759 0.14955186 0.16209987 0.12087068
 0.24071703 0.38412292 0.06939821 0.30576184
 0.15185659 0.1206146  0.384379   0.34314981
 0.28169014 0.13367478 0.28553137 0.29910371
 0.48399488 0.0950064  0.39231754 0.02868118

MOTIF human_l3_f_56
letter-probability matrix: alength= 4 w= 9 
 0.01017602 0.55583058 0.02585259 0.40814081
 0.05280528 0.5910341  0.21012101 0.1460396 
 0.23184818 0.32508251 0.09790979 0.34515952
 0.30555556 0.03575358 0.35781078 0.30088009
 0.04455446 0.73514851 0.02530253 0.1949945 
 0.03685369 0.11468647 0.26925193 0.57920792
 0.06023102 0.64741474 0.08305831 0.20929593
 0.18316832 0.71094609 0.07288229 0.0330033 
 0.1430143  0.26842684 0.2169967  0.37156216

MOTIF human_l3_f_57
letter-probability matrix: alength= 4 w= 9 
 0.09667319 0.5295499  0.07318982 0.30058708
 0.12524462 0.06810176 0.79334638 0.01330724
 3.25636008e-01 3.91389432e-04 4.17221135e-01 2.56751468e-01
 0.04187867 0.36007828 0.04892368 0.54911937
 0.02818004 0.05870841 0.61330724 0.29980431
 0.11780822 0.14363992 0.34285714 0.39569472
 0.09941292 0.30019569 0.27906067 0.32133072
 0.03483366 0.10645793 0.44266145 0.41604697
 0.09119374 0.39099804 0.23287671 0.28493151

MOTIF human_l3_f_58
letter-probability matrix: alength= 4 w= 9 
 0.65950653 0.0467344  0.15616836 0.13759071
 0.80551524 0.07489115 0.087373   0.03222061
 0.60232221 0.05921626 0.16197388 0.17648766
 0.89666183 0.01015965 0.02148041 0.07169811
 0.24644412 0.03570392 0.41306241 0.30478955
 0.495791   0.08940493 0.01219158 0.40261248
 0.42409289 0.00290276 0.21422351 0.35878084
 0.23773585 0.04963716 0.28098694 0.43164006
 0.61480406 0.0850508  0.09840348 0.20174165

MOTIF human_l3_f_59
letter-probability matrix: alength= 4 w= 9 
 0.32828283 0.21212121 0.24494949 0.21464646
 0.23383838 0.42752525 0.13838384 0.20025253
 0.45176768 0.04671717 0.40732323 0.09419192
 0.50025253 0.16186869 0.03257576 0.30530303
 0.25631313 0.25883838 0.12222222 0.36262626
 0.73636364 0.05429293 0.03308081 0.17626263
 0.26666667 0.03535354 0.06338384 0.63459596
 0.26792929 0.05075758 0.61641414 0.06489899
 0.24621212 0.10833333 0.52222222 0.12323232

MOTIF human_l3_f_60
letter-probability matrix: alength= 4 w= 9 
 0.15428571 0.34142857 0.26285714 0.24142857
 0.55821429 0.18321429 0.11357143 0.145     
 0.77428571 0.06607143 0.06571429 0.09392857
 0.59714286 0.1275     0.11285714 0.1625    
 0.0225     0.44535714 0.13035714 0.40178571
 0.00678571 0.395      0.13571429 0.4625    
 0.04642857 0.09607143 0.27535714 0.58214286
 0.0675     0.00428571 0.83892857 0.08928571
 0.19178571 0.20357143 0.44107143 0.16357143

MOTIF human_l3_f_61
letter-probability matrix: alength= 4 w= 9 
 0.22239422 0.28224974 0.24613003 0.24922601
 0.59184727 0.15531476 0.12641899 0.12641899
 0.15634675 0.22187822 0.23581011 0.38596491
 5.15995872e-04 8.46233230e-02 2.06398349e-03 9.12796698e-01
 0.46388029 0.06862745 0.20072239 0.26676987
 0.32610939 0.08617131 0.52425181 0.06346749
 0.33075335 0.01444788 0.48039216 0.1744066 
 0.25335397 0.35190918 0.15221878 0.24251806
 0.01135191 0.1996904  0.72652219 0.0624355 

MOTIF human_l3_f_62
letter-probability matrix: alength= 4 w= 9 
 0.30247835 0.07315617 0.17706778 0.4472977 
 0.04508809 0.05553897 0.35682293 0.54255001
 0.00716632 0.18811586 0.02329053 0.78142729
 0.19438638 0.01642281 0.61570618 0.17348462
 0.05434458 0.49059421 0.19677516 0.25828606
 4.84025082e-01 5.06121230e-01 9.55509107e-03 2.98596596e-04
 0.20424007 0.04210212 0.26515378 0.48850403
 0.17348462 0.10480741 0.58077038 0.14093759
 0.23439833 0.14661093 0.28575694 0.3332338 

MOTIF human_l3_f_63
letter-probability matrix: alength= 4 w= 9 
 0.16939341 0.30883463 0.36194312 0.15982884
 0.30833124 0.12836647 0.31009313 0.25320916
 0.00906116 0.39592248 0.17820287 0.41681349
 0.03725145 0.1228291  0.18852253 0.65139693
 0.05839416 0.14044802 0.71079789 0.09035993
 0.53032973 0.16033224 0.21469922 0.09463881
 0.26151523 0.05033979 0.03246917 0.65567581
 0.31890259 0.39265039 0.09438711 0.1940599 
 0.34885477 0.05889756 0.37855525 0.21369242

MOTIF human_l3_f_64
letter-probability matrix: alength= 4 w= 9 
 0.0443769  0.20851064 0.32978723 0.41732523
 0.08206687 0.0881459  0.01945289 0.81033435
 0.04407295 0.04255319 0.58419453 0.32917933
 0.04711246 0.09209726 0.09756839 0.76322188
 0.19392097 0.08966565 0.02553191 0.69088146
 0.19817629 0.03039514 0.14255319 0.62887538
 0.40820669 0.01489362 0.28237082 0.29452888
 0.15440729 0.03495441 0.56808511 0.24255319
 0.28389058 0.08449848 0.16656535 0.46504559

MOTIF human_l3_f_65
letter-probability matrix: alength= 4 w= 9 
 0.38884419 0.23303835 0.11343524 0.26468222
 0.5840708  0.15661035 0.02306248 0.23625637
 0.0356664  0.00858139 0.1952266  0.76052561
 0.00294985 0.01233575 0.49584339 0.48887101
 0.05443819 0.00724055 0.56369    0.37463127
 0.32099759 0.29471708 0.04773398 0.33655135
 0.09600429 0.08903191 0.24242424 0.57253955
 0.12469831 0.18584071 0.08340038 0.60606061
 0.17699115 0.34191472 0.16170555 0.31938858

MOTIF human_l3_f_66
letter-probability matrix: alength= 4 w= 9 
 0.10245687 0.32618923 0.13199164 0.43936226
 0.35964454 0.29351803 0.1314689  0.21536853
 0.31965499 0.14871929 0.28044956 0.25117616
 0.01097752 0.05959226 0.01019341 0.9192368 
 0.55175118 0.00705698 0.42733926 0.01385259
 5.26921066e-01 5.72399373e-02 4.15577627e-01 2.61369577e-04
 0.28463147 0.2929953  0.14845792 0.27391532
 0.12754835 0.37088343 0.27783586 0.22373236
 0.15760585 0.23183481 0.39362258 0.21693675

MOTIF human_l3_f_67
letter-probability matrix: alength= 4 w= 9 
 0.12071006 0.27514793 0.40857988 0.19556213
 0.05532544 0.54792899 0.16005917 0.23668639
 0.02662722 0.8591716  0.00177515 0.11242604
 0.06568047 0.85088757 0.07485207 0.00857988
 0.22071006 0.63195266 0.06420118 0.08313609
 3.25443787e-03 9.58579882e-01 2.95857988e-04 3.78698225e-02
 0.04585799 0.70739645 0.10177515 0.14497041
 0.15591716 0.72988166 0.06449704 0.04970414
 0.13668639 0.55621302 0.20769231 0.09940828

MOTIF human_l3_f_68
letter-probability matrix: alength= 4 w= 9 
 0.11163836 0.04845155 0.02522478 0.81468531
 0.03846154 0.03246753 0.0521978  0.87687313
 1.19380619e-01 1.14885115e-02 2.49750250e-04 8.68881119e-01
 2.49750250e-04 1.14885115e-02 1.99800200e-03 9.86263736e-01
 2.49750250e-04 1.14885115e-02 1.19380619e-01 8.68881119e-01
 0.0024975  0.002997   0.01598402 0.97852148
 0.03671329 0.0034965  0.10314685 0.85664336
 0.10564436 0.08541459 0.23726274 0.57167832
 0.33391608 0.06293706 0.22602398 0.37712288

MOTIF human_l3_f_69
letter-probability matrix: alength= 4 w= 9 
 0.27522478 0.11763237 0.52622378 0.08091908
 0.41608392 0.06168831 0.27322677 0.249001  
 0.14210789 0.22052947 0.22527473 0.41208791
 0.3513986  0.02397602 0.53646354 0.08816184
 0.11013986 0.19130869 0.24350649 0.45504496
 0.08766234 0.23951049 0.30619381 0.36663337
 0.08741259 0.13336663 0.3513986  0.42782218
 0.12837163 0.41033966 0.16683317 0.29445554
 0.14285714 0.34165834 0.17332667 0.34215784

MOTIF human_l3_f_70
letter-probability matrix: alength= 4 w= 9 
 0.43146214 0.05874674 0.11879896 0.39099217
 0.00195822 0.00261097 0.20953003 0.78590078
 0.33681462 0.02349869 0.29503916 0.34464752
 0.44908616 0.07114883 0.44582245 0.03394256
 0.02610966 0.06657963 0.14686684 0.76044386
 0.29112272 0.00652742 0.60509138 0.09725849
 7.93733681e-01 6.52741514e-04 1.44908616e-01 6.07049608e-02
 0.42819843 0.04699739 0.0613577  0.46344648
 0.14490862 0.08159269 0.12206266 0.65143603

MOTIF human_l3_f_71
letter-probability matrix: alength= 4 w= 9 
 0.32442557 0.18356643 0.01348651 0.47852148
 0.36463536 0.0497003  0.03071928 0.55494505
 0.38536464 0.14185814 0.03396603 0.43881119
 0.09665335 0.05544456 0.39260739 0.45529471
 0.20779221 0.16883117 0.32692308 0.29645355
 0.47377622 0.23976024 0.20154845 0.08491508
 0.32292707 0.24775225 0.10314685 0.32617383
 0.36863137 0.38986014 0.10939061 0.13211788
 0.34765235 0.27672328 0.06143856 0.31418581

MOTIF human_l3_f_72
letter-probability matrix: alength= 4 w= 9 
 0.36969697 0.29249012 0.31725955 0.02055336
 0.51778656 0.22055336 0.15599473 0.10566535
 0.13227931 0.21422925 0.38234519 0.27114625
 0.21501976 0.32173913 0.31725955 0.14598155
 0.12700922 0.39367589 0.25744401 0.22187088
 0.18181818 0.0284585  0.5828722  0.20685112
 0.04980237 0.2801054  0.48484848 0.18524374
 0.11541502 0.49538867 0.26508564 0.12411067
 0.16337286 0.25296443 0.47246377 0.11119895

MOTIF human_l3_f_73
letter-probability matrix: alength= 4 w= 9 
 0.39060939 0.07242757 0.03521479 0.50174825
 0.47727273 0.03046953 0.15084915 0.34140859
 0.23451548 0.18756244 0.31143856 0.26648352
 0.01373626 0.05544456 0.01448551 0.91633367
 0.44380619 0.00749251 0.50174825 0.04695305
 0.76698302 0.01148851 0.15584416 0.06568432
 0.48901099 0.13011988 0.14335664 0.23751249
 0.31993007 0.20929071 0.21603397 0.25474525
 0.26573427 0.17007992 0.22827173 0.33591409

MOTIF human_l3_f_74
letter-probability matrix: alength= 4 w= 9 
 0.62968875 0.07501995 0.25059856 0.04469274
 0.55227454 0.11944666 0.09736632 0.23091248
 0.17478053 0.14791168 0.24314977 0.43415802
 6.06810322e-01 2.66028199e-04 3.86538973e-01 6.38467678e-03
 0.01356744 0.07847832 0.2434158  0.66453844
 0.0896515  0.08725725 0.76084065 0.0622506 
 0.21175845 0.14179303 0.43974461 0.20670391
 0.20297952 0.36020218 0.23862729 0.19819101
 0.30274009 0.29156691 0.25166268 0.15403033

MOTIF human_l3_f_75
letter-probability matrix: alength= 4 w= 9 
 0.22979156 0.19115404 0.26207422 0.31698017
 0.58896797 0.06100661 0.11438739 0.23563803
 0.1929334  0.13218099 0.06863244 0.60625318
 0.11642095 0.14336553 0.324606   0.41560752
 0.63294357 0.03736655 0.12608033 0.20360956
 0.05312659 0.087697   0.17793594 0.68124047
 0.02491103 0.04346721 0.62074225 0.31087951
 0.11972547 0.08388409 0.33579054 0.4605999 
 0.15022877 0.34672089 0.11616675 0.38688358

MOTIF human_l3_f_76
letter-probability matrix: alength= 4 w= 9 
 9.97938751e-01 2.94464075e-04 2.94464075e-04 1.47232038e-03
 2.94464075e-04 2.94464075e-04 1.47232038e-03 9.97938751e-01
 2.94464075e-04 2.94464075e-04 9.99116608e-01 2.94464075e-04
 0.2237927  0.2081861  0.2352768  0.33274441
 0.24558304 0.15017668 0.22820966 0.37603062
 0.33333333 0.15959953 0.19287397 0.31419317
 0.27650177 0.19787986 0.21171967 0.3138987 
 0.13545347 0.23998822 0.24705536 0.37750294
 0.22526502 0.24293286 0.31213192 0.2196702 

MOTIF human_l3_f_77
letter-probability matrix: alength= 4 w= 9 
 0.09765728 0.57804685 0.09634114 0.22795472
 0.26006844 0.33166623 0.13450908 0.27375625
 0.03421953 0.05790998 0.68596999 0.2219005 
 0.04948671 0.50539616 0.1947881  0.25032903
 0.11213477 0.03342985 0.4767044  0.37773098
 0.15951566 0.27375625 0.15319821 0.41352988
 0.20215846 0.19426165 0.09476178 0.50881811
 0.52461174 0.07633588 0.24848644 0.15056594
 0.10634377 0.30271124 0.18636483 0.40458015

MOTIF human_l3_f_78
letter-probability matrix: alength= 4 w= 9 
 0.4458042  0.17032967 0.1535964  0.23026973
 0.28771229 0.27297702 0.03121878 0.40809191
 3.49650350e-03 4.25574426e-01 2.49750250e-04 5.70679321e-01
 0.12337662 0.20854146 0.63436563 0.03371628
 0.12387612 0.31893107 0.0521978  0.504995  
 0.28746254 0.27247752 0.01498501 0.42507493
 0.07717283 0.08741259 0.37987013 0.45554446
 0.00874126 0.28846154 0.49875125 0.20404595
 0.25474525 0.39635365 0.16633367 0.18256743

MOTIF human_l3_f_79
letter-probability matrix: alength= 4 w= 9 
 0.24860647 0.25752508 0.23299889 0.26086957
 0.03205128 0.06187291 0.52564103 0.38043478
 0.16917503 0.02814939 0.10785953 0.69481605
 2.78706800e-04 1.75585284e-02 6.45206243e-01 3.36956522e-01
 4.62653289e-02 1.33779264e-02 2.78706800e-04 9.40078038e-01
 0.22352285 0.08667781 0.46153846 0.22826087
 0.61343367 0.0780379  0.04849498 0.26003344
 0.47045708 0.16192865 0.26421405 0.10340022
 0.25473802 0.08082497 0.1680602  0.49637681

MOTIF human_l3_f_80
letter-probability matrix: alength= 4 w= 9 
 0.47009841 0.16300782 0.15594247 0.2109513 
 0.23012869 0.10269997 0.20514762 0.46202372
 0.19934393 0.01539238 0.0547565  0.73050719
 0.24299773 0.00782236 0.40827656 0.34090336
 0.20287661 0.0229624  0.0428968  0.73126419
 0.27327782 0.51198587 0.05828917 0.15644714
 2.24577340e-01 5.04668181e-04 6.23265203e-02 7.12591471e-01
 0.11203634 0.0903356  0.16906384 0.62856422
 0.19707292 0.08554126 0.03305577 0.68433005

MOTIF human_l3_f_81
letter-probability matrix: alength= 4 w= 9 
 0.07944515 0.62824716 0.12484237 0.16746532
 0.25901639 0.62572509 0.03480454 0.08045397
 0.33139975 0.5667087  0.07944515 0.02244641
 0.32358134 0.29029004 0.35031526 0.03581337
 0.17906683 0.16948298 0.64892812 0.00252207
 0.03278689 0.01387137 0.65825977 0.29508197
 0.36721311 0.06431274 0.5407314  0.02774275
 0.14501892 0.23833544 0.48575032 0.13089533
 0.08600252 0.33291299 0.33291299 0.2481715 

MOTIF human_l3_f_82
letter-probability matrix: alength= 4 w= 9 
 0.09696226 0.23381405 0.16047867 0.50874501
 0.18103713 0.19146978 0.46455968 0.16293342
 1.62626573e-02 6.32402577e-01 6.13685180e-04 3.50721080e-01
 0.12396441 0.05983431 0.74808223 0.06811905
 0.00797791 0.70757901 0.02055845 0.26388463
 0.33292421 0.34550476 0.10494017 0.21663087
 0.0144216  0.55998773 0.00859159 0.41699908
 0.08530224 0.08990488 0.4805155  0.34427739
 0.23534827 0.23841669 0.31727524 0.2089598 

MOTIF human_l3_f_83
letter-probability matrix: alength= 4 w= 9 
 0.51554664 0.06544634 0.18355065 0.23545637
 0.14142427 0.04939819 0.29162487 0.51755266
 0.082999   0.29012036 0.03059178 0.59628887
