MEME version 5.3.0

ALPHABET= ACGT

strands: + -

Background letter frequencies
A 0.25 C 0.25 G 0.25 T 0.25

MOTIF human_l3_f_0
letter-probability matrix: alength= 4 w= 9 
 0.06242166 0.38756581 0.10554024 0.4444723 
 0.02807721 0.09100025 0.19578842 0.68513412
 0.03484583 0.30433693 0.61644522 0.04437202
 0.1749812  0.58009526 0.08097267 0.16395086
 0.25495112 0.29481073 0.32765104 0.12258711
 0.28503384 0.18952118 0.37051893 0.15492605
 0.4113813  0.39032339 0.04612685 0.15216846
 0.35547756 0.1820005  0.26673352 0.19578842
 0.29531211 0.33492103 0.1890198  0.18074705

MOTIF human_l3_f_1
letter-probability matrix: alength= 4 w= 9 
 0.14560921 0.02076557 0.13660245 0.69702277
 0.07255442 0.07455592 0.03577683 0.81711283
 0.03327496 0.02927195 0.2429322  0.69452089
 2.50187641e-04 3.32749562e-02 2.50187641e-04 9.66224669e-01
 4.92869652e-01 2.50187641e-04 4.72854641e-02 4.59594696e-01
 2.50187641e-04 8.50637978e-03 2.50187641e-04 9.90993245e-01
 2.50187641e-04 1.50112584e-03 3.93294971e-01 6.04953715e-01
 0.03727796 0.01776332 0.26619965 0.67875907
 0.08356267 0.06955216 0.46584939 0.38103578

MOTIF human_l3_f_2
letter-probability matrix: alength= 4 w= 9 
 0.14100039 0.28475778 0.16581331 0.40842852
 0.01457267 0.12997243 0.68727846 0.16817645
 0.02363135 0.27215439 0.34226073 0.36195353
 0.18156755 0.27176054 0.5423395  0.00433241
 0.00118157 0.05041355 0.94722332 0.00118157
 0.00275699 0.56439543 0.41197322 0.02087436
 0.01142182 0.53485624 0.21307601 0.24064592
 0.26821583 0.15675463 0.47065774 0.1043718 
 0.16463174 0.63410792 0.10200866 0.09925167

MOTIF human_l3_f_3
letter-probability matrix: alength= 4 w= 9 
 0.07634206 0.14054492 0.59239277 0.19072026
 0.35419477 0.3088751  0.20528729 0.13164284
 0.23064473 0.24817912 0.22174265 0.2994335 
 0.30024278 0.00323712 0.61667116 0.07984893
 0.07823037 0.26841111 0.21877529 0.43458322
 0.24467224 0.37118964 0.09711357 0.28702455
 0.14620987 0.00377664 0.33342325 0.51659023
 0.76234152 0.08173725 0.08119773 0.0747235 
 0.24008632 0.26571351 0.10628541 0.38791476

MOTIF human_l3_f_4
letter-probability matrix: alength= 4 w= 9 
 0.09140859 0.28371628 0.51323676 0.11163836
 0.18781219 0.02922078 0.58666334 0.1963037 
 0.0014985  0.23151848 0.45154845 0.31543457
 0.55669331 0.23226773 0.12012987 0.09090909
 0.00724276 0.12562438 0.66508492 0.20204795
 0.10264735 0.41833167 0.16033966 0.31868132
 0.36938062 0.12512488 0.18431568 0.32117882
 0.28946054 0.4502997  0.18656344 0.07367632
 0.24350649 0.31593407 0.16408591 0.27647353

MOTIF human_l3_f_5
letter-probability matrix: alength= 4 w= 9 
 0.29325843 0.14269663 0.10411985 0.45992509
 0.11273408 0.06029963 0.5494382  0.27752809
 0.27790262 0.08651685 0.5917603  0.04382022
 0.02883895 0.33895131 0.05842697 0.57378277
 0.07116105 0.04419476 0.01985019 0.86479401
 0.01610487 0.0082397  0.26891386 0.70674157
 0.03483146 0.14419476 0.09438202 0.72659176
 0.20636704 0.05131086 0.67378277 0.06853933
 0.1329588  0.09625468 0.46067416 0.31011236

MOTIF human_l3_f_6
letter-probability matrix: alength= 4 w= 9 
 0.24965055 0.45093654 0.11126642 0.18814649
 0.68465194 0.19849036 0.07939614 0.03746156
 0.57450377 0.02264467 0.1803187  0.22253285
 0.22085547 0.18199609 0.38384121 0.21330724
 0.40396981 0.11154599 0.31646631 0.16801789
 0.44087224 0.17808219 0.03690243 0.34414314
 0.04165502 0.0564719  0.43332401 0.46854906
 0.04696673 0.10176125 0.65977076 0.19150126
 0.17920045 0.3312832  0.15823316 0.3312832 

MOTIF human_l3_f_7
letter-probability matrix: alength= 4 w= 9 
 4.17536534e-04 1.74947808e-01 4.17536534e-04 8.24217119e-01
 0.0434238  0.06805846 0.51273486 0.37578288
 0.10271399 0.53695198 0.00584551 0.35448852
 0.59457203 0.14530271 0.18037578 0.07974948
 0.37286013 0.40501044 0.04425887 0.17787056
 0.36367432 0.35490605 0.21837161 0.06304802
 0.39039666 0.11649269 0.11899791 0.37411273
 0.23465553 0.0434238  0.26889353 0.45302714
 0.21043841 0.08016701 0.32066806 0.38872651

MOTIF human_l3_f_8
letter-probability matrix: alength= 4 w= 9 
 0.35017283 0.09571922 0.16564743 0.38846052
 0.2004786  0.05131614 0.08907206 0.65913321
 0.1462377  0.10342994 0.11778782 0.63254454
 0.07657538 0.02685456 0.02472747 0.8718426 
 0.64477533 0.0159532  0.21137995 0.12789152
 0.63972348 0.00930604 0.29672959 0.05424089
 0.28423292 0.07258708 0.04945493 0.59372507
 0.5671364  0.09944164 0.10077107 0.23265089
 0.41212443 0.07072587 0.28343526 0.23371444

MOTIF human_l3_f_9
letter-probability matrix: alength= 4 w= 9 
 0.25417965 0.15443468 0.40606404 0.18532162
 0.17143667 0.42476622 0.15188439 0.25191272
 0.20600737 0.6239728  0.04930575 0.12071408
 0.42986682 0.37206007 0.04760555 0.15046755
 0.08642675 0.55596486 0.07934259 0.2782658 
 0.69594786 0.11901388 0.09436101 0.09067725
 0.18702182 0.11703032 0.59450269 0.10144517
 0.05185605 0.11448002 0.78010768 0.05355625
 0.04817229 0.20714083 0.6188722  0.12581468

MOTIF human_l3_f_10
letter-probability matrix: alength= 4 w= 9 
 0.04013042 0.16202659 0.04188613 0.75595686
 0.5297216  0.03034863 0.37120642 0.06872335
 0.0165538  0.09957361 0.05116629 0.8327063 
 0.16980186 0.20015049 0.24404314 0.38600451
 0.12340105 0.17481816 0.2450464  0.45673439
 0.13368447 0.04263858 0.58063707 0.24303988
 0.04915977 0.04665162 0.12239779 0.78179082
 0.15926762 0.1871081  0.38801104 0.26561324
 0.12014046 0.12189616 0.18635566 0.57160773

MOTIF human_l3_f_11
letter-probability matrix: alength= 4 w= 9 
 0.06693307 0.25674326 0.1958042  0.48051948
 0.17607393 0.06168831 0.51373626 0.2485015 
 4.9950050e-04 6.3961039e-01 2.4975025e-04 3.5964036e-01
 0.25674326 0.54470529 0.10539461 0.09315684
 0.11213786 0.42857143 0.01998002 0.43931069
 0.75899101 0.11663337 0.10364635 0.02072927
 0.0477023  0.38911089 0.01073926 0.55244755
 0.14085914 0.25874126 0.47027972 0.13011988
 0.31168831 0.26473526 0.21053946 0.21303696

MOTIF human_l3_f_12
letter-probability matrix: alength= 4 w= 9 
 0.22877123 0.23601399 0.16558442 0.36963037
 0.00124875 0.16183816 0.7504995  0.08641359
 0.37037962 0.00649351 0.001998   0.62112887
 0.12187812 0.000999   0.10714286 0.76998002
 0.23501499 0.02822178 0.00074925 0.73601399
 0.20929071 0.32717283 0.00924076 0.4542957 
 0.02222777 0.27897103 0.30944056 0.38936064
 0.02372627 0.39310689 0.26073926 0.32242757
 0.22302697 0.1968032  0.1545954  0.42557443

MOTIF human_l3_f_13
letter-probability matrix: alength= 4 w= 9 
 0.3068444  0.28223532 0.21943092 0.19148936
 0.75006409 0.09305306 0.13022302 0.02665983
 0.29812868 0.1640605  0.05844655 0.47936427
 0.25480646 0.11150987 0.48192771 0.15175596
 0.72955652 0.12612151 0.03101769 0.11330428
 0.0489618  0.07664701 0.04537298 0.8290182 
 0.02794155 0.1266342  0.74365547 0.10176878
 0.17892848 0.06895668 0.38297872 0.36913612
 0.18943861 0.23455524 0.23481159 0.34119457

MOTIF human_l3_f_14
letter-probability matrix: alength= 4 w= 9 
 0.0979021  0.24175824 0.251998   0.40834166
 0.36138861 0.05194805 0.13561439 0.45104895
 0.06468531 0.05569431 0.39160839 0.48801199
 0.22127872 0.21803197 0.22352647 0.33716284
 0.4537962  0.17057942 0.28071928 0.09490509
 0.08166833 0.03171828 0.29370629 0.59290709
 0.15509491 0.03171828 0.40634366 0.40684316
 0.28821179 0.00799201 0.5521978  0.1515984 
 0.21053946 0.2514985  0.3538961  0.18406593

MOTIF human_l3_f_15
letter-probability matrix: alength= 4 w= 9 
 0.57048008 0.296476   0.10878447 0.02425945
 0.58120531 0.06179775 0.13100102 0.22599591
 0.13304392 0.42390194 0.08554648 0.35750766
 0.15909091 0.32635342 0.19458631 0.31996936
 0.29494382 0.01123596 0.08656793 0.6072523 
 0.14300306 0.01889683 0.3087334  0.5293667 
 0.13891726 0.07431052 0.53396323 0.25280899
 0.12487232 0.11363636 0.51991828 0.24157303
 0.17849847 0.18437181 0.40117467 0.23595506

MOTIF human_l3_f_16
letter-probability matrix: alength= 4 w= 9 
 0.9275766  0.0273487  0.03038744 0.01468726
 0.16231957 0.06938465 0.01519372 0.75310205
 0.14915168 0.05748291 0.67206888 0.12129653
 0.3869334  0.04431502 0.3578121  0.21093948
 0.20308939 0.23018486 0.11445936 0.4522664 
 0.11901747 0.09597366 0.45429223 0.33071664
 0.22739934 0.3091922  0.16206635 0.30134211
 0.13142568 0.22385414 0.16383895 0.48088124
 0.32084072 0.19245379 0.17776652 0.30893897

MOTIF human_l3_f_17
letter-probability matrix: alength= 4 w= 9 
 0.26749482 0.16231884 0.20165631 0.36853002
 0.10186335 0.05714286 0.04761905 0.79337474
 6.19047619e-01 4.14078675e-04 1.73498965e-01 2.07039337e-01
 0.50724638 0.03850932 0.40414079 0.05010352
 0.00207039 0.00165631 0.00496894 0.99130435
 0.75445135 0.00248447 0.24099379 0.00207039
 0.5747412  0.00662526 0.41449275 0.00414079
 0.26335404 0.09233954 0.15817805 0.48612836
 0.18799172 0.19006211 0.17225673 0.44968944

MOTIF human_l3_f_18
letter-probability matrix: alength= 4 w= 9 
 0.12402122 0.258146   0.06567315 0.55215964
 0.15938368 0.10002526 0.03940389 0.70118717
 0.25208386 0.33013387 0.07779742 0.33998484
 0.76281889 0.15281637 0.07426118 0.01010356
 0.26016671 0.07173529 0.10760293 0.56049507
 0.37433695 0.0022733  0.06339985 0.5599899 
 3.85450871e-01 7.93129578e-02 2.52589038e-04 5.34983582e-01
 0.18388482 0.03409952 0.14852235 0.63349331
 0.17428644 0.2533468  0.23490781 0.33745895

MOTIF human_l3_f_19
letter-probability matrix: alength= 4 w= 9 
 0.19658814 0.03790956 0.11156242 0.65393989
 0.16896832 0.024912   0.0744652  0.73165448
 2.70782562e-04 5.79474682e-02 7.31112916e-03 9.34470620e-01
 2.70782562e-04 6.49878148e-02 4.99052261e-01 4.35689142e-01
 0.05767669 0.04955321 0.00297861 0.8897915 
 0.01841321 0.02274574 0.02761982 0.93122123
 0.01353913 0.00487409 0.04792851 0.93365827
 0.00568643 0.18765232 0.01137287 0.79528838
 0.01489304 0.11454102 0.0232873  0.84727864

MOTIF human_l3_f_20
letter-probability matrix: alength= 4 w= 9 
 0.17732268 0.38211788 0.25874126 0.18181818
 0.15934066 0.49075924 0.1993007  0.1505994 
 0.2007992  0.3021978  0.11288711 0.38411588
 0.39785215 0.1456044  0.17882118 0.27772228
 0.23401598 0.08416583 0.3503996  0.33141858
 0.12512488 0.46078921 0.05669331 0.35739261
 0.50124875 0.002997   0.22927073 0.26648352
 0.02497502 0.07542458 0.77897103 0.12062937
 0.16158841 0.2977023  0.39160839 0.1491009 

MOTIF human_l3_f_21
letter-probability matrix: alength= 4 w= 9 
 0.12963457 0.07148573 0.08749    0.7113897 
 0.47372633 0.07041878 0.30861563 0.14723926
 0.53587623 0.07441985 0.26086957 0.12883436
 0.11789811 0.04667911 0.07308616 0.76233662
 0.50253401 0.05414777 0.31154975 0.13176847
 0.55801547 0.06908509 0.24833289 0.12456655
 0.1157642  0.07708722 0.05494799 0.75220059
 0.54814617 0.07815417 0.2611363  0.11256335
 0.56815151 0.08295545 0.24726594 0.1016271 

MOTIF human_l3_f_22
letter-probability matrix: alength= 4 w= 9 
 0.49772727 0.13636364 0.18383838 0.18207071
 0.36111111 0.04343434 0.2209596  0.37449495
 0.35479798 0.15025253 0.33434343 0.16060606
 0.57727273 0.06287879 0.02424242 0.33560606
 0.53459596 0.10681818 0.06742424 0.29116162
 0.425      0.18181818 0.02929293 0.36388889
 4.06060606e-01 9.59595960e-03 2.52525253e-04 5.84090909e-01
 0.34318182 0.01616162 0.26868687 0.3719697 
 0.53308081 0.10858586 0.14747475 0.21085859

MOTIF human_l3_f_23
letter-probability matrix: alength= 4 w= 9 
 0.15583048 0.35219795 0.14819689 0.34377468
 0.47881021 0.16293762 0.19136615 0.16688602
 0.16004212 0.36299026 0.08765465 0.38931298
 0.22242695 0.27823111 0.37773098 0.12161095
 0.87970519 0.0242169  0.07054488 0.02553304
 0.06764938 0.05922611 0.00763359 0.86549092
 0.00789681 0.03869439 0.89497236 0.05843643
 0.27217689 0.25743617 0.25217162 0.21821532
 0.13477231 0.2616478  0.26375362 0.33982627

MOTIF human_l3_f_24
letter-probability matrix: alength= 4 w= 9 
 0.17482161 0.20005097 0.11748216 0.50764526
 0.37181448 0.06753313 0.18119266 0.37945973
 0.22502548 0.25891947 0.23190622 0.28414883
 0.78414883 0.1608053  0.00101937 0.0540265 
 0.75152905 0.01427115 0.00356779 0.23063201
 1.69724771e-01 2.54841998e-04 3.46585117e-02 7.95361876e-01
 0.09607543 0.02166157 0.14627931 0.73598369
 0.42074414 0.15010194 0.11518858 0.31396534
 0.14041794 0.122579   0.15978593 0.57721713

MOTIF human_l3_f_25
letter-probability matrix: alength= 4 w= 9 
 0.27205507 0.11193269 0.08414074 0.53187149
 0.10989291 0.11983682 0.37531871 0.39495156
 0.09077002 0.28505864 0.52014278 0.10402856
 2.54971953e-04 4.10249873e-01 7.49617542e-02 5.14533401e-01
 0.04869964 0.41942886 0.19505354 0.33681795
 0.13513514 0.18995411 0.08210097 0.59280979
 0.1126976  0.15425803 0.00866905 0.72437532
 6.75675676e-02 5.09943906e-04 2.24375319e-02 9.09484957e-01
 0.04079551 0.10938297 0.13488016 0.71494136

MOTIF human_l3_f_26
letter-probability matrix: alength= 4 w= 9 
 0.19212598 0.17112861 0.29448819 0.34225722
 0.27979003 0.19475066 0.07611549 0.44934383
 0.04041995 0.40997375 0.49396325 0.05564304
 0.02309711 0.95485564 0.01207349 0.00997375
 0.15275591 0.59737533 0.22204724 0.02782152
 0.00577428 0.23044619 0.33700787 0.42677165
 0.05984252 0.14120735 0.05669291 0.74225722
 0.04251969 0.06771654 0.57847769 0.31128609
 0.0855643  0.22152231 0.34593176 0.34698163

MOTIF human_l3_f_27
letter-probability matrix: alength= 4 w= 9 
 0.0887944  0.40145073 0.43296648 0.07678839
 0.15182591 0.23486743 0.4182091  0.19509755
 0.05302651 0.45272636 0.25962981 0.23461731
 0.25987994 0.07403702 0.5937969  0.07228614
 0.04277139 0.07328664 0.63681841 0.24712356
 0.01925963 0.55552776 0.19234617 0.23286643
 0.0010005  0.85042521 0.02726363 0.12131066
 0.07228614 0.74912456 0.07928964 0.09929965
 0.04002001 0.51125563 0.07678839 0.37193597

MOTIF human_l3_f_28
letter-probability matrix: alength= 4 w= 9 
 0.17315909 0.14651923 0.26539331 0.41492837
 0.10153305 0.04046243 0.6752953  0.18270922
 0.01005278 0.28750942 0.00276451 0.69967328
 0.22844936 0.10756471 0.4372958  0.22669012
 0.12565971 0.04800201 0.03518472 0.79115356
 0.15079166 0.71223926 0.06232722 0.07464187
 0.04548882 0.10429756 0.2083438  0.64186982
 0.03995979 0.23649158 0.50917316 0.21437547
 0.25961297 0.21814526 0.34832873 0.17391304

MOTIF human_l3_f_29
letter-probability matrix: alength= 4 w= 9 
 0.07202008 0.10941029 0.1846926  0.63387704
 0.05821832 0.37892095 0.04441656 0.51844417
 0.22057716 0.00627353 0.54730238 0.22584693
 5.01882058e-04 6.67503137e-02 1.45545797e-02 9.18193225e-01
 0.22484316 0.05119197 0.11543287 0.60853199
 0.09410289 0.06549561 0.04040151 0.8       
 0.42308657 0.19799247 0.0378921  0.34102886
 0.60451694 0.1412798  0.00250941 0.25169385
 0.01756587 0.35834379 0.19397742 0.43011292

MOTIF human_l3_f_30
letter-probability matrix: alength= 4 w= 9 
 0.34106412 0.39222374 0.06616644 0.2005457 
 0.60095498 0.07230559 0.15620737 0.17053206
 0.07435198 0.0675307  0.50886767 0.34924966
 0.00068213 0.31241473 0.02455662 0.66234652
 0.37653479 0.23601637 0.15620737 0.23124147
 0.11186903 0.33015007 0.12619372 0.43178718
 0.21759891 0.6957708  0.03342428 0.053206  
 0.08185539 0.0218281  0.01568895 0.88062756
 0.07298772 0.05866303 0.73942701 0.12892224

MOTIF human_l3_f_31
letter-probability matrix: alength= 4 w= 9 
 0.17689531 0.1013409  0.22408458 0.49767922
 0.02449716 0.1343476  0.19185147 0.64930376
 0.00154719 0.07581227 0.28442496 0.63821558
 0.0330067  0.02294997 0.43140794 0.51263538
 0.42831356 0.02191851 0.32955132 0.22021661
 0.34012378 0.22408458 0.06059825 0.3751934 
 0.05518308 0.01057246 0.07968025 0.85456421
 0.1160392  0.05750387 0.61113976 0.21531717
 0.38602372 0.13305828 0.05260444 0.42831356

MOTIF human_l3_f_32
letter-probability matrix: alength= 4 w= 9 
 0.05084746 0.07136485 0.10927743 0.76851026
 3.56824264e-03 3.84478145e-01 4.46030330e-04 6.11507583e-01
 0.3559322  0.19982159 0.25334523 0.19090098
 0.61998216 0.16190901 0.21632471 0.00178412
 0.24620874 0.42194469 0.21052632 0.12132025
 0.18777877 0.20071365 0.43264942 0.17885816
 0.03479037 0.1088314  0.31846566 0.53791258
 0.0249777  0.22658341 0.4603033  0.28813559
 0.04148082 0.41748439 0.20606601 0.33496878

MOTIF human_l3_f_33
letter-probability matrix: alength= 4 w= 9 
 0.15879828 0.19206009 0.38733906 0.26180258
 0.14699571 0.27360515 0.44742489 0.13197425
 0.28540773 0.13841202 0.53648069 0.03969957
 0.01502146 0.27145923 0.04506438 0.66845494
 0.33690987 0.36695279 0.23712446 0.05901288
 0.03862661 0.45493562 0.28648069 0.21995708
 0.32081545 0.01072961 0.64592275 0.02253219
 0.00321888 0.04828326 0.71137339 0.23712446
 0.05472103 0.05793991 0.75858369 0.12875536

MOTIF human_l3_f_34
letter-probability matrix: alength= 4 w= 9 
 0.13710692 0.59748428 0.05503145 0.21037736
 0.40943396 0.51132075 0.05660377 0.02264151
 0.13113208 0.54842767 0.21792453 0.10251572
 0.20628931 0.25566038 0.23333333 0.30471698
 0.23742138 0.20345912 0.23490566 0.32421384
 0.12735849 0.33490566 0.4081761  0.12955975
 0.1254717  0.3836478  0.14402516 0.34685535
 0.14591195 0.29465409 0.30566038 0.25377358
 0.08238994 0.3408805  0.33553459 0.24119497

MOTIF human_l3_f_35
letter-probability matrix: alength= 4 w= 9 
 0.20800219 0.06960811 0.03617429 0.6862154 
 0.0654974  0.06796383 0.08495478 0.781584  
 0.04494382 0.11482598 0.0298712  0.810359  
 0.46122225 0.38037819 0.06303097 0.09536859
 2.74047684e-04 2.68566731e-02 1.25787887e-01 8.47081392e-01
 0.03315977 0.0764593  0.02219786 0.86818306
 0.20197314 0.03617429 0.0413812  0.72047136
 0.16086599 0.15620718 0.01945739 0.66346944
 0.53987394 0.16333242 0.12058098 0.17621266

MOTIF human_l3_f_36
letter-probability matrix: alength= 4 w= 9 
 0.09236948 0.27710843 0.18714859 0.44337349
 0.02048193 0.16064257 0.00160643 0.81726908
 0.32570281 0.04497992 0.43253012 0.19678715
 0.02891566 0.71044177 0.00883534 0.25180723
 0.41004016 0.08915663 0.03855422 0.462249  
 1.73493976e-01 4.01606426e-04 6.99598394e-01 1.26506024e-01
 0.45341365 0.06506024 0.35301205 0.12851406
 0.08393574 0.40240964 0.34136546 0.17228916
 0.13212851 0.24337349 0.39518072 0.22931727

MOTIF human_l3_f_37
letter-probability matrix: alength= 4 w= 9 
 0.1456077  0.06979543 0.10619735 0.67839952
 0.04753309 0.12334537 0.02105897 0.80806258
 0.27376655 0.02797834 0.53790614 0.16034898
 0.03279182 0.16034898 0.00752106 0.79933815
 0.03880866 0.06077016 0.08483755 0.81558363
 0.00872443 0.00631769 0.1122142  0.87274368
 0.11492178 0.061071   0.21149218 0.61251504
 0.11853189 0.21329723 0.54813478 0.1200361 
 0.02466907 0.05174489 0.37906137 0.54452467

MOTIF human_l3_f_38
letter-probability matrix: alength= 4 w= 9 
 0.55244755 0.18981019 0.23151848 0.02622378
 0.59465534 0.12812188 0.2012987  0.07592408
 0.35539461 0.22027972 0.22202797 0.2022977 
 0.67982018 0.08416583 0.19055944 0.04545455
 0.35964036 0.00874126 0.04345654 0.58816184
 0.000999   0.04095904 0.58891109 0.36913087
 0.1491009  0.0492008  0.65509491 0.1466034 
 0.20154845 0.23576424 0.33941059 0.22327672
 0.252997   0.25899101 0.31393606 0.17407592

MOTIF human_l3_f_39
letter-probability matrix: alength= 4 w= 9 
 0.49561513 0.08669506 0.16562265 0.25206715
 0.35630168 0.13179654 0.23603107 0.27587071
 0.21122526 0.34978702 0.26158857 0.17739915
 0.15735405 0.00200451 0.67727387 0.16336758
 0.33324981 0.20170383 0.21423202 0.25081433
 0.23903784 0.43247306 0.15184164 0.17664746
 0.02255074 0.24054122 0.00075169 0.73615635
 0.08844901 0.17038336 0.17238787 0.56877975
 0.10573791 0.0491105  0.51140065 0.33375094

MOTIF human_l3_f_40
letter-probability matrix: alength= 4 w= 9 
 0.06359539 0.51527291 0.06710065 0.35403105
 0.21281923 0.67100651 0.05307962 0.06309464
 0.55132699 0.08662994 0.21632449 0.14571858
 0.18527792 0.04707061 0.60540811 0.16224337
 0.14722083 0.25838758 0.55983976 0.03455183
 0.29444166 0.09464196 0.55483225 0.05608413
 0.0871307  0.14621933 0.58788182 0.17876815
 0.03104657 0.33249875 0.54932399 0.0871307 
 0.07010516 0.17275914 0.60841262 0.14872308

MOTIF human_l3_f_41
letter-probability matrix: alength= 4 w= 9 
 0.04621622 0.10972973 0.61594595 0.22810811
 0.03216216 0.1672973  0.05945946 0.74108108
 0.10081081 0.00405405 0.66432432 0.23081081
 0.07432432 0.25594595 0.12351351 0.54621622
 1.11621622e-01 2.70270270e-04 4.66756757e-01 4.21351351e-01
 0.02621622 0.2272973  0.0872973  0.65918919
 0.51243243 0.00108108 0.34891892 0.13756757
 0.11648649 0.22702703 0.18054054 0.47594595
 0.27189189 0.17945946 0.24351351 0.30513514

MOTIF human_l3_f_42
letter-probability matrix: alength= 4 w= 9 
 0.20010518 0.25637654 0.31107021 0.23244807
 0.21404155 0.14488562 0.3444649  0.29660794
 0.36129372 0.22876676 0.15961083 0.25032869
 9.52931896e-01 2.62950302e-04 4.65422035e-02 2.62950302e-04
 0.06021562 0.02340258 0.04943466 0.86694715
 0.05180121 0.04733105 0.75230082 0.14856692
 0.45306337 0.17906916 0.18722062 0.18064686
 0.08177754 0.11674993 0.38522219 0.41625033
 0.14514857 0.15014462 0.51669734 0.18800947

MOTIF human_l3_f_43
letter-probability matrix: alength= 4 w= 9 
 0.0873888  0.02721088 0.03401361 0.85138671
 0.51805338 0.05442177 0.35845107 0.06907378
 0.70381999 0.03872318 0.24646782 0.01098901
 0.01098901 0.02511774 0.22867609 0.73521716
 0.73731031 0.0685505  0.18681319 0.00732601
 0.62899006 0.00941915 0.30559916 0.05599163
 0.42490842 0.06488749 0.09366824 0.41653585
 0.56776557 0.07169021 0.05599163 0.30455259
 0.27995814 0.05232862 0.27891156 0.38880167

MOTIF human_l3_f_44
letter-probability matrix: alength= 4 w= 9 
 0.31012333 0.12435766 0.30087359 0.26464543
 0.32939363 0.10637205 0.48047276 0.08376156
 0.02209661 0.59326824 0.02852004 0.35611511
 0.3553443  0.11485098 0.21120247 0.31860226
 0.0151593  0.16341213 0.75770812 0.06372045
 0.04445015 0.65750257 0.16341213 0.13463515
 0.46505653 0.15133607 0.14414183 0.23946557
 0.25539568 0.1012333  0.59172662 0.0516444 
 0.09275437 0.13669065 0.43216855 0.33838643

MOTIF human_l3_f_45
letter-probability matrix: alength= 4 w= 9 
 0.14460539 0.25674326 0.11788212 0.48076923
 0.58941059 0.08391608 0.14360639 0.18306693
 0.29245754 0.25174825 0.28046953 0.17532468
 2.49750250e-04 1.02397602e-02 7.24275724e-03 9.82267732e-01
 0.46953047 0.0044955  0.52497502 0.000999  
 7.81968032e-01 4.99500500e-04 2.11538462e-01 5.99400599e-03
 0.28746254 0.14160839 0.3016983  0.26923077
 0.27947053 0.16683317 0.31043956 0.24325674
 0.28096903 0.21078921 0.16933067 0.33891109

MOTIF human_l3_f_46
letter-probability matrix: alength= 4 w= 9 
 0.58084772 0.11512297 0.18838305 0.11564626
 0.41208791 0.1329147  0.19754055 0.25745683
 9.16535845e-01 4.26478284e-02 4.00313972e-02 7.84929356e-04
 0.28597593 0.00418629 0.59157509 0.11826269
 0.29042386 0.02956567 0.38199895 0.29801151
 0.31868132 0.02066981 0.58424908 0.07639979
 5.69858713e-01 6.80272109e-03 4.23076923e-01 2.61643119e-04
 0.14547357 0.04578755 0.5188383  0.28990058
 0.37859759 0.1596023  0.22867609 0.23312402

MOTIF human_l3_f_47
letter-probability matrix: alength= 4 w= 9 
 0.16037111 0.2899271  0.34758118 0.20212061
 0.19449967 0.26673294 0.00861498 0.53015242
 0.6010603  0.15275017 0.24320742 0.00298211
 0.13088138 0.0841617  0.73558648 0.04937044
 0.04075547 0.15275017 0.04274354 0.76375083
 0.17925779 0.39297548 0.20775348 0.22001325
 0.06891981 0.58548708 0.1888668  0.15672631
 0.1785951  0.76838966 0.02617628 0.02683897
 0.07819748 0.13684559 0.34791252 0.4370444 

MOTIF human_l3_f_48
letter-probability matrix: alength= 4 w= 9 
 0.11955206 0.07929782 0.20217918 0.59897094
 0.22790557 0.11955206 0.02542373 0.62711864
 1.42251816e-01 6.96125908e-03 3.02663438e-04 8.50484262e-01
 0.00696126 0.02754237 0.00514528 0.96035109
 3.02663438e-04 4.84261501e-02 3.02663438e-04 9.50968523e-01
 0.47972155 0.35986683 0.04479419 0.11561743
 3.87409201e-02 4.18280872e-01 3.02663438e-04 5.42675545e-01
 0.10169492 0.16253027 0.04872881 0.687046  
 0.10562954 0.2027845  0.1374092  0.55417676

MOTIF human_l3_f_49
letter-probability matrix: alength= 4 w= 9 
 0.1471029  0.31143856 0.43631369 0.10514486
 0.04195804 0.246004   0.62112887 0.09090909
 0.02322677 0.16783217 0.71553447 0.09340659
 0.02997003 0.58041958 0.30569431 0.08391608
 0.1023976  0.8459041  0.03896104 0.01273726
 0.0014985  0.73926074 0.10614386 0.1530969 
 0.02447552 0.76348651 0.09515485 0.11688312
 0.11038961 0.53596404 0.32517483 0.02847153
 0.24150849 0.29295704 0.27297702 0.19255744

MOTIF human_l3_f_50
letter-probability matrix: alength= 4 w= 9 
 0.37179865 0.0403297  0.54754195 0.0403297 
 0.48366205 0.08036503 0.41448337 0.02148955
 0.57226965 0.0220783  0.40182514 0.00382691
 0.68737121 0.0338534  0.26346777 0.01530762
 0.10980277 0.00971445 0.10185458 0.7786282 
 0.28790109 0.02973212 0.09949956 0.58286724
 0.22225493 0.13600236 0.00559317 0.63614954
 0.43420665 0.14601119 0.17515455 0.24462761
 0.41860465 0.23461878 0.14954372 0.19723285

MOTIF human_l3_f_51
letter-probability matrix: alength= 4 w= 9 
 0.39235764 0.10839161 0.26148851 0.23776224
 0.47002997 0.00899101 0.20929071 0.31168831
 0.07167832 0.31993007 0.27847153 0.32992008
 0.03371628 0.18756244 0.71753247 0.06118881
 0.09165834 0.18156843 0.11413586 0.61263736
 0.34365634 0.22852148 0.10589411 0.32192807
 0.41708292 0.01323676 0.07667333 0.49300699
 0.30819181 0.1456044  0.13461538 0.41158841
 0.15784216 0.23976024 0.1953047  0.40709291

MOTIF human_l3_f_52
letter-probability matrix: alength= 4 w= 9 
 0.09065934 0.02722278 0.09465534 0.78746254
 0.04695305 0.04320679 0.12337662 0.78646354
 3.74625375e-03 2.49750250e-04 9.56543457e-02 9.00349650e-01
 0.08291708 0.01973027 0.37737263 0.51998002
 8.99100899e-03 2.49750250e-04 2.74725275e-03 9.88011988e-01
 2.49750250e-03 1.84815185e-02 2.49750250e-04 9.78771229e-01
 2.49750250e-04 2.49750250e-04 3.20929071e-01 6.78571429e-01
 0.52172827 0.02147852 0.09390609 0.36288711
 0.11788212 0.00774226 0.1003996  0.77397602

MOTIF human_l3_f_53
letter-probability matrix: alength= 4 w= 9 
 0.498002   0.1978022  0.28121878 0.02297702
 0.62487512 0.0984016  0.19330669 0.08341658
 0.28871129 0.1983017  0.28246753 0.23051948
 0.62462537 0.11063936 0.16658342 0.09815185
 4.32567433e-01 2.49750250e-04 3.44655345e-02 5.32717283e-01
 2.49750250e-04 3.42157842e-02 5.27722278e-01 4.37812188e-01
 0.11413586 0.03571429 0.67982018 0.17032967
 0.251998   0.30769231 0.26723277 0.17307692
 0.20754246 0.14060939 0.38061938 0.27122877

MOTIF human_l3_f_54
letter-probability matrix: alength= 4 w= 9 
 0.1486014  0.07217782 0.14335664 0.63586414
 0.25       0.02772228 0.08066933 0.64160839
 2.49750250e-04 2.24775225e-03 2.92207792e-02 9.68281718e-01
 2.49750250e-04 2.19780220e-02 3.23926074e-01 6.53846154e-01
 0.00999001 0.01748252 0.250999   0.72152847
 0.08566434 0.16683317 0.06193806 0.68556444
 0.05344655 0.0974026  0.11338661 0.73576424
 0.22952048 0.18056943 0.57017982 0.01973027
 0.19305694 0.16833167 0.16758242 0.47102897

MOTIF human_l3_f_55
letter-probability matrix: alength= 4 w= 9 
 0.54925 0.12325 0.03775 0.28975
 0.59175 0.3715  0.009   0.02775
 0.296  0.1335 0.1825 0.388 
 0.35325 0.0895  0.105   0.45225
 0.28425 0.024   0.09375 0.598  
 0.495   0.1685  0.07025 0.26625
 0.701   0.0095  0.04475 0.24475
 0.29275 0.10675 0.0895  0.511  
 0.62175 0.134   0.01475 0.2295 

MOTIF human_l3_f_56
letter-probability matrix: alength= 4 w= 9 
 0.41691692 0.33233233 0.11061061 0.14014014
 0.71421421 0.01176176 0.27102102 0.003003  
 0.52852853 0.15590591 0.14814815 0.16741742
 0.12962963 0.1453954  0.20870871 0.51626627
 0.53703704 0.04454454 0.36511512 0.0533033 
 0.02977978 0.01651652 0.18918919 0.76451451
 0.04404404 0.18143143 0.62862863 0.1458959 
 0.18918919 0.09184184 0.37862863 0.34034034
 0.20295295 0.25600601 0.27977978 0.26126126

MOTIF human_l3_f_57
letter-probability matrix: alength= 4 w= 9 
 0.52586462 0.10227609 0.18681644 0.18504286
 0.3650606  0.22140112 0.29145729 0.12208099
 0.35648832 0.07123855 0.35382796 0.21844517
 2.95595625e-04 7.26574047e-01 3.84274313e-02 2.34702926e-01
 0.25509902 0.17351463 0.37067691 0.20070943
 0.1489802  0.58971327 0.01507538 0.24623116
 0.90452261 0.00591191 0.02512563 0.06443985
 0.01182383 0.04197458 0.44428022 0.50192137
 0.07833284 0.49246231 0.14986698 0.27933787

MOTIF human_l3_f_58
letter-probability matrix: alength= 4 w= 9 
 0.38426821 0.50870406 0.0554481  0.05157963
 0.92392005 0.01547389 0.00644745 0.05415861
 0.18568665 0.00193424 0.52546744 0.28691167
 0.05802708 0.41328175 0.03803997 0.49065119
 0.03481625 0.18697614 0.11154094 0.66666667
 0.41005803 0.36492585 0.22114765 0.00386847
 0.76595745 0.11283043 0.07994842 0.0412637 
 0.21147647 0.10444874 0.49065119 0.1934236 
 0.19471309 0.27659574 0.25209542 0.27659574

MOTIF human_l3_f_59
letter-probability matrix: alength= 4 w= 9 
 0.02702703 0.18867925 0.11932687 0.66496685
 0.00203978 0.59663437 0.11677715 0.2845487 
 0.07343192 0.21009689 0.42835288 0.28811831
 0.03773585 0.29882713 0.43855176 0.22488526
 7.44518103e-02 8.79143294e-01 5.09943906e-04 4.58949516e-02
 0.00101989 0.39112698 0.01223865 0.59561448
 0.37888832 0.29576747 0.06578276 0.25956145
 0.15859255 0.36206017 0.04079551 0.43855176
 0.16624171 0.22743498 0.42121367 0.18510964

MOTIF human_l3_f_60
letter-probability matrix: alength= 4 w= 9 
 0.01252041 0.64725095 0.33614589 0.00408274
 0.03266195 0.81464344 0.11567774 0.03701688
 0.01633097 0.85274905 0.00408274 0.12683723
 2.72182907e-04 7.68372346e-01 8.19270550e-02 1.49428416e-01
 0.00136091 0.40419162 0.38840501 0.20604246
 0.14289603 0.69678824 0.08192705 0.07838868
 0.02204682 0.60914535 0.24006532 0.12874251
 0.02667392 0.57267284 0.28551987 0.11513337
 0.11377246 0.44556342 0.36091453 0.07974959

MOTIF human_l3_f_61
letter-probability matrix: alength= 4 w= 9 
 0.15708312 0.36748562 0.36147412 0.11395714
 0.07370622 0.40564558 0.47569263 0.04495557
 0.03842133 0.44641924 0.46497648 0.05018296
 0.02509148 0.69968636 0.27025614 0.00496602
 0.048092   0.62441192 0.31024569 0.01725039
 1.38787245e-01 6.45321485e-01 2.15629901e-01 2.61369577e-04
 0.02090957 0.77992682 0.18975431 0.0094093 
 0.03972818 0.88499739 0.05331939 0.02195504
 0.12075274 0.54260324 0.08259279 0.25405123

MOTIF human_l3_f_62
letter-probability matrix: alength= 4 w= 9 
 0.09190809 0.56568432 0.32417582 0.01823177
 1.66083916e-01 5.29470529e-01 3.04195804e-01 2.49750250e-04
 0.0014985  0.70154845 0.28771229 0.00924076
 4.99500500e-04 9.89260739e-01 9.99000999e-03 2.49750250e-04
 0.01523477 0.93681319 0.0452048  0.00274725
 2.49750250e-04 9.07592408e-01 6.29370629e-02 2.92207792e-02
 0.16433566 0.49925075 0.25624376 0.08016983
 0.08266733 0.45154845 0.37262737 0.09315684
 0.10714286 0.51023976 0.25674326 0.12587413

MOTIF human_l3_f_63
letter-probability matrix: alength= 4 w= 9 
 0.42007992 0.22277722 0.21553447 0.14160839
 0.20729271 0.2455045  0.46853147 0.07867133
 0.13286713 0.1033966  0.63411588 0.12962038
 0.10564436 0.25524476 0.16383616 0.47527473
 0.32467532 0.22902098 0.2972028  0.1491009 
 0.35939061 0.27022977 0.06618382 0.3041958 
 0.31068931 0.06318681 0.12787213 0.49825175
 0.06893107 0.37137862 0.36013986 0.19955045
 0.15734266 0.28396603 0.29945055 0.25924076

MOTIF human_l3_f_64
letter-probability matrix: alength= 4 w= 9 
 0.31822249 0.17655831 0.19654041 0.3086788 
 9.12317328e-01 2.98240382e-04 8.67879511e-02 5.96480763e-04
 2.98240382e-04 2.98240382e-04 2.98240382e-04 9.99105279e-01
 1.49120191e-03 5.96480763e-04 9.16194453e-01 8.17178646e-02
 0.06949001 0.19504921 0.22218908 0.5132717 
 0.09484044 0.27527587 0.28034596 0.34953773
 0.2215926  0.28243364 0.13629585 0.3596779 
 0.32925738 0.1580674  0.2045929  0.30808231
 0.25410081 0.19355801 0.19176857 0.36057262

MOTIF human_l3_f_65
letter-probability matrix: alength= 4 w= 9 
 0.3935604  0.18972858 0.14422565 0.27248536
 0.25864822 0.17642363 0.29244279 0.27248536
 9.99201703e-01 2.66098989e-04 2.66098989e-04 2.66098989e-04
 2.66098989e-04 2.66098989e-04 2.66098989e-04 9.99201703e-01
 2.66098989e-04 2.66098989e-04 9.99201703e-01 2.66098989e-04
 0.33980841 0.10138371 0.2107504  0.34805748
 0.20117084 0.3935604  0.19238957 0.21287919
 0.22166046 0.26503459 0.15433741 0.35896754
 0.29962746 0.22591804 0.27142097 0.20303353

MOTIF human_l3_f_66
letter-probability matrix: alength= 4 w= 9 
 0.06193806 0.43056943 0.29795205 0.20954046
 0.16733267 0.46778222 0.25974026 0.10514486
 2.27272727e-01 2.49750250e-04 7.06793207e-01 6.56843157e-02
 0.0989011  0.17932068 0.49400599 0.22777223
 0.01348651 0.26123876 0.51598402 0.20929071
 0.00574426 0.39785215 0.25674326 0.33966034
 0.33891109 0.26473526 0.32142857 0.07492507
 0.12462537 0.36263736 0.37662338 0.13611389
 0.24400599 0.52697303 0.14260739 0.08641359

MOTIF human_l3_f_67
letter-probability matrix: alength= 4 w= 9 
 0.33215815 0.25484765 0.18358096 0.22941325
 0.23998993 0.28053387 0.37874591 0.10073029
 0.25938051 0.46512214 0.02165701 0.25384034
 0.59808612 0.15688743 0.07000755 0.17501889
 0.24930748 0.3434903  0.21908839 0.18811383
 2.51825737e-04 1.11558801e-01 6.31578947e-01 2.56610426e-01
 0.43339209 0.18081088 0.23319063 0.1526064 
 0.32686981 0.26643163 0.17451524 0.23218333
 0.18232183 0.33971292 0.0783178  0.39964744

MOTIF human_l3_f_68
letter-probability matrix: alength= 4 w= 9 
 0.04104359 0.13903913 0.04072542 0.77919185
 0.31498568 0.0916322  0.38275533 0.21062679
 0.16926503 0.07667833 0.07349666 0.68055997
 0.15017499 0.02386255 0.0292714  0.79669106
 0.36430162 0.01272669 0.02258988 0.6003818 
 0.01622654 0.02290805 0.24817054 0.71269488
 0.1530385  0.08240535 0.29780465 0.46675151
 0.08495068 0.14890232 0.00986319 0.75628381
 0.13363029 0.09958638 0.18294623 0.5838371 

MOTIF human_l3_f_69
letter-probability matrix: alength= 4 w= 9 
 0.37464644 0.2671638  0.20236565 0.15582412
 0.75752121 0.05476986 0.1303677  0.05734122
 0.35098997 0.01439959 0.01131396 0.62329648
 2.57135510e-04 1.64566727e-02 6.43610183e-01 3.39676009e-01
 0.32836205 0.08202623 0.50475701 0.08485472
 0.24710723 0.06814091 0.11931088 0.56544099
 0.26767807 0.09719722 0.31961944 0.31550527
 0.18282335 0.16713808 0.30959115 0.34044742
 0.27847776 0.32810491 0.17562355 0.21779378

MOTIF human_l3_f_70
letter-probability matrix: alength= 4 w= 9 
 0.42957043 0.12237762 0.10864136 0.33941059
 0.23401598 0.27097902 0.2012987  0.29370629
 2.57242757e-02 6.05144855e-01 2.49750250e-04 3.68881119e-01
 2.49750250e-04 1.57092907e-01 3.86113886e-01 4.56543457e-01
 0.11988012 0.11313686 0.17757243 0.58941059
 0.02122877 0.14885115 0.20979021 0.62012987
 0.15284715 0.31668332 0.07867133 0.4517982 
 0.19555445 0.06818182 0.12087912 0.61538462
 0.16208791 0.03896104 0.16608392 0.63286713

MOTIF human_l3_f_71
letter-probability matrix: alength= 4 w= 9 
 0.26348651 0.53221778 0.12687313 0.07742258
 0.23526474 0.2544955  0.40809191 0.10214785
 0.21728272 0.07017982 0.66883117 0.04370629
 0.13461538 0.03871129 0.71128871 0.11538462
 0.10314685 0.0034965  0.74325674 0.1500999 
 0.20579421 0.01423576 0.745005   0.03496503
 1.49600400e-01 2.49750250e-04 7.65234765e-01 8.49150849e-02
 0.18956044 0.06718282 0.71628372 0.02697303
 0.09215784 0.14210789 0.57392607 0.19180819

MOTIF human_l3_f_72
letter-probability matrix: alength= 4 w= 9 
 0.6339213  0.07896879 0.08548168 0.20162822
 0.25020353 0.04423338 0.62496608 0.08059701
 0.01628223 0.29606513 0.0312076  0.65644505
 0.05183175 0.24070556 0.18507463 0.52238806
 0.09823609 0.15522388 0.26757123 0.47896879
 0.25807327 0.13188602 0.50746269 0.10257802
 0.69145183 0.00244233 0.11289009 0.19321574
 0.25210312 0.11804613 0.36906377 0.26078697
 0.20515604 0.10746269 0.34029851 0.34708277

MOTIF human_l3_f_73
letter-probability matrix: alength= 4 w= 9 
 0.2229928  0.24006402 0.30168045 0.23526274
 0.13817018 0.43318218 0.147506   0.28114164
 0.1552414  0.48546279 0.28727661 0.07201921
 2.99013070e-01 8.21552414e-02 6.18564951e-01 2.66737797e-04
 0.21152307 0.4643905  0.18751667 0.13656975
 0.04881302 0.66577754 0.17978128 0.10562817
 0.37636703 0.50946919 0.0557482  0.05841558
 0.02507335 0.56815151 0.02347293 0.38330221
 0.03440918 0.44358496 0.48893038 0.03307549

MOTIF human_l3_f_74
letter-probability matrix: alength= 4 w= 9 
 0.53171953 0.35434057 0.04173623 0.07220367
 0.65066778 0.21160267 0.05759599 0.08013356
 0.64607679 0.01168614 0.09223706 0.25      
 0.10434057 0.04048414 0.09933222 0.75584307
 0.04340568 0.03297162 0.43113523 0.49248748
 0.12854758 0.0730384  0.34682805 0.45158598
 0.07679466 0.45951586 0.15609349 0.30759599
 0.32762938 0.12896494 0.18405676 0.35934891
 0.22203673 0.14732888 0.18322204 0.44741235

MOTIF human_l3_f_75
letter-probability matrix: alength= 4 w= 9 
 0.13811189 0.11038961 0.46028971 0.29120879
 0.5521978  0.21878122 0.13386613 0.09515485
 0.62037962 0.03196803 0.1530969  0.19455544
 0.498002   0.16733267 0.13636364 0.1983017 
 0.12837163 0.06843157 0.23876124 0.56443556
 0.27597403 0.12737263 0.37487512 0.22177822
 0.47127872 0.04120879 0.29170829 0.1958042 
 0.36363636 0.19905095 0.16458541 0.27272727
 0.22677323 0.40809191 0.12362637 0.24150849

MOTIF human_l3_f_76
letter-probability matrix: alength= 4 w= 9 
 0.08117048 0.32900763 0.3        0.28982188
 0.05725191 0.31628499 0.3129771  0.31348601
 2.54452926e-04 5.55725191e-01 2.08905852e-01 2.35114504e-01
 2.54452926e-04 7.50127226e-01 1.78117048e-03 2.47837150e-01
 0.00458015 0.7605598  0.00178117 0.23307888
 0.00585242 0.75979644 0.00101781 0.23333333
 3.68956743e-02 6.67684478e-01 2.54452926e-04 2.95165394e-01
 0.08651399 0.44936387 0.15292621 0.31119593
 0.10254453 0.31195929 0.26717557 0.31832061

MOTIF human_l3_f_77
letter-probability matrix: alength= 4 w= 9 
 0.21928551 0.05866976 0.18646529 0.53557944
 0.00377578 0.17310485 0.506535   0.31658437
 0.06157421 0.05837932 0.05837932 0.82166715
 0.15742085 0.0334011  0.34272437 0.46645367
 0.0955562  0.15887308 0.0824862  0.66308452
 0.3979088  0.06593087 0.007842   0.52831833
 0.07696776 0.020912   0.4417659  0.46035434
 0.00464711 0.04298577 0.11704909 0.83531804
 0.07958176 0.12924775 0.43276213 0.35840836

MOTIF human_l3_f_78
letter-probability matrix: alength= 4 w= 9 
 0.35464954 0.31527506 0.10527786 0.22479754
 0.20134041 0.1823513  0.24322815 0.37308015
 0.3647026  0.0259704  0.32867914 0.28064786
 2.79251606e-04 7.32476962e-01 2.79251606e-04 2.66964535e-01
 0.10164758 0.3571628  0.15610165 0.38508796
 0.03909522 0.2700363  0.46244066 0.22842781
 0.21083496 0.00837755 0.46523318 0.31555431
 0.00753979 0.21893326 0.60653449 0.16699246
 0.14437308 0.1996649  0.51549846 0.14046356

MOTIF human_l3_f_79
letter-probability matrix: alength= 4 w= 9 
 0.34495317 0.08454735 0.35483871 0.21566077
 0.11576483 0.2739334  0.22554631 0.38475546
 0.2864204  0.29734651 0.31633715 0.09989594
 8.36108221e-01 2.60145682e-04 1.63371488e-01 2.60145682e-04
 0.23361082 0.18990635 0.08376691 0.49271592
 0.12278876 0.12044745 0.53772112 0.21904266
 0.70083247 0.06087409 0.1719563  0.06633715
 0.02939646 0.13683663 0.08975026 0.74401665
 0.04760666 0.11472425 0.69120708 0.14646202

MOTIF human_l3_f_80
letter-probability matrix: alength= 4 w= 9 
 0.1348852  0.43973214 0.17410714 0.25127551
 0.12436224 0.40784439 0.08545918 0.38233418
 0.49266582 0.04815051 0.01211735 0.44706633
 3.18877551e-04 2.82206633e-01 5.10204082e-02 6.66454082e-01
 0.11670918 0.13520408 0.42697704 0.32110969
 1.24362245e-02 3.18877551e-04 7.92091837e-01 1.95153061e-01
 0.31090561 0.30452806 0.18494898 0.19961735
 0.07302296 0.00669643 0.56919643 0.35108418
 0.14572704 0.30516582 0.12181122 0.42729592

MOTIF human_l3_f_81
letter-probability matrix: alength= 4 w= 9 
 0.06079831 0.20724293 0.36452551 0.36743325
 0.01215966 0.88078245 0.04916733 0.05789056
 0.31773725 0.18133756 0.05577584 0.44514935
 2.88131113e-02 2.64340471e-04 8.64657679e-01 1.06264869e-01
 0.15913296 0.4023262  0.23922813 0.19931271
 0.05445414 0.05789056 0.2246894  0.6629659 
 0.35500925 0.29526831 0.13772139 0.21200106
 0.40047581 0.35659529 0.0568332  0.18609569
 0.31879461 0.11287338 0.12794079 0.44039122

MOTIF human_l3_f_82
letter-probability matrix: alength= 4 w= 9 
 0.43884485 0.09484711 0.17667044 0.2896376 
 0.14552661 0.29105323 0.00736127 0.55605889
 0.15713477 0.1619479  0.44082673 0.2400906 
 0.00396376 0.43856172 0.00141563 0.55605889
 0.22423556 0.15911665 0.48074745 0.13590034
 0.13023783 0.16761042 0.52916195 0.17298981
 0.73725934 0.13929785 0.11494904 0.00849377
 0.0682333  0.04048698 0.17525481 0.71602492
 0.16874292 0.18459796 0.3887316  0.25792752
