MEME version 5.3.0

ALPHABET= ACGT

strands: + -

Background letter frequencies
A 0.25 C 0.25 G 0.25 T 0.25

MOTIF human_l3_f_0
letter-probability matrix: alength= 4 w= 9 
 0.14500417 0.22710827 0.22432508 0.40356248
 0.29863624 0.14110771 0.28889507 0.27136098
 7.28917339e-01 2.78318954e-04 2.78318954e-04 2.70526023e-01
 2.78318954e-04 5.56637907e-04 2.38797662e-01 7.60367381e-01
 0.05566379 0.08099082 0.73142221 0.13192318
 0.17840245 0.2026162  0.33593098 0.28305038
 0.22376844 0.1658781  0.28806012 0.32229335
 0.38268856 0.18369051 0.12079043 0.3128305 
 0.41692179 0.11077094 0.11522405 0.35708322

MOTIF human_l3_f_1
letter-probability matrix: alength= 4 w= 9 
 8.43156843e-01 2.69730270e-02 1.29620380e-01 2.49750250e-04
 0.2534965  0.15334665 0.07117882 0.52197802
 0.19555445 0.13536464 0.28921079 0.37987013
 0.62912088 0.0034965  0.1028971  0.26448551
 6.14385614e-02 8.76623377e-02 4.99500500e-04 8.50399600e-01
 2.49750250e-04 2.49750250e-04 7.06793207e-01 2.92707293e-01
 0.25674326 0.19705295 0.20454545 0.34165834
 0.20504496 0.28821179 0.21728272 0.28946054
 0.28771229 0.23101898 0.21078921 0.27047952

MOTIF human_l3_f_2
letter-probability matrix: alength= 4 w= 9 
 0.12917351 0.40941434 0.31527094 0.14614122
 0.38697318 0.06978654 0.49890531 0.04433498
 0.02791461 0.08264915 0.84154351 0.04789272
 0.2835249  0.3166393  0.21428571 0.18555008
 0.09386973 0.00164204 0.68117132 0.22331691
 6.32731253e-01 2.73672687e-04 2.73672687e-04 3.66721401e-01
 0.28407225 0.136289   0.16447729 0.41516147
 0.28078818 0.24740011 0.03694581 0.4348659 
 0.26190476 0.41899288 0.12616311 0.19293924

MOTIF human_l3_f_3
letter-probability matrix: alength= 4 w= 9 
 0.20652174 0.22608696 0.0673913  0.5       
 0.46956522 0.27826087 0.25       0.00217391
 0.06956522 0.00217391 0.9173913  0.01086957
 0.00217391 0.06304348 0.00434783 0.93043478
 0.43043478 0.12826087 0.14347826 0.29782609
 0.04347826 0.0173913  0.00217391 0.93695652
 0.49782609 0.10652174 0.00217391 0.39347826
 0.11086957 0.56521739 0.02826087 0.29565217
 0.01304348 0.66521739 0.18043478 0.14130435

MOTIF human_l3_f_4
letter-probability matrix: alength= 4 w= 9 
 0.24450722 0.217828   0.1428123  0.39485248
 0.18801004 0.22190835 0.12335217 0.46672944
 0.20464532 0.21625863 0.12335217 0.45574388
 0.02134338 0.63559322 0.34055242 0.00251099
 0.18769617 0.33741368 0.08537351 0.38951664
 0.04959196 0.01600753 0.20464532 0.72975518
 0.03295669 0.43722536 0.00596359 0.52385436
 0.00659134 0.15913371 0.19617075 0.63810421
 0.14249843 0.06026365 0.11142498 0.68581293

MOTIF human_l3_f_5
letter-probability matrix: alength= 4 w= 9 
 0.25357412 0.47303737 0.18309506 0.09029345
 0.14145974 0.63205418 0.06596438 0.1605217 
 0.05668422 0.54276398 0.23977928 0.16077251
 2.50815149e-04 3.10258340e-01 5.26711813e-03 6.84223727e-01
 0.36844745 0.06822172 0.17582142 0.38750941
 0.2119388  0.35615751 0.36117381 0.07072987
 0.32029095 0.14722849 0.45221971 0.08026085
 0.13970404 0.09731628 0.58264359 0.18033609
 0.20165538 0.25934286 0.33684475 0.20215701

MOTIF human_l3_f_6
letter-probability matrix: alength= 4 w= 9 
 0.25078125 0.20520833 0.1484375  0.39557292
 0.20859375 0.14192708 0.1328125  0.51666667
 0.42630208 0.12552083 0.240625   0.20755208
 0.58697917 0.05833333 0.13541667 0.21927083
 0.165625   0.02916667 0.14921875 0.65598958
 0.00182292 0.1453125  0.48489583 0.36796875
 0.06822917 0.06145833 0.56927083 0.30104167
 0.2140625  0.36119792 0.21432292 0.21041667
 0.28932292 0.28671875 0.13932292 0.28463542

MOTIF human_l3_f_7
letter-probability matrix: alength= 4 w= 9 
 0.00097087 0.12621359 0.00873786 0.86407767
 0.07087379 0.04854369 0.8223301  0.05825243
 0.09223301 0.70485437 0.01456311 0.18834951
 0.34368932 0.00097087 0.64660194 0.00873786
 0.31650485 0.24466019 0.17281553 0.26601942
 0.30679612 0.00582524 0.64951456 0.03786408
 0.24563107 0.0223301  0.21165049 0.52038835
 0.06796117 0.24368932 0.25242718 0.43592233
 0.17184466 0.23300971 0.36019417 0.23495146

MOTIF human_l3_f_8
letter-probability matrix: alength= 4 w= 9 
 0.2454418  0.24824684 0.29546517 0.21084619
 4.67508181e-04 4.09069659e-01 2.10378682e-02 5.69424965e-01
 0.4343151  0.05937354 0.33333333 0.17297803
 0.20804114 0.66386162 0.04160823 0.08648901
 0.07199626 0.63908368 0.08274895 0.20617111
 0.11173446 0.85366994 0.00233754 0.03225806
 0.06030856 0.03132305 0.03272557 0.87564282
 0.22627396 0.38943432 0.2057036  0.17858813
 0.13557737 0.25385694 0.15053763 0.46002805

MOTIF human_l3_f_9
letter-probability matrix: alength= 4 w= 9 
 0.0973545  0.40634921 0.33492063 0.16137566
 0.01719577 0.09550265 0.70026455 0.18703704
 0.18597884 0.12248677 0.68835979 0.0031746 
 0.01058201 0.14391534 0.69497354 0.1505291 
 0.01957672 0.11058201 0.59814815 0.27169312
 0.10661376 0.13280423 0.67433862 0.08624339
 0.08835979 0.00820106 0.80079365 0.1026455 
 0.24047619 0.13835979 0.50185185 0.11931217
 0.25529101 0.14074074 0.40449735 0.1994709 

MOTIF human_l3_f_10
letter-probability matrix: alength= 4 w= 9 
 0.0999006  0.5333002  0.25298211 0.1138171 
 0.22763419 0.44632207 0.20377734 0.1222664 
 0.72763419 0.0417495  0.1804175  0.05019881
 0.27982107 0.07902584 0.19831014 0.44284294
 0.38717694 0.22763419 0.08399602 0.30119284
 0.12624254 0.31163022 0.0193837  0.54274354
 0.38170974 0.36232604 0.04125249 0.21471173
 0.66302187 0.05019881 0.22813121 0.05864811
 0.58200795 0.19483101 0.11630219 0.10685885

MOTIF human_l3_f_11
letter-probability matrix: alength= 4 w= 9 
 0.15909091 0.37437562 0.41583417 0.0506993 
 0.04220779 0.48026973 0.37337662 0.10414585
 0.07492507 0.51748252 0.38386613 0.02372627
 0.00124875 0.8981019  0.08516484 0.01548452
 0.00824176 0.94455544 0.04545455 0.00174825
 6.99300699e-03 9.71778222e-01 4.99500500e-04 2.07292707e-02
 0.04370629 0.82992008 0.06618382 0.06018981
 0.13961039 0.52147852 0.30844156 0.03046953
 0.18106893 0.28721279 0.43906094 0.09265734

MOTIF human_l3_f_12
letter-probability matrix: alength= 4 w= 9 
 0.62712288 0.09040959 0.24125874 0.04120879
 0.63111888 0.09315684 0.13886114 0.13686314
 0.36838162 0.20829171 0.17607393 0.24725275
 0.66208791 0.11288711 0.13211788 0.09290709
 3.97852148e-01 2.49750250e-04 1.07392607e-02 5.91158841e-01
 0.002997   0.00524476 0.59390609 0.39785215
 0.1466034  0.12187812 0.57692308 0.1545954 
 0.24575425 0.20854146 0.20504496 0.34065934
 0.23951049 0.14235764 0.28021978 0.33791209

MOTIF human_l3_f_13
letter-probability matrix: alength= 4 w= 9 
 0.25873494 0.21024096 0.25361446 0.27740964
 0.43524096 0.19156627 0.11144578 0.26174699
 0.17861446 0.28283133 0.10481928 0.43373494
 0.39759036 0.04186747 0.38915663 0.17138554
 3.01204819e-04 3.01204819e-04 3.01204819e-04 9.99096386e-01
 8.00602410e-01 3.01204819e-04 1.98795181e-01 3.01204819e-04
 5.37650602e-01 3.01204819e-04 4.61746988e-01 3.01204819e-04
 0.49216867 0.11746988 0.15090361 0.23945783
 0.14277108 0.06536145 0.34277108 0.44909639

MOTIF human_l3_f_14
letter-probability matrix: alength= 4 w= 9 
 0.35165522 0.25046846 0.19300437 0.20487196
 0.44347283 0.10680824 0.24797002 0.20174891
 0.30074953 0.29013117 0.1558401  0.2532792 
 0.37757651 0.17020612 0.26951905 0.18269831
 0.49000625 0.13585259 0.30262336 0.0715178 
 7.44846971e-01 3.12304809e-04 8.43222986e-03 2.46408495e-01
 3.12304809e-04 3.12304809e-04 2.54528420e-01 7.44846971e-01
 1.56152405e-02 3.12304809e-04 9.27545284e-01 5.65271705e-02
 0.22767021 0.2339163  0.23703935 0.30137414

MOTIF human_l3_f_15
letter-probability matrix: alength= 4 w= 9 
 0.29964806 0.05681247 0.14982403 0.49371543
 0.37933635 0.05279035 0.2860734  0.2817999 
 0.29537456 0.06058321 0.33006536 0.31397687
 2.51382604e-04 1.98592257e-02 7.03871292e-03 9.72850679e-01
 0.3323278  0.01080945 0.62267471 0.03418803
 0.8496732  0.00854701 0.12016088 0.0216189 
 0.19708396 0.05806938 0.25238813 0.49245852
 0.40447461 0.09276018 0.24786325 0.25490196
 0.3785822  0.07968829 0.26696833 0.27476119

MOTIF human_l3_f_16
letter-probability matrix: alength= 4 w= 9 
 0.32799739 0.3936622  0.13917021 0.13917021
 0.62463247 0.07056517 0.25155178 0.05325057
 0.73766743 0.12806272 0.07285201 0.06141784
 0.1254492  0.11760862 0.12708265 0.62985952
 0.33910487 0.04541    0.5155178  0.09996733
 0.52237831 0.09474028 0.02678863 0.35609278
 0.19601437 0.13263639 0.39627573 0.27507351
 0.17706632 0.06664489 0.55929435 0.19699445
 0.34073832 0.25057171 0.16824567 0.2404443 

MOTIF human_l3_f_17
letter-probability matrix: alength= 4 w= 9 
 0.05836478 0.72578616 0.05207547 0.16377358
 0.4354717  0.46918239 0.08981132 0.00553459
 0.54138365 0.23220126 0.19874214 0.02767296
 0.16704403 0.59522013 0.08150943 0.15622642
 0.2191195  0.23295597 0.36930818 0.17861635
 0.37861635 0.11597484 0.43522013 0.07018868
 0.00679245 0.27698113 0.42440252 0.2918239 
 0.01459119 0.09157233 0.75320755 0.14062893
 0.13886792 0.16327044 0.50289308 0.19496855

MOTIF human_l3_f_18
letter-probability matrix: alength= 4 w= 9 
 2.67022697e-04 5.32176235e-01 2.26969292e-02 4.44859813e-01
 2.67022697e-04 6.02670227e-01 3.84245661e-01 1.28170895e-02
 0.00186916 0.68865154 0.17516689 0.13431242
 0.05687583 0.7599466  0.09906542 0.08411215
 0.01628838 0.44672897 0.2576769  0.27930574
 0.21842457 0.30600801 0.08891856 0.38664887
 0.27743658 0.30173565 0.25954606 0.16128171
 0.03578104 0.54419226 0.25233645 0.16769025
 0.14205607 0.56582109 0.20160214 0.09052069

MOTIF human_l3_f_19
letter-probability matrix: alength= 4 w= 9 
 0.30368838 0.15339538 0.24750086 0.29541537
 0.35332644 0.29576008 0.02792141 0.32299207
 0.79662185 0.07135471 0.0630817  0.06894174
 0.40261979 0.1620131  0.05308514 0.38228197
 0.21096174 0.12375043 0.15167184 0.51361599
 0.31713202 0.00654947 0.26783868 0.40847983
 0.01792485 0.03791796 0.21716649 0.72699069
 0.15132713 0.06101344 0.34160634 0.44605309
 0.08376422 0.09272665 0.27817994 0.5453292 

MOTIF human_l3_f_20
letter-probability matrix: alength= 4 w= 9 
 0.29219409 0.22995781 0.01441632 0.46343179
 0.56153305 0.0161744  0.34388186 0.07841069
 0.36040788 0.16244726 0.40752461 0.06962025
 0.0021097  0.20991561 0.02250352 0.76547117
 0.11005626 0.36181435 0.16315049 0.3649789 
 0.3245429  0.13642757 0.21694796 0.32208158
 0.06223629 0.00949367 0.1673699  0.76090014
 0.36181435 0.35232068 0.1916315  0.09423347
 0.34247539 0.08052039 0.34036568 0.23663854

MOTIF human_l3_f_21
letter-probability matrix: alength= 4 w= 9 
 0.33888131 0.16971351 0.06684857 0.42455662
 0.45047749 0.04884038 0.29549795 0.20518417
 0.32141883 0.11077763 0.28240109 0.28540246
 0.10395634 0.08485675 0.15989086 0.65129604
 0.61582538 0.05156889 0.11323329 0.21937244
 0.23929059 0.04556617 0.39754434 0.31759891
 0.30504775 0.00354707 0.02946794 0.66193724
 0.21473397 0.1148704  0.51405184 0.15634379
 0.73042292 0.04583902 0.05566166 0.1680764 

MOTIF human_l3_f_22
letter-probability matrix: alength= 4 w= 9 
 0.08977325 0.48125868 0.05969459 0.36927348
 0.2716335  0.11476168 0.47709394 0.13651087
 0.4169366  0.11244794 0.31837112 0.15224433
 0.1073577  0.21378991 0.31559463 0.36325775
 0.08514577 0.2364646  0.46321148 0.21517816
 0.11568718 0.13188339 0.50023137 0.25219806
 0.03100416 0.75011569 0.17121703 0.04766312
 0.17769551 0.24386858 0.12956964 0.44886627
 0.16011106 0.61175382 0.16149931 0.06663582

MOTIF human_l3_f_23
letter-probability matrix: alength= 4 w= 9 
 0.10769231 0.35811966 0.06923077 0.46495726
 0.25726496 0.17008547 0.06837607 0.5042735 
 0.01880342 0.65641026 0.0008547  0.32393162
 0.02905983 0.77777778 0.01538462 0.17777778
 0.17179487 0.43247863 0.00598291 0.38974359
 8.54700855e-04 8.79487179e-01 1.45299145e-02 1.05128205e-01
 0.00769231 0.28632479 0.06837607 0.63760684
 0.0008547  0.19145299 0.04188034 0.76581197
 0.07606838 0.21965812 0.22051282 0.48376068

MOTIF human_l3_f_24
letter-probability matrix: alength= 4 w= 9 
 0.29595405 0.12262737 0.37487512 0.20654346
 0.38461538 0.35739261 0.16708292 0.09090909
 0.41958042 0.4473027  0.10964036 0.02347652
 0.3538961  0.31118881 0.03821179 0.2967033 
 0.05144855 0.0964036  0.41258741 0.43956044
 0.20504496 0.06293706 0.04270729 0.68931069
 0.25724276 0.27422577 0.34815185 0.12037962
 0.07042957 0.40284715 0.13286713 0.39385614
 0.24400599 0.33916084 0.15334665 0.26348651

MOTIF human_l3_f_25
letter-probability matrix: alength= 4 w= 9 
 0.15466321 0.10906736 0.18031088 0.55595855
 0.32849741 0.10310881 0.15984456 0.40854922
 0.3380829  0.00103627 0.38393782 0.27694301
 2.59067358e-04 7.77202073e-04 1.55440415e-03 9.97409326e-01
 5.88601036e-01 7.77202073e-04 4.10362694e-01 2.59067358e-04
 8.13989637e-01 2.59067358e-04 1.85492228e-01 2.59067358e-04
 0.57305699 0.07668394 0.15051813 0.19974093
 0.22668394 0.19740933 0.25854922 0.31735751
 0.29663212 0.16243523 0.19481865 0.34611399

MOTIF human_l3_f_26
letter-probability matrix: alength= 4 w= 9 
 0.19482809 0.15897737 0.49309433 0.15310021
 0.0543638  0.1616221  0.55568616 0.22832795
 0.10402586 0.26946812 0.11636791 0.51013811
 0.00176315 0.01116662 0.28680576 0.70026447
 0.28239788 0.34352042 0.02086394 0.35321775
 0.11813106 0.14516603 0.03702615 0.69967676
 0.4692918  0.03790773 0.18542463 0.30737584
 0.29297679 0.43373494 0.0437849  0.22950338
 0.1284161  0.0282104  0.28945048 0.55392301

MOTIF human_l3_f_27
letter-probability matrix: alength= 4 w= 9 
 0.22933682 0.26984646 0.40378961 0.09702712
 0.14374387 0.07905913 0.66318197 0.11401503
 5.61907873e-02 3.26690624e-04 6.57954917e-01 2.85527605e-01
 0.01829467 0.0313623  0.87683763 0.07350539
 0.02188827 0.11695524 0.80757922 0.05357726
 0.04018295 0.1149951  0.68147664 0.16334531
 0.19895459 0.27736034 0.46912774 0.05455733
 0.07546553 0.24501797 0.52433845 0.15517805
 0.15452467 0.16661222 0.44462594 0.23423718

MOTIF human_l3_f_28
letter-probability matrix: alength= 4 w= 9 
 0.43881119 0.1978022  0.2032967  0.16008991
 0.13661339 0.20629371 0.38486513 0.27222777
 0.06468531 0.34515485 0.10314685 0.48701299
 0.01623377 0.10014985 0.17457542 0.70904096
 0.09290709 0.11388611 0.25074925 0.54245754
 0.31693307 0.56243756 0.03346653 0.08716284
 0.44230769 0.06268731 0.01473526 0.48026973
 0.26123876 0.07017982 0.6023976  0.06618382
 0.12912088 0.14735265 0.23226773 0.49125874

MOTIF human_l3_f_29
letter-probability matrix: alength= 4 w= 9 
 0.36662715 0.39952579 0.09010077 0.1437463 
 0.53615886 0.2780083  0.16775341 0.01807943
 0.78778897 0.04179016 0.12833432 0.04208654
 0.1846473  0.18553646 0.16627149 0.46354475
 0.25607587 0.11707172 0.45257854 0.17427386
 0.55660937 0.00414938 0.30675756 0.1324837 
 0.09869591 0.13218731 0.22614108 0.5429757 
 0.04505039 0.03615886 0.77296977 0.14582098
 0.19146414 0.25429757 0.27030231 0.28393598

MOTIF human_l3_f_30
letter-probability matrix: alength= 4 w= 9 
 0.28821179 0.2524975  0.21378621 0.2455045 
 0.06443556 0.1968032  0.46178821 0.27697303
 0.03171828 0.38736264 0.32167832 0.25924076
 0.34440559 0.54170829 0.00649351 0.10739261
 0.13861139 0.42207792 0.04795205 0.39135864
 0.0984016  0.18406593 0.01648352 0.70104895
 0.15934066 0.18156843 0.50124875 0.15784216
 0.08441558 0.12837163 0.38586414 0.40134865
 0.18431568 0.10939061 0.46703297 0.23926074

MOTIF human_l3_f_31
letter-probability matrix: alength= 4 w= 9 
 0.32262211 0.31233933 0.1748072  0.19023136
 0.89948586 0.0059126  0.09048843 0.00411311
 0.19023136 0.06580977 0.09897172 0.64498715
 0.04498715 0.12802057 0.67634961 0.15064267
 0.46580977 0.11131105 0.30154242 0.12133676
 0.10257069 0.09922879 0.10051414 0.69768638
 0.11131105 0.08611825 0.7092545  0.0933162 
 0.19742931 0.17866324 0.34164524 0.28226221
 0.24164524 0.29742931 0.26015424 0.20077121

MOTIF human_l3_f_32
letter-probability matrix: alength= 4 w= 9 
 0.12950638 0.10232945 0.32750971 0.44065446
 2.77315585e-04 4.15141431e-01 8.67997781e-02 4.97781475e-01
 0.52163062 0.00665557 0.12007765 0.35163616
 2.77315585e-04 1.38657793e-03 3.44425957e-01 6.53910150e-01
 0.06600111 0.10232945 0.05352191 0.77814753
 0.00332779 0.37160288 0.07515252 0.54991681
 0.07237937 0.04991681 0.11286744 0.76483638
 0.68801997 0.13865779 0.07071547 0.10260677
 0.36466999 0.11342207 0.1103716  0.41153633

MOTIF human_l3_f_33
letter-probability matrix: alength= 4 w= 9 
 0.02766667 0.30133333 0.11266667 0.55833333
 0.00066667 0.53566667 0.00166667 0.462     
 0.47       0.12366667 0.07666667 0.32966667
 0.158      0.55466667 0.17966667 0.10766667
 0.61433333 0.06866667 0.06033333 0.25666667
 0.07433333 0.16633333 0.15366667 0.60566667
 0.18033333 0.32933333 0.18466667 0.30566667
 0.27533333 0.157      0.28466667 0.283     
 0.071 0.549 0.125 0.255

MOTIF human_l3_f_34
letter-probability matrix: alength= 4 w= 9 
 0.27772047 0.14646725 0.18772563 0.38808664
 0.02965446 0.05544095 0.1534296  0.76147499
 0.4089737  0.00464157 0.22331099 0.36307375
 0.42960289 0.0146983  0.3414131  0.21428571
 0.09308922 0.07039711 0.03017019 0.80634348
 0.48349665 0.14027849 0.32697267 0.04925219
 0.58741619 0.02449716 0.3024755  0.08561114
 0.38808664 0.1196493  0.08329036 0.4089737 
 0.47859722 0.07839092 0.08174317 0.3612687 

MOTIF human_l3_f_35
letter-probability matrix: alength= 4 w= 9 
 0.29238329 0.21048321 0.3993994  0.0977341 
 0.22058422 0.52334152 0.03467103 0.22140322
 0.10728911 0.35490035 0.16680317 0.37100737
 0.05842206 0.00682501 0.57848758 0.35626536
 0.4952225  0.03876604 0.3963964  0.06961507
 0.26726727 0.34070434 0.15752116 0.23450723
 0.15861316 0.62817363 0.05350805 0.15970516
 0.32323232 0.47884248 0.07480207 0.12312312
 0.17062517 0.57193557 0.03903904 0.21840022

MOTIF human_l3_f_36
letter-probability matrix: alength= 4 w= 9 
 0.02147852 0.12812188 0.23451548 0.61588412
 0.15734266 0.04045954 0.46403596 0.33816184
 2.49750250e-04 4.99500500e-04 2.36513487e-01 7.62737263e-01
 0.0516983  0.0457043  0.16083916 0.74175824
 0.00599401 0.13786214 0.14035964 0.71578422
 0.01498501 0.26373626 0.03796204 0.68331668
 0.02997003 0.1018981  0.18806194 0.68006993
 0.01573427 0.10314685 0.2485015  0.63261738
 0.02547453 0.13761239 0.09665335 0.74025974

MOTIF human_l3_f_37
letter-probability matrix: alength= 4 w= 9 
 0.01602312 0.11163646 0.1142632  0.75807723
 0.17809299 0.08221697 0.15786709 0.58182296
 0.19359075 0.02836879 0.2821119  0.49592855
 0.50433412 0.00577883 0.12582086 0.36406619
 0.37562385 0.14709745 0.04728132 0.42999737
 0.06540583 0.64775414 0.07249803 0.214342  
 0.02521671 0.50170738 0.24717625 0.22589966
 0.03835041 0.24980299 0.16469661 0.54714999
 0.23719464 0.12818492 0.44260573 0.19201471

MOTIF human_l3_f_38
letter-probability matrix: alength= 4 w= 9 
 0.25852357 0.21345983 0.15209013 0.37592647
 0.44559739 0.15653721 0.2306552  0.1672102 
 0.2825378 0.3142603 0.0539579 0.349244 
 0.35754521 0.22265046 0.29647198 0.12333235
 0.8158909  0.02875778 0.10880522 0.0465461 
 0.08627335 0.06967092 0.02193893 0.82211681
 0.0053365  0.05336496 0.87874296 0.06255559
 0.24399644 0.24310703 0.23539875 0.27749778
 0.14645716 0.2042692  0.2359917  0.41328194

MOTIF human_l3_f_39
letter-probability matrix: alength= 4 w= 9 
 0.32083333 0.17541667 0.3425     0.16125   
 0.08666667 0.10458333 0.52125    0.2875    
 0.0075     0.115      0.04291667 0.83458333
 0.2025     0.03375    0.53958333 0.22416667
 0.01708333 0.36833333 0.36125    0.25333333
 0.06833333 0.08       0.01791667 0.83375   
 0.40125    0.17666667 0.31833333 0.10375   
 0.57791667 0.17291667 0.14083333 0.10833333
 0.6325  0.115   0.11375 0.13875

MOTIF human_l3_f_40
letter-probability matrix: alength= 4 w= 9 
 0.17175573 0.30328831 0.1259542  0.39900176
 0.3740458  0.17116853 0.10217264 0.35261304
 0.60099824 0.10217264 0.16793893 0.12889019
 0.01556078 0.34409865 0.00998238 0.63035819
 0.16470934 0.32560188 0.23840282 0.27128597
 6.26247798e-01 3.02113917e-01 2.93599530e-04 7.13446858e-02
 0.26981797 0.02055197 0.01702877 0.69260129
 4.40986494e-01 3.30886671e-01 2.93599530e-04 2.27833235e-01
 0.44950088 0.01145038 0.32442748 0.21462126

MOTIF human_l3_f_41
letter-probability matrix: alength= 4 w= 9 
 0.14725941 0.16266734 0.59156353 0.09850972
 0.18944178 0.16190957 0.54508714 0.10356151
 0.04192978 0.16721394 0.72164688 0.0692094 
 0.00429401 0.11644355 0.87774691 0.00151553
 0.05203334 0.00631473 0.73983329 0.20181864
 0.01540793 0.17251831 0.53978277 0.27229098
 0.12831523 0.24854761 0.51679717 0.10633998
 0.07906037 0.42283405 0.40692094 0.09118464
 0.05582218 0.42308664 0.38519828 0.1358929 

MOTIF human_l3_f_42
letter-probability matrix: alength= 4 w= 9 
 0.1960632  0.20849521 0.25045325 0.34498834
 0.11188811 0.20745921 0.26366226 0.41699042
 0.29318829 0.07847708 0.26495726 0.36337736
 0.09220409 0.03159803 0.2975913  0.57860658
 0.52033152 0.000777   0.16317016 0.31572132
 0.36285936 0.24501425 0.31157731 0.08054908
 0.14711215 0.26469826 0.06345506 0.52473452
 0.47008547 0.2038332  0.11655012 0.20953121
 0.4027454  0.1960632  0.18104118 0.22015022

MOTIF human_l3_f_43
letter-probability matrix: alength= 4 w= 9 
 3.47152847e-02 2.49750250e-04 2.49750250e-02 9.40059940e-01
 6.96803197e-02 2.49750250e-04 2.49750250e-04 9.29820180e-01
 1.33866134e-01 1.12387612e-02 2.49750250e-04 8.54645355e-01
 2.49750250e-04 2.49750250e-04 2.49750250e-04 9.99250749e-01
 2.49750250e-04 2.49750250e-04 2.49750250e-04 9.99250749e-01
 1.43356643e-01 2.49750250e-04 2.49750250e-04 8.56143856e-01
 2.49750250e-04 2.49750250e-04 2.49750250e-04 9.99250749e-01
 0.17857143 0.02697303 0.2534965  0.54095904
 2.49750250e-04 5.66933067e-02 1.94805195e-02 9.23576424e-01

MOTIF human_l3_f_44
letter-probability matrix: alength= 4 w= 9 
 0.16608392 0.29845155 0.40134865 0.13411588
 0.28521479 0.38836164 0.09265734 0.23376623
 0.18831169 0.1993007  0.248002   0.36438561
 0.04320679 0.01098901 0.64260739 0.3031968 
 0.2012987  0.17607393 0.52672328 0.0959041 
 2.49750250e-04 4.39310689e-01 4.58041958e-01 1.02397602e-01
 0.07192807 0.37237762 0.15484515 0.40084915
 0.0999001  0.47727273 0.21103896 0.21178821
 0.01748252 0.39885115 0.1983017  0.38536464

MOTIF human_l3_f_45
letter-probability matrix: alength= 4 w= 9 
 0.13571429 0.22539683 0.17380952 0.46507937
 0.00793651 0.31904762 0.30793651 0.36507937
 0.65277778 0.03809524 0.30753968 0.0015873 
 0.23492063 0.00793651 0.71587302 0.04126984
 0.76587302 0.02063492 0.20833333 0.00515873
 0.72738095 0.05277778 0.03611111 0.18373016
 0.60357143 0.05833333 0.08531746 0.25277778
 0.28373016 0.05119048 0.20357143 0.46150794
 0.80119048 0.01309524 0.02380952 0.16190476

MOTIF human_l3_f_46
letter-probability matrix: alength= 4 w= 9 
 0.13836478 0.36201258 0.23295597 0.26666667
 0.16150943 0.38515723 0.12377358 0.32955975
 0.03672956 0.43446541 0.36528302 0.16352201
 0.31647799 0.49509434 0.10415094 0.08427673
 0.36855346 0.39899371 0.21610063 0.0163522 
 0.16251572 0.60528302 0.06641509 0.16578616
 2.51572327e-04 7.38364780e-01 8.83018868e-02 1.73081761e-01
 0.0490566  0.85761006 0.05610063 0.0372327 
 0.29031447 0.10339623 0.25459119 0.35169811

MOTIF human_l3_f_47
letter-probability matrix: alength= 4 w= 9 
 0.16321839 0.29885057 0.06896552 0.46896552
 0.13333333 0.16781609 0.00229885 0.69655172
 0.14022989 0.67126437 0.15862069 0.02988506
 0.17701149 0.69655172 0.12413793 0.00229885
 0.13563218 0.8        0.06206897 0.00229885
 0.17701149 0.22528736 0.04827586 0.54942529
 0.54252874 0.18850575 0.17471264 0.09425287
 0.28275862 0.49885057 0.19770115 0.02068966
 0.50804598 0.22758621 0.18850575 0.07586207

MOTIF human_l3_f_48
letter-probability matrix: alength= 4 w= 9 
 0.04735647 0.14044762 0.77392151 0.03827441
 0.020759   0.16834252 0.48199805 0.32890042
 0.04119364 0.38760947 0.56406098 0.00713591
 0.07849497 0.06097957 0.84495621 0.01556925
 0.01686669 0.55400584 0.37074278 0.05838469
 0.00454103 0.69283166 0.29159909 0.01102822
 0.12293221 0.55141096 0.10930911 0.21634771
 0.00421667 0.80765488 0.0726565  0.11547194
 0.07622446 0.65877392 0.15990918 0.10509244

MOTIF human_l3_f_49
letter-probability matrix: alength= 4 w= 9 
 0.47318296 0.07418546 0.20025063 0.25238095
 0.3406015  0.06867168 0.40325815 0.18746867
 0.33508772 0.15413534 0.11027569 0.40050125
 0.39448622 0.03358396 0.20626566 0.36566416
 0.7726817  0.05438596 0.07969925 0.09323308
 0.27944862 0.00350877 0.10626566 0.61077694
 0.18446115 0.04135338 0.71052632 0.06365915
 0.40300752 0.02706767 0.1273183  0.44260652
 0.24912281 0.1245614  0.14235589 0.4839599 

MOTIF human_l3_f_50
letter-probability matrix: alength= 4 w= 9 
 0.00158604 0.06899286 0.07295797 0.85646312
 0.0097806  0.08220989 0.22839017 0.67961935
 0.08511763 0.03304256 0.50039651 0.3814433 
 0.29341792 0.48295004 0.2024848  0.02114724
 0.13375628 0.02061856 0.33201163 0.51361353
 0.61353423 0.02854877 0.25244515 0.10547185
 0.23420566 0.1665345  0.29421094 0.3050489 
 0.24900872 0.22521808 0.05736188 0.46841131
 0.48902987 0.25614592 0.06423473 0.19058948

MOTIF human_l3_f_51
letter-probability matrix: alength= 4 w= 9 
 0.23697414 0.30104207 0.31686607 0.14511772
 0.1563103  0.35044384 0.37784639 0.11539946
 0.17908144 0.1262061  0.24314936 0.4515631 
 0.00424547 0.10189116 0.66345041 0.23041297
 0.04940178 0.03396372 0.68313393 0.23350058
 0.05866461 0.16750289 0.76534157 0.00849093
 0.0833655  0.45542262 0.41528367 0.04592821
 0.10652258 0.17329217 0.56580471 0.15438055
 0.05866461 0.74372829 0.11308375 0.08452335

MOTIF human_l3_f_52
letter-probability matrix: alength= 4 w= 9 
 0.33452048 0.04884253 0.07962351 0.53701348
 0.04248283 0.06385144 0.25108115 0.64258458
 0.03790384 0.06207072 0.09615874 0.8038667 
 2.54388196e-04 2.22080895e-01 3.18239634e-01 4.59425083e-01
 0.36046807 0.12058001 0.45026711 0.06868481
 0.21266853 0.20529127 0.27855508 0.30348512
 0.4612058  0.11294836 0.1465276  0.27931824
 0.09666751 0.21572119 0.32587128 0.36174002
 0.22869499 0.29000254 0.15797507 0.3233274 

MOTIF human_l3_f_53
letter-probability matrix: alength= 4 w= 9 
 0.27731726 0.30620447 0.21627732 0.20020095
 0.191158   0.03416227 0.65460939 0.12007033
 0.21853806 0.19668425 0.35016328 0.23461442
 0.34488822 0.26450641 0.09068073 0.29992464
 0.17382567 0.16227079 0.46370259 0.20020095
 0.13715147 0.34262748 0.13187641 0.38834464
 0.07661392 0.35267521 0.10072846 0.46998242
 0.20170811 0.14167295 0.29314243 0.36347651
 0.11152977 0.33584527 0.33484049 0.21778448

MOTIF human_l3_f_54
letter-probability matrix: alength= 4 w= 9 
 0.03307692 0.78923077 0.00461538 0.17307692
 0.27307692 0.07384615 0.48307692 0.17      
 0.28923077 0.09230769 0.47       0.14846154
 0.45       0.11461538 0.07       0.36538462
 0.37538462 0.17769231 0.01461538 0.43230769
 0.16846154 0.09307692 0.36307692 0.37538462
 0.48769231 0.21       0.11615385 0.18615385
 0.05384615 0.17230769 0.17615385 0.59769231
 0.20692308 0.33461538 0.21846154 0.24      

MOTIF human_l3_f_55
letter-probability matrix: alength= 4 w= 9 
 0.43881119 0.22227772 0.25874126 0.08016983
 0.69130869 0.06468531 0.20054945 0.04345654
 0.25224775 0.21428571 0.22777223 0.30569431
 0.38686314 0.16683317 0.29345654 0.15284715
 0.60789211 0.03246753 0.08916084 0.27047952
 0.03846154 0.06343656 0.29695305 0.60114885
 0.05444555 0.04895105 0.83466533 0.06193806
 0.20004995 0.31418581 0.26573427 0.22002997
 0.22002997 0.23276723 0.28296703 0.26423576

MOTIF human_l3_f_56
letter-probability matrix: alength= 4 w= 9 
 0.34133408 0.2679319  0.19062238 0.20011164
 0.39799051 0.24923249 0.10940553 0.24337148
 7.85654479e-01 2.42813285e-02 1.89785096e-01 2.79095730e-04
 0.21518281 0.18141222 0.08568239 0.51772258
 0.16438738 0.110801   0.54088752 0.18392409
 0.72174156 0.02763048 0.22969579 0.02093218
 0.03795702 0.15489813 0.07061122 0.73653363
 0.06000558 0.02456042 0.8495674  0.06586659
 0.13675691 0.10047446 0.3854312  0.37733743

MOTIF human_l3_f_57
letter-probability matrix: alength= 4 w= 9 
 0.50582573 0.17629179 0.24746707 0.0704154 
 0.0035461  0.09599797 0.08991895 0.81053698
 3.54609929e-02 1.80851064e-01 2.53292806e-04 7.83434650e-01
 0.07269504 0.21985816 0.54255319 0.16489362
 0.0212766  0.60055724 0.00734549 0.37082067
 0.22391084 0.0245694  0.23201621 0.51950355
 0.05091185 0.08865248 0.11246201 0.74797366
 0.04078014 0.11651469 0.35030395 0.49240122
 0.10486322 0.13829787 0.35638298 0.40045593

MOTIF human_l3_f_58
letter-probability matrix: alength= 4 w= 9 
 0.31721668 0.1066769  0.41954464 0.15656178
 0.23074955 0.10897928 0.2223075  0.43796367
 0.09925812 0.04988488 0.11256076 0.73829624
 0.01432591 0.03018675 0.08800205 0.86748529
 0.05807112 0.16474802 0.19672551 0.58045536
 0.50677923 0.08723459 0.20900486 0.19698133
 0.27040164 0.08314147 0.43233564 0.21412126
 0.11895625 0.40266053 0.2660527  0.21233052
 0.16398056 0.23535431 0.34817089 0.25249424

MOTIF human_l3_f_59
letter-probability matrix: alength= 4 w= 9 
 0.24118089 0.51763823 0.11283463 0.12834626
 0.25619214 0.17938454 0.13935452 0.4250688 
 0.07655742 0.2044033  0.39404553 0.32499375
 2.50187641e-04 2.50187641e-04 2.50187641e-04 9.99249437e-01
 5.03377533e-01 2.50187641e-04 4.96122092e-01 2.50187641e-04
 7.93345009e-01 2.50187641e-04 2.06154616e-01 2.50187641e-04
 0.28896673 0.27745809 0.30873155 0.12484363
 0.13810358 0.32099074 0.18839129 0.35251439
 0.11708782 0.21341006 0.36602452 0.30347761

MOTIF human_l3_f_60
letter-probability matrix: alength= 4 w= 9 
 0.26398601 0.16608392 0.33841159 0.23151848
 0.45954046 0.02197802 0.3523976  0.16608392
 0.13986014 0.01348651 0.1043956  0.74225774
 0.52047952 0.0526973  0.18106893 0.24575425
 0.44205794 0.04245754 0.33441558 0.18106893
 0.30619381 0.17582418 0.000999   0.51698302
 0.33291708 0.01148851 0.35014985 0.30544456
 0.65659341 0.17532468 0.03821179 0.12987013
 0.22627373 0.12737263 0.16208791 0.48426573

MOTIF human_l3_f_61
letter-probability matrix: alength= 4 w= 9 
 0.27322677 0.16633367 0.47252747 0.08791209
 0.13411588 0.28321678 0.49150849 0.09115884
 0.03246753 0.83616384 0.04795205 0.08341658
 0.2957043  0.40909091 0.07017982 0.22502498
 0.01273726 0.10014985 0.73251748 0.1545954 
 0.04945055 0.60739261 0.29195804 0.0511988 
 0.0959041  0.80444555 0.02572428 0.07392607
 0.15534466 0.22477522 0.46303696 0.15684316
 0.0974026  0.36188811 0.25974026 0.28096903

MOTIF human_l3_f_62
letter-probability matrix: alength= 4 w= 9 
 0.25       0.17605634 0.47007042 0.10387324
 0.29342723 0.11032864 0.4407277  0.15551643
 0.15551643 0.33333333 0.47593897 0.03521127
 0.31983568 0.09800469 0.35622066 0.22593897
 0.73004695 0.10974178 0.02288732 0.13732394
 0.05105634 0.00938967 0.01877934 0.92077465
 0.82805164 0.04988263 0.00410798 0.11795775
 0.34741784 0.00234742 0.64143192 0.00880282
 0.17429577 0.07335681 0.61032864 0.14201878

MOTIF human_l3_f_63
letter-probability matrix: alength= 4 w= 9 
 0.10845254 0.45045514 0.15318596 0.28790637
 0.17581274 0.50897269 0.21170351 0.10351105
 0.18621586 0.08738622 0.16879064 0.55760728
 0.07022107 0.31625488 0.37347204 0.24005202
 0.44811443 0.05461638 0.26918075 0.22808843
 0.10481144 0.03094928 0.72145644 0.14278283
 0.55344603 0.20156047 0.18491547 0.06007802
 0.0840052  0.0496749  0.14746424 0.71885566
 0.34902471 0.2496749  0.02418726 0.37711313

MOTIF human_l3_f_64
letter-probability matrix: alength= 4 w= 9 
 0.1900358  0.16378282 0.25447494 0.39170644
 0.17690931 0.15214797 0.3302506  0.34069212
 0.31235084 0.11754177 0.24880668 0.32130072
 0.16676611 0.09636038 0.21986874 0.51700477
 0.27058473 0.13066826 0.33412888 0.26461814
 0.84457041 0.01939141 0.09486874 0.04116945
 0.10859189 0.04832936 0.03609785 0.80698091
 0.08949881 0.07070406 0.80906921 0.03072792
 0.24910501 0.23031026 0.15483294 0.36575179

MOTIF human_l3_f_65
letter-probability matrix: alength= 4 w= 9 
 0.16562173 0.26698015 0.40987461 0.15752351
 0.12382445 0.37173459 0.34743992 0.15700104
 0.29754441 0.36494253 0.04832811 0.28918495
 0.48066876 0.13009404 0.37643678 0.01280042
 0.16483804 0.06112853 0.59430512 0.17972832
 0.14890282 0.28239289 0.51071055 0.05799373
 0.31896552 0.15517241 0.47492163 0.05094044
 0.0023511  0.06034483 0.56635319 0.37095089
 0.02742947 0.22439916 0.69096134 0.05721003

MOTIF human_l3_f_66
letter-probability matrix: alength= 4 w= 9 
 0.09215784 0.29745255 0.251998   0.35839161
 0.12012987 0.0964036  0.4035964  0.37987013
 2.49750250e-04 3.37162837e-02 5.29970030e-01 4.36063936e-01
 0.26073926 0.2475025  0.04895105 0.44280719
 0.23626374 0.12412587 0.51198801 0.12762238
 0.11138861 0.19455544 0.35514486 0.33891109
 0.18681319 0.4010989  0.11038961 0.3016983 
 0.11438561 0.52047952 0.23726274 0.12787213
 0.35939061 0.22827173 0.12237762 0.28996004

MOTIF human_l3_f_67
letter-probability matrix: alength= 4 w= 9 
 0.21769134 0.24843162 0.21894605 0.31493099
 0.45294856 0.10727729 0.32308657 0.11668758
 0.78544542 0.03199498 0.1718946  0.01066499
 0.25595985 0.25846926 0.12797992 0.35759097
 0.29046424 0.27164366 0.18130489 0.2565872 
 8.73902133e-01 6.96361355e-02 6.27352572e-04 5.58343789e-02
 0.00125471 0.00878294 0.09284818 0.89711418
 6.27352572e-04 2.50941029e-03 9.89962359e-01 6.90087829e-03
 0.23964868 0.14617315 0.24529486 0.36888331

MOTIF human_l3_f_68
letter-probability matrix: alength= 4 w= 9 
 0.34602076 0.06020761 0.33564014 0.25813149
 0.13114187 0.13910035 0.45536332 0.27439446
 0.22179931 0.23391003 0.34809689 0.19619377
 0.00449827 0.2532872  0.73287197 0.00934256
 0.46539792 0.20069204 0.18927336 0.14463668
 3.46020761e-04 1.25951557e-01 3.66435986e-01 5.07266436e-01
 0.22871972 0.02871972 0.05086505 0.6916955 
 0.12179931 0.04394464 0.36055363 0.47370242
 0.15743945 0.07543253 0.29446367 0.47266436

MOTIF human_l3_f_69
letter-probability matrix: alength= 4 w= 9 
 0.17032818 0.40927583 0.13262815 0.28776783
 0.07648495 0.28261459 0.38920532 0.25169515
 0.15812314 0.34960673 0.08923244 0.4030377 
 0.16598861 0.47138595 0.00162734 0.3609981 
 0.27068077 0.05315975 0.54081909 0.13534039
 0.10252238 0.05098996 0.425278   0.42120966
 0.21996203 0.030377   0.03119067 0.7184703 
 0.2313534  0.11282886 0.0420396  0.61377814
 0.07811229 0.26932465 0.04014104 0.61242202

MOTIF human_l3_f_70
letter-probability matrix: alength= 4 w= 9 
 0.20280899 0.33567416 0.19747191 0.26404494
 0.31488764 0.28876404 0.14578652 0.2505618 
 0.5741573  0.09016854 0.23876404 0.09691011
 0.74044944 0.00786517 0.00533708 0.24634831
 0.01348315 0.01264045 0.21882022 0.75505618
 0.175      0.00955056 0.71235955 0.10308989
 0.23314607 0.12303371 0.14803371 0.49578652
 0.19719101 0.15955056 0.40421348 0.23904494
 0.22893258 0.20365169 0.2508427  0.31657303

MOTIF human_l3_f_71
letter-probability matrix: alength= 4 w= 9 
 0.28266162 0.18366243 0.21612118 0.31755477
 0.21341628 0.2104409  0.31593184 0.26021098
 0.04625372 0.14822829 0.23532594 0.57019205
 0.41060319 0.00432783 0.20584258 0.3792264 
 0.39870165 0.10981877 0.46902894 0.02245064
 0.00108196 0.05058155 0.05382743 0.89450906
 0.60616716 0.05653232 0.31295645 0.02434406
 0.63943738 0.09737625 0.26102245 0.00216392
 0.36516094 0.13578577 0.20638355 0.29266973

MOTIF human_l3_f_72
letter-probability matrix: alength= 4 w= 9 
 0.32107414 0.10683012 0.39171045 0.18038529
 0.23701109 0.18155283 0.20315236 0.37828371
 0.42089901 0.2428488  0.17921775 0.15703444
 0.60945709 0.29071804 0.07180385 0.02802102
 0.44366608 0.19206071 0.0828955  0.2813777 
 5.83771162e-04 3.36252189e-01 6.52072388e-01 1.10916521e-02
 0.00934034 0.31932283 0.65323993 0.01809691
 0.14360771 0.1214244  0.42206655 0.31290134
 0.49562172 0.09457093 0.28604787 0.12375949

MOTIF human_l3_f_73
letter-probability matrix: alength= 4 w= 9 
 0.34984985 0.22972973 0.30730731 0.11311311
 0.47522523 0.48098098 0.02002002 0.02377377
 0.16291291 0.27627628 0.15865866 0.40215215
 0.3485986  0.05205205 0.49974975 0.0995996 
 0.252002   0.49074074 0.06156156 0.1956957 
 0.05530531 0.17017017 0.37762763 0.3968969 
 0.53428428 0.03903904 0.08808809 0.33858859
 0.16066066 0.07532533 0.47247247 0.29154154
 0.09484484 0.2047047  0.17892893 0.52152152

MOTIF human_l3_f_74
letter-probability matrix: alength= 4 w= 9 
 0.25734371 0.15440623 0.32965102 0.25859905
 0.10293748 0.12478032 0.08435852 0.68792368
 0.02636204 0.21667085 0.01230228 0.74466483
 0.19884509 0.01857896 0.30881245 0.47376349
 0.18528747 0.08963093 0.16294251 0.56213909
 1.40346473e-01 2.51067035e-04 2.92493096e-01 5.66909365e-01
 0.26186292 0.08109465 0.30479538 0.35224705
 0.4561888  0.01707256 0.4303289  0.09640974
 0.10067788 0.11624404 0.10318855 0.67988953

MOTIF human_l3_f_75
letter-probability matrix: alength= 4 w= 9 
 0.10957004 0.35783634 0.29958391 0.23300971
 0.16366158 0.50624133 0.06726768 0.2628294 
 0.14979196 0.47156727 0.11442441 0.26421637
 7.48959778e-02 8.97364771e-01 2.70457698e-02 6.93481276e-04
 0.5        0.47711512 0.00069348 0.0221914 
 0.49029126 0.46948682 0.00069348 0.03952843
 7.63522885e-01 1.85852982e-01 4.99306519e-02 6.93481276e-04
 0.4445215  0.29403606 0.14216366 0.11927878
 0.13869626 0.12066574 0.09708738 0.64355062

MOTIF human_l3_f_76
letter-probability matrix: alength= 4 w= 9 
 0.17212121 0.11454545 0.17454545 0.53878788
 0.13272727 0.11151515 0.25939394 0.49636364
 0.63030303 0.18060606 0.06424242 0.12484848
 0.02727273 0.47090909 0.08909091 0.41272727
 0.26666667 0.02787879 0.05272727 0.65272727
 0.49636364 0.00060606 0.1830303  0.32      
 0.12363636 0.02060606 0.30909091 0.54666667
 0.31151515 0.01757576 0.41515152 0.25575758
 0.16363636 0.08       0.72545455 0.03090909

MOTIF human_l3_f_77
letter-probability matrix: alength= 4 w= 9 
 0.33191808 0.10114885 0.3036963  0.26323676
 0.18231768 0.38111888 0.23651349 0.20004995
 0.19230769 0.01223776 0.37312687 0.42232767
 0.10914086 0.19755245 0.43356643 0.25974026
 0.23326673 0.23476523 0.17232767 0.35964036
 0.14460539 0.46703297 0.29095904 0.0974026 
 0.39410589 0.03621379 0.31993007 0.24975025
 0.34815185 0.29220779 0.29395604 0.06568432
 0.17257742 0.28596404 0.37287712 0.16858142

MOTIF human_l3_f_78
letter-probability matrix: alength= 4 w= 9 
 0.52471779 0.05722071 0.13662904 0.28143246
 0.2864928  0.3464383  0.14013235 0.22693655
 0.55819385 0.2210977  0.21915142 0.00155703
 0.19501752 0.07901907 0.65940054 0.06656286
 0.0537174  0.0206306  0.08836123 0.83729077
 0.27170105 0.04826781 0.05838848 0.62164266
 0.01673803 0.00311405 0.72168159 0.25846633
 0.01050993 0.03970417 0.1342935  0.81549241
 0.45581938 0.09108603 0.15881666 0.29427793

MOTIF human_l3_f_79
letter-probability matrix: alength= 4 w= 9 
 0.29654991 0.26231235 0.3313142  0.10982354
 0.2997103  0.50750593 0.12931262 0.06347116
 0.46247037 0.45009218 0.05293653 0.03450092
 0.65709771 0.15722939 0.17355807 0.01211483
 0.37687648 0.16091651 0.16196998 0.30023703
 0.22254411 0.20805899 0.3289439  0.24045299
 0.28548854 0.01869897 0.47748222 0.21833026
 0.08454043 0.20937582 0.37713985 0.3289439 
 0.12878588 0.12667896 0.54200685 0.20252831

MOTIF human_l3_f_80
letter-probability matrix: alength= 4 w= 9 
 0.32882308 0.3757978  0.18968598 0.10569313
 0.15496553 0.1779423  0.31146285 0.35562931
 0.27061527 0.38856268 0.2175134  0.12330865
 2.55297421e-04 4.47025785e-01 9.11411795e-02 4.61577738e-01
 0.04033699 0.21393924 0.59841716 0.14730661
 0.00102119 0.19274955 0.54837886 0.2578504 
 0.04263467 0.45238703 0.22849119 0.27648711
 0.01914731 0.60786316 0.22032167 0.15266786
 0.10824611 0.57671688 0.2374266  0.07761042

MOTIF human_l3_f_81
letter-probability matrix: alength= 4 w= 9 
 0.27878788 0.1219697  0.28106061 0.31818182
 0.16287879 0.59469697 0.01363636 0.22878788
 0.13712121 0.20492424 0.46780303 0.19015152
 0.00719697 0.0344697  0.26628788 0.69204545
 0.57272727 0.12954545 0.00227273 0.29545455
 0.65075758 0.02651515 0.23371212 0.08901515
 0.06363636 0.62878788 0.14356061 0.16401515
 0.25265152 0.44734848 0.15492424 0.14507576
 0.50795455 0.23863636 0.14545455 0.10795455

MOTIF human_l3_f_82
letter-probability matrix: alength= 4 w= 9 
 0.48097031 0.16394814 0.07611878 0.27896278
 0.28900042 0.00711    0.21748223 0.48640736
 0.706399   0.00627353 0.19364283 0.09368465
 0.03764115 0.16771225 0.05520703 0.73943957
 0.04140527 0.03387704 0.15307403 0.77164366
 0.79548306 0.0418235  0.03889586 0.12379757
 2.98619824e-01 1.67294019e-03 4.18235048e-04 6.99289000e-01
 2.92764534e-03 9.11752405e-02 4.18235048e-04 9.05478879e-01
 0.26181514 0.05102468 0.42534504 0.26181514

MOTIF human_l3_f_83
