MEME version 5.3.0

ALPHABET= ACGT

strands: + -

Background letter frequencies
A 0.25 C 0.25 G 0.25 T 0.25

MOTIF human_l3_f_0
letter-probability matrix: alength= 4 w= 9 
 0.2457265  0.06374644 0.20121083 0.48931624
 0.33653846 0.12962963 0.27457265 0.25925926
 0.42948718 0.14173789 0.22115385 0.20762108
 0.28311966 0.09366097 0.04665242 0.57656695
 0.45904558 0.0548433  0.34722222 0.13888889
 0.38141026 0.1502849  0.31410256 0.15420228
 0.00569801 0.02029915 0.05163818 0.92236467
 0.81873219 0.04202279 0.09009972 0.0491453 
 0.59793447 0.02777778 0.36324786 0.01103989

MOTIF human_l3_f_1
letter-probability matrix: alength= 4 w= 9 
 0.14180805 0.28057736 0.29298557 0.28462902
 0.5697645  0.17447455 0.1068625  0.14889846
 0.18890858 0.14434034 0.55862244 0.10812864
 0.00759686 0.03013421 0.3560395  0.60622943
 0.08888326 0.42567739 0.22765257 0.25778678
 0.00911623 0.01038238 0.65130413 0.32919727
 0.04203596 0.49075715 0.1086351  0.35857179
 0.37503165 0.13522411 0.40972398 0.08002026
 0.04608762 0.06305394 0.50037984 0.3904786 

MOTIF human_l3_f_2
letter-probability matrix: alength= 4 w= 9 
 0.07377666 0.33726474 0.18795483 0.40100376
 0.21806775 0.11894605 0.60828105 0.05470514
 0.4531995  0.27227102 0.26323714 0.01129235
 0.76662484 0.09736512 0.07979925 0.05621079
 0.49134253 0.08281054 0.10991217 0.31593476
 0.48180678 0.13902133 0.0348808  0.34429109
 0.19924718 0.03889586 0.1621079  0.59974906
 0.14429109 0.01129235 0.51643664 0.32797992
 0.13952321 0.22685069 0.15483061 0.47879548

MOTIF human_l3_f_3
letter-probability matrix: alength= 4 w= 9 
 0.16921534 0.21208323 0.36299825 0.25570318
 8.52343946e-02 2.50689396e-04 2.09325646e-01 7.05189270e-01
 0.46202056 0.165455   0.22361494 0.1489095 
 0.21684633 0.24266734 0.09300577 0.44748057
 0.07696164 0.1228378  0.34469792 0.45550263
 0.21784908 0.56831286 0.07345199 0.14038606
 0.56279769 0.1135623  0.08799198 0.23564803
 0.6264728  0.06066683 0.20180496 0.1110554 
 0.25670594 0.27350213 0.13487089 0.33492103

MOTIF human_l3_f_4
letter-probability matrix: alength= 4 w= 9 
 0.3025123  0.3970474  0.17845118 0.12198912
 0.43589744 0.15876716 0.33721834 0.06811707
 0.28541829 0.02590003 0.53172753 0.15695416
 0.12561513 0.07795908 0.53483553 0.26159026
 0.15384615 0.001295   0.57627558 0.26858327
 0.12457912 0.06759907 0.6019166  0.20590521
 0.00984201 0.12872313 0.6977467  0.16368816
 0.02926703 0.39238539 0.12872313 0.44962445
 0.11732712 0.34110334 0.35897436 0.18259518

MOTIF human_l3_f_5
letter-probability matrix: alength= 4 w= 9 
 0.22821053 0.04084211 0.22147368 0.50947368
 0.34021053 0.04463158 0.57389474 0.04126316
 0.45557895 0.05978947 0.22863158 0.256     
 0.05557895 0.03452632 0.46231579 0.44757895
 0.46357895 0.01389474 0.18652632 0.336     
 0.23621053 0.00589474 0.27621053 0.48168421
 0.34021053 0.00168421 0.04926316 0.60884211
 0.44463158 0.16547368 0.27915789 0.11073684
 0.51831579 0.00378947 0.37726316 0.10063158

MOTIF human_l3_f_6
letter-probability matrix: alength= 4 w= 9 
 0.41084882 0.20642893 0.36865897 0.01406328
 0.50627825 0.27975892 0.17177298 0.04218985
 0.48618785 0.18633852 0.32697137 0.00050226
 0.75891512 0.03013561 0.15118031 0.05976896
 0.62280261 0.06328478 0.03616273 0.27774987
 0.25565043 0.08739327 0.21446509 0.44249121
 0.09542943 0.17930688 0.38221999 0.3430437 
 0.18181818 0.35107986 0.46007032 0.00703164
 0.10045203 0.58211954 0.28679056 0.03063787

MOTIF human_l3_f_7
letter-probability matrix: alength= 4 w= 9 
 0.00578831 0.76929438 0.10088203 0.12403528
 0.02535832 0.87513782 0.05567806 0.0438258 
 0.03059537 0.87706725 0.07607497 0.0162624 
 0.03583241 0.84757442 0.08544653 0.03114664
 0.00385888 0.55154355 0.29906284 0.14553473
 0.04796031 0.65159868 0.23125689 0.06918412
 0.04024256 0.38368247 0.31753032 0.25854465
 0.07662624 0.50358324 0.32828004 0.09151047
 0.0592613  0.47932745 0.33048512 0.13092613

MOTIF human_l3_f_8
letter-probability matrix: alength= 4 w= 9 
 0.00728155 0.09587379 0.05825243 0.83859223
 0.00728155 0.0157767  0.05339806 0.92354369
 0.36893204 0.01699029 0.16140777 0.4526699 
 0.04126214 0.22451456 0.07281553 0.66140777
 0.85800971 0.03276699 0.00121359 0.10800971
 0.02305825 0.02063107 0.05825243 0.89805825
 0.37014563 0.0473301  0.00121359 0.58131068
 0.00364078 0.00849515 0.28762136 0.70024272
 0.08980583 0.11771845 0.0631068  0.72936893

MOTIF human_l3_f_9
letter-probability matrix: alength= 4 w= 9 
 0.39384771 0.30736258 0.24836107 0.05042864
 0.24533535 0.04992436 0.5110943  0.19364599
 0.02471004 0.19213313 0.11573374 0.6674231 
 0.001765   0.84669692 0.07034796 0.08119012
 0.11447302 0.39561271 0.2322239  0.25769037
 0.13565305 0.24886536 0.28139183 0.33408976
 0.74230963 0.11674231 0.10110943 0.03983863
 0.20600101 0.09884014 0.34972264 0.34543621
 0.15935451 0.13464448 0.3197176  0.38628341

MOTIF human_l3_f_10
letter-probability matrix: alength= 4 w= 9 
 0.19555096 0.15157786 0.33031557 0.32255561
 0.24676668 0.34066218 0.13476461 0.27780652
 0.55302638 0.14614589 0.19658562 0.10424211
 0.83936886 0.07889291 0.03155717 0.05018107
 0.24831868 0.09803414 0.06078634 0.59286084
 0.35851009 0.08173823 0.51888257 0.04086912
 0.39756855 0.05302638 0.1117434  0.43766167
 0.13683394 0.0685463  0.42964304 0.36497672
 0.09079152 0.1006208  0.59751681 0.21107087

MOTIF human_l3_f_11
letter-probability matrix: alength= 4 w= 9 
 0.47071353 0.05750799 0.29641463 0.17536386
 0.22080227 0.06034789 0.29037984 0.42847   
 6.88320909e-01 3.54987575e-04 3.10969116e-01 3.54987575e-04
 0.36705715 0.21902733 0.27050053 0.14341498
 0.14022009 0.07916223 0.05324814 0.72736954
 2.39616613e-01 7.41569045e-01 1.81043663e-02 7.09975151e-04
 0.39652112 0.04401846 0.01277955 0.54668087
 0.42917998 0.01845935 0.11785588 0.43450479
 0.13560525 0.19346823 0.10649627 0.56443024

MOTIF human_l3_f_12
letter-probability matrix: alength= 4 w= 9 
 0.12687188 0.34400998 0.17595674 0.3531614 
 0.07071547 0.33402662 0.11231281 0.48294509
 0.11980033 0.49792013 0.07861897 0.30366057
 0.19301165 0.15391015 0.34109817 0.31198003
 0.31655574 0.11938436 0.30574043 0.25831947
 0.17013311 0.20341098 0.39392679 0.23252912
 0.06738769 0.24708819 0.17304493 0.5124792 
 0.35732113 0.10981697 0.22545757 0.30740433
 0.1734609  0.46464226 0.12853577 0.23336106

MOTIF human_l3_f_13
letter-probability matrix: alength= 4 w= 9 
 0.30445732 0.28682951 0.19063208 0.21808109
 0.63636364 0.11961722 0.20020146 0.04381768
 0.21606648 0.16973055 0.16670864 0.44749433
 0.00302191 0.10501133 0.07479224 0.81717452
 0.03701838 0.0430622  0.08587258 0.83404684
 0.01435407 0.00277008 0.5645933  0.41828255
 0.22588769 0.02870813 0.60135986 0.14404432
 0.70284563 0.14278519 0.0841098  0.07025938
 0.13094938 0.08209519 0.3062201  0.48073533

MOTIF human_l3_f_14
letter-probability matrix: alength= 4 w= 9 
 0.34198646 0.22996614 0.28301354 0.14503386
 0.29345372 0.13656885 0.18030474 0.38967269
 0.38346501 0.10411964 0.12923251 0.38318284
 0.10750564 0.00564334 0.61992099 0.26693002
 0.19356659 0.13967269 0.1755079  0.49125282
 0.14080135 0.06094808 0.60327314 0.19497743
 0.40914221 0.00536117 0.04486456 0.54063205
 2.07392777e-01 5.92550790e-02 5.64334086e-04 7.32787810e-01
 0.29119639 0.0265237  0.03978555 0.64249436

MOTIF human_l3_f_15
letter-probability matrix: alength= 4 w= 9 
 0.31874145 0.35321477 0.05335157 0.2746922 
 0.15075239 0.38248974 0.23283174 0.23392613
 0.21860465 0.20984952 0.38002736 0.19151847
 2.73597811e-04 3.00957592e-03 2.73597811e-04 9.96443228e-01
 0.2377565  0.00109439 0.72010944 0.04103967
 0.74610123 0.01012312 0.18604651 0.05772914
 0.59616963 0.34281806 0.01039672 0.0506156 
 0.10150479 0.24021888 0.33461012 0.32366621
 0.21997264 0.29411765 0.32777018 0.15813953

MOTIF human_l3_f_16
letter-probability matrix: alength= 4 w= 9 
 0.14254953 0.20198105 0.20757967 0.44788975
 0.07795004 0.03100775 0.55943152 0.33161068
 0.40223945 0.04478898 0.5292851  0.02368648
 0.00430663 0.02799311 0.46296296 0.5047373 
 0.29457364 0.02583979 0.00258398 0.67700258
 0.27174849 0.01421189 0.2833764  0.43066322
 3.01464255e-03 4.30663221e-04 4.30663221e-04 9.96124031e-01
 0.36261843 0.0327304  0.21533161 0.38931955
 0.14039621 0.03229974 0.12446167 0.70284238

MOTIF human_l3_f_17
letter-probability matrix: alength= 4 w= 9 
 0.23823925 0.27587366 0.20799731 0.27788978
 0.19186828 0.23454301 0.23823925 0.33534946
 0.08467742 0.01310484 0.0483871  0.85383065
 0.74462366 0.02385753 0.15725806 0.07426075
 0.2983871  0.04401882 0.59744624 0.06014785
 0.13205645 0.0530914  0.41431452 0.40053763
 0.41834677 0.01680108 0.45194892 0.11290323
 0.28897849 0.00907258 0.44959677 0.25235215
 0.31518817 0.1078629  0.36626344 0.21068548

MOTIF human_l3_f_18
letter-probability matrix: alength= 4 w= 9 
 0.24640242 0.29209796 0.32693764 0.13456198
 0.27392073 0.57157284 0.06387276 0.09063368
 0.2229235  0.42792224 0.1272406  0.22191366
 2.57510730e-02 7.06892199e-03 9.66927544e-01 2.52461500e-04
 0.06210553 0.13027013 0.44811916 0.35950518
 0.06639737 0.21232012 0.56147438 0.15980813
 0.06765968 0.50239838 0.25700581 0.17293613
 0.15652613 0.30068165 0.26634688 0.27644534
 0.06387276 0.26255996 0.48977531 0.18379197

MOTIF human_l3_f_19
letter-probability matrix: alength= 4 w= 9 
 0.17981073 0.05126183 0.08044164 0.6884858 
 0.47371188 0.04100946 0.33044164 0.15483701
 0.53470032 0.05415352 0.24132492 0.16982124
 0.11908517 0.04153523 0.05546793 0.78391167
 0.50788644 0.04810726 0.22923239 0.21477392
 0.48895899 0.0615142  0.26025237 0.18927445
 0.11566772 0.05888538 0.06361725 0.76182965
 0.61251314 0.06046267 0.18690852 0.14011567
 0.55625657 0.05651945 0.25525762 0.13196635

MOTIF human_l3_f_20
letter-probability matrix: alength= 4 w= 9 
 0.28074866 0.11972668 0.2563874  0.34313725
 0.15062389 0.07724302 0.25490196 0.51723113
 0.00148544 0.44177065 0.05763518 0.49910873
 0.07308378 0.0983363  0.37017231 0.45840761
 0.05466429 0.14795009 0.62477718 0.17260844
 3.34818776e-01 2.18657160e-01 4.46226976e-01 2.97088532e-04
 0.21182412 0.24450386 0.19399881 0.3496732 
 0.25222816 0.02495544 0.69191919 0.03089721
 0.23143197 0.13428402 0.39037433 0.24390969

MOTIF human_l3_f_21
letter-probability matrix: alength= 4 w= 9 
 0.08563018 0.21487824 0.12791009 0.57158148
 0.67032379 0.00722505 0.32164838 0.00080278
 0.41851753 0.05726519 0.44153064 0.08268665
 0.1228258  0.60476318 0.10195344 0.17045759
 0.40219427 0.16858443 0.40460262 0.02461868
 0.30907145 0.12630452 0.1792882  0.38533583
 0.10944608 0.30907145 0.37061814 0.21086433
 0.23521541 0.2686647  0.36232272 0.13379716
 0.32432432 0.24886272 0.11533315 0.3114798 

MOTIF human_l3_f_22
letter-probability matrix: alength= 4 w= 9 
 0.80650805 0.0843247  0.06822953 0.04093772
 0.35864241 0.34184745 0.17529741 0.12421274
 0.253324   0.68859342 0.03184045 0.02624213
 0.18859342 0.52169349 0.28761372 0.00209937
 0.29041288 0.36773968 0.10286914 0.23897831
 0.28971309 0.19944017 0.10601819 0.40482855
 0.33275017 0.04058782 0.25927222 0.36738978
 0.31175647 0.04968509 0.16724983 0.47130861
 0.36878936 0.11056683 0.19104269 0.32960112

MOTIF human_l3_f_23
letter-probability matrix: alength= 4 w= 9 
 0.07840162 0.51593323 0.15705615 0.248609  
 0.12847749 0.32979262 0.27870511 0.26302479
 0.17223065 0.53616591 0.10748609 0.18411735
 2.52908447e-04 5.98381386e-01 7.58725341e-04 4.00606980e-01
 0.16742539 0.10520991 0.62797167 0.09939302
 0.11734952 0.24127466 0.54931715 0.09205867
 3.76833586e-02 7.27617602e-01 2.52908447e-04 2.34446131e-01
 0.04172989 0.34370258 0.28249874 0.33206879
 0.06803237 0.5        0.30703085 0.12493677

MOTIF human_l3_f_24
letter-probability matrix: alength= 4 w= 9 
 0.33491508 0.25474525 0.09090909 0.31943057
 0.26923077 0.09290709 0.47977023 0.15809191
 0.07342657 0.03771229 0.01698302 0.87187812
 0.60164835 0.09615385 0.26373626 0.03846154
 0.54945055 0.01123876 0.40634366 0.03296703
 0.11338661 0.15984016 0.16383616 0.56293706
 0.31343656 0.14185814 0.40934066 0.13536464
 0.77997003 0.07492507 0.09190809 0.0531968 
 0.22752248 0.13236763 0.12537463 0.51473526

MOTIF human_l3_f_25
letter-probability matrix: alength= 4 w= 9 
 0.28108108 0.2072973  0.44540541 0.06621622
 0.2527027  0.57783784 0.06594595 0.10351351
 0.11864865 0.14567568 0.58486486 0.15081081
 0.30891892 0.20594595 0.15351351 0.33162162
 2.70270270e-04 3.65405405e-01 1.57027027e-01 4.77297297e-01
 0.11351351 0.11540541 0.1672973  0.60378378
 0.14459459 0.03891892 0.73027027 0.08621622
 0.22621622 0.08108108 0.29027027 0.40243243
 0.45324324 0.14945946 0.09513514 0.30216216

MOTIF human_l3_f_26
letter-probability matrix: alength= 4 w= 9 
 0.11538462 0.38461538 0.11018711 0.38981289
 0.32744283 0.3981289  0.08523909 0.18918919
 0.55613306 0.15592516 0.28690229 0.0010395 
 0.19022869 0.35031185 0.33887734 0.12058212
 0.25779626 0.13201663 0.28378378 0.32640333
 0.64137214 0.01871102 0.33887734 0.0010395 
 0.0010395  0.37318087 0.0010395  0.62474012
 0.00831601 0.27442827 0.6975052  0.01975052
 0.2037422  0.14345114 0.43555094 0.21725572

MOTIF human_l3_f_27
letter-probability matrix: alength= 4 w= 9 
 0.22452547 0.06543457 0.40434565 0.30569431
 0.00899101 0.32392607 0.28071928 0.38636364
 0.00999001 0.26848152 0.01273726 0.70879121
 1.51848152e-01 9.99000999e-03 8.37912088e-01 2.49750250e-04
 0.44505495 0.18681319 0.0506993  0.31743257
 0.34265734 0.21203796 0.13336663 0.31193806
 0.52622378 0.26373626 0.14535465 0.06468531
 0.28371628 0.42932068 0.14585415 0.14110889
 0.17882118 0.1510989  0.30594406 0.36413586

MOTIF human_l3_f_28
letter-probability matrix: alength= 4 w= 9 
 0.60360076 0.06727732 0.27353127 0.05559065
 0.00694883 0.13329122 0.26910929 0.59065066
 0.06980417 0.29816804 0.13739735 0.49463045
 0.2116235  0.24984207 0.24984207 0.28869236
 0.03632344 0.33385976 0.04674668 0.58307012
 0.26942514 0.32027795 0.1743525  0.23594441
 0.2008844  0.09128238 0.26784586 0.43998737
 0.01484523 0.44883133 0.05938092 0.47694251
 0.13960834 0.38313329 0.15287429 0.32438408

MOTIF human_l3_f_29
letter-probability matrix: alength= 4 w= 9 
 0.28776609 0.11413183 0.30648884 0.29161323
 0.29340857 0.19286997 0.2385227  0.27519877
 0.35598872 0.26776096 0.19748654 0.17876379
 9.35624519e-01 2.56476019e-04 6.38625289e-02 2.56476019e-04
 0.35085919 0.03565017 0.05847653 0.55501411
 0.26365735 0.06488843 0.53423955 0.13721467
 0.67581431 0.06463196 0.18389331 0.07566043
 0.0310336  0.11695306 0.13567581 0.71633752
 0.05360349 0.02436522 0.78096948 0.14106181

MOTIF human_l3_f_30
letter-probability matrix: alength= 4 w= 9 
 0.19303424 0.13459268 0.33412043 0.33825266
 0.06316411 0.23022432 0.13577332 0.57083825
 0.28217237 0.10153483 0.11688312 0.49940968
 0.33766234 0.30283353 0.20543093 0.1540732 
 5.96221960e-02 5.90318772e-04 5.90318772e-04 9.39197166e-01
 9.30342385e-01 5.90318772e-04 9.44510035e-03 5.96221960e-02
 6.36363636e-01 5.90318772e-04 3.62455726e-01 5.90318772e-04
 0.30283353 0.10212515 0.53600945 0.05903188
 0.24557261 0.16056671 0.19539551 0.39846517

MOTIF human_l3_f_31
letter-probability matrix: alength= 4 w= 9 
 0.4743346  0.0769962  0.35836502 0.09030418
 0.20627376 0.18250951 0.48669202 0.12452471
 0.00475285 0.24239544 0.6730038  0.07984791
 0.01711027 0.07794677 0.52756654 0.37737643
 0.17205323 0.00095057 0.16730038 0.65969582
 0.42870722 0.00760456 0.56273764 0.00095057
 0.4904943  0.07984791 0.35646388 0.07319392
 0.13688213 0.14258555 0.33555133 0.38498099
 0.32794677 0.13403042 0.33365019 0.20437262

MOTIF human_l3_f_32
letter-probability matrix: alength= 4 w= 9 
 0.67741935 0.11490269 0.07704612 0.13063183
 2.66595575e-04 4.31884831e-02 5.11596907e-01 4.44948014e-01
 0.01173021 0.08691016 0.07971208 0.82164756
 0.00826446 0.00239936 0.96747534 0.02186084
 0.0122634  0.13383098 0.0239936  0.82991202
 0.14876033 0.02186084 0.22527326 0.60410557
 0.16049054 0.00693148 0.19328179 0.63929619
 0.33751    0.15489203 0.1444948  0.36310317
 0.20394561 0.0423887  0.17035457 0.58331112

MOTIF human_l3_f_33
letter-probability matrix: alength= 4 w= 9 
 0.35663971 0.23062875 0.39029481 0.02243673
 0.15470911 0.28698148 0.42473259 0.13357683
 0.07931124 0.61909731 0.13644665 0.1651448 
 0.41299243 0.34698669 0.22801983 0.01200104
 2.60892252e-04 3.89251239e-01 1.86277068e-01 4.24210801e-01
 1.56535351e-03 4.93869032e-01 5.04304722e-01 2.60892252e-04
 0.1077485  0.41012262 0.35585703 0.12627185
 0.13696843 0.32741978 0.32872424 0.20688756
 0.0910514  0.26741456 0.51943647 0.12209757

MOTIF human_l3_f_34
letter-probability matrix: alength= 4 w= 9 
 0.0536963  0.51998002 0.32742258 0.0989011 
 0.12812188 0.67382617 0.15434565 0.04370629
 0.00524476 0.77022977 0.03721279 0.18731269
 0.07342657 0.78921079 0.13611389 0.00124875
 0.24875125 0.62312687 0.04345654 0.08466533
 0.09265734 0.63311688 0.01898102 0.25524476
 0.04595405 0.39085914 0.50074925 0.06243756
 0.12637363 0.46653347 0.32892108 0.07817183
 0.09315684 0.5546953  0.24325674 0.10889111

MOTIF human_l3_f_35
letter-probability matrix: alength= 4 w= 9 
 0.07903313 0.46442151 0.13307985 0.32346551
 0.01222162 0.56246605 0.05730581 0.36800652
 0.60972298 0.03394894 0.30092341 0.05540467
 0.42449756 0.23872895 0.29413362 0.04263987
 0.36094514 0.45898968 0.03177621 0.14828897
 0.43807713 0.21591526 0.10809343 0.23791418
 0.25258012 0.54752852 0.15317762 0.04671374
 0.21917436 0.14258555 0.20640956 0.43183053
 0.15181966 0.25882672 0.2661597  0.32319392

MOTIF human_l3_f_36
letter-probability matrix: alength= 4 w= 9 
 0.54466687 0.11741858 0.09769943 0.24021512
 0.37287123 0.10098596 0.0549746  0.47116821
 0.07618763 0.09710188 0.04093218 0.78577831
 2.98775022e-04 4.03346280e-02 2.98775022e-04 9.59067822e-01
 0.01165223 0.43143113 0.00806693 0.54884972
 0.19898416 0.73827308 0.02420078 0.03854198
 0.35703615 0.28503137 0.06035255 0.29757992
 0.27098895 0.07768151 0.09740066 0.55392889
 0.14341201 0.19002091 0.29997012 0.36659695

MOTIF human_l3_f_37
letter-probability matrix: alength= 4 w= 9 
 0.14587085 0.24466169 0.31772575 0.2917417 
 0.28942629 0.27630563 0.0895292  0.34473887
 0.14638539 0.00977618 0.39413429 0.44970414
 0.1263185  0.39361976 0.36326216 0.11679959
 0.26524312 0.20246977 0.02727039 0.50501672
 0.02444044 0.33547723 0.28428094 0.35580139
 0.07280679 0.33830718 0.09904811 0.48983792
 0.17211217 0.21044507 0.43529714 0.18214561
 0.22536661 0.4172884  0.1342938  0.2230512 

MOTIF human_l3_f_38
letter-probability matrix: alength= 4 w= 9 
 0.08593156 0.18377693 0.1148289  0.61546261
 0.6661597  0.00278834 0.26134347 0.06970849
 0.19974651 0.03295311 0.02230672 0.74499366
 0.43396705 0.03320659 0.22205323 0.31077313
 0.13206591 0.22737643 0.02103929 0.61951838
 0.11229404 0.69936629 0.08314322 0.10519645
 0.45272497 0.02560203 0.21267427 0.30899873
 0.40608365 0.13231939 0.12623574 0.33536122
 0.19721166 0.05855513 0.17693283 0.56730038

MOTIF human_l3_f_39
letter-probability matrix: alength= 4 w= 9 
 0.24724357 0.19913131 0.1937855  0.35983963
 0.42298697 0.08553291 0.13264283 0.35883729
 0.47410625 0.09856331 0.26729034 0.16004009
 0.24791179 0.0130304  0.01770799 0.72134982
 0.16137655 0.12863348 0.09455396 0.61543602
 3.34112930e-04 3.34112930e-04 3.34112930e-04 9.98997661e-01
 7.85833612e-01 3.34112930e-04 2.13498162e-01 3.34112930e-04
 8.00200468e-01 3.34112930e-04 1.99131306e-01 3.34112930e-04
 0.27764784 0.19244905 0.22519211 0.30471099

MOTIF human_l3_f_40
letter-probability matrix: alength= 4 w= 9 
 0.28427222 0.02865516 0.49332465 0.19374796
 0.04916965 0.05958971 0.02246825 0.86877239
 0.04591338 0.01497883 0.19960925 0.73949853
 0.00097688 0.06089222 0.27775969 0.66037121
 0.01758385 0.06642787 0.08694236 0.82904591
 0.02474764 0.10094432 0.822859   0.05144904
 0.02572452 0.10843373 0.01725822 0.84858352
 0.09150114 0.06903289 0.39140345 0.44806252
 0.0182351  0.00683816 0.13774015 0.83718658

MOTIF human_l3_f_41
letter-probability matrix: alength= 4 w= 9 
 0.33816689 0.38850889 0.08508892 0.18823529
 0.44678523 0.03666211 0.46976744 0.04678523
 0.21367989 0.43584131 0.09466484 0.25581395
 0.09685363 0.34746922 0.15622435 0.3994528 
 0.35157319 0.06566347 0.35649795 0.22626539
 0.01422709 0.03502052 0.30998632 0.64076607
 0.0128591  0.13132695 0.46101231 0.39480164
 0.01614227 0.09220246 0.58194254 0.30971272
 0.04103967 0.22079343 0.6872777  0.05088919

MOTIF human_l3_f_42
letter-probability matrix: alength= 4 w= 9 
 0.16717886 0.57129687 0.09096497 0.17055931
 0.4127228  0.25353411 0.04087277 0.29287031
 0.23448064 0.09250154 0.39674247 0.27627535
 0.14904733 0.40934235 0.09895513 0.34265519
 0.33466503 0.13491088 0.21511985 0.31530424
 0.28272895 0.35740627 0.11739398 0.24247081
 0.18961278 0.037185   0.2771973  0.49600492
 0.29348494 0.32237246 0.19084204 0.19330055
 0.1484327  0.3755378  0.17762754 0.29840197

MOTIF human_l3_f_43
letter-probability matrix: alength= 4 w= 9 
 0.07909887 0.02553191 0.4931164  0.40225282
 0.08811014 0.43829787 0.00876095 0.46483104
 0.0698373  0.00350438 0.48060075 0.44605757
 0.0583229  0.13166458 0.3028786  0.50713392
 0.1281602  0.07158949 0.2718398  0.52841051
 0.24956195 0.0583229  0.05531915 0.63679599
 0.05356696 0.16270338 0.18998748 0.59374218
 0.24205257 0.18573217 0.00300375 0.56921151
 0.06858573 0.14743429 0.07534418 0.70863579

MOTIF human_l3_f_44
letter-probability matrix: alength= 4 w= 9 
 0.2735  0.10375 0.11875 0.504  
 0.1005  0.22875 0.09375 0.577  
 0.1355  0.00125 0.46025 0.403  
 0.3425 0.087  0.3265 0.244 
 0.26825 0.126   0.17575 0.43   
 0.06025 0.11475 0.314   0.511  
 0.05275 0.58475 0.161   0.2015 
 0.053   0.31125 0.15125 0.4845 
 0.245   0.25175 0.191   0.31225

MOTIF human_l3_f_45
letter-probability matrix: alength= 4 w= 9 
 0.05701312 0.77119072 0.08678103 0.08501514
 0.05978809 0.84460141 0.03657921 0.05903128
 0.09157417 0.76892028 0.0759334  0.06357215
 0.20105954 0.44576186 0.25857719 0.09460141
 0.14026236 0.33299697 0.3105449  0.21619576
 0.23990918 0.0827447  0.44525732 0.2320888 
 0.19651867 0.05449041 0.64833502 0.1006559 
 0.23763875 0.25151362 0.48587286 0.02497477
 0.11629667 0.33400605 0.48688194 0.06281534

MOTIF human_l3_f_46
letter-probability matrix: alength= 4 w= 9 
 6.52173913e-01 1.65631470e-02 3.31004141e-01 2.58799172e-04
 0.33178054 0.22049689 0.16744306 0.2802795 
 0.3123706  0.17624224 0.21092133 0.30046584
 9.86542443e-01 2.58799172e-04 1.29399586e-02 2.58799172e-04
 5.43478261e-03 7.76397516e-03 2.58799172e-04 9.86542443e-01
 2.58799172e-04 2.58799172e-04 9.93012422e-01 6.46997930e-03
 0.2202381  0.14906832 0.28674948 0.3439441 
 0.20936853 0.27536232 0.22541408 0.28985507
 0.23990683 0.2199793  0.2179089  0.32220497

MOTIF human_l3_f_47
letter-probability matrix: alength= 4 w= 9 
 0.34379671 0.0941704  0.10881913 0.45321375
 0.24843049 0.12705531 0.07623318 0.54828102
 0.23437967 0.14110613 0.12585949 0.49865471
 0.41973094 0.08281016 0.12585949 0.3715994 
 0.35814649 0.17339312 0.21853513 0.24992526
 0.30762332 0.10044843 0.06487294 0.52705531
 0.18355755 0.01973094 0.53751868 0.25919283
 0.10612855 0.08400598 0.77339312 0.03647235
 0.12526158 0.16233184 0.54857997 0.16382661

MOTIF human_l3_f_48
letter-probability matrix: alength= 4 w= 9 
 0.3011988  0.18431568 0.29295704 0.22152847
 0.59040959 0.03196803 0.06793207 0.30969031
 0.20104895 0.21278721 0.5472028  0.03896104
 0.49325674 0.21953047 0.15284715 0.13436563
 0.11313686 0.0034965  0.45204795 0.43131868
 0.33191808 0.02872128 0.03621379 0.60314685
 0.34415584 0.19905095 0.1023976  0.3543956 
 0.24975025 0.07242757 0.12262737 0.55519481
 0.09015984 0.35164835 0.1038961  0.4542957 

MOTIF human_l3_f_49
letter-probability matrix: alength= 4 w= 9 
 0.04445554 0.44255744 0.32417582 0.18881119
 0.13861139 0.15284715 0.70629371 0.00224775
 0.01123876 0.48151848 0.42007992 0.08716284
 3.02197802e-02 5.08991009e-01 4.60289710e-01 4.99500500e-04
 0.14160839 0.20729271 0.61263736 0.03846154
 0.00574426 0.67157842 0.18056943 0.14210789
 0.07367632 0.41408591 0.33616384 0.17607393
 0.26448551 0.09240759 0.48976024 0.15334665
 0.20904096 0.18556444 0.32917083 0.27622378

MOTIF human_l3_f_50
letter-probability matrix: alength= 4 w= 9 
 0.4735987  0.09558624 0.11237476 0.31844029
 0.06661251 0.42783645 0.10912537 0.39642567
 0.00649878 0.50609261 0.07202816 0.41538045
 0.53750338 0.00054157 0.39805037 0.06390468
 0.08340103 0.01191443 0.43731384 0.4673707 
 0.24749526 0.35824533 0.01408069 0.38017872
 0.27890604 0.02518278 0.42512862 0.27078256
 0.06146764 0.40644462 0.41998375 0.11210398
 0.3679935  0.25074465 0.21554292 0.16571893

MOTIF human_l3_f_51
letter-probability matrix: alength= 4 w= 9 
 0.06472603 0.23424658 0.22294521 0.47808219
 0.07945205 0.1489726  0.19520548 0.57636986
 0.06335616 0.08458904 0.23047945 0.62157534
 1.26712329e-02 3.42465753e-04 8.64383562e-01 1.22602740e-01
 0.08047945 0.29760274 0.13630137 0.48561644
 0.14383562 0.28493151 0.01746575 0.55376712
 0.04657534 0.28253425 0.12945205 0.54143836
 0.09863014 0.17568493 0.1369863  0.58869863
 0.20239726 0.04315068 0.36849315 0.3859589 

MOTIF human_l3_f_52
letter-probability matrix: alength= 4 w= 9 
 0.36124837 0.07074122 0.17425228 0.39375813
 0.00416125 0.15162549 0.06137841 0.78283485
 0.03172952 0.01352406 0.29648895 0.65825748
 0.00130039 0.27516255 0.02418726 0.6993498 
 0.48478544 0.26579974 0.089987   0.15942783
 0.15240572 0.19401821 0.15318596 0.50039012
 0.14304291 0.14148244 0.04915475 0.6663199 
 0.00260078 0.35188557 0.15786736 0.48764629
 0.22548765 0.2023407  0.27854356 0.29362809

MOTIF human_l3_f_53
letter-probability matrix: alength= 4 w= 9 
 0.50372081 0.16063639 0.21016166 0.12548114
 0.4665127  0.19040287 0.15216833 0.19091609
 0.56915576 0.07313318 0.33769566 0.0200154 
 0.49217347 0.07159353 0.02232487 0.41390813
 0.08929946 0.0302797  0.42648191 0.45393893
 0.36438286 0.00487555 0.4931999  0.1375417 
 0.12137542 0.07749551 0.25917372 0.54195535
 0.11265076 0.28021555 0.4562484  0.1508853 
 0.22632794 0.14498332 0.28047216 0.34821658

MOTIF human_l3_f_54
letter-probability matrix: alength= 4 w= 9 
 0.49271286 0.30478139 0.10278701 0.09971874
 0.75274866 0.03144976 0.20506264 0.01073894
 0.34850422 0.22756328 0.16364101 0.26029149
 0.15034518 0.14906673 0.37560726 0.32498082
 0.54947584 0.00690361 0.30554845 0.1380721 
 0.0984403  0.11838405 0.23727947 0.54589619
 0.18409614 0.15034518 0.59703401 0.06852467
 0.12707747 0.19176681 0.36819228 0.31296344
 0.18102787 0.35489645 0.21477883 0.24929686

MOTIF human_l3_f_55
letter-probability matrix: alength= 4 w= 9 
 0.34567588 0.23357849 0.19604362 0.224702  
 9.50545270e-01 2.53613999e-04 4.89475019e-02 2.53613999e-04
 0.21252853 0.01217347 0.0852143  0.69008369
 0.08775044 0.09485164 0.75602333 0.06137459
 0.46614253 0.04057824 0.16155212 0.33172711
 0.05833122 0.14405275 0.17347198 0.62414405
 0.06593964 0.08394623 0.50748161 0.34263251
 0.19477555 0.20314481 0.24372305 0.35835658
 0.21328937 0.2553893  0.20136952 0.32995181

MOTIF human_l3_f_56
letter-probability matrix: alength= 4 w= 9 
 0.87932443 0.01607192 0.03840915 0.0661945 
 0.12122038 0.03159902 0.03759194 0.80958867
 0.08635249 0.03350586 0.8011441  0.07899755
 0.459003   0.12966494 0.32388995 0.08744211
 0.26314356 0.29229093 0.08471806 0.35984745
 0.17679107 0.08553528 0.56442386 0.1732498 
 0.40479433 0.17815309 0.22773086 0.18932171
 0.1530918  0.19259057 0.28874966 0.36556797
 0.27758104 0.1786979  0.37346772 0.17025334

MOTIF human_l3_f_57
letter-probability matrix: alength= 4 w= 9 
 0.43406593 0.07267732 0.21503497 0.27822178
 0.37112887 0.21028971 0.26748252 0.1510989 
 0.18331668 0.15959041 0.06643357 0.59065934
 0.09040959 0.17332667 0.21478521 0.52147852
 0.20779221 0.18081918 0.14285714 0.46853147
 0.10789211 0.16458541 0.17957043 0.54795205
 0.04245754 0.27872128 0.00649351 0.67232767
 0.21103896 0.41583417 0.02397602 0.34915085
 0.06943057 0.12112887 0.06393606 0.7455045 

MOTIF human_l3_f_58
letter-probability matrix: alength= 4 w= 9 
 0.28854167 0.13072917 0.240625   0.34010417
 0.18828125 0.21015625 0.25494792 0.34661458
 0.184375  0.2296875 0.1625    0.4234375
 0.96276042 0.00286458 0.01536458 0.01901042
 0.015625   0.00703125 0.0203125  0.95703125
 2.60416667e-04 2.60416667e-04 9.53125000e-01 4.63541667e-02
 0.2578125  0.22317708 0.12734375 0.39166667
 0.20625    0.13932292 0.33229167 0.32213542
 0.24661458 0.24817708 0.12578125 0.37942708

MOTIF human_l3_f_59
letter-probability matrix: alength= 4 w= 9 
 0.06554019 0.1172555  0.21505376 0.60215054
 0.14080901 0.04761905 0.13517665 0.67639529
 5.68868408e-01 1.22887865e-02 4.18330773e-01 5.12032770e-04
 0.0296979  0.00460829 0.17101895 0.79467486
 4.60829493e-03 8.75576037e-02 5.12032770e-04 9.07322069e-01
 0.02252944 0.07424475 0.07987711 0.82334869
 0.0593958  0.03328213 0.06041987 0.8469022 
 0.52022529 0.0952381  0.36815156 0.01638505
 0.14592934 0.05478751 0.14234511 0.65693804

MOTIF human_l3_f_60
letter-probability matrix: alength= 4 w= 9 
 0.31009024 0.19004649 0.19797648 0.30188679
 0.18293683 0.28110473 0.25950232 0.27645611
 0.05414274 0.00273448 0.00929724 0.93382554
 0.37024884 0.00410172 0.57806946 0.04757998
 0.72108285 0.06644791 0.17117856 0.04129068
 0.00437517 0.12496582 0.03089964 0.83975937
 0.42083675 0.1208641  0.34645885 0.11184031
 0.54470878 0.05168171 0.28110473 0.12250479
 0.2775499  0.21821165 0.17856166 0.32567678

MOTIF human_l3_f_61
letter-probability matrix: alength= 4 w= 9 
 0.26017753 0.30823385 0.22375268 0.20783594
 0.37741047 0.43924089 0.10254056 0.08080808
 7.11355984e-01 3.06091215e-04 2.88031833e-01 3.06091215e-04
 0.27854301 0.23232323 0.21395776 0.275176  
 0.23079278 0.21303949 0.28956229 0.26660545
 0.79706152 0.11662075 0.07897153 0.00734619
 0.05448424 0.04254668 0.00795837 0.89501071
 0.02234466 0.01224365 0.95653505 0.00887665
 0.17447199 0.12488522 0.39608203 0.30456076

MOTIF human_l3_f_62
letter-probability matrix: alength= 4 w= 9 
 0.24295302 0.09530201 0.24026846 0.42147651
 0.07449664 0.06208054 0.5204698  0.34295302
 3.35570470e-04 1.51677852e-01 1.44295302e-02 8.33557047e-01
 0.27315436 0.01040268 0.04597315 0.6704698 
 0.03456376 0.01610738 0.14127517 0.80805369
 0.62013423 0.36073826 0.01040268 0.00872483
 0.12416107 0.03624161 0.08959732 0.75      
 0.03355705 0.01912752 0.2738255  0.67348993
 0.2795302  0.12013423 0.05939597 0.5409396 

MOTIF human_l3_f_63
letter-probability matrix: alength= 4 w= 9 
 0.08391608 0.22502498 0.59065934 0.1003996 
 0.12437562 0.10639361 0.49450549 0.27472527
 0.03296703 0.03221778 0.59815185 0.33666334
 0.05494505 0.02047952 0.81993007 0.10464535
 0.03946054 0.07392607 0.79195804 0.09465534
 0.52072927 0.2997003  0.13236763 0.0472028 
 0.08166833 0.26948052 0.53021978 0.11863137
 0.23326673 0.64060939 0.02672328 0.0994006 
 0.08916084 0.40284715 0.23676324 0.27122877

MOTIF human_l3_f_64
letter-probability matrix: alength= 4 w= 9 
 0.15960416 0.20629282 0.47982745 0.15427556
 0.18345598 0.04592743 0.75057092 0.02004567
 0.04618117 0.03501649 0.84547069 0.07333164
 0.14514083 0.31895458 0.38949505 0.14640954
 0.00101497 0.18447095 0.59934027 0.21517381
 0.26769855 0.22481604 0.34077645 0.16670896
 0.21415884 0.46079675 0.20629282 0.11875159
 0.26922101 0.39659985 0.14742451 0.18675463
 0.45699061 0.26186247 0.15072317 0.13042375

MOTIF human_l3_f_65
letter-probability matrix: alength= 4 w= 9 
 0.19823944 0.22183099 0.45422535 0.12570423
 0.00633803 0.7471831  0.0528169  0.19366197
 0.11690141 0.47992958 0.01901408 0.38415493
 8.80281690e-03 8.91197183e-01 3.52112676e-04 9.96478873e-02
 0.02887324 0.69753521 0.04401408 0.22957746
 1.77816901e-01 8.00352113e-01 3.52112676e-04 2.14788732e-02
 0.07429577 0.71584507 0.18309859 0.02676056
 0.09823944 0.61126761 0.18028169 0.11021127
 0.16338028 0.28521127 0.45774648 0.09366197

MOTIF human_l3_f_66
letter-probability matrix: alength= 4 w= 9 
 0.30023154 0.35271418 0.18471829 0.16233599
 0.45896578 0.31695395 0.12889118 0.09518909
 0.72883972 0.03627476 0.13455107 0.10033445
 0.14741446 0.14484178 0.26833033 0.43941343
 0.34113712 0.14046823 0.44430152 0.07409313
 0.56933368 0.12889118 0.02675585 0.2750193 
 0.10933882 0.04373553 0.30434783 0.54257782
 0.10625161 0.08464111 0.68973501 0.11937227
 0.20555698 0.15487523 0.38898894 0.25057885

MOTIF human_l3_f_67
letter-probability matrix: alength= 4 w= 9 
 0.35240398 0.1383293  0.37389202 0.1353747 
 0.32634972 0.3199033  0.11603546 0.23771152
 0.46414182 0.11173785 0.05694333 0.36717701
 0.25060435 0.13000269 0.16599517 0.4533978 
 0.40639269 0.03250067 0.20843406 0.35267258
 0.45071179 0.24630674 0.01181843 0.29116304
 0.62664518 0.05694333 0.21864088 0.09777062
 0.56271824 0.06661295 0.36744561 0.00322321
 0.19742143 0.16304056 0.13913511 0.5004029 

MOTIF human_l3_f_68
letter-probability matrix: alength= 4 w= 9 
 0.60789211 0.15484515 0.16258741 0.07467532
 0.79895105 0.04120879 0.13686314 0.02297702
 0.38711289 0.16483516 0.252997   0.19505495
 0.48651349 0.1520979  0.14035964 0.22102897
 0.54395604 0.06143856 0.09440559 0.3001998 
 0.04145854 0.08616384 0.34965035 0.52272727
 0.19605395 0.06093906 0.66483516 0.07817183
 0.27372627 0.23276723 0.29320679 0.2002997 
 0.27572428 0.25999001 0.26148851 0.2027972 

MOTIF human_l3_f_69
letter-probability matrix: alength= 4 w= 9 
 0.36682243 0.06191589 0.12694704 0.44431464
 0.27920561 0.05218069 0.2161215  0.45249221
 0.43886293 0.105919   0.09423676 0.36098131
 0.91433022 0.02453271 0.03738318 0.02375389
 0.24143302 0.0385514  0.02375389 0.69626168
 3.89408100e-04 2.12227414e-01 2.29750779e-02 7.64408100e-01
 0.23520249 0.09929907 0.18457944 0.480919  
 0.00077882 0.06035826 0.59073209 0.34813084
 0.52570093 0.07476636 0.26518692 0.13434579

MOTIF human_l3_f_70
letter-probability matrix: alength= 4 w= 9 
 0.07103275 0.42267003 0.24760705 0.25869018
 0.26523929 0.37254408 0.14357683 0.2186398 
 0.29319899 0.12065491 0.51889169 0.06725441
 0.13828715 0.10201511 0.57531486 0.18438287
 0.81738035 0.10881612 0.00528967 0.06851385
 0.04508816 0.11813602 0.55869018 0.27808564
 0.04005038 0.37455919 0.12871537 0.45667506
 0.05365239 0.12921914 0.62720403 0.18992443
 0.07254408 0.23350126 0.56146096 0.1324937 

MOTIF human_l3_f_71
letter-probability matrix: alength= 4 w= 9 
 0.05402972 0.05447996 0.7523638  0.13912652
 0.08554705 0.02296263 0.81809995 0.07339036
 0.09095002 0.32642954 0.57046376 0.01215669
 0.19450698 0.20126069 0.55020261 0.05402972
 1.98108960e-02 7.01485817e-01 4.50247636e-04 2.78253039e-01
 0.0859973  0.68977938 0.19990995 0.02431337
 0.2183701  0.62719496 0.02296263 0.13147231
 0.09095002 0.5529041  0.10805943 0.24808645
 0.22377308 0.53669518 0.15848717 0.08104457

MOTIF human_l3_f_72
letter-probability matrix: alength= 4 w= 9 
 0.49389606 0.03976282 0.41192885 0.05441228
 0.28426927 0.041158   0.35263341 0.32193931
 0.0209278  0.29438437 0.22602023 0.4586676 
 0.17265434 0.27729334 0.28915242 0.2608999 
 0.36519009 0.30554587 0.12173003 0.20753401
 0.33833275 0.21276596 0.15451692 0.29438437
 0.17788629 0.26717824 0.14509941 0.40983607
 0.07464248 0.00244158 0.88419951 0.03871643
 0.24241367 0.24555284 0.38123474 0.13079874

MOTIF human_l3_f_73
letter-probability matrix: alength= 4 w= 9 
 0.40905304 0.12607609 0.26520411 0.19966676
 0.32685365 0.31074701 0.14023882 0.22216051
 0.54346015 0.27409053 0.10913635 0.07331297
 0.8697584  0.05859483 0.02054985 0.05109692
 0.3893363  0.18744793 0.06387115 0.35934463
 0.47597889 0.13940572 0.25465149 0.1299639 
 0.55345737 0.00361011 0.12690919 0.31602333
 0.06442655 0.11607887 0.24576507 0.57372952
 0.05054152 0.05248542 0.67425715 0.22271591

MOTIF human_l3_f_74
letter-probability matrix: alength= 4 w= 9 
 0.4296074  0.09027257 0.21330333 0.2668167 
 0.048012   0.04076019 0.05301325 0.85821455
 0.01325331 0.00625156 0.14503626 0.83545886
 0.94098525 0.00675169 0.01925481 0.03300825
 0.02675669 0.08902226 0.01175294 0.87246812
 0.1667917  0.26256564 0.00325081 0.56739185
 0.06276569 0.04351088 0.55413853 0.3395849 
 0.26981745 0.06626657 0.06251563 0.60140035
 0.30907727 0.06376594 0.16054014 0.46661665

MOTIF human_l3_f_75
letter-probability matrix: alength= 4 w= 9 
 0.19216182 0.49968394 0.19532238 0.11283186
 7.18394437e-01 2.28192162e-01 5.30973451e-02 3.16055626e-04
 0.54519595 0.04962073 0.28792668 0.11725664
 0.28286979 0.36283186 0.19247788 0.16182048
 0.34860936 0.23451327 0.1068268  0.31005057
 0.30404551 0.23198483 0.04456384 0.41940582
 0.05720607 0.005689   0.56731985 0.36978508
 0.1125158  0.04013906 0.45164349 0.39570164
 0.22914033 0.1965866  0.17035398 0.40391909

MOTIF human_l3_f_76
letter-probability matrix: alength= 4 w= 9 
 0.25884732 0.17829457 0.21469498 0.34816313
 0.21435794 0.26626222 0.30637007 0.21300977
 0.06639703 0.00707786 0.04280418 0.88372093
 0.4314122  0.03572632 0.4735423  0.05931918
 0.69632626 0.00572969 0.28715875 0.01078531
 0.01752612 0.04010785 0.23491743 0.7074486 
 0.55072464 0.08965285 0.32423323 0.03538928
 0.64812942 0.07347489 0.23929896 0.03909673
 0.30535895 0.14930907 0.22109875 0.32423323

MOTIF human_l3_f_77
letter-probability matrix: alength= 4 w= 9 
 0.43910673 0.112698   0.29732537 0.1508699 
 0.38197871 0.24149572 0.06336017 0.31316541
 0.55544015 0.13840561 0.05089587 0.25525837
 0.7364321  0.01324331 0.03401714 0.21630745
 0.53882109 0.09555959 0.05167489 0.31394443
 0.1241236  0.2368216  0.01480135 0.62425344
 0.32407167 0.03193976 0.13165412 0.51233446
 0.02259153 0.19189821 0.6323033  0.15320696
 0.01116593 0.46663204 0.07037133 0.45183069

MOTIF human_l3_f_78
letter-probability matrix: alength= 4 w= 9 
 0.31134222 0.16152096 0.12447189 0.40266493
 0.05654859 0.39096523 0.10757231 0.44491388
 0.57101072 0.12284693 0.1358466  0.17029574
 3.24991875e-04 2.22944426e-01 1.73220669e-01 6.03509912e-01
 0.35684108 0.04192395 0.31556711 0.28566786
 0.05979851 0.78843029 0.01007475 0.14169646
 6.69808255e-01 3.24991875e-04 2.00519987e-01 1.29346766e-01
 0.67078323 0.06174846 0.15274618 0.11472213
 0.34351641 0.0438739  0.23919402 0.37341566

MOTIF human_l3_f_79
letter-probability matrix: alength= 4 w= 9 
 0.15840841 0.1524024  0.17892893 0.51026026
 0.0975976  0.13288288 0.18318318 0.58633634
 0.00800801 0.0533033  0.00725726 0.93143143
 5.76576577e-01 2.50250250e-04 3.20320320e-01 1.02852853e-01
 0.53753754 0.08358358 0.26226226 0.11661662
 0.28928929 0.00125125 0.05455455 0.6549049 
 0.73123123 0.0025025  0.19169169 0.07457457
 0.53378378 0.02827828 0.20920921 0.22872873
 0.23973974 0.13888889 0.21496496 0.40640641

MOTIF human_l3_f_80
letter-probability matrix: alength= 4 w= 9 
 0.27575758 0.49520202 0.16919192 0.05984848
 0.27171717 0.16262626 0.45126263 0.11439394
 0.45883838 0.16262626 0.23131313 0.14722222
 0.2729798  0.49469697 0.11338384 0.11893939
 0.03914141 0.32323232 0.4280303  0.20959596
 0.22550505 0.23358586 0.24823232 0.29267677
 0.38207071 0.16994949 0.24343434 0.20454545
 0.57348485 0.24747475 0.08712121 0.09191919
 0.07222222 0.08737374 0.74621212 0.09419192

MOTIF human_l3_f_81
letter-probability matrix: alength= 4 w= 9 
 0.28346653 0.14335664 0.15784216 0.41533467
 0.18456543 0.12162837 0.09215784 0.60164835
 0.09965035 0.13986014 0.18856144 0.57192807
 0.07292707 0.03971029 0.06768232 0.81968032
 0.47077922 0.00074925 0.1958042  0.33266733
 0.44305694 0.04395604 0.36363636 0.14935065
 0.22927073 0.02722278 0.04995005 0.69355644
 0.65434565 0.03821179 0.23051948 0.07692308
 0.61538462 0.01723277 0.23226773 0.13511489

MOTIF human_l3_f_82
letter-probability matrix: alength= 4 w= 9 
 0.24259259 0.13544974 0.31269841 0.30925926
 0.14021164 0.06402116 0.4952381  0.3005291 
 0.23412698 0.16507937 0.23756614 0.36322751
 0.16640212 0.16216931 0.51190476 0.15952381
 0.7521164  0.08597884 0.13835979 0.02354497
 0.28703704 0.03703704 0.03624339 0.63968254
 0.26296296 0.01349206 0.68201058 0.04153439
 0.43121693 0.20132275 0.10978836 0.25767196
 0.16058201 0.11005291 0.16269841 0.56666667

MOTIF human_l3_f_83
letter-probability matrix: alength= 4 w= 9 
 0.20274771 0.2510408  0.15320566 0.39300583
 0.15570358 0.48667777 0.2214821  0.13613655
 0.26144879 0.1519567  0.58534555 0.00124896
 0.00666112 0.13988343 0.31890092 0.53455454
 0.10699417 0.02664446 0.49958368 0.36677769
