MEME version 5.3.0

ALPHABET= ACGT

strands: + -

Background letter frequencies
A 0.25 C 0.25 G 0.25 T 0.25

MOTIF human_l3_f_0
letter-probability matrix: alength= 4 w= 9 
 0.27210884 0.32591218 0.19264069 0.20933828
 0.48206555 0.24860853 0.20748299 0.06184292
 0.29715523 0.34013605 0.10946197 0.25324675
 0.34662956 0.29344465 0.10544218 0.25448361
 0.86765615 0.06060606 0.03370439 0.0380334 
 8.34879406e-03 1.45330860e-01 3.09214595e-04 8.46011132e-01
 6.18429190e-04 1.29251701e-01 8.41991342e-01 2.81385281e-02
 0.04329004 0.36116265 0.3899196  0.20562771
 0.20593692 0.30766852 0.22232529 0.26406926

MOTIF human_l3_f_1
letter-probability matrix: alength= 4 w= 9 
 0.06886703 0.62043796 0.08060933 0.23008569
 0.03332275 0.52173913 0.38273564 0.06220248
 0.06156776 0.77372263 0.15106315 0.01364646
 0.00412567 0.59409711 0.38686131 0.0149159 
 9.20342748e-03 9.69533481e-01 3.17359568e-04 2.09457315e-02
 0.04125674 0.94604887 0.00729927 0.00539511
 0.1907331  0.4576325  0.15582355 0.19581085
 0.12662647 0.15994922 0.5258648  0.1875595 
 0.06728023 0.36369407 0.46239289 0.10663281

MOTIF human_l3_f_2
letter-probability matrix: alength= 4 w= 9 
 0.2777634  0.08749676 0.15169557 0.48304427
 0.60937096 0.02278022 0.16593321 0.20191561
 0.5500906  0.09992234 0.0711882  0.27879886
 0.68366554 0.13279834 0.03054621 0.1529899 
 0.16826301 0.50453016 0.05720942 0.26999741
 0.0015532  0.37380274 0.35671758 0.26792648
 0.03028734 0.18871344 0.21356459 0.56743464
 0.06834067 0.29588403 0.55630339 0.07947191
 0.35024592 0.16386228 0.30054362 0.18534817

MOTIF human_l3_f_3
letter-probability matrix: alength= 4 w= 9 
 0.5467033  0.07442557 0.23226773 0.1466034 
 0.21378621 0.38886114 0.19205794 0.20529471
 2.49750250e-04 6.67332667e-01 4.49550450e-03 3.27922078e-01
 0.30994006 0.18956044 0.36988012 0.13061938
 0.09040959 0.06643357 0.45304695 0.39010989
 0.10664336 0.51198801 0.25424575 0.12712288
 0.14485514 0.09415584 0.24100899 0.51998002
 0.03696304 0.18381618 0.29270729 0.48651349
 0.249001   0.38611389 0.08516484 0.27972028

MOTIF human_l3_f_4
letter-probability matrix: alength= 4 w= 9 
 0.07700076 0.25978288 0.52991669 0.13329967
 0.23554658 0.4806867  0.08204999 0.20171674
 0.26306488 0.25018935 0.10552891 0.38121686
 0.03559707 0.04922999 0.68417066 0.23100227
 0.01186569 0.54859884 0.24463519 0.19490028
 0.06336784 0.91795001 0.01262307 0.00605908
 0.01110831 0.66245898 0.11587983 0.21055289
 0.21131028 0.56046453 0.11133552 0.11688967
 0.13632921 0.51072961 0.28578642 0.06715476

MOTIF human_l3_f_5
letter-probability matrix: alength= 4 w= 9 
 0.59097222 0.21666667 0.17361111 0.01875   
 0.73680556 0.07916667 0.04444444 0.13958333
 0.50347222 0.07013889 0.27708333 0.14930556
 0.16041667 0.26666667 0.02986111 0.54305556
 0.0625     0.03819444 0.05763889 0.84166667
 0.62152778 0.08819444 0.21458333 0.07569444
 0.47847222 0.02986111 0.48611111 0.00555556
 0.09375    0.13333333 0.21111111 0.56180556
 0.32430556 0.13958333 0.21458333 0.32152778

MOTIF human_l3_f_6
letter-probability matrix: alength= 4 w= 9 
 0.11245893 0.31412686 0.3495072  0.223907  
 0.12282032 0.29770028 0.53449583 0.04498357
 3.49001769e-01 1.25852919e-01 5.24892595e-01 2.52716705e-04
 0.13115997 0.26055092 0.28481173 0.32347738
 0.10184483 0.16300227 0.54788982 0.18726308
 0.52388173 0.08718726 0.35203437 0.03689664
 0.04473086 0.22769775 0.16603487 0.56153652
 0.14859742 0.03436947 0.68814759 0.12888552
 0.12282032 0.22415972 0.38539297 0.26762699

MOTIF human_l3_f_7
letter-probability matrix: alength= 4 w= 9 
 0.15462055 0.44475994 0.07176045 0.32885906
 0.24006195 0.16288074 0.38745483 0.20960248
 0.27077956 0.12570986 0.24935467 0.35415591
 0.06711409 0.18533815 0.00696954 0.74057821
 0.10686629 0.04052659 0.53175013 0.320857  
 3.00722767e-01 2.58131131e-04 5.12648425e-01 1.86370676e-01
 0.09060403 0.35622096 0.08647393 0.46670108
 0.18843573 0.11615901 0.54233351 0.15307176
 0.0779556  0.30407847 0.14610222 0.47186371

MOTIF human_l3_f_8
letter-probability matrix: alength= 4 w= 9 
 0.09131849 0.14335752 0.08406305 0.68126095
 0.11833875 0.20340255 0.00175131 0.67650738
 0.11183388 0.008006   0.13985489 0.74030523
 0.08531399 0.01501126 0.15411559 0.74555917
 0.00700525 0.20465349 0.01075807 0.77758319
 0.15886915 0.03302477 0.05153865 0.75656743
 2.40180135e-02 2.50187641e-04 2.07905929e-01 7.67825869e-01
 0.04303227 0.02852139 0.35401551 0.57443082
 0.04903678 0.04403302 0.17588191 0.73104829

MOTIF human_l3_f_9
letter-probability matrix: alength= 4 w= 9 
 0.03300971 0.0038835  0.56699029 0.3961165 
 0.00970874 0.17281553 0.18834951 0.62912621
 0.24466019 0.25631068 0.25631068 0.24271845
 0.65048544 0.00194175 0.34563107 0.00194175
 0.32815534 0.1184466  0.44466019 0.10873786
 0.2407767  0.11067961 0.38252427 0.26601942
 0.4368932  0.07378641 0.40776699 0.0815534 
 0.01747573 0.07961165 0.28349515 0.61941748
 0.04660194 0.19417476 0.59805825 0.16116505

MOTIF human_l3_f_10
letter-probability matrix: alength= 4 w= 9 
 0.0889538  0.20419543 0.08470526 0.62214551
 0.00345194 0.11763144 0.20924057 0.66967605
 0.32474774 0.09798194 0.07806691 0.4992034 
 0.07806691 0.46468401 0.07249071 0.38475836
 0.07249071 0.06956984 0.15480616 0.7031333 
 0.34705258 0.0212427  0.228359   0.40334572
 0.56133829 0.01274562 0.26872013 0.15719596
 0.32262347 0.08709506 0.26978226 0.3204992 
 0.35767392 0.22304833 0.08762613 0.33165162

MOTIF human_l3_f_11
letter-probability matrix: alength= 4 w= 9 
 0.26086957 0.18372017 0.17227852 0.38313174
 0.24681268 0.17522066 0.201373   0.37659366
 8.75449493e-01 3.26904217e-04 1.23896698e-01 3.26904217e-04
 0.2170644  0.12160837 0.11572409 0.54560314
 0.2716574  0.21412226 0.09872507 0.41549526
 8.09087937e-01 3.26904217e-04 3.26904217e-04 1.90258254e-01
 3.26904217e-04 3.26904217e-04 2.61523374e-03 9.96730958e-01
 3.26904217e-04 3.26904217e-04 8.09087937e-01 1.90258254e-01
 0.14481857 0.11735861 0.22425629 0.51356653

MOTIF human_l3_f_12
letter-probability matrix: alength= 4 w= 9 
 0.22261218 0.20631737 0.31937829 0.25169215
 0.14690399 0.26272249 0.32113312 0.26924041
 0.07871647 0.13386814 0.09827024 0.68914515
 0.49260466 0.06743545 0.25495112 0.18500877
 0.35447481 0.0779644  0.41865129 0.1489095 
 0.06292304 0.01453998 0.06242166 0.86011532
 0.3404362  0.03760341 0.58485836 0.03710203
 0.75206819 0.03409376 0.17071948 0.04311858
 0.42291301 0.11130609 0.23890699 0.2268739 

MOTIF human_l3_f_13
letter-probability matrix: alength= 4 w= 9 
 0.42344378 0.15913655 0.35818273 0.05923695
 0.30522088 0.01757028 0.40813253 0.26907631
 0.12173695 0.21611446 0.21937751 0.44277108
 0.1001506  0.14583333 0.32931727 0.4246988 
 0.18222892 0.04593373 0.34713855 0.4246988 
 0.1310241  0.00251004 0.44176707 0.4246988 
 0.33232932 0.01129518 0.18574297 0.47063253
 0.19252008 0.13353414 0.23945783 0.43448795
 0.16516064 0.08910643 0.32178715 0.42394578

MOTIF human_l3_f_14
letter-probability matrix: alength= 4 w= 9 
 0.20980616 0.36145952 0.21892816 0.20980616
 0.0336374  0.43842645 0.39566705 0.1322691 
 0.41676169 0.45553022 0.07126568 0.05644242
 0.03876853 0.47377423 0.25655644 0.2309008 
 0.52337514 0.4013683  0.00057013 0.07468643
 3.42075257e-03 5.70125428e-04 8.05587229e-01 1.90421893e-01
 0.35290764 0.19840365 0.00741163 0.44127708
 0.32896237 0.05530217 0.35176739 0.26396807
 0.31014823 0.13625998 0.0336374  0.51995439

MOTIF human_l3_f_15
letter-probability matrix: alength= 4 w= 9 
 0.22903034 0.07822725 0.08506841 0.607674  
 0.52290303 0.01249256 0.14901844 0.31558596
 0.35663296 0.09339679 0.23259964 0.31737061
 0.04729328 0.02022606 0.02141582 0.91106484
 0.48245092 0.05413444 0.41820345 0.04521118
 0.77900059 0.01665675 0.18798334 0.01635931
 0.38072576 0.13206425 0.19185009 0.2953599 
 0.25907198 0.16954194 0.13146936 0.43991672
 0.18233195 0.11362284 0.1543724  0.54967281

MOTIF human_l3_f_16
letter-probability matrix: alength= 4 w= 9 
 0.05368732 0.16755162 0.23126844 0.54749263
 0.01356932 0.16932153 0.02831858 0.78879056
 0.05162242 0.07581121 0.51887906 0.35368732
 0.05988201 0.20471976 0.39970501 0.33569322
 0.14306785 0.28879056 0.00117994 0.56696165
 0.3259587  0.15427729 0.31415929 0.20560472
 0.05103245 0.35958702 0.40530973 0.1840708 
 0.0920354  0.40353982 0.21769912 0.28672566
 0.26755162 0.15162242 0.22359882 0.35722714

MOTIF human_l3_f_17
letter-probability matrix: alength= 4 w= 9 
 0.16335996 0.2535429  0.17495491 0.40814223
 0.10332389 0.20175213 0.22700335 0.46792064
 0.14197372 0.230353   0.16928627 0.45838701
 0.95027055 0.00128833 0.04199948 0.00644164
 0.02370523 0.00979129 0.01752126 0.94898222
 5.92630765e-02 2.57665550e-04 9.40221592e-01 2.57665550e-04
 0.17289358 0.18758052 0.25998454 0.37954136
 0.11337284 0.25045091 0.33161556 0.30456068
 0.22932234 0.23756764 0.16439062 0.3687194 

MOTIF human_l3_f_18
letter-probability matrix: alength= 4 w= 9 
 0.02439024 0.05182927 0.46341463 0.46036585
 0.05106707 0.00685976 0.26753049 0.67454268
 2.54065041e-04 2.54065041e-04 2.23577236e-02 9.77134146e-01
 2.54065041e-04 2.54065041e-04 3.92530488e-01 6.06961382e-01
 0.04192073 0.00533537 0.01498984 0.93775407
 0.02591463 0.03887195 0.17301829 0.76219512
 0.06402439 0.12779472 0.0995935  0.7085874 
 0.16260163 0.02083333 0.05106707 0.76549797
 0.02743902 0.01905488 0.05259146 0.90091463

MOTIF human_l3_f_19
letter-probability matrix: alength= 4 w= 9 
 0.1902105  0.07938118 0.11311184 0.61729647
 0.46487446 0.06543241 0.31016992 0.15952321
 0.52244484 0.0725336  0.24575197 0.15926959
 0.17474005 0.06365711 0.10930763 0.65229521
 0.44357089 0.06213543 0.27162059 0.22267309
 0.43773776 0.08115648 0.32234339 0.15876236
 0.07177276 0.03271621 0.03094091 0.86457012
 0.66167892 0.0362668  0.22318032 0.07887395
 0.65280243 0.03195536 0.23687548 0.07836673

MOTIF human_l3_f_20
letter-probability matrix: alength= 4 w= 9 
 0.36132711 0.30533955 0.13011923 0.2032141 
 0.4688958  0.14800415 0.31000518 0.07309487
 8.35666148e-01 2.59201659e-04 5.70243650e-03 1.58372214e-01
 5.70243650e-03 2.59201659e-04 1.58372214e-01 8.35666148e-01
 7.28356661e-02 7.77604977e-04 9.09797823e-01 1.65889062e-02
 0.21643339 0.25220321 0.17081389 0.36054951
 0.28356661 0.13089684 0.35225505 0.23328149
 0.29237947 0.26205288 0.20528771 0.24027994
 0.29237947 0.29834111 0.23224469 0.17703473

MOTIF human_l3_f_21
letter-probability matrix: alength= 4 w= 9 
 0.16696225 0.103623   0.04028376 0.68913099
 0.22523436 0.12034457 0.39092982 0.26349126
 0.44261464 0.25006334 0.09982265 0.20749937
 0.16974918 0.18444388 0.38839625 0.25741069
 0.05725868 0.16417532 0.19533823 0.58322777
 0.13883963 0.11527743 0.28021282 0.46567013
 0.15201419 0.17152268 0.29642767 0.38003547
 0.0960223  0.26019762 0.50848746 0.13529263
 0.07955409 0.67190271 0.12237142 0.12617178

MOTIF human_l3_f_22
letter-probability matrix: alength= 4 w= 9 
 0.45807927 0.20401423 0.10340447 0.23450203
 0.13922764 0.0835874  0.12245935 0.65472561
 0.02794715 0.19740854 0.24059959 0.53404472
 0.18470528 0.02566057 0.13185976 0.65777439
 0.04192073 0.06427846 0.48628049 0.40752033
 0.20706301 0.01041667 0.44486789 0.33765244
 0.38922764 0.01676829 0.17835366 0.41565041
 0.28023374 0.12322154 0.28556911 0.31097561
 0.22637195 0.08638211 0.32113821 0.36610772

MOTIF human_l3_f_23
letter-probability matrix: alength= 4 w= 9 
 0.20380506 0.09225958 0.61975502 0.08418035
 0.39066979 0.02580141 0.32812093 0.25540787
 0.18425854 0.16497263 0.53792025 0.11284858
 0.33593954 0.00833985 0.47511076 0.18060985
 0.03414126 0.21058118 0.52045869 0.23481887
 0.19546521 0.17826427 0.60724524 0.01902528
 0.36851707 0.12666145 0.27964556 0.22517592
 0.041178   0.3612197  0.27964556 0.31795674
 0.24263748 0.18034923 0.17018504 0.40682825

MOTIF human_l3_f_24
letter-probability matrix: alength= 4 w= 9 
 0.21927409 0.24906133 0.25907384 0.27259074
 0.14443054 0.21952441 0.25607009 0.37997497
 0.06908636 0.1922403  0.39699625 0.3416771 
 0.04630788 0.08911139 0.38923655 0.47534418
 0.16520651 0.36795995 0.08485607 0.38197747
 0.16445557 0.33091364 0.01051314 0.49411765
 0.33892365 0.21702128 0.27784731 0.16620776
 0.32515645 0.26508135 0.27158949 0.13817272
 0.23979975 0.11539424 0.1864831  0.4583229 

MOTIF human_l3_f_25
letter-probability matrix: alength= 4 w= 9 
 0.0861226  0.16209101 0.18653629 0.56525009
 0.03535164 0.23542685 0.12109816 0.60812335
 0.25009402 0.17939075 0.10943964 0.46107559
 0.52275291 0.11508086 0.10605491 0.25611132
 0.58029334 0.00150432 0.01241068 0.40579165
 3.12147424e-02 3.76081234e-04 3.93757052e-01 5.74652125e-01
 0.13952614 0.15306506 0.59157578 0.11583302
 0.30537796 0.15043249 0.14930425 0.3948853 
 0.19142535 0.17939075 0.26814592 0.36103798

MOTIF human_l3_f_26
letter-probability matrix: alength= 4 w= 9 
 0.06156156 0.11861862 0.56656657 0.25325325
 0.17067067 0.17092092 0.18668669 0.47172172
 0.28153153 0.22897898 0.21946947 0.27002002
 0.21771772 0.05730731 0.21521522 0.50975976
 0.57257257 0.19369369 0.12837838 0.10535536
 0.03378378 0.0523023  0.43218218 0.48173173
 0.0533033  0.16116116 0.71571572 0.06981982
 0.27627628 0.10660661 0.46696697 0.15015015
 0.22447447 0.17892893 0.35585586 0.24074074

MOTIF human_l3_f_27
letter-probability matrix: alength= 4 w= 9 
 0.1971831  0.25048329 0.20160177 0.35073184
 0.14443524 0.17536592 0.31621099 0.36398785
 0.31344932 0.16349075 0.22562828 0.29743165
 9.48632974e-01 2.76166805e-04 5.08146921e-02 2.76166805e-04
 0.05550953 0.01684618 0.05578569 0.8718586 
 0.04943386 0.01988401 0.86633527 0.06434687
 0.39574703 0.18558409 0.16625242 0.25241646
 0.14995857 0.18116542 0.22507595 0.44380006
 0.10549572 0.22838995 0.32587683 0.3402375 

MOTIF human_l3_f_28
letter-probability matrix: alength= 4 w= 9 
 0.15607401 0.08205953 0.23169751 0.53016895
 0.17538214 0.09814964 0.538214   0.18825422
 0.4465004  0.11182623 0.38294449 0.05872888
 0.07964602 0.08769107 0.3226066  0.51005632
 0.37650845 0.09090909 0.26307321 0.26950925
 0.00402253 0.10056315 0.04344328 0.85197104
 0.11343524 0.10860821 0.49074819 0.28720837
 0.39179405 0.13193886 0.07964602 0.39662108
 0.13435237 0.03620274 0.30008045 0.52936444

MOTIF human_l3_f_29
letter-probability matrix: alength= 4 w= 9 
 0.15662955 0.10703441 0.05566802 0.68066802
 0.01847166 0.18572874 0.14144737 0.65435223
 0.12297571 0.14245951 0.10652834 0.62803644
 0.0382085  0.00581984 0.67130567 0.28466599
 0.02327935 0.05035425 0.26265182 0.66371457
 0.02074899 0.14043522 0.03846154 0.80035425
 0.0159413  0.10146761 0.46811741 0.41447368
 0.06578947 0.0055668  0.24544534 0.68319838
 0.10273279 0.08780364 0.15258097 0.65688259

MOTIF human_l3_f_30
letter-probability matrix: alength= 4 w= 9 
 0.27942354 0.09180678 0.52014945 0.10862023
 0.47851615 0.10755271 0.32986389 0.08406725
 0.01521217 0.00693888 0.46810782 0.50974113
 0.00827329 0.01094209 0.88203896 0.09874566
 0.21350414 0.15959434 0.47718175 0.14971978
 0.00240192 0.35388311 0.49239392 0.15132106
 0.10034694 0.25060048 0.3378703  0.31118228
 0.08486789 0.35468375 0.37630104 0.18414732
 0.06405124 0.42087003 0.33813718 0.17694155

MOTIF human_l3_f_31
letter-probability matrix: alength= 4 w= 9 
 0.20640366 0.51114923 0.05660377 0.22584334
 0.38822184 0.46883934 0.04574042 0.0971984 
 0.14636935 0.53916524 0.15208691 0.1623785 
 0.12578616 0.38993711 0.15951973 0.324757  
 0.10806175 0.49456832 0.17895941 0.21841052
 0.11092053 0.34248142 0.1292167  0.41738136
 0.30646083 0.50428816 0.10520297 0.08404803
 0.03887936 0.53173242 0.15437393 0.27501429
 0.17724414 0.57404231 0.07489994 0.17381361

MOTIF human_l3_f_32
letter-probability matrix: alength= 4 w= 9 
 0.41861075 0.05897772 0.07208388 0.45032765
 0.27732634 0.12346003 0.03145478 0.56775885
 1.82175623e-01 2.11271298e-01 2.62123198e-04 6.06290957e-01
 0.42909567 0.05845347 0.20419397 0.30825688
 0.35884666 0.30406291 0.11087811 0.22621232
 0.23486239 0.05294889 0.26841415 0.44377457
 0.48859764 0.00314548 0.29305374 0.21520315
 0.57614679 0.06815203 0.15963303 0.19606815
 0.12529489 0.1095675  0.1706422  0.59449541

MOTIF human_l3_f_33
letter-probability matrix: alength= 4 w= 9 
 0.57522418 0.06144138 0.06675523 0.29657921
 0.35337097 0.04151445 0.41381601 0.19129857
 0.03155098 0.06542677 0.05712388 0.84589837
 0.01760213 0.05812023 0.21022916 0.71404849
 0.15111259 0.15244105 0.1152441  0.58120226
 0.48455663 0.15177682 0.14447028 0.21919628
 0.68382597 0.03553637 0.12553969 0.15509797
 0.3540352  0.04749253 0.23181667 0.3666556 
 0.12952507 0.16871471 0.28628363 0.41547659

MOTIF human_l3_f_34
letter-probability matrix: alength= 4 w= 9 
 0.20751802 0.32569516 0.29660144 0.17018538
 0.10478888 0.496138   0.1184346  0.28063852
 0.27574665 0.37641607 0.03192585 0.31591143
 0.00823893 0.46035015 0.07878476 0.45262616
 0.00720906 0.52935118 0.42044284 0.04299691
 0.0623069  0.65525232 0.22785788 0.0545829 
 0.02986612 0.52059732 0.35247168 0.09706488
 0.0692585  0.42765191 0.15036045 0.35272915
 0.07337796 0.54067971 0.3169413  0.06900103

MOTIF human_l3_f_35
letter-probability matrix: alength= 4 w= 9 
 0.21108047 0.35347205 0.19252946 0.24291802
 0.40862372 0.25896215 0.09751817 0.23489596
 0.10654299 0.40060165 0.14539985 0.3474555 
 0.11205816 0.06944096 0.02180998 0.7966909 
 0.14941088 0.08548508 0.50789672 0.25720732
 0.13186262 0.05941339 0.44798195 0.36074204
 0.27049386 0.17798947 0.53873151 0.01278516
 0.06969165 0.52920531 0.18149912 0.21960391
 0.06919027 0.34820757 0.23564803 0.34695412

MOTIF human_l3_f_36
letter-probability matrix: alength= 4 w= 9 
 0.14816088 0.39085596 0.40254383 0.05843933
 0.05122035 0.36369887 0.45788931 0.12719147
 0.00275009 0.78824338 0.10690959 0.10209694
 0.06943967 0.52561018 0.37504297 0.02990718
 5.50017188e-03 5.81643176e-01 4.12512891e-01 3.43760743e-04
 6.32519766e-02 9.20935029e-01 1.54692334e-02 3.43760743e-04
 0.14059814 0.5744242  0.20556892 0.07940873
 0.22619457 0.50360949 0.20213132 0.06806463
 0.18322448 0.43073221 0.30766586 0.07837745

MOTIF human_l3_f_37
letter-probability matrix: alength= 4 w= 9 
 0.33509514 0.47040169 0.13557082 0.05893235
 0.19344609 0.13874207 0.43842495 0.22938689
 0.28726216 0.03382664 0.53356237 0.14534884
 0.1519556  0.6582981  0.02034884 0.16939746
 0.23890063 0.06395349 0.5422833  0.15486258
 0.09566596 0.07875264 0.30496829 0.52061311
 0.4505814  0.05840381 0.12024313 0.37077167
 0.35465116 0.0935518  0.31765328 0.23414376
 0.18789641 0.15486258 0.53435518 0.12288584

MOTIF human_l3_f_38
letter-probability matrix: alength= 4 w= 9 
 0.17257742 0.38286713 0.37837163 0.06618382
 0.24675325 0.08091908 0.65234765 0.01998002
 0.02597403 0.30594406 0.25549451 0.41258741
 0.00274725 0.21553447 0.56368631 0.21803197
 0.03121878 0.26373626 0.51898102 0.18606394
 0.15859141 0.43656344 0.3041958  0.10064935
 0.10564436 0.20354645 0.5034965  0.18731269
 0.10814186 0.36713287 0.4020979  0.12262737
 0.06368631 0.29145854 0.48051948 0.16433566

MOTIF human_l3_f_39
letter-probability matrix: alength= 4 w= 9 
 0.39353435 0.14858564 0.03357165 0.42430836
 0.34286602 0.12123096 0.11718993 0.41871309
 4.16537146e-02 5.90612372e-03 3.10848617e-04 9.52129313e-01
 5.94653404e-01 3.10848617e-04 2.48678893e-03 4.02548959e-01
 1.12216351e-01 3.10848617e-04 4.44824371e-01 4.42648430e-01
 0.13957103 0.02486789 0.22412185 0.61143923
 0.13770594 0.1687908  0.03916693 0.65433634
 0.13646254 0.09791731 0.05906124 0.70655891
 0.28473733 0.13615169 0.1342866  0.44482437

MOTIF human_l3_f_40
letter-probability matrix: alength= 4 w= 9 
 0.0219471  0.14687676 0.02504221 0.80613393
 0.00703433 0.092009   0.70343275 0.19752392
 0.05092853 0.0115363  0.48705684 0.45047833
 0.12099043 0.20680923 0.27293191 0.39926843
 0.2844682  0.15053461 0.03404615 0.53095104
 0.33849184 0.06865504 0.15869443 0.43415869
 0.05346089 0.47777153 0.04530107 0.42346652
 0.13843557 0.20315138 0.07456387 0.58384918
 0.21581317 0.28052898 0.05908835 0.4445695 

MOTIF human_l3_f_41
letter-probability matrix: alength= 4 w= 9 
 0.17925311 0.17648686 0.15159059 0.49266943
 0.29045643 0.26915629 0.07496542 0.36542185
 0.12863071 0.08215768 0.15076072 0.6384509 
 0.08990318 0.09598893 0.08990318 0.7242047 
 0.24923928 0.05034578 0.28215768 0.41825726
 0.51175657 0.18644537 0.18146611 0.12033195
 0.0077455  0.02102351 0.00940526 0.96182573
 0.66887967 0.0384509  0.1208852  0.17178423
 0.43098202 0.02102351 0.39474412 0.15325035

MOTIF human_l3_f_42
letter-probability matrix: alength= 4 w= 9 
 0.26626222 0.11358274 0.1479609  0.47219414
 0.18739467 0.19784294 0.4057971  0.20896528
 0.08628244 0.08021571 0.0256151  0.80788675
 0.51129087 0.04111898 0.3033367  0.14425345
 0.57398045 0.05021908 0.34883721 0.02696326
 0.10852713 0.03774857 0.08055275 0.77317155
 0.51533536 0.06875632 0.38894506 0.02696326
 0.66228514 0.03235592 0.2578362  0.04752275
 0.30299966 0.14020897 0.20997641 0.34681496

MOTIF human_l3_f_43
letter-probability matrix: alength= 4 w= 9 
 0.21593533 0.3221709  0.15242494 0.30946882
 0.34930716 0.29618938 0.17205543 0.18244804
 0.13337182 0.14549654 0.65993072 0.06120092
 0.03637413 0.52771363 0.40646651 0.02944573
 5.77367206e-04 8.79330254e-01 9.46882217e-02 2.54041570e-02
 5.77367206e-04 8.37759815e-01 1.51270208e-01 1.03926097e-02
 0.19168591 0.45669746 0.35046189 0.00115473
 0.1091224  0.51905312 0.3204388  0.05138568
 0.10854503 0.52424942 0.3187067  0.04849885

MOTIF human_l3_f_44
letter-probability matrix: alength= 4 w= 9 
 0.40824666 0.1333581  0.2615156  0.19687964
 0.16047548 0.20282318 0.45245171 0.18424963
 0.56315007 0.07652303 0.3436107  0.0167162 
 0.15453195 0.05460624 0.20430906 0.58655275
 0.5308321  0.01485884 0.12630015 0.32800892
 0.63261516 0.06983655 0.0768945  0.22065379
 0.0768945  0.00557207 0.03677563 0.8807578 
 0.84843982 0.01485884 0.08952452 0.04717682
 0.58135215 0.04643388 0.32132244 0.05089153

MOTIF human_l3_f_45
letter-probability matrix: alength= 4 w= 9 
 0.12740741 0.18320988 0.20296296 0.48641975
 0.31802469 0.06024691 0.2054321  0.4162963 
 0.2162963  0.10567901 0.13432099 0.5437037 
 0.04938272 0.08       0.19160494 0.67901235
 0.13234568 0.16296296 0.31753086 0.38716049
 0.00197531 0.24493827 0.42024691 0.33283951
 0.03654321 0.55851852 0.00493827 0.4       
 0.33481481 0.07160494 0.05135802 0.54222222
 0.01777778 0.23604938 0.4108642  0.33530864

MOTIF human_l3_f_46
letter-probability matrix: alength= 4 w= 9 
 0.06574394 0.28080916 0.17673676 0.47671014
 0.09661964 0.12563215 0.60234229 0.17540591
 2.74154911e-02 7.98509449e-04 7.99574128e-01 1.72211871e-01
 0.10593559 0.16529146 0.57040192 0.15837104
 0.47963801 0.07772159 0.25791855 0.18472185
 0.35400586 0.36731435 0.22890604 0.04977376
 0.15118446 0.18951291 0.50598882 0.15331381
 0.29811019 0.20521693 0.11365451 0.38301837
 0.57412829 0.08304498 0.11605004 0.22677668

MOTIF human_l3_f_47
letter-probability matrix: alength= 4 w= 9 
 0.28071928 0.28771229 0.21303696 0.21853147
 5.06993007e-01 1.17382617e-01 3.75374625e-01 2.49750250e-04
 0.32017982 0.13986014 0.1998002  0.34015984
 0.37562438 0.48376623 0.01523477 0.12537463
 0.71953047 0.12837163 0.14110889 0.01098901
 0.30944056 0.01448551 0.15709291 0.51898102
 0.06643357 0.14110889 0.28646354 0.50599401
 0.33841159 0.05644356 0.56818182 0.03696304
 0.19005994 0.18731269 0.17157842 0.45104895

MOTIF human_l3_f_48
letter-probability matrix: alength= 4 w= 9 
 0.37262681 0.3068858  0.08245962 0.23802777
 0.0648909  0.28620006 0.1703032  0.47860584
 0.05185605 0.04108813 0.69906489 0.20799093
 0.18107112 0.20685747 0.42023236 0.19183905
 0.14905072 0.20629073 0.64380844 0.0008501 
 0.27628223 0.03230377 0.53641258 0.15500142
 0.01105129 0.7208841  0.205724   0.06234061
 0.05242278 0.26041371 0.18418816 0.50297535
 0.22754321 0.53556248 0.13148201 0.1054123 

MOTIF human_l3_f_49
letter-probability matrix: alength= 4 w= 9 
 0.1048951  0.71378621 0.09115884 0.09015984
 0.24825175 0.46378621 0.20554446 0.08241758
 0.03296703 0.33541459 0.20954046 0.42207792
 0.07867133 0.41458541 0.45004995 0.05669331
 0.33416583 0.35514486 0.27197802 0.03871129
 0.24100899 0.17407592 0.40834166 0.17657343
 0.04045954 0.45554446 0.47002997 0.03396603
 0.23976024 0.08041958 0.56593407 0.11388611
 0.06693307 0.2022977  0.62987013 0.1008991 

MOTIF human_l3_f_50
letter-probability matrix: alength= 4 w= 9 
 0.15519156 0.41116047 0.04497501 0.38867296
 0.15519156 0.28095502 0.41754581 0.14630761
 0.08856191 0.02054414 0.71377013 0.17712382
 0.0047196  0.53275958 0.23070516 0.23181566
 0.03525819 0.00749584 0.79372571 0.16352027
 0.1721266  0.14325375 0.52859522 0.15602443
 0.14575236 0.28234314 0.20183232 0.37007218
 0.01943365 0.34286507 0.33176013 0.30594114
 0.07717934 0.47029428 0.26846197 0.18406441

MOTIF human_l3_f_51
letter-probability matrix: alength= 4 w= 9 
 0.07272727 0.12121212 0.23515152 0.57090909
 0.05454545 0.02424242 0.26666667 0.65454545
 0.32363636 0.01090909 0.40969697 0.25575758
 0.20484848 0.30909091 0.20969697 0.27636364
 0.55757576 0.00121212 0.17212121 0.26909091
 0.19151515 0.03151515 0.25939394 0.51757576
 0.02181818 0.53090909 0.00121212 0.44606061
 0.1369697  0.10787879 0.52363636 0.23151515
 0.14181818 0.29575758 0.18666667 0.37575758

MOTIF human_l3_f_52
letter-probability matrix: alength= 4 w= 9 
 0.21100671 0.15275168 0.45342282 0.18281879
 0.0042953  0.62738255 0.00161074 0.36671141
 0.03275168 0.26255034 0.61503356 0.08966443
 0.11785235 0.44912752 0.12724832 0.30577181
 0.10899329 0.03328859 0.60912752 0.2485906 
 0.11731544 0.6061745  0.00375839 0.27275168
 0.18845638 0.04       0.09557047 0.67597315
 0.16536913 0.12832215 0.09986577 0.60644295
 0.15946309 0.24993289 0.1661745  0.42442953

MOTIF human_l3_f_53
letter-probability matrix: alength= 4 w= 9 
 0.4682198  0.29880983 0.11015447 0.1228159 
 0.09420106 0.18789567 0.6599139  0.05798936
 0.03773107 0.38212206 0.23575589 0.34439099
 0.00481134 0.44568245 0.06786528 0.48164092
 0.28918714 0.12534819 0.25753355 0.32793112
 0.2023297  0.39655609 0.25930615 0.14180805
 0.49430236 0.22993163 0.01012915 0.26563687
 0.23955432 0.08711066 0.24512535 0.42820967
 0.18789567 0.10990124 0.49708787 0.20511522

MOTIF human_l3_f_54
letter-probability matrix: alength= 4 w= 9 
 0.00387898 0.02715283 0.00905094 0.95991725
 0.01939488 0.00801655 0.21075769 0.76183088
 0.00620636 0.00284458 0.27980347 0.71114559
 0.43444531 0.01370572 0.02560124 0.52624774
 0.10292216 0.05249547 0.13369537 0.71088699
 0.20041376 0.08404448 0.1618826  0.55365917
 0.19705198 0.0651668  0.15567623 0.58210499
 0.27592449 0.09154383 0.40574088 0.22679079
 0.24928885 0.08275149 0.17481252 0.49314714

MOTIF human_l3_f_55
letter-probability matrix: alength= 4 w= 9 
 0.04901375 0.4112373  0.35803945 0.1817095 
 0.05678422 0.33293485 0.49372385 0.11655708
 1.78123132e-01 2.86909743e-02 7.92588165e-01 5.97728631e-04
 0.15002989 0.58278542 0.20023909 0.06694561
 0.16437537 0.54333533 0.00179319 0.29049611
 0.07172744 0.28989839 0.55469217 0.08368201
 4.78182905e-03 8.38015541e-01 5.97728631e-04 1.56604901e-01
 0.06455469 0.52839211 0.35564854 0.05140466
 0.25523013 0.42199641 0.25104603 0.07172744

MOTIF human_l3_f_56
letter-probability matrix: alength= 4 w= 9 
 0.24625375 0.31768232 0.31743257 0.11863137
 0.249001   0.47577423 0.23976024 0.03546454
 0.0467033  0.66408591 0.10839161 0.18081918
 0.01273726 0.01723277 0.89885115 0.07117882
 0.07042957 0.15784216 0.45204795 0.31968032
 0.27122877 0.41033966 0.13136863 0.18706294
 0.44130869 0.02497502 0.30819181 0.22552448
 0.38586414 0.27097902 0.26148851 0.08166833
 0.2047952  0.08316683 0.61288711 0.09915085

MOTIF human_l3_f_57
letter-probability matrix: alength= 4 w= 9 
 0.13067151 0.38682914 0.17396941 0.30852995
 0.05548354 0.08089188 0.50764843 0.35597615
 0.07026186 0.60046668 0.05833549 0.27093596
 0.43816438 0.46901737 0.02722323 0.06559502
 0.44594244 0.0865958  0.26367643 0.20378533
 0.22323049 0.51905626 0.0782992  0.17941405
 0.05289085 0.33238268 0.47886959 0.13585688
 0.72958258 0.02463054 0.01477833 0.23100856
 0.15582059 0.15452424 0.08166969 0.60798548

MOTIF human_l3_f_58
letter-probability matrix: alength= 4 w= 9 
 0.35314685 0.13161838 0.13961039 0.37562438
 0.47602398 0.2002997  0.07967033 0.24400599
 0.17332667 0.34615385 0.01148851 0.46903097
 0.7957043  0.07417582 0.01698302 0.11313686
 0.75       0.01223776 0.11313686 0.12462537
 8.34165834e-02 6.39360639e-02 7.49250749e-04 8.51898102e-01
 0.34140859 0.32942058 0.02547453 0.3036963 
 0.30769231 0.21653347 0.25324675 0.22252747
 0.09490509 0.29070929 0.10364635 0.51073926

MOTIF human_l3_f_59
letter-probability matrix: alength= 4 w= 9 
 0.53534778 0.2118016  0.15079818 0.10205245
 0.37058153 0.327252   0.03648803 0.26567845
 0.65279361 0.13768529 0.06470924 0.14481186
 0.54561003 0.03876853 0.0627138  0.35290764
 0.38312429 0.02280502 0.06185861 0.53221209
 0.56584949 0.20952109 0.1513683  0.07326112
 0.2958951  0.10575827 0.55387685 0.04446978
 0.16448119 0.07611174 0.45752566 0.30188141
 0.70553022 0.05672748 0.12713797 0.11060433

MOTIF human_l3_f_60
letter-probability matrix: alength= 4 w= 9 
 0.03539356 0.08874802 0.01426307 0.86159535
 0.02033809 0.23877443 0.00977285 0.73111463
 0.13549921 0.00475436 0.36634971 0.49339672
 0.12229266 0.30929741 0.00105652 0.56735341
 0.43053354 0.20417327 0.19255151 0.17274168
 0.00950872 0.16138405 0.14131009 0.68779715
 0.08425779 0.04648706 0.26254622 0.60670893
 0.15636556 0.09297412 0.47622821 0.27443212
 0.13021659 0.19809826 0.24643423 0.42525092

MOTIF human_l3_f_61
letter-probability matrix: alength= 4 w= 9 
 0.11024886 0.5094996  0.15520471 0.22504683
 0.42948889 0.37837838 0.14396575 0.04816698
 0.17286594 0.62055124 0.18035858 0.02622424
 0.50040139 0.21728659 0.18035858 0.10195344
 0.26063687 0.38613861 0.24698956 0.10623495
 0.17126037 0.03237891 0.65854964 0.13781108
 0.23628579 0.41102489 0.16751405 0.18517527
 0.18089377 0.10034787 0.58683436 0.131924  
 0.01123896 0.12496655 0.65426813 0.20952636

MOTIF human_l3_f_62
letter-probability matrix: alength= 4 w= 9 
 0.16070069 0.26732673 0.22010663 0.35186596
 0.17022087 0.37928408 0.20601676 0.24447829
 3.80807312e-04 3.80807312e-04 3.80807312e-04 9.98857578e-01
 5.00761615e-01 3.80807312e-04 4.98476771e-01 3.80807312e-04
 5.77303884e-01 3.80807312e-04 4.21934501e-01 3.80807312e-04
 0.14775324 0.55864433 0.05102818 0.24257426
 0.19649657 0.31683168 0.19421173 0.29246002
 0.23381569 0.37166794 0.19040366 0.20411272
 0.29550647 0.32406702 0.18202589 0.19840061

MOTIF human_l3_f_63
letter-probability matrix: alength= 4 w= 9 
 0.50695825 0.05964215 0.38114172 0.05225788
 0.30076683 0.17069014 0.33484805 0.19369497
 0.28230616 0.39931838 0.2695257  0.04884976
 0.67196819 0.23856859 0.03010508 0.05935814
 0.44333996 0.02130077 0.33371201 0.20164726
 0.49673388 0.15308151 0.05481397 0.29537063
 0.69781312 0.01420051 0.11559216 0.17239421
 0.33541607 0.0249929  0.47003692 0.1695541 
 0.0582221  0.13092871 0.24055666 0.57029253

MOTIF human_l3_f_64
letter-probability matrix: alength= 4 w= 9 
 0.37211938 0.12126936 0.10578013 0.40083113
 0.03362297 0.12769173 0.26105025 0.57763506
 0.04193427 0.03891198 0.08726861 0.83188515
 0.00377786 0.03740083 0.62825841 0.3305629 
 0.11409142 0.32905176 0.469966   0.08689082
 6.24102758e-01 3.62674726e-02 3.39251983e-01 3.77786173e-04
 0.80921798 0.04722327 0.04533434 0.0982244 
 0.5137892  0.12731394 0.06951266 0.28938421
 0.54438988 0.1310918  0.00755572 0.3169626 

MOTIF human_l3_f_65
letter-probability matrix: alength= 4 w= 9 
 0.42437797 0.21805983 0.12943808 0.22812413
 0.20911378 0.15208275 0.22225328 0.41655018
 8.53508527e-01 2.18059827e-02 2.79563880e-04 1.24405927e-01
 2.79563880e-04 1.42577579e-02 1.28599385e-02 9.72602740e-01
 0.00363433 0.01397819 0.85742242 0.12496505
 0.13447023 0.13167459 0.34945485 0.38440034
 0.07604138 0.22281241 0.17752306 0.52362315
 0.05479452 0.07240705 0.40452893 0.4682695 
 0.20603858 0.19485602 0.31758457 0.28152083

MOTIF human_l3_f_66
letter-probability matrix: alength= 4 w= 9 
 0.0909589  0.43205479 0.24219178 0.23479452
 0.28657534 0.25260274 0.31890411 0.14191781
 0.13232877 0.11287671 0.46821918 0.28657534
 0.08986301 0.34493151 0.52958904 0.03561644
 0.04328767 0.55479452 0.35616438 0.04575342
 0.00438356 0.45479452 0.20438356 0.33643836
 0.00219178 0.62       0.28821918 0.08958904
 0.0309589  0.57506849 0.16027397 0.23369863
 0.13013699 0.47178082 0.31808219 0.08      

MOTIF human_l3_f_67
letter-probability matrix: alength= 4 w= 9 
 0.03396603 0.01723277 0.33316683 0.61563437
 0.04295704 0.12237762 0.10564436 0.72902098
 0.00849151 0.11613387 0.00174825 0.87362637
 0.01848152 0.03521479 0.22252747 0.72377622
 0.04945055 0.03096903 0.19105894 0.72852148
 0.0511988  0.16408591 0.04645355 0.73826174
 0.02122877 0.01148851 0.21728272 0.75      
 0.03446553 0.17257742 0.05744256 0.73551449
 0.24150849 0.20854146 0.13111888 0.41883117

MOTIF human_l3_f_68
letter-probability matrix: alength= 4 w= 9 
 0.2138482  0.44926764 0.20612517 0.13075899
 0.32836218 0.21517976 0.39866844 0.05778961
 0.52996005 0.01491345 0.27749667 0.17762983
 0.18828229 0.0644474  0.60213049 0.14513981
 0.11185087 0.02796272 0.70093209 0.15925433
 0.01544607 0.00266312 0.97070573 0.01118509
 0.00186418 0.10892144 0.87696405 0.01225033
 0.02583222 0.08362184 0.59600533 0.29454061
 0.15925433 0.3379494  0.30039947 0.2023968 

MOTIF human_l3_f_69
letter-probability matrix: alength= 4 w= 9 
 0.08305463 0.28511706 0.21544036 0.41638796
 0.03957637 0.37792642 0.42809365 0.15440357
 0.49498328 0.08221851 0.10284281 0.31995541
 0.17140468 0.41778149 0.21767001 0.19314381
 0.19230769 0.42948718 0.03455964 0.34364548
 0.16973244 0.24665552 0.47324415 0.11036789
 0.159699   0.30267559 0.4222408  0.11538462
 0.16555184 0.05769231 0.67753623 0.09921962
 0.02647715 0.01421405 0.94202899 0.01727982

MOTIF human_l3_f_70
letter-probability matrix: alength= 4 w= 9 
 0.36057569 0.31739913 0.16551015 0.15651503
 0.53790799 0.17579029 0.09637625 0.18992547
 0.44384477 0.12978669 0.17399126 0.25237728
 6.06013878e-01 2.57003341e-04 1.62426112e-01 2.31303007e-01
 0.04446158 0.00231303 0.27627859 0.6769468 
 0.03238242 0.04137754 0.66255461 0.26368543
 0.08712413 0.11822154 0.30197893 0.4926754 
 0.16962221 0.20868671 0.2153688  0.40632228
 0.14674891 0.21228476 0.25726034 0.38370599

MOTIF human_l3_f_71
letter-probability matrix: alength= 4 w= 9 
 0.26487036 0.30554143 0.12430097 0.30528724
 0.14590747 0.04219624 0.53558719 0.2763091 
 0.11057448 0.13802745 0.16827656 0.5831215 
 0.30986274 0.09684799 0.41713269 0.17615658
 3.96034570e-01 2.54194204e-04 2.19369598e-01 3.84341637e-01
 0.05312659 0.67132689 0.08261312 0.1929334 
 0.28012201 0.36756482 0.0088968  0.34341637
 0.35790544 0.33960346 0.14717844 0.15531266
 0.15937977 0.33985765 0.07142857 0.42933401

MOTIF human_l3_f_72
letter-probability matrix: alength= 4 w= 9 
 0.084735   0.23897175 0.30593462 0.37035862
 0.02951444 0.5556966  0.04347826 0.3713107 
 0.60139638 0.03744843 0.17105681 0.19009838
 0.01364646 0.01428118 0.64138369 0.33068867
 0.01586798 0.2818153  0.11266265 0.58965408
 0.1891463  0.21072675 0.24214535 0.35798159
 0.06283719 0.01618534 0.26150428 0.65947318
 0.60012694 0.21009203 0.00952079 0.18026023
 0.1310695  0.28340209 0.15741035 0.42811806

MOTIF human_l3_f_73
letter-probability matrix: alength= 4 w= 9 
 0.40434614 0.0620877  0.11951882 0.41404734
 0.21808304 0.03298409 0.17772604 0.57120683
 0.02444703 0.00465658 0.31160264 0.65929375
 0.52114862 0.08537059 0.32712456 0.06635623
 0.72759022 0.02561118 0.10128056 0.14551804
 0.258052   0.18393481 0.28599146 0.27202173
 0.41753977 0.14513    0.12960807 0.30772216
 0.23476911 0.22002328 0.040357   0.5048506 
 0.07566938 0.12107101 0.44509119 0.35816841

MOTIF human_l3_f_74
letter-probability matrix: alength= 4 w= 9 
 0.16116505 0.09417476 0.64466019 0.1       
 0.18106796 0.09660194 0.48398058 0.23834951
 0.04368932 0.52330097 0.16504854 0.26796117
 0.53009709 0.22961165 0.01893204 0.22135922
 0.11359223 0.41165049 0.12038835 0.35436893
 0.04126214 0.26067961 0.20825243 0.48980583
 0.04466019 0.33300971 0.61990291 0.00242718
 0.15679612 0.16893204 0.42281553 0.25145631
 0.06990291 0.36893204 0.1907767  0.37038835

MOTIF human_l3_f_75
letter-probability matrix: alength= 4 w= 9 
 0.11625 0.19625 0.2995  0.388  
 0.317   0.07775 0.41825 0.187  
 0.1645 0.536  0.098  0.2015
 0.07375 0.49375 0.209   0.2235 
 0.03475 0.22825 0.454   0.283  
 0.10075 0.70125 0.03925 0.15875
 0.03025 0.50225 0.2645  0.203  
 0.0615 0.5165 0.017  0.405 
 0.1935  0.37925 0.08825 0.339  

MOTIF human_l3_f_76
letter-probability matrix: alength= 4 w= 9 
 0.01155462 0.07563025 0.06302521 0.84978992
 0.43067227 0.10294118 0.46323529 0.00315126
 0.59243697 0.0105042  0.3960084  0.00105042
 0.51785714 0.23319328 0.19537815 0.05357143
 0.13760504 0.6092437  0.10294118 0.15021008
 0.00315126 0.88970588 0.07983193 0.02731092
 0.22689076 0.28886555 0.46953782 0.01470588
 0.05147059 0.36554622 0.5262605  0.05672269
 0.09033613 0.32773109 0.4789916  0.10294118

MOTIF human_l3_f_77
letter-probability matrix: alength= 4 w= 9 
 0.07769029 0.2160105  0.10288714 0.60341207
 0.14645669 0.18818898 0.0511811  0.61417323
 0.06272966 0.20131234 0.26404199 0.47191601
 2.62467192e-04 4.02099738e-01 8.18897638e-02 5.15748031e-01
 0.04173228 0.2167979  0.17007874 0.57139108
 0.00524934 0.16824147 0.78031496 0.04619423
 5.24934383e-04 3.38320210e-01 2.59842520e-02 6.35170604e-01
 0.07401575 0.26981627 0.10341207 0.55275591
 0.08110236 0.18608924 0.05905512 0.67375328

MOTIF human_l3_f_78
letter-probability matrix: alength= 4 w= 9 
 0.15065982 0.26759531 0.21554252 0.36620235
 0.03225806 0.15615836 0.01576246 0.79582111
 0.03665689 0.03409091 0.13453079 0.79472141
 0.08064516 0.00733138 0.48277126 0.4292522 
 0.10813783 0.72434018 0.07221408 0.09530792
 3.66568915e-04 1.08137830e-01 1.44794721e-01 7.46700880e-01
 0.01429619 0.39186217 0.16605572 0.42778592
 0.0377566  0.13782991 0.28848974 0.53592375
 0.14919355 0.12609971 0.35923754 0.36546921

MOTIF human_l3_f_79
letter-probability matrix: alength= 4 w= 9 
 0.27936768 0.27228128 0.1847915  0.26355955
 0.25538294 0.27964023 0.20168983 0.263287  
 0.49550286 0.1174707  0.28018534 0.1068411 
 0.20986645 0.29790134 0.19487599 0.29735623
 0.20332516 0.25238485 0.19678386 0.34750613
 9.98364677e-01 2.72553829e-04 1.09021532e-03 2.72553829e-04
 2.45298446e-03 2.72553829e-04 2.72553829e-04 9.97001908e-01
 2.72553829e-03 2.72553829e-04 9.96184246e-01 8.17661488e-04
 0.03924775 0.15617334 0.38811665 0.41646225

MOTIF human_l3_f_80
letter-probability matrix: alength= 4 w= 9 
 0.31676647 0.22275449 0.24700599 0.21347305
 0.37155689 0.29610778 0.18982036 0.14251497
 0.22095808 0.02814371 0.31077844 0.44011976
 0.15       0.18023952 0.46976048 0.2       
 0.18982036 0.24311377 0.34640719 0.22065868
 0.2491018  0.06976048 0.3002994  0.38083832
 2.15868263e-01 2.99401198e-04 2.93113772e-01 4.90718563e-01
 0.45838323 0.03592814 0.37664671 0.12904192
 0.11556886 0.01706587 0.83413174 0.03323353

MOTIF human_l3_f_81
letter-probability matrix: alength= 4 w= 9 
 0.34883117 0.22961039 0.29038961 0.13116883
 0.04337662 0.23272727 0.43454545 0.28935065
 0.12103896 0.02363636 0.40779221 0.44753247
 0.00155844 0.31012987 0.29324675 0.39506494
 0.28363636 0.25584416 0.25064935 0.20987013
 0.08155844 0.20311688 0.2225974  0.49272727
 0.28285714 0.01844156 0.14857143 0.55012987
 0.04883117 0.03766234 0.51454545 0.39896104
 0.03896104 0.22623377 0.29792208 0.43688312

MOTIF human_l3_f_82
letter-probability matrix: alength= 4 w= 9 
 0.13771997 0.12509564 0.15455241 0.58263198
 0.26511094 0.13198164 0.21231829 0.39058914
 0.10443764 0.44185157 0.07957154 0.37413925
 3.82555471e-04 7.70466718e-01 5.62356542e-02 1.72915073e-01
 0.22838562 0.10979342 0.27429227 0.38752869
 0.00726855 0.10711553 0.15340474 0.73221117
 0.02333588 0.00114767 0.00306044 0.97245601
 0.05623565 0.03634277 0.53672533 0.37069625
 0.10941086 0.07995409 0.26358072 0.54705432

MOTIF human_l3_f_83
letter-probability matrix: alength= 4 w= 9 
 0.1894061  0.03344034 0.01685393 0.76029963
 0.25708935 0.10139112 0.00615302 0.63536651
 0.0882825  0.0034778  0.03183521 0.87640449
