MEME version 5.3.0

ALPHABET= ACGT

strands: + -

Background letter frequencies
A 0.25 C 0.25 G 0.25 T 0.25

MOTIF muuscle_l3_f_0
letter-probability matrix: alength= 4 w= 9 
 0.13636364 0.61363636 0.18181818 0.06818182
 0.04545455 0.59090909 0.31818182 0.04545455
 0.02272727 0.63636364 0.18181818 0.15909091
 0.5        0.02272727 0.40909091 0.06818182
 0.31818182 0.02272727 0.02272727 0.63636364
 0.04545455 0.06818182 0.86363636 0.02272727
 0.20454545 0.27272727 0.29545455 0.22727273
 0.09090909 0.56818182 0.06818182 0.27272727
 0.18181818 0.68181818 0.02272727 0.11363636

MOTIF muuscle_l3_f_1
letter-probability matrix: alength= 4 w= 9 
 0.13636364 0.09090909 0.59090909 0.18181818
 0.18181818 0.27272727 0.02272727 0.52272727
 0.11363636 0.79545455 0.06818182 0.02272727
 0.34090909 0.61363636 0.02272727 0.02272727
 0.06818182 0.79545455 0.11363636 0.02272727
 0.04545455 0.47727273 0.45454545 0.02272727
 0.20454545 0.09090909 0.36363636 0.34090909
 0.5        0.40909091 0.06818182 0.02272727
 0.11363636 0.27272727 0.43181818 0.18181818

MOTIF muuscle_l3_f_2
letter-probability matrix: alength= 4 w= 9 
 0.075 0.35  0.275 0.3  
 0.275 0.05  0.075 0.6  
 0.1   0.025 0.025 0.85 
 0.125 0.15  0.625 0.1  
 0.35  0.35  0.025 0.275
 0.025 0.875 0.075 0.025
 0.8   0.1   0.075 0.025
 0.225 0.025 0.55  0.2  
 0.15  0.175 0.6   0.075

MOTIF muuscle_l3_f_3
letter-probability matrix: alength= 4 w= 9 
 0.20454545 0.27272727 0.29545455 0.22727273
 0.04545455 0.25       0.68181818 0.02272727
 0.63636364 0.27272727 0.06818182 0.02272727
 0.25       0.34090909 0.22727273 0.18181818
 0.20454545 0.20454545 0.43181818 0.15909091
 0.02272727 0.04545455 0.02272727 0.90909091
 0.02272727 0.02272727 0.86363636 0.09090909
 0.02272727 0.02272727 0.75       0.20454545
 0.11363636 0.13636364 0.59090909 0.15909091

MOTIF muuscle_l3_f_4
letter-probability matrix: alength= 4 w= 9 
 0.17073171 0.2195122  0.51219512 0.09756098
 0.75609756 0.07317073 0.14634146 0.02439024
 0.02439024 0.12195122 0.80487805 0.04878049
 0.19512195 0.02439024 0.36585366 0.41463415
 0.02439024 0.07317073 0.26829268 0.63414634
 0.2195122  0.07317073 0.46341463 0.24390244
 0.14634146 0.2195122  0.56097561 0.07317073
 0.36585366 0.48780488 0.04878049 0.09756098
 0.29268293 0.3902439  0.14634146 0.17073171

MOTIF muuscle_l3_f_5
letter-probability matrix: alength= 4 w= 9 
 0.20930233 0.1627907  0.51162791 0.11627907
 0.53488372 0.1627907  0.23255814 0.06976744
 0.02325581 0.37209302 0.02325581 0.58139535
 0.11627907 0.62790698 0.23255814 0.02325581
 0.76744186 0.02325581 0.1627907  0.04651163
 0.02325581 0.41860465 0.13953488 0.41860465
 0.04651163 0.60465116 0.3255814  0.02325581
 0.86046512 0.04651163 0.06976744 0.02325581
 0.11627907 0.25581395 0.44186047 0.18604651

MOTIF muuscle_l3_f_6
letter-probability matrix: alength= 4 w= 9 
 0.20454545 0.20454545 0.27272727 0.31818182
 0.04545455 0.04545455 0.13636364 0.77272727
 0.02272727 0.93181818 0.02272727 0.02272727
 0.02272727 0.02272727 0.93181818 0.02272727
 0.02272727 0.40909091 0.54545455 0.02272727
 0.02272727 0.54545455 0.29545455 0.13636364
 0.02272727 0.81818182 0.02272727 0.13636364
 0.04545455 0.77272727 0.09090909 0.09090909
 0.06818182 0.40909091 0.38636364 0.13636364

MOTIF muuscle_l3_f_7
letter-probability matrix: alength= 4 w= 9 
 0.25       0.5        0.18181818 0.06818182
 0.04545455 0.02272727 0.18181818 0.75      
 0.02272727 0.25       0.02272727 0.70454545
 0.06818182 0.15909091 0.20454545 0.56818182
 0.02272727 0.06818182 0.29545455 0.61363636
 0.02272727 0.02272727 0.06818182 0.88636364
 0.38636364 0.38636364 0.02272727 0.20454545
 0.06818182 0.09090909 0.81818182 0.02272727
 0.13636364 0.31818182 0.36363636 0.18181818

MOTIF muuscle_l3_f_8
letter-probability matrix: alength= 4 w= 9 
 0.0952381  0.42857143 0.33333333 0.14285714
 0.07142857 0.11904762 0.0952381  0.71428571
 0.02380952 0.02380952 0.04761905 0.9047619 
 0.04761905 0.0952381  0.16666667 0.69047619
 0.02380952 0.04761905 0.02380952 0.9047619 
 0.19047619 0.04761905 0.61904762 0.14285714
 0.02380952 0.33333333 0.45238095 0.19047619
 0.16666667 0.54761905 0.23809524 0.04761905
 0.47619048 0.16666667 0.04761905 0.30952381

MOTIF muuscle_l3_f_9
letter-probability matrix: alength= 4 w= 9 
 0.025 0.75  0.175 0.05 
 0.025 0.875 0.075 0.025
 0.45  0.025 0.5   0.025
 0.025 0.025 0.925 0.025
 0.05  0.3   0.025 0.625
 0.025 0.6   0.075 0.3  
 0.125 0.75  0.1   0.025
 0.2   0.225 0.25  0.325
 0.125 0.55  0.25  0.075

MOTIF muuscle_l3_f_10
letter-probability matrix: alength= 4 w= 9 
 0.175 0.5   0.125 0.2  
 0.05  0.325 0.475 0.15 
 0.175 0.575 0.15  0.1  
 0.025 0.025 0.475 0.475
 0.025 0.15  0.025 0.8  
 0.025 0.85  0.025 0.1  
 0.025 0.05  0.025 0.9  
 0.075 0.3   0.225 0.4  
 0.025 0.85  0.1   0.025

MOTIF muuscle_l3_f_11
letter-probability matrix: alength= 4 w= 9 
 0.07894737 0.10526316 0.63157895 0.18421053
 0.07894737 0.21052632 0.65789474 0.05263158
 0.02631579 0.47368421 0.23684211 0.26315789
 0.18421053 0.76315789 0.02631579 0.02631579
 0.02631579 0.63157895 0.31578947 0.02631579
 0.02631579 0.92105263 0.02631579 0.02631579
 0.02631579 0.15789474 0.21052632 0.60526316
 0.26315789 0.5        0.15789474 0.07894737
 0.15789474 0.05263158 0.60526316 0.18421053

MOTIF muuscle_l3_f_12
letter-probability matrix: alength= 4 w= 9 
 0.13953488 0.48837209 0.27906977 0.09302326
 0.18604651 0.27906977 0.09302326 0.44186047
 0.11627907 0.53488372 0.3255814  0.02325581
 0.02325581 0.69767442 0.25581395 0.02325581
 0.11627907 0.8372093  0.02325581 0.02325581
 0.02325581 0.04651163 0.02325581 0.90697674
 0.02325581 0.02325581 0.93023256 0.02325581
 0.13953488 0.58139535 0.06976744 0.20930233
 0.41860465 0.3255814  0.09302326 0.1627907 

MOTIF muuscle_l3_f_13
letter-probability matrix: alength= 4 w= 9 
 0.5952381  0.11904762 0.19047619 0.0952381 
 0.30952381 0.16666667 0.45238095 0.07142857
 0.4047619  0.11904762 0.19047619 0.28571429
 0.9047619  0.02380952 0.02380952 0.04761905
 0.61904762 0.33333333 0.02380952 0.02380952
 0.33333333 0.45238095 0.19047619 0.02380952
 0.80952381 0.02380952 0.11904762 0.04761905
 0.02380952 0.16666667 0.4047619  0.4047619 
 0.02380952 0.4047619  0.33333333 0.23809524

MOTIF muuscle_l3_f_14
letter-probability matrix: alength= 4 w= 9 
 0.02325581 0.06976744 0.30232558 0.60465116
 0.1627907  0.11627907 0.02325581 0.69767442
 0.02325581 0.27906977 0.02325581 0.6744186 
 0.02325581 0.69767442 0.23255814 0.04651163
 0.02325581 0.11627907 0.18604651 0.6744186 
 0.02325581 0.02325581 0.02325581 0.93023256
 0.11627907 0.11627907 0.02325581 0.74418605
 0.11627907 0.44186047 0.1627907  0.27906977
 0.37209302 0.20930233 0.09302326 0.3255814 

MOTIF muuscle_l3_f_15
letter-probability matrix: alength= 4 w= 9 
 0.31818182 0.38636364 0.18181818 0.11363636
 0.56818182 0.13636364 0.27272727 0.02272727
 0.02272727 0.04545455 0.56818182 0.36363636
 0.88636364 0.06818182 0.02272727 0.02272727
 0.84090909 0.02272727 0.11363636 0.02272727
 0.38636364 0.29545455 0.02272727 0.29545455
 0.02272727 0.70454545 0.02272727 0.25      
 0.31818182 0.18181818 0.29545455 0.20454545
 0.25       0.20454545 0.36363636 0.18181818

MOTIF muuscle_l3_f_16
letter-probability matrix: alength= 4 w= 9 
 0.19047619 0.4047619  0.23809524 0.16666667
 0.28571429 0.52380952 0.07142857 0.11904762
 0.02380952 0.21428571 0.33333333 0.42857143
 0.30952381 0.02380952 0.02380952 0.64285714
 0.16666667 0.02380952 0.04761905 0.76190476
 0.42857143 0.02380952 0.52380952 0.02380952
 0.04761905 0.02380952 0.71428571 0.21428571
 0.07142857 0.02380952 0.23809524 0.66666667
 0.04761905 0.57142857 0.19047619 0.19047619

MOTIF muuscle_l3_f_17
letter-probability matrix: alength= 4 w= 9 
 0.09756098 0.07317073 0.17073171 0.65853659
 0.12195122 0.02439024 0.02439024 0.82926829
 0.02439024 0.02439024 0.02439024 0.92682927
 0.63414634 0.02439024 0.31707317 0.02439024
 0.04878049 0.02439024 0.48780488 0.43902439
 0.3902439  0.31707317 0.02439024 0.26829268
 0.24390244 0.63414634 0.07317073 0.04878049
 0.17073171 0.43902439 0.14634146 0.24390244
 0.24390244 0.26829268 0.41463415 0.07317073

MOTIF muuscle_l3_f_18
letter-probability matrix: alength= 4 w= 9 
 0.15384615 0.07692308 0.53846154 0.23076923
 0.12820513 0.46153846 0.1025641  0.30769231
 0.02564103 0.20512821 0.05128205 0.71794872
 0.02564103 0.07692308 0.20512821 0.69230769
 0.02564103 0.33333333 0.61538462 0.02564103
 0.05128205 0.1025641  0.15384615 0.69230769
 0.02564103 0.84615385 0.1025641  0.02564103
 0.05128205 0.15384615 0.1025641  0.69230769
 0.1025641  0.30769231 0.30769231 0.28205128

MOTIF muuscle_l3_f_19
letter-probability matrix: alength= 4 w= 9 
 0.18604651 0.20930233 0.39534884 0.20930233
 0.3255814  0.23255814 0.25581395 0.18604651
 0.02325581 0.93023256 0.02325581 0.02325581
 0.02325581 0.02325581 0.93023256 0.02325581
 0.02325581 0.93023256 0.02325581 0.02325581
 0.06976744 0.02325581 0.86046512 0.04651163
 0.02325581 0.20930233 0.48837209 0.27906977
 0.3255814  0.51162791 0.13953488 0.02325581
 0.1627907  0.11627907 0.51162791 0.20930233

MOTIF muuscle_l3_f_20
letter-probability matrix: alength= 4 w= 9 
 0.02272727 0.20454545 0.75       0.02272727
 0.04545455 0.59090909 0.31818182 0.04545455
 0.02272727 0.34090909 0.61363636 0.02272727
 0.02272727 0.29545455 0.56818182 0.11363636
 0.45454545 0.5        0.02272727 0.02272727
 0.09090909 0.70454545 0.09090909 0.11363636
 0.15909091 0.5        0.18181818 0.15909091
 0.45454545 0.13636364 0.22727273 0.18181818
 0.31818182 0.20454545 0.25       0.22727273

MOTIF muuscle_l3_f_21
letter-probability matrix: alength= 4 w= 9 
 0.525 0.175 0.225 0.075
 0.55  0.4   0.025 0.025
 0.2   0.725 0.025 0.05 
 0.275 0.675 0.025 0.025
 0.025 0.925 0.025 0.025
 0.4   0.175 0.25  0.175
 0.025 0.025 0.7   0.25 
 0.15  0.075 0.575 0.2  
 0.025 0.275 0.475 0.225

MOTIF muuscle_l3_f_22
letter-probability matrix: alength= 4 w= 9 
 0.12820513 0.28205128 0.38461538 0.20512821
 0.05128205 0.30769231 0.20512821 0.43589744
 0.02564103 0.02564103 0.48717949 0.46153846
 0.02564103 0.28205128 0.46153846 0.23076923
 0.74358974 0.02564103 0.02564103 0.20512821
 0.02564103 0.8974359  0.05128205 0.02564103
 0.64102564 0.07692308 0.02564103 0.25641026
 0.02564103 0.84615385 0.05128205 0.07692308
 0.25641026 0.35897436 0.07692308 0.30769231

MOTIF muuscle_l3_f_23
letter-probability matrix: alength= 4 w= 9 
 0.11627907 0.25581395 0.55813953 0.06976744
 0.13953488 0.62790698 0.1627907  0.06976744
 0.02325581 0.8372093  0.11627907 0.02325581
 0.46511628 0.02325581 0.25581395 0.25581395
 0.02325581 0.02325581 0.18604651 0.76744186
 0.02325581 0.90697674 0.04651163 0.02325581
 0.55813953 0.30232558 0.02325581 0.11627907
 0.02325581 0.02325581 0.02325581 0.93023256
 0.13953488 0.55813953 0.25581395 0.04651163

MOTIF muuscle_l3_f_24
letter-probability matrix: alength= 4 w= 9 
 0.31578947 0.15789474 0.21052632 0.31578947
 0.36842105 0.02631579 0.10526316 0.5       
 0.05263158 0.23684211 0.68421053 0.02631579
 0.10526316 0.02631579 0.05263158 0.81578947
 0.02631579 0.02631579 0.05263158 0.89473684
 0.05263158 0.13157895 0.15789474 0.65789474
 0.13157895 0.18421053 0.34210526 0.34210526
 0.02631579 0.13157895 0.02631579 0.81578947
 0.13157895 0.23684211 0.5        0.13157895

MOTIF muuscle_l3_f_25
letter-probability matrix: alength= 4 w= 9 
 0.07142857 0.42857143 0.4047619  0.0952381 
 0.02380952 0.14285714 0.61904762 0.21428571
 0.02380952 0.4047619  0.54761905 0.02380952
 0.02380952 0.02380952 0.92857143 0.02380952
 0.02380952 0.02380952 0.02380952 0.92857143
 0.02380952 0.69047619 0.23809524 0.04761905
 0.02380952 0.35714286 0.5952381  0.02380952
 0.02380952 0.28571429 0.04761905 0.64285714
 0.21428571 0.0952381  0.45238095 0.23809524

MOTIF muuscle_l3_f_26
letter-probability matrix: alength= 4 w= 9 
 0.2195122  0.2195122  0.2195122  0.34146341
 0.14634146 0.17073171 0.09756098 0.58536585
 0.02439024 0.02439024 0.02439024 0.92682927
 0.2195122  0.51219512 0.24390244 0.02439024
 0.41463415 0.02439024 0.53658537 0.02439024
 0.3902439  0.2195122  0.36585366 0.02439024
 0.14634146 0.04878049 0.07317073 0.73170732
 0.02439024 0.92682927 0.02439024 0.02439024
 0.2195122  0.41463415 0.26829268 0.09756098

MOTIF muuscle_l3_f_27
letter-probability matrix: alength= 4 w= 9 
 0.39534884 0.30232558 0.09302326 0.20930233
 0.3255814  0.58139535 0.06976744 0.02325581
 0.02325581 0.53488372 0.41860465 0.02325581
 0.27906977 0.02325581 0.11627907 0.58139535
 0.02325581 0.86046512 0.09302326 0.02325581
 0.06976744 0.62790698 0.27906977 0.02325581
 0.23255814 0.6744186  0.06976744 0.02325581
 0.30232558 0.58139535 0.09302326 0.02325581
 0.55813953 0.23255814 0.06976744 0.13953488

MOTIF muuscle_l3_f_28
letter-probability matrix: alength= 4 w= 9 
 0.09302326 0.34883721 0.39534884 0.1627907 
 0.18604651 0.34883721 0.23255814 0.23255814
 0.1627907  0.46511628 0.02325581 0.34883721
 0.09302326 0.09302326 0.46511628 0.34883721
 0.02325581 0.02325581 0.93023256 0.02325581
 0.02325581 0.93023256 0.02325581 0.02325581
 0.11627907 0.60465116 0.18604651 0.09302326
 0.93023256 0.02325581 0.02325581 0.02325581
 0.04651163 0.55813953 0.30232558 0.09302326

MOTIF muuscle_l3_f_29
letter-probability matrix: alength= 4 w= 9 
 0.17073171 0.34146341 0.24390244 0.24390244
 0.24390244 0.02439024 0.36585366 0.36585366
 0.04878049 0.02439024 0.63414634 0.29268293
 0.02439024 0.48780488 0.46341463 0.02439024
 0.04878049 0.02439024 0.90243902 0.02439024
 0.29268293 0.6097561  0.07317073 0.02439024
 0.24390244 0.2195122  0.48780488 0.04878049
 0.04878049 0.04878049 0.65853659 0.24390244
 0.02439024 0.41463415 0.29268293 0.26829268

MOTIF muuscle_l3_f_30
letter-probability matrix: alength= 4 w= 9 
 0.0952381  0.38095238 0.5        0.02380952
 0.26190476 0.16666667 0.02380952 0.54761905
 0.02380952 0.47619048 0.04761905 0.45238095
 0.02380952 0.23809524 0.71428571 0.02380952
 0.02380952 0.02380952 0.16666667 0.78571429
 0.21428571 0.04761905 0.71428571 0.02380952
 0.02380952 0.19047619 0.76190476 0.02380952
 0.42857143 0.04761905 0.04761905 0.47619048
 0.19047619 0.16666667 0.52380952 0.11904762

MOTIF muuscle_l3_f_31
letter-probability matrix: alength= 4 w= 9 
 0.02272727 0.81818182 0.13636364 0.02272727
 0.09090909 0.81818182 0.06818182 0.02272727
 0.02272727 0.04545455 0.90909091 0.02272727
 0.02272727 0.79545455 0.04545455 0.13636364
 0.25       0.18181818 0.09090909 0.47727273
 0.11363636 0.15909091 0.40909091 0.31818182
 0.09090909 0.40909091 0.11363636 0.38636364
 0.18181818 0.63636364 0.15909091 0.02272727
 0.11363636 0.54545455 0.20454545 0.13636364

MOTIF muuscle_l3_f_32
letter-probability matrix: alength= 4 w= 9 
 0.02439024 0.43902439 0.26829268 0.26829268
 0.14634146 0.36585366 0.04878049 0.43902439
 0.04878049 0.6097561  0.17073171 0.17073171
 0.07317073 0.02439024 0.87804878 0.02439024
 0.19512195 0.48780488 0.29268293 0.02439024
 0.26829268 0.02439024 0.3902439  0.31707317
 0.02439024 0.02439024 0.92682927 0.02439024
 0.02439024 0.12195122 0.2195122  0.63414634
 0.02439024 0.34146341 0.24390244 0.3902439 

MOTIF muuscle_l3_f_33
letter-probability matrix: alength= 4 w= 9 
 0.0952381  0.42857143 0.30952381 0.16666667
 0.19047619 0.02380952 0.71428571 0.07142857
 0.11904762 0.5952381  0.26190476 0.02380952
 0.04761905 0.19047619 0.73809524 0.02380952
 0.02380952 0.0952381  0.14285714 0.73809524
 0.02380952 0.02380952 0.71428571 0.23809524
 0.02380952 0.23809524 0.52380952 0.21428571
 0.07142857 0.23809524 0.64285714 0.04761905
 0.11904762 0.38095238 0.33333333 0.16666667

MOTIF muuscle_l3_f_34
letter-probability matrix: alength= 4 w= 9 
 0.25641026 0.35897436 0.25641026 0.12820513
 0.07692308 0.02564103 0.12820513 0.76923077
 0.02564103 0.02564103 0.17948718 0.76923077
 0.30769231 0.07692308 0.15384615 0.46153846
 0.15384615 0.1025641  0.58974359 0.15384615
 0.43589744 0.33333333 0.12820513 0.1025641 
 0.84615385 0.1025641  0.02564103 0.02564103
 0.02564103 0.71794872 0.23076923 0.02564103
 0.38461538 0.33333333 0.02564103 0.25641026

MOTIF muuscle_l3_f_35
letter-probability matrix: alength= 4 w= 9 
 0.14634146 0.36585366 0.09756098 0.3902439 
 0.02439024 0.75609756 0.19512195 0.02439024
 0.02439024 0.02439024 0.02439024 0.92682927
 0.07317073 0.09756098 0.80487805 0.02439024
 0.07317073 0.02439024 0.87804878 0.02439024
 0.02439024 0.02439024 0.92682927 0.02439024
 0.02439024 0.12195122 0.43902439 0.41463415
 0.04878049 0.26829268 0.26829268 0.41463415
 0.02439024 0.12195122 0.36585366 0.48780488

MOTIF muuscle_l3_f_36
letter-probability matrix: alength= 4 w= 9 
 0.58139535 0.25581395 0.04651163 0.11627907
 0.02325581 0.69767442 0.11627907 0.1627907 
 0.02325581 0.76744186 0.02325581 0.18604651
 0.18604651 0.09302326 0.69767442 0.02325581
 0.02325581 0.37209302 0.58139535 0.02325581
 0.11627907 0.20930233 0.02325581 0.65116279
 0.02325581 0.23255814 0.02325581 0.72093023
 0.09302326 0.69767442 0.02325581 0.18604651
 0.18604651 0.30232558 0.18604651 0.3255814 

MOTIF muuscle_l3_f_37
letter-probability matrix: alength= 4 w= 9 
 0.44186047 0.06976744 0.06976744 0.41860465
 0.20930233 0.3255814  0.39534884 0.06976744
 0.13953488 0.46511628 0.18604651 0.20930233
 0.02325581 0.58139535 0.37209302 0.02325581
 0.37209302 0.02325581 0.58139535 0.02325581
 0.02325581 0.02325581 0.86046512 0.09302326
 0.02325581 0.88372093 0.06976744 0.02325581
 0.02325581 0.39534884 0.02325581 0.55813953
 0.04651163 0.20930233 0.65116279 0.09302326

MOTIF muuscle_l3_f_38
letter-probability matrix: alength= 4 w= 9 
 0.20454545 0.27272727 0.25       0.27272727
 0.09090909 0.06818182 0.06818182 0.77272727
 0.04545455 0.43181818 0.13636364 0.38636364
 0.11363636 0.02272727 0.84090909 0.02272727
 0.02272727 0.15909091 0.02272727 0.79545455
 0.02272727 0.02272727 0.02272727 0.93181818
 0.02272727 0.25       0.02272727 0.70454545
 0.13636364 0.63636364 0.15909091 0.06818182
 0.18181818 0.27272727 0.29545455 0.25      

MOTIF muuscle_l3_f_39
letter-probability matrix: alength= 4 w= 9 
 0.09302326 0.53488372 0.34883721 0.02325581
 0.1627907  0.1627907  0.30232558 0.37209302
 0.02325581 0.8372093  0.09302326 0.04651163
 0.02325581 0.23255814 0.72093023 0.02325581
 0.02325581 0.02325581 0.93023256 0.02325581
 0.02325581 0.02325581 0.8372093  0.11627907
 0.02325581 0.18604651 0.11627907 0.6744186 
 0.20930233 0.46511628 0.23255814 0.09302326
 0.06976744 0.39534884 0.44186047 0.09302326

MOTIF muuscle_l3_f_40
letter-probability matrix: alength= 4 w= 9 
 0.24390244 0.2195122  0.34146341 0.19512195
 0.19512195 0.07317073 0.68292683 0.04878049
 0.2195122  0.2195122  0.26829268 0.29268293
 0.02439024 0.14634146 0.58536585 0.24390244
 0.02439024 0.04878049 0.07317073 0.85365854
 0.14634146 0.80487805 0.02439024 0.02439024
 0.90243902 0.04878049 0.02439024 0.02439024
 0.02439024 0.04878049 0.63414634 0.29268293
 0.19512195 0.09756098 0.3902439  0.31707317

MOTIF muuscle_l3_f_41
letter-probability matrix: alength= 4 w= 9 
 0.30952381 0.19047619 0.42857143 0.07142857
 0.30952381 0.02380952 0.02380952 0.64285714
 0.02380952 0.02380952 0.19047619 0.76190476
 0.30952381 0.30952381 0.23809524 0.14285714
 0.4047619  0.0952381  0.47619048 0.02380952
 0.04761905 0.16666667 0.54761905 0.23809524
 0.85714286 0.02380952 0.0952381  0.02380952
 0.0952381  0.04761905 0.47619048 0.38095238
 0.19047619 0.42857143 0.23809524 0.14285714

MOTIF muuscle_l3_f_42
letter-probability matrix: alength= 4 w= 9 
 0.12195122 0.3902439  0.31707317 0.17073171
 0.02439024 0.07317073 0.87804878 0.02439024
 0.14634146 0.70731707 0.12195122 0.02439024
 0.02439024 0.02439024 0.02439024 0.92682927
 0.02439024 0.04878049 0.90243902 0.02439024
 0.07317073 0.70731707 0.07317073 0.14634146
 0.53658537 0.41463415 0.02439024 0.02439024
 0.07317073 0.02439024 0.85365854 0.04878049
 0.09756098 0.6097561  0.17073171 0.12195122

MOTIF muuscle_l3_f_43
letter-probability matrix: alength= 4 w= 9 
 0.025 0.65  0.25  0.075
 0.025 0.025 0.85  0.1  
 0.025 0.925 0.025 0.025
 0.025 0.1   0.85  0.025
 0.025 0.125 0.825 0.025
 0.025 0.825 0.025 0.125
 0.025 0.325 0.45  0.2  
 0.025 0.475 0.475 0.025
 0.125 0.225 0.475 0.175

MOTIF muuscle_l3_f_44
letter-probability matrix: alength= 4 w= 9 
 0.36363636 0.20454545 0.31818182 0.11363636
 0.59090909 0.13636364 0.02272727 0.25      
 0.02272727 0.5        0.25       0.22727273
 0.11363636 0.70454545 0.11363636 0.06818182
 0.11363636 0.18181818 0.68181818 0.02272727
 0.02272727 0.02272727 0.02272727 0.93181818
 0.04545455 0.68181818 0.13636364 0.13636364
 0.04545455 0.13636364 0.65909091 0.15909091
 0.04545455 0.34090909 0.38636364 0.22727273

MOTIF muuscle_l3_f_45
letter-probability matrix: alength= 4 w= 9 
 0.22727273 0.40909091 0.15909091 0.20454545
 0.09090909 0.65909091 0.22727273 0.02272727
 0.02272727 0.52272727 0.02272727 0.43181818
 0.34090909 0.09090909 0.02272727 0.54545455
 0.20454545 0.02272727 0.38636364 0.38636364
 0.11363636 0.77272727 0.02272727 0.09090909
 0.02272727 0.02272727 0.02272727 0.93181818
 0.02272727 0.02272727 0.90909091 0.04545455
 0.13636364 0.27272727 0.38636364 0.20454545

MOTIF muuscle_l3_f_46
letter-probability matrix: alength= 4 w= 9 
 0.23809524 0.30952381 0.28571429 0.16666667
 0.26190476 0.30952381 0.02380952 0.4047619 
 0.16666667 0.28571429 0.21428571 0.33333333
 0.02380952 0.11904762 0.83333333 0.02380952
 0.02380952 0.19047619 0.76190476 0.02380952
 0.07142857 0.02380952 0.02380952 0.88095238
 0.02380952 0.02380952 0.66666667 0.28571429
 0.64285714 0.26190476 0.02380952 0.07142857
 0.26190476 0.07142857 0.45238095 0.21428571

MOTIF muuscle_l3_f_47
letter-probability matrix: alength= 4 w= 9 
 0.11363636 0.61363636 0.25       0.02272727
 0.02272727 0.20454545 0.75       0.02272727
 0.36363636 0.59090909 0.02272727 0.02272727
 0.11363636 0.75       0.02272727 0.11363636
 0.02272727 0.93181818 0.02272727 0.02272727
 0.02272727 0.02272727 0.90909091 0.04545455
 0.06818182 0.81818182 0.09090909 0.02272727
 0.06818182 0.27272727 0.59090909 0.06818182
 0.11363636 0.59090909 0.25       0.04545455

MOTIF muuscle_l3_f_48
letter-probability matrix: alength= 4 w= 9 
 0.19047619 0.33333333 0.28571429 0.19047619
 0.35714286 0.07142857 0.02380952 0.54761905
 0.0952381  0.45238095 0.4047619  0.04761905
 0.35714286 0.5        0.07142857 0.07142857
 0.02380952 0.71428571 0.16666667 0.0952381 
 0.23809524 0.69047619 0.04761905 0.02380952
 0.66666667 0.16666667 0.11904762 0.04761905
 0.19047619 0.76190476 0.02380952 0.02380952
 0.26190476 0.33333333 0.28571429 0.11904762

MOTIF muuscle_l3_f_49
letter-probability matrix: alength= 4 w= 9 
 0.12195122 0.17073171 0.3902439  0.31707317
 0.04878049 0.04878049 0.17073171 0.73170732
 0.53658537 0.24390244 0.19512195 0.02439024
 0.12195122 0.80487805 0.04878049 0.02439024
 0.34146341 0.02439024 0.51219512 0.12195122
 0.07317073 0.02439024 0.31707317 0.58536585
 0.12195122 0.04878049 0.12195122 0.70731707
 0.41463415 0.19512195 0.09756098 0.29268293
 0.07317073 0.51219512 0.31707317 0.09756098

MOTIF muuscle_l3_f_50
letter-probability matrix: alength= 4 w= 9 
 0.43902439 0.2195122  0.29268293 0.04878049
 0.75609756 0.02439024 0.02439024 0.19512195
 0.46341463 0.02439024 0.43902439 0.07317073
 0.02439024 0.02439024 0.92682927 0.02439024
 0.04878049 0.7804878  0.14634146 0.02439024
 0.82926829 0.12195122 0.02439024 0.02439024
 0.02439024 0.46341463 0.14634146 0.36585366
 0.26829268 0.24390244 0.26829268 0.2195122 
 0.14634146 0.2195122  0.34146341 0.29268293

MOTIF muuscle_l3_f_51
letter-probability matrix: alength= 4 w= 9 
 0.02380952 0.07142857 0.21428571 0.69047619
 0.02380952 0.30952381 0.02380952 0.64285714
 0.02380952 0.02380952 0.11904762 0.83333333
 0.11904762 0.47619048 0.35714286 0.04761905
 0.26190476 0.21428571 0.47619048 0.04761905
 0.83333333 0.02380952 0.11904762 0.02380952
 0.19047619 0.02380952 0.76190476 0.02380952
 0.42857143 0.28571429 0.23809524 0.04761905
 0.35714286 0.14285714 0.38095238 0.11904762

MOTIF muuscle_l3_f_52
letter-probability matrix: alength= 4 w= 9 
 0.52380952 0.04761905 0.33333333 0.0952381 
 0.02380952 0.85714286 0.0952381  0.02380952
 0.92857143 0.02380952 0.02380952 0.02380952
 0.02380952 0.16666667 0.78571429 0.02380952
 0.21428571 0.73809524 0.02380952 0.02380952
 0.02380952 0.02380952 0.66666667 0.28571429
 0.02380952 0.14285714 0.69047619 0.14285714
 0.02380952 0.5        0.14285714 0.33333333
 0.04761905 0.33333333 0.23809524 0.38095238

MOTIF muuscle_l3_f_53
letter-probability matrix: alength= 4 w= 9 
 0.13636364 0.06818182 0.25       0.54545455
 0.56818182 0.02272727 0.18181818 0.22727273
 0.63636364 0.31818182 0.02272727 0.02272727
 0.09090909 0.79545455 0.06818182 0.04545455
 0.02272727 0.93181818 0.02272727 0.02272727
 0.29545455 0.11363636 0.56818182 0.02272727
 0.34090909 0.13636364 0.18181818 0.34090909
 0.15909091 0.27272727 0.52272727 0.04545455
 0.09090909 0.34090909 0.25       0.31818182

MOTIF muuscle_l3_f_54
letter-probability matrix: alength= 4 w= 9 
 0.27906977 0.39534884 0.18604651 0.13953488
 0.02325581 0.79069767 0.1627907  0.02325581
 0.02325581 0.11627907 0.11627907 0.74418605
 0.02325581 0.25581395 0.23255814 0.48837209
 0.25581395 0.09302326 0.62790698 0.02325581
 0.02325581 0.76744186 0.18604651 0.02325581
 0.39534884 0.13953488 0.41860465 0.04651163
 0.06976744 0.39534884 0.48837209 0.04651163
 0.04651163 0.39534884 0.25581395 0.30232558

MOTIF muuscle_l3_f_55
letter-probability matrix: alength= 4 w= 9 
 0.25641026 0.15384615 0.20512821 0.38461538
 0.05128205 0.41025641 0.43589744 0.1025641 
 0.05128205 0.76923077 0.15384615 0.02564103
 0.8974359  0.02564103 0.05128205 0.02564103
 0.05128205 0.87179487 0.05128205 0.02564103
 0.05128205 0.20512821 0.69230769 0.05128205
 0.02564103 0.20512821 0.46153846 0.30769231
 0.12820513 0.25641026 0.05128205 0.56410256
 0.05128205 0.38461538 0.38461538 0.17948718

MOTIF muuscle_l3_f_56
letter-probability matrix: alength= 4 w= 9 
 0.13636364 0.40909091 0.18181818 0.27272727
 0.72727273 0.13636364 0.11363636 0.02272727
 0.22727273 0.06818182 0.65909091 0.04545455
 0.02272727 0.02272727 0.22727273 0.72727273
 0.02272727 0.45454545 0.22727273 0.29545455
 0.13636364 0.34090909 0.02272727 0.5       
 0.38636364 0.11363636 0.34090909 0.15909091
 0.02272727 0.09090909 0.45454545 0.43181818
 0.18181818 0.36363636 0.06818182 0.38636364

MOTIF muuscle_l3_f_57
letter-probability matrix: alength= 4 w= 9 
 0.35  0.15  0.225 0.275
 0.3   0.025 0.425 0.25 
 0.25  0.2   0.025 0.525
 0.275 0.6   0.025 0.1  
 0.45  0.025 0.075 0.45 
 0.025 0.625 0.325 0.025
 0.25  0.025 0.15  0.575
 0.3   0.275 0.025 0.4  
 0.225 0.3   0.225 0.25 

MOTIF muuscle_l3_f_58
letter-probability matrix: alength= 4 w= 9 
 0.21875 0.125   0.21875 0.4375 
 0.1875  0.65625 0.0625  0.09375
 0.3125  0.03125 0.0625  0.59375
 0.1875  0.03125 0.75    0.03125
 0.03125 0.03125 0.59375 0.34375
 0.1875  0.4375  0.34375 0.03125
 0.625   0.03125 0.25    0.09375
 0.8125  0.03125 0.125   0.03125
 0.21875 0.15625 0.59375 0.03125

MOTIF muuscle_l3_f_59
letter-probability matrix: alength= 4 w= 9 
 0.06976744 0.20930233 0.55813953 0.1627907 
 0.02325581 0.74418605 0.20930233 0.02325581
 0.02325581 0.34883721 0.30232558 0.3255814 
 0.04651163 0.09302326 0.76744186 0.09302326
 0.06976744 0.06976744 0.13953488 0.72093023
 0.02325581 0.65116279 0.30232558 0.02325581
 0.51162791 0.02325581 0.20930233 0.25581395
 0.46511628 0.04651163 0.46511628 0.02325581
 0.18604651 0.04651163 0.62790698 0.13953488

MOTIF muuscle_l3_f_60
letter-probability matrix: alength= 4 w= 9 
 0.16666667 0.4047619  0.28571429 0.14285714
 0.04761905 0.76190476 0.02380952 0.16666667
 0.02380952 0.02380952 0.92857143 0.02380952
 0.02380952 0.45238095 0.14285714 0.38095238
 0.02380952 0.54761905 0.04761905 0.38095238
 0.28571429 0.64285714 0.02380952 0.04761905
 0.02380952 0.5        0.35714286 0.11904762
 0.02380952 0.78571429 0.02380952 0.16666667
 0.23809524 0.28571429 0.28571429 0.19047619

MOTIF muuscle_l3_f_61
letter-probability matrix: alength= 4 w= 9 
 0.14285714 0.19047619 0.45238095 0.21428571
 0.11904762 0.61904762 0.07142857 0.19047619
 0.02380952 0.85714286 0.0952381  0.02380952
 0.02380952 0.02380952 0.92857143 0.02380952
 0.07142857 0.88095238 0.02380952 0.02380952
 0.02380952 0.14285714 0.80952381 0.02380952
 0.02380952 0.92857143 0.02380952 0.02380952
 0.14285714 0.54761905 0.23809524 0.07142857
 0.07142857 0.26190476 0.52380952 0.14285714

MOTIF muuscle_l3_f_62
letter-probability matrix: alength= 4 w= 9 
 0.14634146 0.26829268 0.46341463 0.12195122
 0.04878049 0.41463415 0.41463415 0.12195122
 0.04878049 0.82926829 0.09756098 0.02439024
 0.09756098 0.41463415 0.46341463 0.02439024
 0.90243902 0.02439024 0.04878049 0.02439024
 0.12195122 0.14634146 0.36585366 0.36585366
 0.02439024 0.02439024 0.92682927 0.02439024
 0.02439024 0.34146341 0.6097561  0.02439024
 0.07317073 0.3902439  0.31707317 0.2195122 

MOTIF muuscle_l3_f_63
letter-probability matrix: alength= 4 w= 9 
 0.36842105 0.5        0.07894737 0.05263158
 0.02631579 0.02631579 0.92105263 0.02631579
 0.05263158 0.84210526 0.02631579 0.07894737
 0.02631579 0.92105263 0.02631579 0.02631579
 0.02631579 0.92105263 0.02631579 0.02631579
 0.02631579 0.92105263 0.02631579 0.02631579
 0.07894737 0.02631579 0.78947368 0.10526316
 0.15789474 0.73684211 0.07894737 0.02631579
 0.23684211 0.5        0.10526316 0.15789474

MOTIF muuscle_l3_f_64
letter-probability matrix: alength= 4 w= 9 
 0.04545455 0.45454545 0.47727273 0.02272727
 0.65909091 0.11363636 0.09090909 0.13636364
 0.02272727 0.22727273 0.56818182 0.18181818
 0.02272727 0.02272727 0.93181818 0.02272727
 0.02272727 0.90909091 0.04545455 0.02272727
 0.02272727 0.02272727 0.56818182 0.38636364
 0.02272727 0.02272727 0.88636364 0.06818182
 0.13636364 0.72727273 0.02272727 0.11363636
 0.31818182 0.04545455 0.29545455 0.34090909

MOTIF muuscle_l3_f_65
letter-probability matrix: alength= 4 w= 9 
 0.02272727 0.68181818 0.20454545 0.09090909
 0.02272727 0.02272727 0.68181818 0.27272727
 0.02272727 0.88636364 0.06818182 0.02272727
 0.02272727 0.02272727 0.02272727 0.93181818
 0.02272727 0.54545455 0.38636364 0.04545455
 0.02272727 0.02272727 0.84090909 0.11363636
 0.02272727 0.93181818 0.02272727 0.02272727
 0.02272727 0.45454545 0.02272727 0.5       
 0.13636364 0.25       0.25       0.36363636

MOTIF muuscle_l3_f_66
letter-probability matrix: alength= 4 w= 9 
 0.09302326 0.11627907 0.76744186 0.02325581
 0.48837209 0.37209302 0.09302326 0.04651163
 0.20930233 0.3255814  0.39534884 0.06976744
 0.06976744 0.02325581 0.02325581 0.88372093
 0.02325581 0.39534884 0.02325581 0.55813953
 0.02325581 0.53488372 0.02325581 0.41860465
 0.1627907  0.04651163 0.6744186  0.11627907
 0.09302326 0.55813953 0.11627907 0.23255814
 0.13953488 0.23255814 0.25581395 0.37209302

MOTIF muuscle_l3_f_67
letter-probability matrix: alength= 4 w= 9 
 0.13953488 0.30232558 0.1627907  0.39534884
 0.04651163 0.02325581 0.02325581 0.90697674
 0.04651163 0.09302326 0.02325581 0.8372093 
 0.04651163 0.58139535 0.06976744 0.30232558
 0.02325581 0.18604651 0.06976744 0.72093023
 0.09302326 0.53488372 0.34883721 0.02325581
 0.41860465 0.39534884 0.02325581 0.1627907 
 0.48837209 0.18604651 0.23255814 0.09302326
 0.18604651 0.18604651 0.18604651 0.44186047

MOTIF muuscle_l3_f_68
letter-probability matrix: alength= 4 w= 9 
 0.1   0.425 0.275 0.2  
 0.025 0.025 0.475 0.475
 0.025 0.325 0.275 0.375
 0.025 0.8   0.15  0.025
 0.025 0.025 0.025 0.925
 0.025 0.025 0.025 0.925
 0.325 0.025 0.1   0.55 
 0.125 0.55  0.1   0.225
 0.5   0.15  0.025 0.325

MOTIF muuscle_l3_f_69
letter-probability matrix: alength= 4 w= 9 
 0.02272727 0.47727273 0.47727273 0.02272727
 0.02272727 0.02272727 0.93181818 0.02272727
 0.02272727 0.93181818 0.02272727 0.02272727
 0.02272727 0.11363636 0.77272727 0.09090909
 0.02272727 0.20454545 0.72727273 0.04545455
 0.02272727 0.93181818 0.02272727 0.02272727
 0.15909091 0.22727273 0.31818182 0.29545455
 0.02272727 0.40909091 0.54545455 0.02272727
 0.02272727 0.22727273 0.72727273 0.02272727

MOTIF muuscle_l3_f_70
letter-probability matrix: alength= 4 w= 9 
 0.28571429 0.38095238 0.19047619 0.14285714
 0.21428571 0.02380952 0.30952381 0.45238095
 0.02380952 0.16666667 0.02380952 0.78571429
 0.33333333 0.30952381 0.02380952 0.33333333
 0.0952381  0.54761905 0.02380952 0.33333333
 0.33333333 0.30952381 0.33333333 0.02380952
 0.0952381  0.04761905 0.4047619  0.45238095
 0.4047619  0.02380952 0.02380952 0.54761905
 0.33333333 0.04761905 0.4047619  0.21428571

MOTIF muuscle_l3_f_71
letter-probability matrix: alength= 4 w= 9 
 0.02380952 0.02380952 0.92857143 0.02380952
 0.02380952 0.54761905 0.4047619  0.02380952
 0.02380952 0.4047619  0.04761905 0.52380952
 0.02380952 0.5952381  0.35714286 0.02380952
 0.02380952 0.85714286 0.0952381  0.02380952
 0.33333333 0.61904762 0.02380952 0.02380952
 0.02380952 0.02380952 0.92857143 0.02380952
 0.07142857 0.76190476 0.11904762 0.04761905
 0.16666667 0.52380952 0.23809524 0.07142857

MOTIF muuscle_l3_f_72
letter-probability matrix: alength= 4 w= 9 
 0.04545455 0.72727273 0.20454545 0.02272727
 0.02272727 0.02272727 0.09090909 0.86363636
 0.02272727 0.93181818 0.02272727 0.02272727
 0.02272727 0.84090909 0.11363636 0.02272727
 0.40909091 0.52272727 0.02272727 0.04545455
 0.02272727 0.5        0.02272727 0.45454545
 0.02272727 0.72727273 0.18181818 0.06818182
 0.09090909 0.20454545 0.27272727 0.43181818
 0.06818182 0.38636364 0.31818182 0.22727273

MOTIF muuscle_l3_f_73
letter-probability matrix: alength= 4 w= 9 
 0.11904762 0.54761905 0.23809524 0.0952381 
 0.42857143 0.02380952 0.02380952 0.52380952
 0.0952381  0.02380952 0.5        0.38095238
 0.0952381  0.21428571 0.66666667 0.02380952
 0.02380952 0.04761905 0.9047619  0.02380952
 0.02380952 0.78571429 0.02380952 0.16666667
 0.07142857 0.73809524 0.16666667 0.02380952
 0.04761905 0.02380952 0.76190476 0.16666667
 0.19047619 0.28571429 0.30952381 0.21428571

MOTIF muuscle_l3_f_74
letter-probability matrix: alength= 4 w= 9 
 0.13636364 0.34090909 0.5        0.02272727
 0.04545455 0.36363636 0.20454545 0.38636364
 0.09090909 0.86363636 0.02272727 0.02272727
 0.38636364 0.02272727 0.04545455 0.54545455
 0.40909091 0.20454545 0.29545455 0.09090909
 0.11363636 0.72727273 0.02272727 0.13636364
 0.02272727 0.02272727 0.15909091 0.79545455
 0.72727273 0.02272727 0.09090909 0.15909091
 0.40909091 0.25       0.25       0.09090909

MOTIF muuscle_l3_f_75
letter-probability matrix: alength= 4 w= 9 
 0.3255814  0.25581395 0.13953488 0.27906977
 0.02325581 0.65116279 0.02325581 0.30232558
 0.30232558 0.02325581 0.44186047 0.23255814
 0.02325581 0.46511628 0.20930233 0.30232558
 0.37209302 0.48837209 0.11627907 0.02325581
 0.18604651 0.02325581 0.3255814  0.46511628
 0.02325581 0.06976744 0.25581395 0.65116279
 0.02325581 0.11627907 0.23255814 0.62790698
 0.46511628 0.23255814 0.09302326 0.20930233

MOTIF muuscle_l3_f_76
letter-probability matrix: alength= 4 w= 9 
 0.58139535 0.09302326 0.20930233 0.11627907
 0.13953488 0.23255814 0.53488372 0.09302326
 0.51162791 0.09302326 0.30232558 0.09302326
 0.02325581 0.74418605 0.20930233 0.02325581
 0.02325581 0.53488372 0.39534884 0.04651163
 0.02325581 0.62790698 0.13953488 0.20930233
 0.02325581 0.34883721 0.37209302 0.25581395
 0.02325581 0.18604651 0.76744186 0.02325581
 0.04651163 0.62790698 0.27906977 0.04651163

MOTIF muuscle_l3_f_77
letter-probability matrix: alength= 4 w= 9 
 0.04545455 0.56818182 0.29545455 0.09090909
 0.31818182 0.06818182 0.25       0.36363636
 0.02272727 0.02272727 0.88636364 0.06818182
 0.38636364 0.31818182 0.22727273 0.06818182
 0.02272727 0.38636364 0.54545455 0.04545455
 0.09090909 0.54545455 0.02272727 0.34090909
 0.02272727 0.70454545 0.25       0.02272727
 0.13636364 0.18181818 0.31818182 0.36363636
 0.36363636 0.18181818 0.27272727 0.18181818

MOTIF muuscle_l3_f_78
letter-probability matrix: alength= 4 w= 9 
 0.45238095 0.0952381  0.04761905 0.4047619 
 0.04761905 0.71428571 0.0952381  0.14285714
 0.26190476 0.02380952 0.42857143 0.28571429
 0.02380952 0.02380952 0.14285714 0.80952381
 0.02380952 0.73809524 0.21428571 0.02380952
 0.14285714 0.0952381  0.4047619  0.35714286
 0.21428571 0.04761905 0.02380952 0.71428571
 0.02380952 0.5        0.23809524 0.23809524
 0.30952381 0.45238095 0.0952381  0.14285714

MOTIF muuscle_l3_f_79
letter-probability matrix: alength= 4 w= 9 
 0.2195122  0.46341463 0.24390244 0.07317073
 0.02439024 0.53658537 0.3902439  0.04878049
 0.02439024 0.02439024 0.92682927 0.02439024
 0.02439024 0.48780488 0.02439024 0.46341463
 0.02439024 0.92682927 0.02439024 0.02439024
 0.04878049 0.02439024 0.87804878 0.04878049
 0.02439024 0.92682927 0.02439024 0.02439024
 0.14634146 0.48780488 0.26829268 0.09756098
 0.04878049 0.6097561  0.29268293 0.04878049

MOTIF muuscle_l3_f_80
letter-probability matrix: alength= 4 w= 9 
 0.06976744 0.46511628 0.44186047 0.02325581
 0.23255814 0.69767442 0.04651163 0.02325581
 0.11627907 0.55813953 0.13953488 0.18604651
 0.02325581 0.93023256 0.02325581 0.02325581
 0.02325581 0.02325581 0.93023256 0.02325581
 0.79069767 0.1627907  0.02325581 0.02325581
 0.20930233 0.06976744 0.69767442 0.02325581
 0.06976744 0.23255814 0.44186047 0.25581395
 0.20930233 0.55813953 0.11627907 0.11627907

MOTIF muuscle_l3_f_81
letter-probability matrix: alength= 4 w= 9 
 0.18181818 0.18181818 0.5        0.13636364
 0.06818182 0.02272727 0.27272727 0.63636364
 0.11363636 0.02272727 0.81818182 0.04545455
 0.02272727 0.43181818 0.52272727 0.02272727
 0.31818182 0.04545455 0.02272727 0.61363636
 0.18181818 0.68181818 0.11363636 0.02272727
 0.02272727 0.77272727 0.18181818 0.02272727
 0.11363636 0.45454545 0.40909091 0.02272727
 0.11363636 0.56818182 0.11363636 0.20454545

MOTIF muuscle_l3_f_82
letter-probability matrix: alength= 4 w= 9 
 0.45454545 0.18181818 0.25       0.11363636
 0.38636364 0.22727273 0.34090909 0.04545455
 0.52272727 0.27272727 0.18181818 0.02272727
 0.88636364 0.02272727 0.06818182 0.02272727
 0.65909091 0.02272727 0.29545455 0.02272727
 0.86363636 0.02272727 0.02272727 0.09090909
 0.47727273 0.02272727 0.36363636 0.13636364
 0.93181818 0.02272727 0.02272727 0.02272727
 0.43181818 0.02272727 0.43181818 0.11363636

MOTIF muuscle_l3_f_83
letter-probability matrix: alength= 4 w= 9 
 0.23255814 0.25581395 0.48837209 0.02325581
 0.46511628 0.1627907  0.34883721 0.02325581
 0.20930233 0.1627907  0.46511628 0.1627907 
 0.09302326 0.79069767 0.06976744 0.04651163
 0.65116279 0.02325581 0.02325581 0.30232558
 0.76744186 0.02325581 0.06976744 0.13953488
 0.04651163 0.09302326 0.1627907  0.69767442
 0.3255814  0.3255814  0.02325581 0.3255814 
 0.3255814  0.23255814 0.23255814 0.20930233

MOTIF muuscle_l3_f_84
letter-probability matrix: alength= 4 w= 9 
 0.06818182 0.20454545 0.70454545 0.02272727
 0.06818182 0.11363636 0.40909091 0.40909091
 0.02272727 0.36363636 0.54545455 0.06818182
 0.02272727 0.02272727 0.93181818 0.02272727
 0.02272727 0.93181818 0.02272727 0.02272727
 0.02272727 0.02272727 0.93181818 0.02272727
 0.02272727 0.65909091 0.29545455 0.02272727
 0.04545455 0.63636364 0.15909091 0.15909091
 0.18181818 0.22727273 0.29545455 0.29545455

MOTIF muuscle_l3_f_85
letter-probability matrix: alength= 4 w= 9 
 0.09090909 0.25       0.59090909 0.06818182
 0.61363636 0.29545455 0.06818182 0.02272727
 0.31818182 0.31818182 0.34090909 0.02272727
 0.02272727 0.31818182 0.63636364 0.02272727
 0.72727273 0.18181818 0.02272727 0.06818182
 0.25       0.02272727 0.5        0.22727273
 0.02272727 0.15909091 0.79545455 0.02272727
 0.02272727 0.27272727 0.06818182 0.63636364
 0.18181818 0.56818182 0.04545455 0.20454545

MOTIF muuscle_l3_f_86
letter-probability matrix: alength= 4 w= 9 
 0.06818182 0.43181818 0.29545455 0.20454545
 0.02272727 0.18181818 0.77272727 0.02272727
 0.11363636 0.04545455 0.81818182 0.02272727
 0.09090909 0.06818182 0.36363636 0.47727273
 0.31818182 0.38636364 0.27272727 0.02272727
 0.22727273 0.45454545 0.25       0.06818182
 0.38636364 0.56818182 0.02272727 0.02272727
 0.75       0.20454545 0.02272727 0.02272727
 0.11363636 0.27272727 0.36363636 0.25      

MOTIF muuscle_l3_f_87
letter-probability matrix: alength= 4 w= 9 
 0.18604651 0.25581395 0.46511628 0.09302326
 0.04651163 0.30232558 0.62790698 0.02325581
 0.34883721 0.13953488 0.02325581 0.48837209
