MEME version 5.3.0

ALPHABET= ACGT

strands: + -

Background letter frequencies
A 0.25 C 0.25 G 0.25 T 0.25

MOTIF 500_l3_f_0
letter-probability matrix: alength= 4 w= 9 
 0.09958506 0.58713693 0.20954357 0.10373444
 0.07261411 0.3879668  0.43153527 0.10788382
 0.00207469 0.55394191 0.3879668  0.0560166 
 0.5        0.00829876 0.40456432 0.08713693
 0.27178423 0.00207469 0.00207469 0.72406639
 0.01244813 0.07053942 0.91493776 0.00207469
 0.17842324 0.19917012 0.42738589 0.19502075
 0.05186722 0.7033195  0.10580913 0.13900415
 0.12655602 0.50207469 0.2033195  0.16804979

MOTIF 500_l3_f_1
letter-probability matrix: alength= 4 w= 9 
 0.10123967 0.17561983 0.62809917 0.09504132
 0.3161157  0.20454545 0.00206612 0.47727273
 0.22520661 0.66528926 0.10743802 0.00206612
 0.42975207 0.5661157  0.00206612 0.00206612
 0.02892562 0.70247934 0.26652893 0.00206612
 0.06818182 0.47107438 0.45867769 0.00206612
 0.23140496 0.1714876  0.40495868 0.19214876
 0.46900826 0.30991736 0.21900826 0.00206612
 0.08677686 0.12396694 0.69421488 0.09504132

MOTIF 500_l3_f_2
letter-probability matrix: alength= 4 w= 9 
 0.10822511 0.19264069 0.43939394 0.25974026
 0.32034632 0.03896104 0.11471861 0.52597403
 0.01298701 0.0021645  0.0021645  0.98268398
 0.05844156 0.18614719 0.47835498 0.27705628
 0.24891775 0.56926407 0.0021645  0.17965368
 0.0021645 0.8961039 0.0995671 0.0021645
 0.61688312 0.1038961  0.25974026 0.01948052
 0.14285714 0.01731602 0.61688312 0.22294372
 0.12337662 0.16450216 0.56709957 0.14502165

MOTIF 500_l3_f_3
letter-probability matrix: alength= 4 w= 9 
 0.26150628 0.07740586 0.43514644 0.22594142
 0.0125523  0.16736402 0.81171548 0.0083682 
 0.5376569  0.38493724 0.07531381 0.00209205
 0.25523013 0.36401674 0.25941423 0.12133891
 0.14225941 0.16736402 0.57531381 0.11506276
 0.00209205 0.06485356 0.0083682  0.92468619
 0.00209205 0.00209205 0.93305439 0.06276151
 0.00627615 0.00209205 0.73640167 0.25523013
 0.25941423 0.27196653 0.37656904 0.09205021

MOTIF 500_l3_f_4
letter-probability matrix: alength= 4 w= 9 
 0.21576763 0.3153527  0.35477178 0.11410788
 0.79460581 0.0560166  0.13278008 0.01659751
 0.01244813 0.02697095 0.90456432 0.0560166 
 0.27385892 0.00207469 0.46887967 0.25518672
 0.02282158 0.10580913 0.24273859 0.62863071
 0.20539419 0.08091286 0.43360996 0.28008299
 0.07676349 0.35892116 0.51037344 0.05394191
 0.33609959 0.48340249 0.0373444  0.14315353
 0.27385892 0.39004149 0.15975104 0.17634855

MOTIF 500_l3_f_5
letter-probability matrix: alength= 4 w= 9 
 0.30020704 0.17184265 0.35610766 0.17184265
 0.65838509 0.05175983 0.25672878 0.03312629
 0.04554865 0.38302277 0.06004141 0.51138716
 0.17598344 0.5610766  0.2505176  0.01242236
 0.7515528  0.00207039 0.21532091 0.0310559 
 0.08488613 0.25465839 0.18426501 0.47619048
 0.02070393 0.46376812 0.50517598 0.01035197
 0.69151139 0.07453416 0.18012422 0.05383023
 0.17805383 0.16356108 0.53416149 0.1242236 

MOTIF 500_l3_f_6
letter-probability matrix: alength= 4 w= 9 
 0.08067941 0.3418259  0.24416136 0.33333333
 0.07430998 0.0552017  0.10828025 0.76220807
 0.00212314 0.99363057 0.00212314 0.00212314
 0.00212314 0.00212314 0.99363057 0.00212314
 0.00212314 0.34607219 0.64968153 0.00212314
 0.00212314 0.47346072 0.32059448 0.20382166
 0.00212314 0.6985138  0.00212314 0.29723992
 0.06794055 0.50106157 0.17622081 0.25477707
 0.20382166 0.2611465  0.3970276  0.13800425

MOTIF 500_l3_f_7
letter-probability matrix: alength= 4 w= 9 
 0.13250518 0.50310559 0.22567288 0.13871636
 0.03933747 0.01035197 0.18012422 0.77018634
 0.00621118 0.36024845 0.02484472 0.60869565
 0.02691511 0.20082816 0.26501035 0.50724638
 0.01035197 0.06832298 0.56935818 0.35196687
 0.01035197 0.02898551 0.02691511 0.93374741
 0.42443064 0.33126294 0.05590062 0.1884058 
 0.05590062 0.14078675 0.79710145 0.00621118
 0.1573499  0.34782609 0.26708075 0.22774327

MOTIF 500_l3_f_8
letter-probability matrix: alength= 4 w= 9 
 0.09414226 0.32635983 0.43305439 0.14644351
 0.15899582 0.08995816 0.09205021 0.65899582
 0.00209205 0.0083682  0.07322176 0.91631799
 0.0125523  0.18200837 0.13389121 0.67154812
 0.04393305 0.041841   0.02719665 0.88702929
 0.14853556 0.13807531 0.57740586 0.13598326
 0.00209205 0.42050209 0.4874477  0.08995816
 0.09205021 0.61924686 0.23849372 0.05020921
 0.41422594 0.17154812 0.15899582 0.25523013

MOTIF 500_l3_f_9
letter-probability matrix: alength= 4 w= 9 
 0.03696099 0.74332649 0.19712526 0.02258727
 0.00410678 0.85010267 0.14373717 0.00205339
 0.45174538 0.00205339 0.54209446 0.00410678
 0.01232033 0.00410678 0.98151951 0.00205339
 0.00410678 0.20328542 0.03080082 0.76180698
 0.09445585 0.62833676 0.11293634 0.16427105
 0.09445585 0.65708419 0.23819302 0.01026694
 0.10882957 0.18275154 0.3613963  0.34702259
 0.04517454 0.45995893 0.34086242 0.15400411

MOTIF 500_l3_f_10
letter-probability matrix: alength= 4 w= 9 
 0.12170385 0.39553753 0.1703854  0.31237323
 0.09736308 0.26166329 0.37728195 0.26369168
 0.0851927  0.55375254 0.31237323 0.04868154
 0.0020284  0.0020284  0.68965517 0.30628803
 0.00608519 0.04868154 0.01419878 0.93103448
 0.0020284 0.9148073 0.0020284 0.0811359
 0.0020284  0.09736308 0.0020284  0.89858012
 0.01622718 0.336714   0.26369168 0.38336714
 0.12373225 0.6693712  0.13590264 0.07099391

MOTIF 500_l3_f_11
letter-probability matrix: alength= 4 w= 9 
 0.08024691 0.08436214 0.66255144 0.17283951
 0.09876543 0.09670782 0.79012346 0.01440329
 0.00205761 0.41358025 0.31481481 0.26954733
 0.16049383 0.83539095 0.00205761 0.00205761
 0.00205761 0.77160494 0.22427984 0.00205761
 0.00205761 0.99382716 0.00205761 0.00205761
 0.00205761 0.16255144 0.38271605 0.4526749 
 0.32921811 0.44444444 0.22222222 0.00411523
 0.0617284  0.1399177  0.70164609 0.09670782

MOTIF 500_l3_f_12
letter-probability matrix: alength= 4 w= 9 
 0.15102041 0.55306122 0.24693878 0.04897959
 0.12857143 0.23061224 0.1877551  0.45306122
 0.04693878 0.47959184 0.47142857 0.00204082
 0.01836735 0.67346939 0.30612245 0.00204082
 0.10408163 0.88367347 0.01020408 0.00204082
 0.00204082 0.00612245 0.00204082 0.98979592
 0.00408163 0.00204082 0.99183673 0.00204082
 0.10816327 0.57755102 0.03877551 0.2755102 
 0.31836735 0.2        0.2755102  0.20612245

MOTIF 500_l3_f_13
letter-probability matrix: alength= 4 w= 9 
 0.52272727 0.11363636 0.25826446 0.1053719 
 0.25826446 0.19008264 0.47933884 0.07231405
 0.28099174 0.11983471 0.38429752 0.21487603
 0.96280992 0.00206612 0.00826446 0.0268595 
 0.55991736 0.41735537 0.02066116 0.00206612
 0.31404959 0.28305785 0.34917355 0.05371901
 0.79338843 0.00206612 0.13636364 0.06818182
 0.06818182 0.20867769 0.3946281  0.3285124 
 0.09297521 0.30371901 0.42975207 0.17355372

MOTIF 500_l3_f_14
letter-probability matrix: alength= 4 w= 9 
 0.02268041 0.13814433 0.15670103 0.68247423
 0.1628866  0.15257732 0.02061856 0.66391753
 0.00412371 0.32371134 0.00206186 0.67010309
 0.0185567  0.64123711 0.26185567 0.07835052
 0.01030928 0.27010309 0.1443299  0.57525773
 0.00206186 0.04536082 0.00206186 0.95051546
 0.07835052 0.17938144 0.00824742 0.73402062
 0.09484536 0.38556701 0.10927835 0.41030928
 0.25773196 0.27628866 0.06597938 0.4       

MOTIF 500_l3_f_15
letter-probability matrix: alength= 4 w= 9 
 0.16632017 0.33264033 0.33471933 0.16632017
 0.46153846 0.08316008 0.41372141 0.04158004
 0.02702703 0.04365904 0.5966736  0.33264033
 0.85446985 0.03534304 0.02494802 0.08523909
 0.73804574 0.07900208 0.12058212 0.06237006
 0.28274428 0.28690229 0.002079   0.42827443
 0.00831601 0.63409563 0.03326403 0.32432432
 0.1975052  0.16008316 0.35550936 0.28690229
 0.17047817 0.39085239 0.31185031 0.12681913

MOTIF 500_l3_f_16
letter-probability matrix: alength= 4 w= 9 
 0.24532225 0.3970894  0.1995842  0.15800416
 0.26195426 0.47609148 0.14760915 0.11434511
 0.06860707 0.16424116 0.50935551 0.25779626
 0.38253638 0.002079   0.01039501 0.6049896 
 0.06860707 0.002079   0.03534304 0.89397089
 0.31185031 0.002079   0.68399168 0.002079  
 0.08316008 0.01663202 0.68191268 0.21829522
 0.04365904 0.05197505 0.38045738 0.52390852
 0.07276507 0.37629938 0.37629938 0.17463617

MOTIF 500_l3_f_17
letter-probability matrix: alength= 4 w= 9 
 0.09287257 0.3174946  0.1425486  0.44708423
 0.05831533 0.01511879 0.30237581 0.62419006
 0.00215983 0.00215983 0.27213823 0.72354212
 0.83153348 0.00215983 0.16414687 0.00215983
 0.0237581  0.00215983 0.69546436 0.27861771
 0.28725702 0.40172786 0.07559395 0.23542117
 0.18358531 0.66306695 0.0712743  0.08207343
 0.13390929 0.29589633 0.42332613 0.14686825
 0.16414687 0.1511879  0.57235421 0.11231102

MOTIF 500_l3_f_18
letter-probability matrix: alength= 4 w= 9 
 0.21276596 0.05106383 0.55957447 0.17659574
 0.13829787 0.50638298 0.1        0.25531915
 0.01914894 0.06808511 0.0212766  0.89148936
 0.0787234  0.15319149 0.25957447 0.50851064
 0.00212766 0.43617021 0.55957447 0.00212766
 0.16595745 0.13404255 0.15319149 0.54680851
 0.00212766 0.68510638 0.29361702 0.01914894
 0.0106383  0.13404255 0.3        0.55531915
 0.12340426 0.33617021 0.30212766 0.23829787

MOTIF 500_l3_f_19
letter-probability matrix: alength= 4 w= 9 
 0.16494845 0.24536082 0.42680412 0.1628866 
 0.2742268  0.31340206 0.22268041 0.18969072
 0.03298969 0.92989691 0.00206186 0.03505155
 0.06185567 0.00206186 0.93402062 0.00206186
 0.00206186 0.99381443 0.00206186 0.00206186
 0.10927835 0.00412371 0.84536082 0.04123711
 0.00206186 0.16082474 0.59175258 0.24536082
 0.32989691 0.59793814 0.06597938 0.00618557
 0.09896907 0.15463918 0.63298969 0.11340206

MOTIF 500_l3_f_20
letter-probability matrix: alength= 4 w= 9 
 0.02020202 0.15959596 0.81414141 0.00606061
 0.02222222 0.66060606 0.30505051 0.01212121
 0.0020202  0.25858586 0.73333333 0.00606061
 0.0020202  0.21616162 0.69090909 0.09090909
 0.57575758 0.42020202 0.0020202  0.0020202 
 0.1030303  0.66262626 0.09494949 0.13939394
 0.11919192 0.55151515 0.14545455 0.18383838
 0.59393939 0.16969697 0.14949495 0.08686869
 0.25454545 0.14343434 0.46060606 0.14141414

MOTIF 500_l3_f_21
letter-probability matrix: alength= 4 w= 9 
 0.31092437 0.17226891 0.40546218 0.11134454
 0.61554622 0.36764706 0.0105042  0.00630252
 0.12605042 0.85714286 0.00210084 0.01470588
 0.21428571 0.78151261 0.00210084 0.00210084
 0.00210084 0.98109244 0.01470588 0.00210084
 0.25210084 0.28991597 0.25       0.20798319
 0.00420168 0.00210084 0.74579832 0.24789916
 0.14705882 0.09033613 0.53571429 0.22689076
 0.04201681 0.38235294 0.24579832 0.32983193

MOTIF 500_l3_f_22
letter-probability matrix: alength= 4 w= 9 
 0.11434511 0.31392931 0.12681913 0.44490644
 0.05405405 0.29106029 0.0977131  0.55717256
 0.004158   0.002079   0.59043659 0.4033264 
 0.004158   0.41580042 0.3991684  0.18087318
 0.68607069 0.03742204 0.002079   0.27442827
 0.002079   0.85446985 0.12266112 0.02079002
 0.41164241 0.14137214 0.002079   0.44490644
 0.00831601 0.64241164 0.05613306 0.29313929
 0.18918919 0.48232848 0.17879418 0.14968815

MOTIF 500_l3_f_23
letter-probability matrix: alength= 4 w= 9 
 0.18580376 0.40709812 0.25052192 0.1565762 
 0.13361169 0.55323591 0.12526096 0.18789144
 0.00208768 0.69519833 0.28392484 0.01878914
 0.49060543 0.0125261  0.33402923 0.16283925
 0.00208768 0.00835073 0.36325678 0.6263048 
 0.00208768 0.86012526 0.12526096 0.0125261 
 0.69519833 0.15240084 0.00208768 0.15031315
 0.03549061 0.0960334  0.07724426 0.79123173
 0.12943633 0.45929019 0.34029228 0.07098121

MOTIF 500_l3_f_24
letter-probability matrix: alength= 4 w= 9 
 0.26160338 0.1835443  0.3185654  0.23628692
 0.33755274 0.0021097  0.16455696 0.49578059
 0.01898734 0.37974684 0.59915612 0.0021097 
 0.19620253 0.03164557 0.04008439 0.73206751
 0.02320675 0.0021097  0.02953586 0.94514768
 0.07172996 0.0907173  0.12236287 0.71518987
 0.12447257 0.1814346  0.407173   0.28691983
 0.02109705 0.08860759 0.02320675 0.86708861
 0.12447257 0.31012658 0.3185654  0.24683544

MOTIF 500_l3_f_25
letter-probability matrix: alength= 4 w= 9 
 0.04526749 0.48765432 0.34979424 0.11728395
 0.00205761 0.0781893  0.73251029 0.1872428 
 0.00205761 0.27777778 0.718107   0.00205761
 0.00205761 0.00205761 0.99382716 0.00205761
 0.02880658 0.00205761 0.01851852 0.95061728
 0.00205761 0.59465021 0.35596708 0.0473251 
 0.03909465 0.25925926 0.68518519 0.01646091
 0.00205761 0.37654321 0.18106996 0.44032922
 0.17078189 0.16872428 0.46707819 0.19341564

MOTIF 500_l3_f_26
letter-probability matrix: alength= 4 w= 9 
 0.13157895 0.26535088 0.2872807  0.31578947
 0.08114035 0.21929825 0.11184211 0.5877193 
 0.04166667 0.00219298 0.00877193 0.94736842
 0.26096491 0.31798246 0.41008772 0.01096491
 0.19078947 0.01754386 0.77631579 0.01535088
 0.29824561 0.37938596 0.25877193 0.06359649
 0.125      0.0372807  0.05921053 0.77850877
 0.10087719 0.85087719 0.00219298 0.04605263
 0.1622807  0.46710526 0.22807018 0.14254386

MOTIF 500_l3_f_27
letter-probability matrix: alength= 4 w= 9 
 0.27615063 0.36401674 0.25523013 0.10460251
 0.43514644 0.41631799 0.13179916 0.0167364 
 0.01464435 0.58368201 0.39958159 0.00209205
 0.17154812 0.00209205 0.17991632 0.64644351
 0.00209205 0.9623431  0.03138075 0.0041841 
 0.01882845 0.66736402 0.31171548 0.00209205
 0.32008368 0.64435146 0.03138075 0.0041841 
 0.5125523  0.33263598 0.14016736 0.01464435
 0.43096234 0.25313808 0.14435146 0.17154812

MOTIF 500_l3_f_28
letter-probability matrix: alength= 4 w= 9 
 0.0742268  0.51546392 0.28659794 0.12371134
 0.08453608 0.37525773 0.29484536 0.24536082
 0.06804124 0.52989691 0.06185567 0.34020619
 0.06391753 0.14020619 0.50103093 0.29484536
 0.02268041 0.00412371 0.96701031 0.00618557
 0.00206186 0.99381443 0.00206186 0.00206186
 0.03505155 0.5814433  0.26597938 0.11752577
 0.98969072 0.00206186 0.00206186 0.00618557
 0.11134021 0.48247423 0.33402062 0.07216495

MOTIF 500_l3_f_29
letter-probability matrix: alength= 4 w= 9 
 0.08057851 0.53512397 0.23347107 0.15082645
 0.11157025 0.04545455 0.51446281 0.3285124 
 0.00619835 0.00206612 0.83471074 0.15702479
 0.00206612 0.76239669 0.23347107 0.00206612
 0.00413223 0.00206612 0.97727273 0.01652893
 0.45454545 0.51239669 0.01652893 0.01652893
 0.13429752 0.13636364 0.72107438 0.00826446
 0.08884298 0.06818182 0.6838843  0.15909091
 0.05991736 0.49173554 0.28719008 0.16115702

MOTIF 500_l3_f_30
letter-probability matrix: alength= 4 w= 9 
 0.16216216 0.53222453 0.28898129 0.01663202
 0.49064449 0.17255717 0.10602911 0.23076923
 0.002079   0.52390852 0.12889813 0.34511435
 0.01247401 0.3035343  0.68191268 0.002079  
 0.002079   0.01247401 0.28274428 0.7027027 
 0.22661123 0.03742204 0.72972973 0.00623701
 0.002079   0.13097713 0.86278586 0.004158  
 0.64449064 0.03326403 0.09147609 0.23076923
 0.17463617 0.15800416 0.50727651 0.16008316

MOTIF 500_l3_f_31
letter-probability matrix: alength= 4 w= 9 
 0.02626263 0.8020202  0.11111111 0.06060606
 0.04646465 0.82020202 0.11717172 0.01616162
 0.03434343 0.06262626 0.9010101  0.0020202 
 0.0020202  0.75151515 0.08686869 0.15959596
 0.31717172 0.14545455 0.11111111 0.42626263
 0.04848485 0.10707071 0.3030303  0.54141414
 0.12727273 0.17979798 0.14141414 0.55151515
 0.0969697  0.73939394 0.13939394 0.02424242
 0.17171717 0.44040404 0.12727273 0.26060606

MOTIF 500_l3_f_32
letter-probability matrix: alength= 4 w= 9 
 0.09730849 0.28571429 0.35196687 0.26501035
 0.07660455 0.43271222 0.08902692 0.40165631
 0.06004141 0.65838509 0.13871636 0.14285714
 0.00828157 0.04761905 0.94202899 0.00207039
 0.13457557 0.44927536 0.41407867 0.00207039
 0.37060041 0.00207039 0.34989648 0.27743271
 0.00207039 0.00207039 0.99378882 0.00207039
 0.00207039 0.02277433 0.27743271 0.69772257
 0.02070393 0.46376812 0.25672878 0.25879917

MOTIF 500_l3_f_33
letter-probability matrix: alength= 4 w= 9 
 0.06597938 0.45360825 0.34639175 0.13402062
 0.0742268  0.00206186 0.90721649 0.01649485
 0.08247423 0.71752577 0.19793814 0.00206186
 0.00618557 0.09690722 0.89484536 0.00206186
 0.00206186 0.0556701  0.0556701  0.88659794
 0.01030928 0.05154639 0.63505155 0.30309278
 0.00618557 0.19587629 0.56082474 0.2371134 
 0.1257732  0.1443299  0.62061856 0.10927835
 0.10927835 0.4371134  0.32989691 0.12371134

MOTIF 500_l3_f_34
letter-probability matrix: alength= 4 w= 9 
 0.21829522 0.28066528 0.35343035 0.14760915
 0.05197505 0.02910603 0.26819127 0.65072765
 0.01871102 0.002079   0.11434511 0.86486486
 0.22245322 0.07692308 0.19126819 0.50935551
 0.25363825 0.10810811 0.42619543 0.21205821
 0.21205821 0.34095634 0.28898129 0.15800416
 0.80873181 0.18711019 0.002079   0.002079  
 0.07692308 0.53430353 0.38253638 0.00623701
 0.31600832 0.46569647 0.03118503 0.18711019

MOTIF 500_l3_f_35
letter-probability matrix: alength= 4 w= 9 
 0.24421053 0.13894737 0.16       0.45684211
 0.01263158 0.90736842 0.07789474 0.00210526
 0.00210526 0.00210526 0.00631579 0.98947368
 0.02105263 0.42526316 0.53473684 0.01894737
 0.02526316 0.24842105 0.72421053 0.00210526
 0.00210526 0.09263158 0.87789474 0.02736842
 0.05894737 0.30105263 0.48210526 0.15789474
 0.06315789 0.35368421 0.39157895 0.19157895
 0.04421053 0.12       0.54736842 0.28842105

MOTIF 500_l3_f_36
letter-probability matrix: alength= 4 w= 9 
 0.33874239 0.54361055 0.03853955 0.07910751
 0.01419878 0.8296146  0.11156187 0.04462475
 0.00811359 0.95131846 0.0020284  0.03853955
 0.14401623 0.11967546 0.72413793 0.01217039
 0.0020284  0.30425963 0.67342799 0.02028398
 0.10953347 0.38742394 0.01014199 0.49290061
 0.0020284  0.39350913 0.0020284  0.60243408
 0.12981744 0.7505071  0.01419878 0.10547667
 0.15010142 0.43002028 0.19066937 0.22920892

MOTIF 500_l3_f_37
letter-probability matrix: alength= 4 w= 9 
 0.375      0.06666667 0.14791667 0.41041667
 0.20833333 0.36458333 0.33958333 0.0875    
 0.13958333 0.40208333 0.15416667 0.30416667
 0.01666667 0.3875     0.59166667 0.00416667
 0.525      0.00208333 0.47083333 0.00208333
 0.00208333 0.02916667 0.81458333 0.15416667
 0.02083333 0.82916667 0.14791667 0.00208333
 0.01875    0.30208333 0.01875    0.66041667
 0.10208333 0.14166667 0.54375    0.2125    

MOTIF 500_l3_f_38
letter-probability matrix: alength= 4 w= 9 
 0.17647059 0.30462185 0.32352941 0.19537815
 0.03151261 0.12394958 0.13655462 0.70798319
 0.01890756 0.53571429 0.03361345 0.41176471
 0.16806723 0.00420168 0.80252101 0.02521008
 0.00210084 0.2605042  0.07983193 0.65756303
 0.00210084 0.00210084 0.01470588 0.98109244
 0.01680672 0.19537815 0.08193277 0.70588235
 0.08403361 0.66806723 0.16386555 0.08403361
 0.24159664 0.30672269 0.22268908 0.2289916 

MOTIF 500_l3_f_39
letter-probability matrix: alength= 4 w= 9 
 0.09937888 0.5300207  0.31469979 0.05590062
 0.11180124 0.11801242 0.31677019 0.45341615
 0.00621118 0.75362319 0.10766046 0.13250518
 0.00621118 0.11801242 0.873706   0.00207039
 0.00207039 0.00207039 0.99378882 0.00207039
 0.00207039 0.00207039 0.84679089 0.14906832
 0.00207039 0.14492754 0.04761905 0.80538302
 0.0931677  0.4989648  0.18426501 0.22360248
 0.10559006 0.42236025 0.33747412 0.13457557

MOTIF 500_l3_f_40
letter-probability matrix: alength= 4 w= 9 
 0.29606625 0.07039337 0.44927536 0.18426501
 0.2194617  0.12836439 0.5300207  0.12215321
 0.32505176 0.1884058  0.26293996 0.22360248
 0.00207039 0.12008282 0.56521739 0.3126294 
 0.00207039 0.01656315 0.07867495 0.90269151
 0.19461698 0.80124224 0.00207039 0.00207039
 0.86956522 0.11801242 0.00207039 0.01035197
 0.00207039 0.05797101 0.61904762 0.32091097
 0.20910973 0.16563147 0.42443064 0.20082816

MOTIF 500_l3_f_41
letter-probability matrix: alength= 4 w= 9 
 0.1        0.31041667 0.55       0.03958333
 0.12916667 0.00208333 0.00208333 0.86666667
 0.00208333 0.00208333 0.23958333 0.75625   
 0.18333333 0.21458333 0.43958333 0.1625    
 0.28125    0.10833333 0.60625    0.00416667
 0.06666667 0.12291667 0.66458333 0.14583333
 0.78125    0.03125    0.18333333 0.00416667
 0.10625    0.06458333 0.5125     0.31666667
 0.22708333 0.44791667 0.1875     0.1375    

MOTIF 500_l3_f_42
letter-probability matrix: alength= 4 w= 9 
 0.17910448 0.34115139 0.43070362 0.04904051
 0.0021322  0.11513859 0.88059701 0.0021322 
 0.14285714 0.81663113 0.03837953 0.0021322 
 0.0021322  0.0021322  0.02345416 0.97228145
 0.02771855 0.06609808 0.90191898 0.00426439
 0.09381663 0.57356077 0.25586354 0.07675906
 0.51172708 0.48400853 0.0021322  0.0021322 
 0.11940299 0.01279318 0.84008529 0.02771855
 0.24733475 0.36886994 0.20682303 0.17697228

MOTIF 500_l3_f_43
letter-probability matrix: alength= 4 w= 9 
 0.00214592 0.58583691 0.25536481 0.15665236
 0.00214592 0.00214592 0.92918455 0.06652361
 0.00214592 0.99356223 0.00214592 0.00214592
 0.00214592 0.08583691 0.90987124 0.00214592
 0.00214592 0.11158798 0.88412017 0.00214592
 0.00214592 0.8111588  0.00214592 0.18454936
 0.00214592 0.32188841 0.51287554 0.16309013
 0.00214592 0.15879828 0.83690987 0.00214592
 0.10944206 0.31545064 0.44206009 0.13304721

MOTIF 500_l3_f_44
letter-probability matrix: alength= 4 w= 9 
 0.15991471 0.26226013 0.42004264 0.15778252
 0.40511727 0.31130064 0.0021322  0.28144989
 0.00639659 0.29637527 0.45202559 0.24520256
 0.0554371  0.79104478 0.12153518 0.03198294
 0.16204691 0.03198294 0.80383795 0.0021322 
 0.0021322  0.0021322  0.0021322  0.99360341
 0.02132196 0.65458422 0.14712154 0.17697228
 0.07249467 0.15138593 0.65245203 0.12366738
 0.20895522 0.37526652 0.26226013 0.15351812

MOTIF 500_l3_f_45
letter-probability matrix: alength= 4 w= 9 
 0.20858896 0.49897751 0.20449898 0.08793456
 0.16768916 0.58282209 0.23108384 0.01840491
 0.01635992 0.51124744 0.00204499 0.47034765
 0.19631902 0.02249489 0.00408998 0.77709611
 0.08588957 0.00204499 0.32924335 0.58282209
 0.08997955 0.77709611 0.00204499 0.13087935
 0.00817996 0.06748466 0.07361963 0.85071575
 0.00204499 0.23517382 0.72597137 0.03680982
 0.10429448 0.3394683  0.37218814 0.18404908

MOTIF 500_l3_f_46
letter-probability matrix: alength= 4 w= 9 
 0.12916667 0.15416667 0.46875    0.24791667
 0.25833333 0.28333333 0.00625    0.45208333
 0.1625     0.24166667 0.35833333 0.2375    
 0.00208333 0.2375     0.72083333 0.03958333
 0.00208333 0.33958333 0.65625    0.00208333
 0.06875    0.00208333 0.00208333 0.92708333
 0.00833333 0.00208333 0.79375    0.19583333
 0.70833333 0.23541667 0.0125     0.04375   
 0.23958333 0.11458333 0.45416667 0.19166667

MOTIF 500_l3_f_47
letter-probability matrix: alength= 4 w= 9 
 0.05656566 0.61010101 0.28484848 0.04848485
 0.0040404  0.34949495 0.63232323 0.01414141
 0.12323232 0.87272727 0.0020202  0.0020202 
 0.22626263 0.57979798 0.0020202  0.19191919
 0.0020202  0.99393939 0.0020202  0.0020202 
 0.0020202  0.0020202  0.98181818 0.01414141
 0.07070707 0.9010101  0.02626263 0.0020202 
 0.04646465 0.33939394 0.55959596 0.05454545
 0.14747475 0.41212121 0.23434343 0.20606061

MOTIF 500_l3_f_48
letter-probability matrix: alength= 4 w= 9 
 0.14081633 0.3244898  0.20816327 0.32653061
 0.19795918 0.05714286 0.00204082 0.74285714
 0.19387755 0.33469388 0.40816327 0.06326531
 0.16938776 0.72040816 0.0755102  0.03469388
 0.1        0.64897959 0.06530612 0.18571429
 0.26530612 0.71020408 0.00408163 0.02040816
 0.62244898 0.10816327 0.05714286 0.2122449 
 0.3122449  0.66734694 0.01836735 0.00204082
 0.24285714 0.34693878 0.20408163 0.20612245

MOTIF 500_l3_f_49
letter-probability matrix: alength= 4 w= 9 
 0.21263158 0.17894737 0.34105263 0.26736842
 0.01684211 0.06526316 0.11578947 0.80210526
 0.43578947 0.37894737 0.10315789 0.08210526
 0.12631579 0.70526316 0.16631579 0.00210526
 0.24421053 0.00421053 0.70315789 0.04842105
 0.20421053 0.01052632 0.24421053 0.54105263
 0.17473684 0.06315789 0.33684211 0.42526316
 0.35368421 0.07157895 0.12210526 0.45263158
 0.13473684 0.47789474 0.20210526 0.18526316

MOTIF 500_l3_f_50
letter-probability matrix: alength= 4 w= 9 
 0.22881356 0.22245763 0.37076271 0.1779661 
 0.6779661  0.00211864 0.09745763 0.22245763
 0.65466102 0.00211864 0.33474576 0.00847458
 0.00211864 0.00211864 0.99364407 0.00211864
 0.06567797 0.49152542 0.44067797 0.00211864
 0.73516949 0.17584746 0.00211864 0.08686441
 0.00211864 0.62288136 0.15677966 0.21822034
 0.1440678  0.21610169 0.40889831 0.2309322 
 0.08474576 0.28389831 0.40042373 0.2309322 

MOTIF 500_l3_f_51
letter-probability matrix: alength= 4 w= 9 
 0.07053942 0.17427386 0.2966805  0.45850622
 0.00207469 0.56224066 0.06846473 0.36721992
 0.0186722  0.01244813 0.09751037 0.87136929
 0.10580913 0.26556017 0.61410788 0.01452282
 0.06846473 0.17842324 0.73443983 0.0186722 
 0.86929461 0.00622407 0.12240664 0.00207469
 0.18257261 0.02282158 0.79253112 0.00207469
 0.42116183 0.21369295 0.21369295 0.15145228
 0.23443983 0.11410788 0.46887967 0.18257261

MOTIF 500_l3_f_52
letter-probability matrix: alength= 4 w= 9 
 0.23966942 0.08677686 0.61363636 0.05991736
 0.00206612 0.94834711 0.04752066 0.00206612
 0.9731405  0.01446281 0.01033058 0.00206612
 0.00206612 0.09917355 0.89256198 0.00619835
 0.10743802 0.8677686  0.00206612 0.02272727
 0.00206612 0.00206612 0.65495868 0.34090909
 0.00206612 0.23966942 0.59297521 0.16528926
 0.04958678 0.38636364 0.26239669 0.30165289
 0.03512397 0.39669421 0.4214876  0.14669421

MOTIF 500_l3_f_53
letter-probability matrix: alength= 4 w= 9 
 0.15120968 0.14919355 0.34677419 0.35282258
 0.63709677 0.0625     0.15927419 0.14112903
 0.72782258 0.26814516 0.00201613 0.00201613
 0.06451613 0.78024194 0.07459677 0.08064516
 0.00201613 0.99395161 0.00201613 0.00201613
 0.25403226 0.26209677 0.47782258 0.00604839
 0.43346774 0.13508065 0.12096774 0.31048387
 0.26008065 0.19153226 0.45362903 0.09475806
 0.11290323 0.32056452 0.40322581 0.16330645

MOTIF 500_l3_f_54
letter-probability matrix: alength= 4 w= 9 
 0.26337449 0.37037037 0.30246914 0.06378601
 0.02674897 0.80658436 0.16460905 0.00205761
 0.01028807 0.2345679  0.08230453 0.67283951
 0.00205761 0.34979424 0.23868313 0.40946502
 0.23662551 0.13168724 0.62962963 0.00205761
 0.00205761 0.65020576 0.34567901 0.00205761
 0.25925926 0.06995885 0.6563786  0.01440329
 0.1399177  0.41152263 0.34156379 0.10699588
 0.1090535  0.37654321 0.27366255 0.24074074

MOTIF 500_l3_f_55
letter-probability matrix: alength= 4 w= 9 
 0.11827957 0.11182796 0.27526882 0.49462366
 0.08387097 0.31827957 0.45806452 0.13978495
 0.04516129 0.68817204 0.24301075 0.02365591
 0.93548387 0.03655914 0.01290323 0.01505376
 0.01290323 0.93763441 0.04731183 0.00215054
 0.03870968 0.21505376 0.73548387 0.01075269
 0.01505376 0.19354839 0.47956989 0.31182796
 0.07741935 0.39569892 0.09677419 0.43010753
 0.09892473 0.20215054 0.57204301 0.12688172

MOTIF 500_l3_f_56
letter-probability matrix: alength= 4 w= 9 
 0.23265306 0.41632653 0.13877551 0.2122449 
 0.82040816 0.12040816 0.03673469 0.02244898
 0.07346939 0.38163265 0.50408163 0.04081633
 0.00204082 0.0122449  0.31632653 0.66938776
 0.00204082 0.44897959 0.37755102 0.17142857
 0.05102041 0.25102041 0.12040816 0.57755102
 0.44489796 0.14285714 0.35510204 0.05714286
 0.02040816 0.02040816 0.43877551 0.52040816
 0.17959184 0.47959184 0.08367347 0.25714286

MOTIF 500_l3_f_57
letter-probability matrix: alength= 4 w= 9 
 0.3153527  0.13485477 0.27385892 0.27593361
 0.1846473  0.03526971 0.47510373 0.30497925
 0.09958506 0.14937759 0.00207469 0.74896266
 0.2033195  0.65352697 0.07261411 0.07053942
 0.40248963 0.00207469 0.0186722  0.57676349
 0.00207469 0.57261411 0.42116183 0.00414938
 0.14315353 0.00622407 0.30290456 0.54771784
 0.20539419 0.39834025 0.04564315 0.35062241
 0.18672199 0.34854772 0.21161826 0.25311203

MOTIF 500_l3_f_58
letter-probability matrix: alength= 4 w= 9 
 0.16346154 0.23317308 0.19711538 0.40625   
 0.18509615 0.69471154 0.04807692 0.07211538
 0.33413462 0.09375    0.10576923 0.46634615
 0.21394231 0.00721154 0.75961538 0.01923077
 0.00240385 0.00240385 0.63461538 0.36057692
 0.13701923 0.57211538 0.26442308 0.02644231
 0.57692308 0.03125    0.33894231 0.05288462
 0.875      0.06730769 0.04326923 0.01442308
 0.21394231 0.20432692 0.39903846 0.18269231

MOTIF 500_l3_f_59
letter-probability matrix: alength= 4 w= 9 
 0.04426559 0.14688129 0.71428571 0.0945674 
 0.00402414 0.76458753 0.22937626 0.00201207
 0.03420523 0.34205231 0.32997988 0.29376258
 0.02816901 0.08853119 0.84708249 0.0362173 
 0.03018109 0.13480885 0.08249497 0.75251509
 0.00201207 0.60160966 0.3943662  0.00201207
 0.52716298 0.02012072 0.25150905 0.20120724
 0.45070423 0.00603622 0.53521127 0.00804829
 0.19919517 0.07444668 0.57947686 0.14688129

MOTIF 500_l3_f_60
letter-probability matrix: alength= 4 w= 9 
 0.2593361  0.29460581 0.29460581 0.15145228
 0.05394191 0.80290456 0.00207469 0.14107884
 0.04149378 0.00207469 0.94813278 0.00829876
 0.00207469 0.26348548 0.24481328 0.48962656
 0.00207469 0.69294606 0.03526971 0.26970954
 0.25726141 0.61410788 0.00207469 0.12655602
 0.0186722  0.56639004 0.36307054 0.05186722
 0.03526971 0.81327801 0.05394191 0.09751037
 0.3153527  0.2033195  0.39004149 0.09128631

MOTIF 500_l3_f_61
letter-probability matrix: alength= 4 w= 9 
 0.10330579 0.18801653 0.41528926 0.29338843
 0.07024793 0.58471074 0.22520661 0.11983471
 0.01446281 0.88842975 0.09504132 0.00206612
 0.00206612 0.00206612 0.9731405  0.02272727
 0.03719008 0.95661157 0.00206612 0.00413223
 0.00206612 0.19214876 0.80371901 0.00206612
 0.00206612 0.99380165 0.00206612 0.00206612
 0.32644628 0.45041322 0.16942149 0.05371901
 0.12396694 0.28099174 0.4607438  0.13429752

MOTIF 500_l3_f_62
letter-probability matrix: alength= 4 w= 9 
 0.09240246 0.37166324 0.48049281 0.05544148
 0.04722793 0.29568789 0.3798768  0.27720739
 0.04928131 0.88706366 0.06160164 0.00205339
 0.20123203 0.34086242 0.44558522 0.01232033
 0.88911704 0.00205339 0.07186858 0.03696099
 0.19096509 0.30595483 0.19301848 0.3100616 
 0.01232033 0.03901437 0.92197125 0.02669405
 0.00205339 0.12525667 0.83572895 0.03696099
 0.05954825 0.36344969 0.35934292 0.21765914

MOTIF 500_l3_f_63
letter-probability matrix: alength= 4 w= 9 
 0.38105263 0.17052632 0.22736842 0.22105263
 0.03578947 0.05894737 0.90315789 0.00210526
 0.18315789 0.66105263 0.00210526 0.15368421
 0.00210526 0.99368421 0.00210526 0.00210526
 0.04421053 0.93684211 0.00210526 0.01684211
 0.04842105 0.88842105 0.00210526 0.06105263
 0.06315789 0.00210526 0.82105263 0.11368421
 0.12210526 0.62526316 0.20631579 0.04631579
 0.12631579 0.36210526 0.33052632 0.18105263

MOTIF 500_l3_f_64
letter-probability matrix: alength= 4 w= 9 
 0.0239521  0.50299401 0.47105788 0.00199601
 0.4011976  0.08982036 0.41716567 0.09181637
 0.00199601 0.21157685 0.62874251 0.15768463
 0.00199601 0.00199601 0.99401198 0.00199601
 0.00399202 0.8003992  0.17165669 0.0239521 
 0.00798403 0.00798403 0.60279441 0.38123752
 0.00199601 0.00199601 0.92814371 0.06786427
 0.10379242 0.85628743 0.00399202 0.03592814
 0.22355289 0.16766467 0.34530938 0.26347305

MOTIF 500_l3_f_65
letter-probability matrix: alength= 4 w= 9 
 0.01217039 0.7525355  0.14604462 0.08924949
 0.0020284  0.01419878 0.92697769 0.05679513
 0.00608519 0.54969574 0.43204868 0.01217039
 0.0020284  0.04868154 0.03448276 0.9148073 
 0.0020284  0.56795132 0.39756592 0.03245436
 0.0020284  0.09330629 0.65111562 0.2535497 
 0.0020284  0.85192698 0.12373225 0.02231237
 0.15212982 0.36916836 0.1663286  0.31237323
 0.17444219 0.20283976 0.4198783  0.20283976

MOTIF 500_l3_f_66
letter-probability matrix: alength= 4 w= 9 
 0.07258065 0.16733871 0.75403226 0.00604839
 0.32459677 0.41129032 0.19758065 0.06653226
 0.30040323 0.33266129 0.27822581 0.08870968
 0.09475806 0.00201613 0.02822581 0.875     
 0.00201613 0.375      0.00201613 0.62096774
 0.00201613 0.49193548 0.00201613 0.50403226
 0.20766129 0.06048387 0.61895161 0.11290323
 0.07459677 0.58064516 0.06048387 0.28427419
 0.10483871 0.33669355 0.27217742 0.28629032

MOTIF 500_l3_f_67
letter-probability matrix: alength= 4 w= 9 
 0.13305613 0.41164241 0.16424116 0.29106029
 0.01039501 0.01247401 0.002079   0.97505198
 0.03326403 0.17879418 0.00623701 0.78170478
 0.02079002 0.62993763 0.03742204 0.31185031
 0.002079   0.34719335 0.13097713 0.51975052
 0.01663202 0.71517672 0.26611227 0.002079  
 0.48648649 0.29313929 0.05197505 0.16839917
 0.34511435 0.25363825 0.34719335 0.05405405
 0.08939709 0.43659044 0.15800416 0.31600832

MOTIF 500_l3_f_68
letter-probability matrix: alength= 4 w= 9 
 0.12447257 0.43881857 0.23417722 0.20253165
 0.00843882 0.00421941 0.41772152 0.56962025
 0.00843882 0.42194093 0.29957806 0.27004219
 0.0021097  0.74472574 0.25105485 0.0021097 
 0.0021097  0.0443038  0.03164557 0.92194093
 0.0021097  0.0021097  0.00421941 0.99156118
 0.20886076 0.0021097  0.25316456 0.53586498
 0.06751055 0.56540084 0.08016878 0.28691983
 0.20464135 0.26793249 0.10126582 0.42616034

MOTIF 500_l3_f_69
letter-probability matrix: alength= 4 w= 9 
 0.00203252 0.41869919 0.57723577 0.00203252
 0.00203252 0.00203252 0.99390244 0.00203252
 0.00203252 0.99390244 0.00203252 0.00203252
 0.00203252 0.14634146 0.69308943 0.15853659
 0.01626016 0.31300813 0.61788618 0.05284553
 0.00203252 0.92886179 0.00203252 0.06707317
 0.10569106 0.26626016 0.29674797 0.33130081
 0.00609756 0.28455285 0.65447154 0.05487805
 0.01219512 0.17479675 0.80081301 0.01219512

MOTIF 500_l3_f_70
letter-probability matrix: alength= 4 w= 9 
 0.15909091 0.26239669 0.39669421 0.18181818
 0.11983471 0.05165289 0.26446281 0.56404959
 0.00206612 0.28305785 0.05785124 0.65702479
 0.32231405 0.27479339 0.00206612 0.40082645
 0.05785124 0.34297521 0.01033058 0.58884298
 0.29958678 0.24173554 0.45661157 0.00206612
 0.10950413 0.12603306 0.48760331 0.2768595 
 0.39049587 0.00206612 0.01446281 0.59297521
 0.2768595  0.09090909 0.2892562  0.34297521

MOTIF 500_l3_f_71
letter-probability matrix: alength= 4 w= 9 
 0.02254098 0.03278689 0.86065574 0.08401639
 0.02254098 0.55122951 0.42418033 0.00204918
 0.00204918 0.37909836 0.12909836 0.4897541 
 0.00409836 0.5307377  0.46311475 0.00204918
 0.00204918 0.77254098 0.22336066 0.00204918
 0.16393443 0.83196721 0.00204918 0.00204918
 0.00204918 0.00409836 0.99180328 0.00204918
 0.04303279 0.7397541  0.16393443 0.05327869
 0.06762295 0.54303279 0.24590164 0.14344262

MOTIF 500_l3_f_72
letter-probability matrix: alength= 4 w= 9 
 0.03012048 0.74096386 0.22289157 0.0060241 
 0.00401606 0.00803213 0.18273092 0.80522088
 0.0060241  0.91566265 0.05421687 0.02409639
 0.00200803 0.87148594 0.12449799 0.00200803
 0.5060241  0.33534137 0.00200803 0.15662651
 0.00200803 0.77108434 0.00200803 0.2248996 
 0.00200803 0.71686747 0.1746988  0.1064257 
 0.07228916 0.23293173 0.31927711 0.37550201
 0.09036145 0.40763052 0.3253012  0.17670683

MOTIF 500_l3_f_73
letter-probability matrix: alength= 4 w= 9 
 0.20247934 0.43801653 0.32024793 0.0392562 
 0.39049587 0.02066116 0.00619835 0.58264463
 0.0392562  0.00206612 0.61157025 0.34710744
 0.08884298 0.08057851 0.82644628 0.00413223
 0.00206612 0.14669421 0.84917355 0.00206612
 0.01446281 0.55785124 0.01652893 0.41115702
 0.06818182 0.62603306 0.28719008 0.01859504
 0.04545455 0.03099174 0.6714876  0.25206612
 0.17768595 0.36363636 0.33677686 0.12190083

MOTIF 500_l3_f_74
letter-probability matrix: alength= 4 w= 9 
 0.12121212 0.47676768 0.35757576 0.04444444
 0.1010101  0.50909091 0.25454545 0.13535354
 0.22020202 0.77171717 0.0020202  0.00606061
 0.35353535 0.05252525 0.10909091 0.48484848
 0.35151515 0.18585859 0.36969697 0.09292929
 0.03838384 0.80606061 0.01616162 0.13939394
 0.02626263 0.0020202  0.15757576 0.81414141
 0.59393939 0.13131313 0.03636364 0.23838384
 0.25252525 0.26666667 0.26262626 0.21818182

MOTIF 500_l3_f_75
letter-probability matrix: alength= 4 w= 9 
 0.2125     0.37291667 0.1375     0.27708333
 0.0125     0.60833333 0.02083333 0.35833333
 0.22708333 0.00208333 0.50416667 0.26666667
 0.00208333 0.4375     0.17083333 0.38958333
 0.37708333 0.50416667 0.07291667 0.04583333
 0.18333333 0.00208333 0.38125    0.43333333
 0.00208333 0.05208333 0.30208333 0.64375   
 0.00625    0.0875     0.12291667 0.78333333
 0.17083333 0.27291667 0.23333333 0.32291667

MOTIF 500_l3_f_76
letter-probability matrix: alength= 4 w= 9 
 0.47131148 0.03278689 0.24590164 0.25      
 0.14754098 0.28688525 0.47131148 0.0942623 
 0.52868852 0.00819672 0.38114754 0.08196721
 0.00204918 0.67008197 0.32581967 0.00204918
 0.00204918 0.44672131 0.5204918  0.0307377 
 0.04713115 0.73360656 0.14139344 0.07786885
 0.00204918 0.30737705 0.38729508 0.30327869
 0.00204918 0.1454918  0.85040984 0.00204918
 0.04713115 0.56352459 0.34836066 0.04098361

MOTIF 500_l3_f_77
letter-probability matrix: alength= 4 w= 9 
 0.04347826 0.58592133 0.26501035 0.10559006
 0.10144928 0.08281573 0.37888199 0.436853  
 0.00207039 0.00207039 0.97929607 0.01656315
 0.34782609 0.41614907 0.1863354  0.04968944
 0.00207039 0.39130435 0.58799172 0.01863354
 0.06004141 0.39544513 0.00207039 0.54244306
 0.00207039 0.57556936 0.42028986 0.00207039
 0.02691511 0.08488613 0.27743271 0.61076605
 0.25672878 0.29399586 0.25672878 0.19254658

MOTIF 500_l3_f_78
letter-probability matrix: alength= 4 w= 9 
 0.31012658 0.19831224 0.15611814 0.33544304
 0.07172996 0.56962025 0.04219409 0.3164557 
 0.19620253 0.0021097  0.66455696 0.1371308 
 0.00632911 0.0021097  0.09704641 0.89451477
 0.0021097  0.77637131 0.21940928 0.0021097 
 0.0907173  0.12447257 0.44303797 0.34177215
 0.19831224 0.05274262 0.0021097  0.74683544
 0.06751055 0.58860759 0.24261603 0.10126582
 0.23628692 0.35654008 0.24472574 0.16244726

MOTIF 500_l3_f_79
letter-probability matrix: alength= 4 w= 9 
 0.08333333 0.50406504 0.39430894 0.01829268
 0.00203252 0.4898374  0.4004065  0.10772358
 0.00203252 0.00203252 0.96341463 0.03252033
 0.00203252 0.31504065 0.00203252 0.68089431
 0.00203252 0.96747967 0.01626016 0.01422764
 0.04065041 0.05284553 0.84146341 0.06504065
 0.00203252 0.94918699 0.04674797 0.00203252
 0.05081301 0.44105691 0.43089431 0.07723577
 0.08739837 0.61788618 0.16260163 0.13211382

MOTIF 500_l3_f_80
letter-probability matrix: alength= 4 w= 9 
 0.16049383 0.24691358 0.52674897 0.06584362
 0.14403292 0.68930041 0.16460905 0.00205761
 0.05761317 0.75308642 0.08436214 0.10493827
 0.01028807 0.96707819 0.02057613 0.00205761
 0.00205761 0.00205761 0.99382716 0.00205761
 0.81893004 0.17695473 0.00205761 0.00205761
 0.17078189 0.08436214 0.72016461 0.02469136
 0.2345679  0.22839506 0.40329218 0.13374486
 0.15020576 0.46090535 0.27160494 0.11728395

MOTIF 500_l3_f_81
letter-probability matrix: alength= 4 w= 9 
 0.06794055 0.3163482  0.38428875 0.23142251
 0.02760085 0.10191083 0.21019108 0.66029724
 0.10191083 0.00212314 0.81316348 0.08280255
 0.02760085 0.48619958 0.48407643 0.00212314
 0.18895966 0.04883227 0.00212314 0.76008493
 0.12738854 0.76008493 0.1104034  0.00212314
 0.00212314 0.56050955 0.43312102 0.00424628
 0.01698514 0.44585987 0.53503185 0.00212314
 0.08280255 0.62208068 0.11677282 0.17834395

MOTIF 500_l3_f_82
letter-probability matrix: alength= 4 w= 9 
 0.44989775 0.22494888 0.27607362 0.04907975
 0.27811861 0.17586912 0.51738241 0.02862986
 0.39263804 0.39468303 0.20858896 0.00408998
 0.7607362  0.00204499 0.23517382 0.00204499
 0.55419223 0.00204499 0.44171779 0.00204499
 0.83844581 0.05112474 0.06339468 0.04703476
 0.35378323 0.04907975 0.53169734 0.06543967
 0.99386503 0.00204499 0.00204499 0.00204499
 0.41717791 0.0797546  0.36400818 0.1390593 

MOTIF 500_l3_f_83
letter-probability matrix: alength= 4 w= 9 
 0.18609407 0.20858896 0.58486708 0.0204499 
 0.29652352 0.30470348 0.36809816 0.03067485
 0.27607362 0.37423313 0.28629857 0.06339468
 0.04703476 0.76687117 0.1595092  0.02658487
 0.59100204 0.01226994 0.09611452 0.3006135 
 0.85276074 0.02862986 0.03476483 0.08384458
 0.01840491 0.06952965 0.37423313 0.53783231
 0.32515337 0.39672802 0.03067485 0.24744376
 0.30265849 0.19018405 0.28834356 0.21881391

MOTIF 500_l3_f_84
letter-probability matrix: alength= 4 w= 9 
 0.03658537 0.16260163 0.79878049 0.00203252
 0.08333333 0.08130081 0.47357724 0.36178862
 0.00609756 0.43699187 0.50609756 0.05081301
 0.00203252 0.00203252 0.99390244 0.00203252
 0.00203252 0.99390244 0.00203252 0.00203252
 0.00203252 0.00203252 0.99390244 0.00203252
 0.00203252 0.66056911 0.30894309 0.02845528
 0.05284553 0.57113821 0.18902439 0.18699187
 0.19512195 0.2703252  0.38211382 0.15243902

MOTIF 500_l3_f_85
letter-probability matrix: alength= 4 w= 9 
 0.11133603 0.34817814 0.53036437 0.01012146
