MEME version 5.3.0

ALPHABET= ACGT

strands: + -

Background letter frequencies
A 0.25 C 0.25 G 0.25 T 0.25

MOTIF 450_l3_f_0
letter-probability matrix: alength= 4 w= 9 
 0.09862385 0.6146789  0.19036697 0.09633028
 0.07568807 0.39220183 0.42431193 0.10779817
 0.00229358 0.54357798 0.39678899 0.05733945
 0.5206422  0.00917431 0.37844037 0.09174312
 0.24541284 0.00229358 0.00229358 0.75      
 0.01376147 0.05045872 0.93348624 0.00229358
 0.17431193 0.18119266 0.44954128 0.19495413
 0.05275229 0.70642202 0.10091743 0.13990826
 0.1353211  0.47706422 0.20642202 0.18119266

MOTIF 450_l3_f_1
letter-probability matrix: alength= 4 w= 9 
 0.08009153 0.1784897  0.64302059 0.09839817
 0.31121281 0.21281465 0.00228833 0.47368421
 0.21052632 0.69107551 0.09610984 0.00228833
 0.41189931 0.58352403 0.00228833 0.00228833
 0.01601831 0.72311213 0.25858124 0.00228833
 0.05949657 0.49199085 0.44622426 0.00228833
 0.22425629 0.16018307 0.42105263 0.19450801
 0.47597254 0.31350114 0.20823799 0.00228833
 0.09153318 0.11899314 0.69565217 0.09382151

MOTIF 450_l3_f_2
letter-probability matrix: alength= 4 w= 9 
 0.11352657 0.1884058  0.42028986 0.27777778
 0.34057971 0.02173913 0.10869565 0.52898551
 0.01449275 0.00241546 0.00241546 0.98067633
 0.06280193 0.19806763 0.45169082 0.28743961
 0.25362319 0.56038647 0.00241546 0.18357488
 0.00241546 0.89371981 0.10144928 0.00241546
 0.64492754 0.0942029  0.24637681 0.01449275
 0.14975845 0.01207729 0.60386473 0.23429952
 0.12318841 0.15217391 0.58454106 0.14009662

MOTIF 450_l3_f_3
letter-probability matrix: alength= 4 w= 9 
 0.25407925 0.06993007 0.44988345 0.22610723
 0.01398601 0.17482517 0.8018648  0.00932401
 0.55244755 0.37762238 0.06759907 0.002331  
 0.27039627 0.35198135 0.25407925 0.12354312
 0.13053613 0.17016317 0.6013986  0.0979021 
 0.002331   0.06060606 0.00699301 0.93006993
 0.002331   0.002331   0.93706294 0.05827506
 0.002331   0.002331   0.74125874 0.25407925
 0.26806527 0.27505828 0.36130536 0.0955711 

MOTIF 450_l3_f_4
letter-probability matrix: alength= 4 w= 9 
 0.20967742 0.31336406 0.36635945 0.11059908
 0.80645161 0.0483871  0.12903226 0.01612903
 0.00691244 0.02764977 0.91474654 0.05069124
 0.25806452 0.00230415 0.47695853 0.26267281
 0.02534562 0.11520737 0.24193548 0.61751152
 0.20737327 0.08525346 0.42165899 0.28571429
 0.08294931 0.37096774 0.48847926 0.05760369
 0.35253456 0.47235023 0.02995392 0.14516129
 0.28341014 0.39861751 0.15668203 0.16129032

MOTIF 450_l3_f_5
letter-probability matrix: alength= 4 w= 9 
 0.31651376 0.15825688 0.35550459 0.16972477
 0.66284404 0.05045872 0.25229358 0.03440367
 0.04587156 0.38073394 0.05733945 0.51605505
 0.16972477 0.56192661 0.25458716 0.01376147
 0.76146789 0.00229358 0.2087156  0.02752294
 0.08027523 0.25458716 0.17201835 0.49311927
 0.02293578 0.46788991 0.49770642 0.01146789
 0.69495413 0.0733945  0.17431193 0.05733945
 0.17889908 0.15366972 0.53440367 0.13302752

MOTIF 450_l3_f_6
letter-probability matrix: alength= 4 w= 9 
 0.07582938 0.34834123 0.24881517 0.32701422
 0.05687204 0.04976303 0.09952607 0.79383886
 0.00236967 0.992891   0.00236967 0.00236967
 0.00236967 0.00236967 0.992891   0.00236967
 0.00236967 0.32464455 0.67061611 0.00236967
 0.00236967 0.48815166 0.32464455 0.18483412
 0.00236967 0.70616114 0.00236967 0.28909953
 0.06872038 0.54028436 0.16824645 0.22274882
 0.1943128  0.25592417 0.41943128 0.13033175

MOTIF 450_l3_f_7
letter-probability matrix: alength= 4 w= 9 
 0.13364055 0.49539171 0.23271889 0.13824885
 0.03917051 0.01152074 0.18663594 0.76267281
 0.00691244 0.36175115 0.02073733 0.61059908
 0.02534562 0.19585253 0.27419355 0.50460829
 0.00921659 0.06912442 0.56451613 0.35714286
 0.01152074 0.03225806 0.02073733 0.93548387
 0.44239631 0.32949309 0.05299539 0.17511521
 0.05990783 0.11981567 0.81336406 0.00691244
 0.14746544 0.37096774 0.25345622 0.2281106 

MOTIF 450_l3_f_8
letter-probability matrix: alength= 4 w= 9 
 0.09048724 0.31554524 0.44779582 0.14617169
 0.16473318 0.05800464 0.09280742 0.68445476
 0.00232019 0.00696056 0.05800464 0.93271462
 0.01160093 0.18329466 0.12993039 0.67517401
 0.03712297 0.03944316 0.03016241 0.89327146
 0.15081206 0.14385151 0.55684455 0.14849188
 0.00232019 0.40835267 0.51508121 0.07424594
 0.0974478  0.60788863 0.24593968 0.0487239 
 0.42227378 0.17865429 0.15777262 0.2412993 

MOTIF 450_l3_f_9
letter-probability matrix: alength= 4 w= 9 
 0.04100228 0.74715262 0.20501139 0.00683371
 0.0022779  0.85876993 0.13667426 0.0022779 
 0.45102506 0.0022779  0.54214123 0.00455581
 0.01138952 0.0022779  0.98405467 0.0022779 
 0.00455581 0.21640091 0.01138952 0.76765376
 0.08200456 0.64692483 0.10933941 0.16173121
 0.08428246 0.67425968 0.23917995 0.0022779 
 0.1047836  0.18906606 0.35763098 0.34851936
 0.04555809 0.44646925 0.35990888 0.14806378

MOTIF 450_l3_f_10
letter-probability matrix: alength= 4 w= 9 
 0.11512415 0.40632054 0.15575621 0.3227991 
 0.10609481 0.26410835 0.35440181 0.27539503
 0.07900677 0.53724605 0.33408578 0.0496614 
 0.00225734 0.00225734 0.69751693 0.2979684 
 0.00677201 0.04063205 0.00902935 0.94356659
 0.00225734 0.92099323 0.00225734 0.0744921 
 0.00225734 0.0993228  0.00225734 0.89616253
 0.01805869 0.33860045 0.26185102 0.38148984
 0.12641084 0.66591422 0.14446953 0.06320542

MOTIF 450_l3_f_11
letter-probability matrix: alength= 4 w= 9 
 0.08695652 0.0617849  0.67276888 0.1784897 
 0.09839817 0.09610984 0.79176201 0.01372998
 0.00228833 0.42562929 0.32723112 0.24485126
 0.1624714  0.83295195 0.00228833 0.00228833
 0.00228833 0.7826087  0.21281465 0.00228833
 0.00228833 0.99313501 0.00228833 0.00228833
 0.00228833 0.1395881  0.39588101 0.46224256
 0.32265446 0.46910755 0.20366133 0.00457666
 0.06407323 0.12585812 0.71853547 0.09153318

MOTIF 450_l3_f_12
letter-probability matrix: alength= 4 w= 9 
 0.14318182 0.56363636 0.26136364 0.03181818
 0.11590909 0.25       0.15681818 0.47727273
 0.04545455 0.50227273 0.45       0.00227273
 0.01136364 0.69545455 0.29090909 0.00227273
 0.10681818 0.87954545 0.01136364 0.00227273
 0.00227273 0.00681818 0.00227273 0.98863636
 0.00227273 0.00227273 0.99318182 0.00227273
 0.11590909 0.55       0.04090909 0.29318182
 0.30909091 0.20681818 0.28863636 0.19545455

MOTIF 450_l3_f_13
letter-probability matrix: alength= 4 w= 9 
 0.51494253 0.11724138 0.26666667 0.10114943
 0.26206897 0.20229885 0.46436782 0.07126437
 0.27816092 0.11494253 0.40229885 0.2045977 
 0.97011494 0.00229885 0.0091954  0.0183908 
 0.56551724 0.42298851 0.0091954  0.00229885
 0.31034483 0.27356322 0.35862069 0.05747126
 0.8091954  0.00229885 0.13103448 0.05747126
 0.06436782 0.20689655 0.3908046  0.33793103
 0.08045977 0.29195402 0.44597701 0.1816092 

MOTIF 450_l3_f_14
letter-probability matrix: alength= 4 w= 9 
 0.02528736 0.14482759 0.15632184 0.67356322
 0.16091954 0.15862069 0.0183908  0.66206897
 0.0045977  0.34022989 0.00229885 0.65287356
 0.0183908  0.67126437 0.28505747 0.02528736
 0.0091954  0.29425287 0.13563218 0.56091954
 0.00229885 0.05057471 0.00229885 0.94482759
 0.07356322 0.1954023  0.0091954  0.72183908
 0.09885057 0.41609195 0.10344828 0.3816092 
 0.27126437 0.27586207 0.06896552 0.38390805

MOTIF 450_l3_f_15
letter-probability matrix: alength= 4 w= 9 
 0.17281106 0.34792627 0.34331797 0.1359447 
 0.4516129  0.07373272 0.43778802 0.03686636
 0.02995392 0.03686636 0.59447005 0.33870968
 0.87557604 0.03225806 0.02534562 0.06682028
 0.76728111 0.05990783 0.10599078 0.06682028
 0.29953917 0.29723502 0.00230415 0.40092166
 0.00921659 0.6359447  0.02534562 0.32949309
 0.20506912 0.16589862 0.35483871 0.27419355
 0.17511521 0.38479263 0.31336406 0.12672811

MOTIF 450_l3_f_16
letter-probability matrix: alength= 4 w= 9 
 0.25462963 0.39814815 0.18981481 0.15740741
 0.27546296 0.47222222 0.13888889 0.11342593
 0.06712963 0.15740741 0.5162037  0.25925926
 0.375      0.00231481 0.00925926 0.61342593
 0.07175926 0.00231481 0.03240741 0.89351852
 0.31018519 0.00231481 0.68518519 0.00231481
 0.08101852 0.01157407 0.70138889 0.20601852
 0.04166667 0.05092593 0.36805556 0.53935185
 0.06944444 0.38657407 0.37037037 0.17361111

MOTIF 450_l3_f_17
letter-probability matrix: alength= 4 w= 9 
 0.09879518 0.31807229 0.15180723 0.4313253 
 0.03855422 0.01686747 0.28915663 0.65542169
 0.00240964 0.00240964 0.26024096 0.73493976
 0.82650602 0.00240964 0.1686747  0.00240964
 0.01927711 0.00240964 0.68433735 0.2939759 
 0.28674699 0.41445783 0.0626506  0.23614458
 0.17349398 0.67228916 0.07228916 0.08192771
 0.1373494  0.28433735 0.42168675 0.15662651
 0.15180723 0.16144578 0.58072289 0.1060241 

MOTIF 450_l3_f_18
letter-probability matrix: alength= 4 w= 9 
 0.19858156 0.05673759 0.57683215 0.1678487 
 0.13947991 0.49408983 0.09456265 0.27186761
 0.0212766  0.06619385 0.0212766  0.89125296
 0.08037825 0.15130024 0.27186761 0.4964539 
 0.00236407 0.40425532 0.59101655 0.00236407
 0.1607565  0.13711584 0.14420804 0.55791962
 0.00236407 0.69267139 0.29787234 0.0070922 
 0.00945626 0.12529551 0.30732861 0.55791962
 0.13238771 0.31914894 0.29550827 0.25295508

MOTIF 450_l3_f_19
letter-probability matrix: alength= 4 w= 9 
 0.17201835 0.23853211 0.43119266 0.15825688
 0.27752294 0.33944954 0.2087156  0.17431193
 0.03440367 0.92889908 0.00229358 0.03440367
 0.06192661 0.00229358 0.93348624 0.00229358
 0.00229358 0.99311927 0.00229358 0.00229358
 0.10550459 0.00458716 0.86238532 0.02752294
 0.00229358 0.1353211  0.59862385 0.26376147
 0.34862385 0.5733945  0.07110092 0.00688073
 0.0940367  0.16284404 0.62155963 0.12155963

MOTIF 450_l3_f_20
letter-probability matrix: alength= 4 w= 9 
 0.02247191 0.17303371 0.8        0.00449438
 0.01573034 0.66741573 0.30337079 0.01348315
 0.00224719 0.23146067 0.76179775 0.00449438
 0.00224719 0.20674157 0.71460674 0.07640449
 0.59101124 0.40449438 0.00224719 0.00224719
 0.09662921 0.69213483 0.07865169 0.13258427
 0.12359551 0.55280899 0.13483146 0.18876404
 0.59101124 0.16629213 0.15730337 0.08539326
 0.25168539 0.1505618  0.46741573 0.13033708

MOTIF 450_l3_f_21
letter-probability matrix: alength= 4 w= 9 
 0.32786885 0.15222482 0.42388759 0.09601874
 0.6323185  0.35128806 0.00936768 0.00702576
 0.11709602 0.8735363  0.00234192 0.00702576
 0.21311475 0.78220141 0.00234192 0.00234192
 0.00234192 0.97892272 0.01639344 0.00234192
 0.23419204 0.30679157 0.264637   0.19437939
 0.00468384 0.00234192 0.77751756 0.21545667
 0.14754098 0.09133489 0.54332553 0.21779859
 0.04683841 0.4028103  0.23887588 0.31147541

MOTIF 450_l3_f_22
letter-probability matrix: alength= 4 w= 9 
 0.11342593 0.31018519 0.13657407 0.43981481
 0.05787037 0.28935185 0.09953704 0.55324074
 0.00462963 0.00231481 0.58564815 0.40740741
 0.00462963 0.40046296 0.40509259 0.18981481
 0.70138889 0.03240741 0.00231481 0.26388889
 0.00231481 0.8587963  0.12268519 0.0162037 
 0.40509259 0.12962963 0.00231481 0.46296296
 0.00925926 0.66203704 0.04166667 0.28703704
 0.1875     0.46990741 0.18287037 0.15972222

MOTIF 450_l3_f_23
letter-probability matrix: alength= 4 w= 9 
 0.19114219 0.3962704  0.24242424 0.17016317
 0.13053613 0.54545455 0.13519814 0.18881119
 0.002331   0.72027972 0.26340326 0.01398601
 0.51515152 0.01398601 0.2960373  0.17482517
 0.002331   0.00932401 0.32634033 0.66200466
 0.002331   0.86713287 0.12121212 0.00932401
 0.67599068 0.16083916 0.002331   0.16083916
 0.03496503 0.08624709 0.05128205 0.82750583
 0.12820513 0.48717949 0.31701632 0.06759907

MOTIF 450_l3_f_24
letter-probability matrix: alength= 4 w= 9 
 0.26573427 0.17715618 0.32400932 0.23310023
 0.33566434 0.002331   0.14918415 0.51282051
 0.02097902 0.36363636 0.61305361 0.002331  
 0.18414918 0.02097902 0.04195804 0.75291375
 0.02564103 0.002331   0.03263403 0.93939394
 0.06060606 0.08391608 0.11888112 0.73659674
 0.11421911 0.18414918 0.3986014  0.3030303 
 0.02097902 0.09090909 0.01631702 0.87179487
 0.12587413 0.30769231 0.33566434 0.23076923

MOTIF 450_l3_f_25
letter-probability matrix: alength= 4 w= 9 
 0.04794521 0.5        0.33105023 0.12100457
 0.00228311 0.08219178 0.74885845 0.16666667
 0.00228311 0.30136986 0.69406393 0.00228311
 0.00228311 0.00228311 0.99315068 0.00228311
 0.01598174 0.00228311 0.02054795 0.96118721
 0.00228311 0.5890411  0.36073059 0.04794521
 0.03881279 0.2716895  0.67808219 0.01141553
 0.00228311 0.35159817 0.17579909 0.47031963
 0.15068493 0.16438356 0.48858447 0.19634703

MOTIF 450_l3_f_26
letter-probability matrix: alength= 4 w= 9 
 0.14742015 0.26781327 0.27272727 0.31203931
 0.08353808 0.2039312  0.11302211 0.5995086 
 0.04422604 0.002457   0.00982801 0.94348894
 0.27764128 0.32186732 0.39066339 0.00982801
 0.2014742  0.01965602 0.76904177 0.00982801
 0.31449631 0.36609337 0.26044226 0.05896806
 0.11547912 0.01965602 0.06633907 0.7985258 
 0.09090909 0.86486486 0.002457   0.04176904
 0.16216216 0.48157248 0.22113022 0.13513514

MOTIF 450_l3_f_27
letter-probability matrix: alength= 4 w= 9 
 0.27146172 0.36194896 0.25290023 0.1136891 
 0.44547564 0.41067285 0.12529002 0.01856148
 0.00232019 0.62645012 0.36890951 0.00232019
 0.15545244 0.00232019 0.17169374 0.67053364
 0.00232019 0.9675174  0.02784223 0.00232019
 0.02088167 0.67981439 0.29698376 0.00232019
 0.30394432 0.66589327 0.02552204 0.00464037
 0.52436195 0.34338747 0.11832947 0.01392111
 0.41067285 0.26218097 0.14385151 0.18329466

MOTIF 450_l3_f_28
letter-probability matrix: alength= 4 w= 9 
 0.08256881 0.49311927 0.29816514 0.12614679
 0.08486239 0.40825688 0.25917431 0.24770642
 0.0733945  0.52981651 0.05045872 0.34633028
 0.04816514 0.12614679 0.51834862 0.30733945
 0.02293578 0.00458716 0.96559633 0.00688073
 0.00229358 0.99311927 0.00229358 0.00229358
 0.03899083 0.58944954 0.24311927 0.12844037
 0.98853211 0.00229358 0.00229358 0.00688073
 0.10550459 0.48394495 0.33944954 0.07110092

MOTIF 450_l3_f_29
letter-probability matrix: alength= 4 w= 9 
 0.04772727 0.57272727 0.23636364 0.14318182
 0.10454545 0.03863636 0.52045455 0.33636364
 0.00681818 0.00227273 0.82727273 0.16363636
 0.00227273 0.76818182 0.22727273 0.00227273
 0.00227273 0.00227273 0.97954545 0.01590909
 0.45227273 0.51818182 0.01818182 0.01136364
 0.12954545 0.14090909 0.72727273 0.00227273
 0.08636364 0.075      0.67272727 0.16590909
 0.06136364 0.47727273 0.29772727 0.16363636

MOTIF 450_l3_f_30
letter-probability matrix: alength= 4 w= 9 
 0.16743119 0.5206422  0.29357798 0.01834862
 0.5206422  0.14220183 0.10550459 0.23165138
 0.00229358 0.50458716 0.12155963 0.37155963
 0.01376147 0.30045872 0.68348624 0.00229358
 0.00229358 0.00917431 0.28211009 0.70642202
 0.22018349 0.03899083 0.73623853 0.00458716
 0.00229358 0.13073394 0.8646789  0.00229358
 0.64908257 0.03211009 0.09174312 0.22706422
 0.1766055  0.15366972 0.52981651 0.13990826

MOTIF 450_l3_f_31
letter-probability matrix: alength= 4 w= 9 
 0.02895323 0.79287305 0.11581292 0.0623608 
 0.03563474 0.83964365 0.10690423 0.01781737
 0.02672606 0.06681514 0.90423163 0.00222717
 0.00222717 0.76391982 0.08240535 0.15144766
 0.32071269 0.15367483 0.09131403 0.43429844
 0.05345212 0.10467706 0.30289532 0.5389755 
 0.13363029 0.1714922  0.14253898 0.55233853
 0.09576837 0.75723831 0.1247216  0.02227171
 0.16481069 0.44766147 0.12694878 0.26057906

MOTIF 450_l3_f_32
letter-probability matrix: alength= 4 w= 9 
 0.10091743 0.2706422  0.35091743 0.27752294
 0.07568807 0.42889908 0.08027523 0.41513761
 0.06651376 0.66972477 0.12155963 0.14220183
 0.00917431 0.04587156 0.94266055 0.00229358
 0.13302752 0.45412844 0.41055046 0.00229358
 0.34862385 0.00229358 0.35550459 0.29357798
 0.00229358 0.00229358 0.99311927 0.00229358
 0.00229358 0.02522936 0.2706422  0.70183486
 0.0206422  0.46330275 0.25       0.26605505

MOTIF 450_l3_f_33
letter-probability matrix: alength= 4 w= 9 
 0.06833713 0.46241458 0.33940774 0.12984055
 0.07517084 0.0022779  0.91343964 0.00911162
 0.07517084 0.74031891 0.18223235 0.0022779 
 0.00455581 0.07517084 0.91799544 0.0022779 
 0.0022779  0.06150342 0.0523918  0.88382688
 0.00683371 0.0501139  0.62870159 0.3143508 
 0.00683371 0.21412301 0.53758542 0.24145786
 0.12756264 0.12984055 0.6332574  0.10933941
 0.09794989 0.43052392 0.35079727 0.12072893

MOTIF 450_l3_f_34
letter-probability matrix: alength= 4 w= 9 
 0.22477064 0.26834862 0.36697248 0.13990826
 0.04816514 0.03211009 0.27752294 0.64220183
 0.0206422  0.00229358 0.11697248 0.86009174
 0.21788991 0.07568807 0.19495413 0.51146789
 0.25229358 0.09174312 0.44954128 0.20642202
 0.22018349 0.36238532 0.26376147 0.15366972
 0.80275229 0.19266055 0.00229358 0.00229358
 0.06880734 0.54357798 0.38073394 0.00688073
 0.32798165 0.46330275 0.02981651 0.17889908

MOTIF 450_l3_f_35
letter-probability matrix: alength= 4 w= 9 
 0.25348837 0.13488372 0.16976744 0.44186047
 0.00232558 0.90930233 0.08604651 0.00232558
 0.00232558 0.00232558 0.00232558 0.99302326
 0.00930233 0.41395349 0.5627907  0.01395349
 0.00930233 0.22325581 0.76511628 0.00232558
 0.00232558 0.0627907  0.91627907 0.01860465
 0.06511628 0.31860465 0.46511628 0.15116279
 0.06976744 0.37209302 0.35813953 0.2       
 0.04883721 0.12325581 0.5744186  0.25348837

MOTIF 450_l3_f_36
letter-probability matrix: alength= 4 w= 9 
 0.33108108 0.58333333 0.03153153 0.05405405
 0.00675676 0.85810811 0.09459459 0.04054054
 0.00900901 0.9527027  0.00225225 0.03603604
 0.13738739 0.12387387 0.72522523 0.01351351
 0.00225225 0.30630631 0.67117117 0.02027027
 0.10135135 0.4009009  0.01126126 0.48648649
 0.00225225 0.40765766 0.00225225 0.58783784
 0.12612613 0.77027027 0.01351351 0.09009009
 0.15990991 0.42342342 0.18468468 0.23198198

MOTIF 450_l3_f_37
letter-probability matrix: alength= 4 w= 9 
 0.37037037 0.07175926 0.1412037  0.41666667
 0.19212963 0.37037037 0.36342593 0.07407407
 0.13425926 0.40509259 0.15509259 0.30555556
 0.01157407 0.3912037  0.59490741 0.00231481
 0.52314815 0.00231481 0.47222222 0.00231481
 0.00231481 0.03009259 0.81944444 0.14814815
 0.02083333 0.82175926 0.15509259 0.00231481
 0.0162037  0.30324074 0.01851852 0.66203704
 0.09259259 0.1412037  0.5462963  0.21990741

MOTIF 450_l3_f_38
letter-probability matrix: alength= 4 w= 9 
 0.18501171 0.29976581 0.30679157 0.20843091
 0.02810304 0.13583138 0.1498829  0.68618267
 0.02107728 0.5175644  0.03747073 0.42388759
 0.18032787 0.00468384 0.79859485 0.01639344
 0.00234192 0.23887588 0.06088993 0.69789227
 0.00234192 0.00234192 0.0117096  0.98360656
 0.01639344 0.18501171 0.06088993 0.73770492
 0.08665105 0.66276347 0.16159251 0.08899297
 0.22716628 0.30913349 0.22248244 0.2412178 

MOTIF 450_l3_f_39
letter-probability matrix: alength= 4 w= 9 
 0.10854503 0.54734411 0.2817552  0.06235566
 0.09930716 0.11778291 0.31408776 0.46882217
 0.00230947 0.75288684 0.10623557 0.13856813
 0.00230947 0.10854503 0.88683603 0.00230947
 0.00230947 0.00230947 0.99307159 0.00230947
 0.00230947 0.00230947 0.84295612 0.15242494
 0.00230947 0.12702079 0.03926097 0.83140878
 0.08545035 0.49422633 0.18244804 0.23787529
 0.11547344 0.41339492 0.3256351  0.14549654

MOTIF 450_l3_f_40
letter-probability matrix: alength= 4 w= 9 
 0.28669725 0.06880734 0.44954128 0.19495413
 0.2293578  0.09633028 0.55733945 0.11697248
 0.32110092 0.18577982 0.27293578 0.22018349
 0.00229358 0.11697248 0.5733945  0.30733945
 0.00229358 0.01834862 0.07798165 0.90137615
 0.20183486 0.79357798 0.00229358 0.00229358
 0.88073394 0.10779817 0.00229358 0.00917431
 0.00229358 0.05963303 0.63073394 0.30733945
 0.2293578  0.15137615 0.41972477 0.19954128

MOTIF 450_l3_f_41
letter-probability matrix: alength= 4 w= 9 
 0.11111111 0.31944444 0.52546296 0.04398148
 0.12962963 0.00231481 0.00231481 0.86574074
 0.00231481 0.00231481 0.24074074 0.75462963
 0.18287037 0.20833333 0.45138889 0.15740741
 0.27777778 0.10185185 0.61805556 0.00231481
 0.06944444 0.12731481 0.65972222 0.14351852
 0.7962963  0.02777778 0.1712963  0.00462963
 0.09722222 0.0625     0.52083333 0.31944444
 0.23148148 0.46064815 0.16898148 0.13888889

MOTIF 450_l3_f_42
letter-probability matrix: alength= 4 w= 9 
 0.16824645 0.31990521 0.45734597 0.05450237
 0.00236967 0.10900474 0.88625592 0.00236967
 0.13507109 0.82701422 0.03554502 0.00236967
 0.00236967 0.00236967 0.02606635 0.96919431
 0.03080569 0.04265403 0.92417062 0.00236967
 0.09241706 0.56398104 0.27014218 0.07345972
 0.51658768 0.47867299 0.00236967 0.00236967
 0.10189573 0.00236967 0.87677725 0.01895735
 0.23933649 0.38625592 0.21090047 0.16350711

MOTIF 450_l3_f_43
letter-probability matrix: alength= 4 w= 9 
 0.00238095 0.59285714 0.2547619  0.15      
 0.00238095 0.00238095 0.93809524 0.05714286
 0.00238095 0.99285714 0.00238095 0.00238095
 0.00238095 0.07857143 0.91666667 0.00238095
 0.00238095 0.1047619  0.89047619 0.00238095
 0.00238095 0.82380952 0.00238095 0.17142857
 0.00238095 0.33095238 0.48571429 0.18095238
 0.00238095 0.10714286 0.88809524 0.00238095
 0.10238095 0.34285714 0.41428571 0.14047619

MOTIF 450_l3_f_44
letter-probability matrix: alength= 4 w= 9 
 0.1452381  0.27380952 0.41666667 0.16428571
 0.38095238 0.31428571 0.00238095 0.30238095
 0.00714286 0.2952381  0.44761905 0.25      
 0.0452381  0.80238095 0.12619048 0.02619048
 0.14761905 0.03333333 0.81666667 0.00238095
 0.00238095 0.00238095 0.00238095 0.99285714
 0.01666667 0.65       0.15714286 0.17619048
 0.06190476 0.16666667 0.6547619  0.11666667
 0.18809524 0.39047619 0.26904762 0.15238095

MOTIF 450_l3_f_45
letter-probability matrix: alength= 4 w= 9 
 0.21590909 0.48409091 0.20681818 0.09318182
 0.16590909 0.56818182 0.24545455 0.02045455
 0.01363636 0.48636364 0.00227273 0.49772727
 0.18636364 0.025      0.00454545 0.78409091
 0.07727273 0.00227273 0.29545455 0.625     
 0.09090909 0.76818182 0.00227273 0.13863636
 0.00681818 0.07045455 0.04090909 0.88181818
 0.00227273 0.2        0.76136364 0.03636364
 0.10909091 0.30227273 0.39318182 0.19545455

MOTIF 450_l3_f_46
letter-probability matrix: alength= 4 w= 9 
 0.12296984 0.16241299 0.46403712 0.25058005
 0.25986079 0.27610209 0.00464037 0.45939675
 0.17169374 0.23897912 0.35034803 0.23897912
 0.00232019 0.22737819 0.73781903 0.0324826 
 0.00232019 0.34570766 0.64965197 0.00232019
 0.05568445 0.00232019 0.00232019 0.93967517
 0.00696056 0.00232019 0.80046404 0.19025522
 0.72389791 0.22737819 0.00232019 0.04640371
 0.22969838 0.11136891 0.46171694 0.19721578

MOTIF 450_l3_f_47
letter-probability matrix: alength= 4 w= 9 
 0.04494382 0.6247191  0.27865169 0.05168539
 0.00224719 0.32359551 0.66067416 0.01348315
 0.13707865 0.85842697 0.00224719 0.00224719
 0.24269663 0.57303371 0.00224719 0.18202247
 0.00224719 0.99325843 0.00224719 0.00224719
 0.00224719 0.00224719 0.97977528 0.01573034
 0.07191011 0.9011236  0.0247191  0.00224719
 0.04494382 0.34382022 0.5505618  0.06067416
 0.15505618 0.42696629 0.20449438 0.21348315

MOTIF 450_l3_f_48
letter-probability matrix: alength= 4 w= 9 
 0.12954545 0.33409091 0.19545455 0.34090909
 0.19318182 0.05227273 0.00227273 0.75227273
 0.17954545 0.33636364 0.41818182 0.06590909
 0.16136364 0.73409091 0.07272727 0.03181818
 0.09545455 0.64318182 0.06818182 0.19318182
 0.26363636 0.71363636 0.00227273 0.02045455
 0.62954545 0.09545455 0.05454545 0.22045455
 0.29545455 0.68181818 0.02045455 0.00227273
 0.23409091 0.34090909 0.20909091 0.21590909

MOTIF 450_l3_f_49
letter-probability matrix: alength= 4 w= 9 
 0.20140515 0.18266979 0.33489461 0.28103044
 0.01405152 0.07025761 0.1030445  0.81264637
 0.43091335 0.38173302 0.11241218 0.07494145
 0.13114754 0.71194379 0.15456674 0.00234192
 0.23419204 0.00234192 0.71896956 0.04449649
 0.21311475 0.0117096  0.23419204 0.54098361
 0.18266979 0.03981265 0.33957845 0.43793911
 0.35362998 0.07494145 0.11709602 0.45433255
 0.1030445  0.4941452  0.22248244 0.18032787

MOTIF 450_l3_f_50
letter-probability matrix: alength= 4 w= 9 
 0.22931442 0.21513002 0.38534279 0.17021277
 0.68085106 0.00236407 0.08037825 0.23640662
 0.63356974 0.00236407 0.35460993 0.00945626
 0.00236407 0.00236407 0.9929078  0.00236407
 0.06382979 0.51300236 0.42080378 0.00236407
 0.73995272 0.1678487  0.00236407 0.08983452
 0.00236407 0.63356974 0.13947991 0.22458629
 0.14420804 0.22458629 0.39479905 0.23640662
 0.07328605 0.25768322 0.41371158 0.25531915

MOTIF 450_l3_f_51
letter-probability matrix: alength= 4 w= 9 
 0.07621247 0.14318707 0.31177829 0.46882217
 0.00230947 0.55658199 0.07159353 0.36951501
 0.02078522 0.00461894 0.073903   0.90069284
 0.10161663 0.27020785 0.61200924 0.01616628
 0.073903   0.18013857 0.72979215 0.01616628
 0.86605081 0.00692841 0.12471132 0.00230947
 0.18244804 0.01154734 0.80369515 0.00230947
 0.41801386 0.20323326 0.21939954 0.15935335
 0.23325635 0.09930716 0.47575058 0.19168591

MOTIF 450_l3_f_52
letter-probability matrix: alength= 4 w= 9 
 0.23271889 0.08294931 0.62672811 0.05760369
 0.00230415 0.97926267 0.01612903 0.00230415
 0.98387097 0.00230415 0.01152074 0.00230415
 0.00230415 0.07603687 0.91474654 0.00691244
 0.11751152 0.85483871 0.00230415 0.02534562
 0.00230415 0.00230415 0.6359447  0.359447  
 0.00230415 0.24654378 0.57834101 0.17281106
 0.05299539 0.38940092 0.23502304 0.32258065
 0.02764977 0.37096774 0.45391705 0.14746544

MOTIF 450_l3_f_53
letter-probability matrix: alength= 4 w= 9 
 0.15659955 0.14317673 0.32885906 0.37136465
 0.63087248 0.06040268 0.16331096 0.14541387
 0.72035794 0.27516779 0.00223714 0.00223714
 0.06040268 0.7852349  0.06935123 0.08501119
 0.00223714 0.99328859 0.00223714 0.00223714
 0.24161074 0.25279642 0.5033557  0.00223714
 0.44519016 0.12527964 0.1163311  0.31319911
 0.27069351 0.20357942 0.44742729 0.07829978
 0.12080537 0.32885906 0.3803132  0.17002237

MOTIF 450_l3_f_54
letter-probability matrix: alength= 4 w= 9 
 0.28246014 0.3667426  0.28701595 0.06378132
 0.02505695 0.82915718 0.14350797 0.0022779 
 0.01138952 0.22323462 0.0523918  0.71298405
 0.0022779  0.31890661 0.25512528 0.42369021
 0.20045558 0.14578588 0.65148064 0.0022779 
 0.0022779  0.6332574  0.36218679 0.0022779 
 0.25968109 0.06378132 0.66059226 0.01594533
 0.12300683 0.41002278 0.3667426  0.10022779
 0.11617312 0.37357631 0.24373576 0.26651481

MOTIF 450_l3_f_55
letter-probability matrix: alength= 4 w= 9 
 0.11574074 0.11805556 0.27083333 0.49537037
 0.09027778 0.30787037 0.46296296 0.13888889
 0.0462963  0.68055556 0.25       0.02314815
 0.94907407 0.02777778 0.01388889 0.00925926
 0.01388889 0.93287037 0.05092593 0.00231481
 0.03472222 0.19907407 0.75462963 0.01157407
 0.0162037  0.20833333 0.46990741 0.30555556
 0.06018519 0.38888889 0.10185185 0.44907407
 0.09490741 0.20601852 0.57638889 0.12268519

MOTIF 450_l3_f_56
letter-probability matrix: alength= 4 w= 9 
 0.24886878 0.41402715 0.12443439 0.21266968
 0.8280543  0.10633484 0.04072398 0.02488688
 0.07692308 0.40271493 0.47511312 0.04524887
 0.00226244 0.01131222 0.30316742 0.68325792
 0.00226244 0.42307692 0.38687783 0.18778281
 0.04977376 0.24208145 0.12217195 0.58597285
 0.45248869 0.13800905 0.35746606 0.0520362 
 0.02036199 0.02036199 0.42533937 0.53393665
 0.17873303 0.49321267 0.07466063 0.25339367

MOTIF 450_l3_f_57
letter-probability matrix: alength= 4 w= 9 
 0.31336406 0.14285714 0.28801843 0.25576037
 0.20046083 0.02764977 0.46774194 0.30414747
 0.10599078 0.1359447  0.00230415 0.75576037
 0.21658986 0.65668203 0.05760369 0.06912442
 0.41474654 0.00230415 0.02073733 0.56221198
 0.00230415 0.59447005 0.40092166 0.00230415
 0.14976959 0.00230415 0.29032258 0.55760369
 0.20506912 0.41013825 0.02995392 0.35483871
 0.19354839 0.33410138 0.21658986 0.25576037

MOTIF 450_l3_f_58
letter-probability matrix: alength= 4 w= 9 
 0.15       0.22631579 0.20789474 0.41578947
 0.17894737 0.70789474 0.04736842 0.06578947
 0.33947368 0.1        0.09210526 0.46842105
 0.20789474 0.00263158 0.76842105 0.02105263
 0.00263158 0.00263158 0.63421053 0.36052632
 0.13157895 0.56578947 0.27631579 0.02631579
 0.58947368 0.03157895 0.33157895 0.04736842
 0.89473684 0.05789474 0.03421053 0.01315789
 0.21052632 0.21578947 0.39210526 0.18157895

MOTIF 450_l3_f_59
letter-probability matrix: alength= 4 w= 9 
 0.04026846 0.14541387 0.72259508 0.0917226 
 0.00447427 0.77181208 0.22147651 0.00223714
 0.0246085  0.34451902 0.3310962  0.29977629
 0.02684564 0.08724832 0.85234899 0.03355705
 0.02237136 0.1409396  0.06487696 0.77181208
 0.00223714 0.63087248 0.36465324 0.00223714
 0.50782998 0.02237136 0.25503356 0.2147651 
 0.45861298 0.00671141 0.52572707 0.00894855
 0.21252796 0.07606264 0.55704698 0.15436242

MOTIF 450_l3_f_60
letter-probability matrix: alength= 4 w= 9 
 0.28341014 0.28571429 0.26267281 0.16820276
 0.05299539 0.79032258 0.00230415 0.15437788
 0.04608295 0.00230415 0.94239631 0.00921659
 0.00230415 0.23502304 0.23502304 0.52764977
 0.00230415 0.71658986 0.01382488 0.26728111
 0.2764977  0.61981567 0.00230415 0.10138249
 0.02073733 0.55069124 0.37096774 0.05760369
 0.03686636 0.82488479 0.02995392 0.10829493
 0.34562212 0.18663594 0.36635945 0.10138249

MOTIF 450_l3_f_61
letter-probability matrix: alength= 4 w= 9 
 0.11494253 0.09885057 0.46206897 0.32413793
 0.07586207 0.54022989 0.25057471 0.13333333
 0.01609195 0.90574713 0.07586207 0.00229885
 0.00229885 0.00229885 0.97011494 0.02528736
 0.04137931 0.95172414 0.00229885 0.0045977 
 0.00229885 0.2        0.7954023  0.00229885
 0.00229885 0.99310345 0.00229885 0.00229885
 0.31954023 0.43448276 0.18850575 0.05747126
 0.13793103 0.24597701 0.46666667 0.14942529

MOTIF 450_l3_f_62
letter-probability matrix: alength= 4 w= 9 
 0.08447489 0.35844749 0.5        0.05707763
 0.04109589 0.31050228 0.37671233 0.2716895 
 0.05022831 0.92009132 0.02739726 0.00228311
 0.1826484  0.33105023 0.47488584 0.01141553
 0.89041096 0.00228311 0.06621005 0.04109589
 0.18493151 0.31050228 0.20091324 0.30365297
 0.00913242 0.03652968 0.93150685 0.02283105
 0.00228311 0.13013699 0.83789954 0.02968037
 0.05479452 0.35616438 0.36073059 0.2283105 

MOTIF 450_l3_f_63
letter-probability matrix: alength= 4 w= 9 
 0.37411765 0.16235294 0.24470588 0.21882353
 0.03294118 0.05176471 0.91294118 0.00235294
 0.16470588 0.67294118 0.00235294 0.16      
 0.00235294 0.99294118 0.00235294 0.00235294
 0.03058824 0.94823529 0.00235294 0.01882353
 0.04235294 0.90823529 0.00235294 0.04705882
 0.06352941 0.00235294 0.83764706 0.09647059
 0.10588235 0.64       0.21176471 0.04235294
 0.11058824 0.38588235 0.32235294 0.18117647

MOTIF 450_l3_f_64
letter-probability matrix: alength= 4 w= 9 
 0.02433628 0.49557522 0.47787611 0.00221239
 0.44026549 0.04867257 0.42920354 0.08185841
 0.00221239 0.21017699 0.67920354 0.10840708
 0.00221239 0.00221239 0.99336283 0.00221239
 0.00442478 0.83628319 0.13274336 0.02654867
 0.00221239 0.00884956 0.64380531 0.34513274
 0.00221239 0.00221239 0.9380531  0.05752212
 0.10619469 0.84955752 0.00442478 0.03982301
 0.1880531  0.18584071 0.38053097 0.24557522

MOTIF 450_l3_f_65
letter-probability matrix: alength= 4 w= 9 
 0.01128668 0.76297968 0.13769752 0.08803612
 0.00225734 0.01580135 0.91873589 0.06320542
 0.00677201 0.56207675 0.41760722 0.01354402
 0.00225734 0.03837472 0.03837472 0.92099323
 0.00225734 0.56433409 0.39954853 0.03386005
 0.00225734 0.07223476 0.66817156 0.25733634
 0.00225734 0.84424379 0.12866817 0.0248307 
 0.15349887 0.3724605  0.15801354 0.31602709
 0.18284424 0.17155756 0.4221219  0.2234763 

MOTIF 450_l3_f_66
letter-probability matrix: alength= 4 w= 9 
 0.07572383 0.155902   0.76169265 0.00668151
 0.32516704 0.41870824 0.20267261 0.05345212
 0.27394209 0.3518931  0.27839644 0.09576837
 0.08463252 0.00222717 0.02449889 0.88864143
 0.00222717 0.37193764 0.00222717 0.62360802
 0.00222717 0.49665924 0.00222717 0.49888641
 0.19821826 0.04454343 0.64587973 0.11135857
 0.06681514 0.61247216 0.05122494 0.26948775
 0.10244989 0.3363029  0.25835189 0.30289532

MOTIF 450_l3_f_67
letter-probability matrix: alength= 4 w= 9 
 0.12962963 0.41898148 0.16435185 0.28703704
 0.01157407 0.01157407 0.00231481 0.97453704
 0.02314815 0.1712963  0.00694444 0.79861111
 0.02314815 0.61805556 0.04166667 0.31712963
 0.00231481 0.33564815 0.125      0.53703704
 0.01851852 0.71759259 0.26157407 0.00231481
 0.49074074 0.30092593 0.03009259 0.17824074
 0.35416667 0.24305556 0.3587963  0.04398148
 0.08101852 0.4375     0.15046296 0.33101852

MOTIF 450_l3_f_68
letter-probability matrix: alength= 4 w= 9 
 0.11943794 0.45199063 0.23419204 0.19437939
 0.00702576 0.00234192 0.43793911 0.55269321
 0.00936768 0.41920375 0.29508197 0.2763466 
 0.00234192 0.75409836 0.2412178  0.00234192
 0.00234192 0.03512881 0.03512881 0.92740047
 0.00234192 0.00234192 0.00234192 0.99297424
 0.21311475 0.00234192 0.23887588 0.54566745
 0.06323185 0.59016393 0.07494145 0.27166276
 0.19906323 0.25526932 0.08196721 0.46370023

MOTIF 450_l3_f_69
letter-probability matrix: alength= 4 w= 9 
 0.00224719 0.4247191  0.57078652 0.00224719
 0.00224719 0.00224719 0.99325843 0.00224719
 0.00224719 0.99325843 0.00224719 0.00224719
 0.00224719 0.14606742 0.67640449 0.1752809 
 0.00898876 0.33258427 0.62696629 0.03146067
 0.00224719 0.92134831 0.00224719 0.0741573 
 0.11011236 0.23146067 0.31685393 0.34157303
 0.00674157 0.29213483 0.64044944 0.06067416
 0.00224719 0.17078652 0.8247191  0.00224719

MOTIF 450_l3_f_70
letter-probability matrix: alength= 4 w= 9 
 0.15825688 0.26146789 0.41284404 0.16743119
 0.12614679 0.05733945 0.26376147 0.55275229
 0.00229358 0.27752294 0.05275229 0.66743119
 0.31880734 0.27752294 0.00229358 0.40137615
 0.05733945 0.35091743 0.01146789 0.58027523
 0.31192661 0.22018349 0.46559633 0.00229358
 0.1146789  0.12155963 0.47706422 0.28669725
 0.38990826 0.00229358 0.01605505 0.59174312
 0.29357798 0.10091743 0.28440367 0.32110092

MOTIF 450_l3_f_71
letter-probability matrix: alength= 4 w= 9 
 0.01809955 0.01131222 0.89366516 0.07692308
 0.02262443 0.52262443 0.45248869 0.00226244
 0.00226244 0.38914027 0.11764706 0.49095023
 0.00226244 0.52262443 0.47285068 0.00226244
 0.00226244 0.77828054 0.21719457 0.00226244
 0.16289593 0.83257919 0.00226244 0.00226244
 0.00226244 0.00452489 0.99095023 0.00226244
 0.04072398 0.75113122 0.16742081 0.04072398
 0.06334842 0.53846154 0.25339367 0.14479638

MOTIF 450_l3_f_72
letter-probability matrix: alength= 4 w= 9 
 0.0311804  0.76391982 0.19821826 0.00668151
 0.00222717 0.00222717 0.16035635 0.83518931
 0.00668151 0.922049   0.0467706  0.02449889
 0.00222717 0.89755011 0.09799555 0.00222717
 0.48329621 0.34966592 0.00222717 0.16481069
 0.00222717 0.75501114 0.00222717 0.24053452
 0.00222717 0.72160356 0.18485523 0.09131403
 0.06904232 0.21158129 0.32516704 0.39420935
 0.09131403 0.41870824 0.30957684 0.18040089

MOTIF 450_l3_f_73
letter-probability matrix: alength= 4 w= 9 
 0.20501139 0.43280182 0.33940774 0.02277904
 0.38952164 0.02050114 0.00683371 0.58314351
 0.04328018 0.0022779  0.61047836 0.34396355
 0.09111617 0.08883827 0.81548975 0.00455581
 0.0022779  0.14578588 0.84965831 0.0022779 
 0.01594533 0.56036446 0.01138952 0.41230068
 0.06605923 0.64692483 0.26651481 0.02050114
 0.04100228 0.03416856 0.67881549 0.24601367
 0.17767654 0.35307517 0.34396355 0.12528474

MOTIF 450_l3_f_74
letter-probability matrix: alength= 4 w= 9 
 0.12331839 0.47533632 0.35874439 0.0426009 
 0.10089686 0.5044843  0.26233184 0.132287  
 0.2264574  0.76457399 0.00224215 0.00672646
 0.3632287  0.05829596 0.11434978 0.46412556
 0.36547085 0.19282511 0.34977578 0.09192825
 0.04035874 0.80269058 0.01569507 0.14125561
 0.02017937 0.00224215 0.15919283 0.81838565
 0.60986547 0.10762332 0.03587444 0.24663677
 0.26681614 0.26008969 0.25112108 0.22197309

MOTIF 450_l3_f_75
letter-probability matrix: alength= 4 w= 9 
 0.20276498 0.38018433 0.14285714 0.27419355
 0.01382488 0.62211982 0.02304147 0.34101382
 0.23041475 0.00230415 0.51612903 0.25115207
 0.00230415 0.42165899 0.18202765 0.39400922
 0.38018433 0.49769585 0.08064516 0.04147465
 0.19124424 0.00230415 0.37557604 0.43087558
 0.00230415 0.02304147 0.31336406 0.66129032
 0.00460829 0.07603687 0.12672811 0.79262673
 0.1843318  0.2718894  0.25345622 0.29032258

MOTIF 450_l3_f_76
letter-probability matrix: alength= 4 w= 9 
 0.47285068 0.03393665 0.23303167 0.260181  
 0.15384615 0.2760181  0.47058824 0.09954751
 0.51809955 0.00904977 0.40045249 0.07239819
 0.00226244 0.66968326 0.32579186 0.00226244
 0.00226244 0.45248869 0.52714932 0.01809955
 0.0520362  0.739819   0.12895928 0.07918552
 0.00226244 0.29864253 0.38235294 0.31674208
 0.00226244 0.13800905 0.85746606 0.00226244
 0.03167421 0.5678733  0.35972851 0.04072398

MOTIF 450_l3_f_77
letter-probability matrix: alength= 4 w= 9 
 0.04318182 0.60227273 0.23863636 0.11590909
 0.10681818 0.05454545 0.38636364 0.45227273
 0.00227273 0.00227273 0.98636364 0.00909091
 0.36818182 0.42954545 0.14772727 0.05454545
 0.00227273 0.38181818 0.60681818 0.00909091
 0.05681818 0.36590909 0.00227273 0.575     
 0.00227273 0.56818182 0.42727273 0.00227273
 0.02954545 0.09318182 0.28636364 0.59090909
 0.24318182 0.31818182 0.25454545 0.18409091

MOTIF 450_l3_f_78
letter-probability matrix: alength= 4 w= 9 
 0.32093023 0.19302326 0.14186047 0.34418605
 0.06976744 0.56511628 0.03953488 0.3255814 
 0.1744186  0.00232558 0.69302326 0.13023256
 0.00465116 0.00232558 0.10465116 0.88837209
 0.00232558 0.76976744 0.2255814  0.00232558
 0.09069767 0.10697674 0.45116279 0.35116279
 0.20232558 0.05813953 0.00232558 0.7372093 
 0.06976744 0.58837209 0.24651163 0.09534884
 0.2372093  0.3627907  0.24651163 0.15348837

MOTIF 450_l3_f_79
letter-probability matrix: alength= 4 w= 9 
 0.07882883 0.52702703 0.37387387 0.02027027
 0.00225225 0.49099099 0.40765766 0.0990991 
 0.00225225 0.00225225 0.95945946 0.03603604
 0.00225225 0.30855856 0.00225225 0.68693694
 0.00225225 0.97747748 0.01126126 0.00900901
 0.04504505 0.05855856 0.83333333 0.06306306
 0.00225225 0.95720721 0.03828829 0.00225225
 0.03828829 0.46171171 0.41441441 0.08558559
 0.09684685 0.61936937 0.1463964  0.13738739

MOTIF 450_l3_f_80
letter-probability matrix: alength= 4 w= 9 
 0.17420814 0.22624434 0.53846154 0.06108597
 0.14932127 0.67647059 0.1719457  0.00226244
 0.04524887 0.77149321 0.08144796 0.10180995
 0.00226244 0.98642534 0.00904977 0.00226244
 0.00226244 0.00226244 0.99321267 0.00226244
 0.83484163 0.16063348 0.00226244 0.00226244
 0.18552036 0.06108597 0.72850679 0.02488688
 0.21945701 0.239819   0.40723982 0.13348416
 0.1561086  0.47058824 0.25565611 0.11764706

MOTIF 450_l3_f_81
letter-probability matrix: alength= 4 w= 9 
 0.06650831 0.29928741 0.41567696 0.21852732
 0.02375297 0.10213777 0.22565321 0.64845606
 0.10688836 0.0023753  0.80997625 0.0807601 
 0.02137767 0.48456057 0.49168646 0.0023753 
 0.18289786 0.04988124 0.0023753  0.76484561
 0.12351544 0.75771971 0.11638955 0.0023753 
 0.0023753  0.53444181 0.4584323  0.00475059
 0.01662708 0.43230404 0.54869359 0.0023753 
 0.06650831 0.65320665 0.10213777 0.17814727

MOTIF 450_l3_f_82
letter-probability matrix: alength= 4 w= 9 
 0.44646925 0.2095672  0.29157175 0.0523918 
 0.30296128 0.17312073 0.49658314 0.02733485
 0.40546697 0.3667426  0.22323462 0.00455581
 0.78132118 0.0022779  0.21412301 0.0022779 
 0.57630979 0.0022779  0.4191344  0.0022779 
 0.8405467  0.04783599 0.06605923 0.04555809
 0.35763098 0.03644647 0.55353075 0.0523918 
 0.99316629 0.0022779  0.0022779  0.0022779 
 0.43963554 0.05922551 0.35763098 0.14350797

MOTIF 450_l3_f_83
letter-probability matrix: alength= 4 w= 9 
 0.2        0.20454545 0.57272727 0.02272727
 0.29772727 0.28863636 0.38181818 0.03181818
 0.27727273 0.35909091 0.29318182 0.07045455
 0.05       0.77954545 0.14090909 0.02954545
 0.60909091 0.01136364 0.08409091 0.29545455
 0.86590909 0.01363636 0.03863636 0.08181818
 0.01818182 0.06590909 0.37727273 0.53863636
 0.33863636 0.41363636 0.02727273 0.22045455
 0.31590909 0.175      0.28181818 0.22727273

MOTIF 450_l3_f_84
letter-probability matrix: alength= 4 w= 9 
 0.04063205 0.13995485 0.81715576 0.00225734
 0.09255079 0.05869074 0.50790068 0.34085779
 0.00225734 0.44469526 0.503386   0.0496614 
 0.00225734 0.00225734 0.99322799 0.00225734
 0.00225734 0.99322799 0.00225734 0.00225734
 0.00225734 0.00225734 0.99322799 0.00225734
 0.00225734 0.66591422 0.31828442 0.01354402
 0.05417607 0.58465011 0.1738149  0.18735892
 0.1738149  0.28893905 0.38148984 0.15575621

MOTIF 450_l3_f_85
letter-probability matrix: alength= 4 w= 9 
 0.11910112 0.36404494 0.50561798 0.01123596
