MEME version 5.3.0

ALPHABET= ACGT

strands: + -

Background letter frequencies
A 0.25 C 0.25 G 0.25 T 0.25

MOTIF SiglTask_vleng_l3_f_0
letter-probability matrix: alength= 4 w= 9 
 0.1292482  0.31874356 0.09732235 0.45468589
 0.64366632 0.15396498 0.03347065 0.16889804
 0.08084449 0.01390319 0.03450051 0.8707518 
 0.90628218 0.04943357 0.01750772 0.02677652
 6.76622039e-01 5.14933059e-04 3.18228630e-01 4.63439753e-03
 0.02780639 0.02317199 0.24871267 0.70030896
 0.17353244 0.31822863 0.02677652 0.48146241
 0.06951596 0.17301751 0.56127703 0.1961895 
 0.20391349 0.37178167 0.17353244 0.2507724 

MOTIF SiglTask_vleng_l3_f_1
letter-probability matrix: alength= 4 w= 9 
 0.15531915 0.1143617  0.1287234  0.60159574
 0.22074468 0.19202128 0.13617021 0.45106383
 0.11329787 0.00053191 0.42765957 0.45851064
 0.34202128 0.10744681 0.00478723 0.54574468
 0.16861702 0.13510638 0.0212766  0.675     
 0.10478723 0.06170213 0.33882979 0.49468085
 0.73989362 0.04042553 0.01595745 0.2037234 
 0.4606383  0.11595745 0.10212766 0.3212766 
 0.75904255 0.05531915 0.05265957 0.13297872

MOTIF SiglTask_vleng_l3_f_2
letter-probability matrix: alength= 4 w= 9 
 0.3415657  0.54986021 0.08108108 0.02749301
 0.49254427 0.25768872 0.20876048 0.04100652
 0.45759553 0.18965517 0.31267474 0.04007456
 0.17800559 0.78751165 0.01211556 0.02236719
 2.49301025e-01 7.00838770e-01 4.65983225e-04 4.93942218e-02
 8.39701771e-01 1.59366263e-01 4.65983225e-04 4.65983225e-04
 9.26374651e-01 7.26933830e-02 4.65983225e-04 4.65983225e-04
 0.33410997 0.13932898 0.15330848 0.37325256
 0.64678472 0.12721342 0.04426841 0.18173346

MOTIF SiglTask_vleng_l3_f_3
letter-probability matrix: alength= 4 w= 9 
 0.22412008 0.25621118 0.34834369 0.17132505
 0.13198758 0.23188406 0.17494824 0.46118012
 0.1878882  0.26656315 0.11076605 0.43478261
 0.14751553 0.27380952 0.13354037 0.44513458
 0.02277433 0.17391304 0.0610766  0.74223602
 0.00258799 0.06987578 0.02277433 0.9047619 
 5.17598344e-04 5.17598344e-04 5.17598344e-04 9.98447205e-01
 3.42650104e-01 5.17598344e-04 6.56314700e-01 5.17598344e-04
 0.79089027 0.02536232 0.14751553 0.03623188

MOTIF SiglTask_vleng_l3_f_4
letter-probability matrix: alength= 4 w= 9 
 0.57921067 0.14674819 0.24847137 0.02556976
 0.15397443 0.30016676 0.19677599 0.34908282
 0.58421345 0.15397443 0.25958866 0.00222346
 0.77654252 0.07893274 0.11784325 0.02668149
 0.33963313 0.54585881 0.0250139  0.08949416
 0.72317954 0.01945525 0.24402446 0.01334074
 6.94274597e-01 5.55864369e-04 2.94052251e-01 1.11172874e-02
 0.26292385 0.06614786 0.25792107 0.41300723
 0.34963869 0.01389661 0.58365759 0.05280712

MOTIF SiglTask_vleng_l3_f_5
letter-probability matrix: alength= 4 w= 9 
 0.31084225 0.22429037 0.35970219 0.10516519
 0.13168916 0.32899023 0.36807818 0.17124244
 0.17543043 0.2219637  0.41879944 0.18380642
 0.07445323 0.13308516 0.18706375 0.60539786
 0.42159144 0.34155421 0.18008376 0.05677059
 0.39274081 0.12191717 0.47463937 0.01070265
 4.65332713e-03 4.65332713e-04 4.65332713e-04 9.94416007e-01
 0.84178688 0.00186133 0.15449046 0.00186133
 6.73801768e-01 4.65332713e-04 3.25267566e-01 4.65332713e-04

MOTIF SiglTask_vleng_l3_f_6
letter-probability matrix: alength= 4 w= 9 
 0.08853007 0.29899777 0.13585746 0.4766147 
 0.08240535 0.00946548 0.8825167  0.02561247
 0.06514477 0.22605791 0.34576837 0.36302895
 0.21158129 0.12806236 0.44766147 0.21269488
 0.42817372 0.06347439 0.1714922  0.33685969
 0.23942094 0.01057906 0.27227171 0.47772829
 0.07739421 0.02505568 0.00612472 0.89142539
 0.06625835 0.34799555 0.06681514 0.51893096
 0.05957684 0.27505568 0.29955457 0.36581292

MOTIF SiglTask_vleng_l3_f_7
letter-probability matrix: alength= 4 w= 9 
 0.50953516 0.02085816 0.44755662 0.02205006
 0.15375447 0.16328963 0.60131108 0.08164482
 0.00297974 0.31287247 0.04410012 0.64004768
 0.01966627 0.00536353 0.83492253 0.14004768
 0.5375447  0.170441   0.02145411 0.27056019
 0.46007151 0.0238379  0.03992849 0.4761621 
 0.4034565  0.11740167 0.00476758 0.47437426
 0.20202622 0.3170441  0.38796186 0.09296782
 0.13885578 0.15852205 0.16388558 0.53873659

MOTIF SiglTask_vleng_l3_f_8
letter-probability matrix: alength= 4 w= 9 
 0.07956497 0.5060103  0.15455066 0.25987407
 0.63194047 0.10303377 0.17115054 0.09387521
 0.10417859 0.33772181 0.20206068 0.35603892
 0.91528334 0.03148254 0.01831712 0.034917  
 0.06868918 0.00515169 0.01373784 0.91242129
 0.00171723 0.0171723  0.91242129 0.06868918
 0.47395535 0.19576417 0.12821981 0.20206068
 0.25815684 0.21980538 0.38694906 0.13508872
 0.27246709 0.31081855 0.2152261  0.20148827

MOTIF SiglTask_vleng_l3_f_9
letter-probability matrix: alength= 4 w= 9 
 0.13254255 0.31562661 0.1005673  0.45126354
 0.12325941 0.38421867 0.08818979 0.40433213
 0.12686952 0.00464157 0.63847344 0.23001547
 5.15729758e-04 6.01856627e-01 1.54718927e-03 3.96080454e-01
 0.13615266 0.07220217 0.67302733 0.11861784
 0.10469314 0.37235688 0.41103662 0.11191336
 0.28519856 0.25064466 0.24187726 0.22227953
 0.05054152 0.16658071 0.37545126 0.40742651
 0.02527076 0.25631769 0.63228468 0.08612687

MOTIF SiglTask_vleng_l3_f_10
letter-probability matrix: alength= 4 w= 9 
 0.38461538 0.17378917 0.33380817 0.10778727
 0.36324786 0.29392213 0.17711301 0.165717  
 0.17568851 0.57502374 0.04748338 0.20180437
 0.11870845 0.02041785 0.7711301  0.08974359
 0.33380817 0.04890788 0.61348528 0.00379867
 0.03893637 0.2711301  0.35612536 0.33380817
 0.17853751 0.00997151 0.7711301  0.04036087
 0.00854701 0.0631529  0.53181387 0.39648623
 0.15716999 0.24596391 0.37844255 0.21842355

MOTIF SiglTask_vleng_l3_f_11
letter-probability matrix: alength= 4 w= 9 
 0.32975871 0.10563003 0.33565684 0.22895442
 0.1383378  0.1924933  0.57211796 0.09705094
 5.36193029e-04 2.47721180e-01 2.35924933e-02 7.28150134e-01
 0.18016086 0.02734584 0.29705094 0.49544236
 0.01447721 0.00321716 0.03378016 0.94852547
 0.93619303 0.00214477 0.0461126  0.0155496 
 0.03324397 0.01930295 0.59142091 0.35603217
 0.31796247 0.03378016 0.40857909 0.23967828
 0.13512064 0.07131367 0.54745308 0.2461126 

MOTIF SiglTask_vleng_l3_f_12
letter-probability matrix: alength= 4 w= 9 
 0.38608871 0.18800403 0.27923387 0.14667339
 0.36038306 0.140625   0.39768145 0.10131048
 0.16784274 0.17842742 0.0453629  0.60836694
 7.72177419e-01 5.04032258e-04 2.26814516e-01 5.04032258e-04
 0.296875   0.12550403 0.49949597 0.078125  
 0.10332661 0.26512097 0.38306452 0.2484879 
 5.80141129e-01 5.04032258e-04 2.99899194e-01 1.19455645e-01
 0.16683468 0.04939516 0.20362903 0.58014113
 0.09778226 0.03830645 0.73034274 0.13356855

MOTIF SiglTask_vleng_l3_f_13
letter-probability matrix: alength= 4 w= 9 
 0.46631629 0.10845676 0.27424749 0.15097946
 0.09698997 0.17152413 0.04491161 0.6865743 
 0.19875776 0.50788342 0.20449116 0.08886765
 0.48494983 0.00095557 0.49928333 0.01481128
 0.23554706 0.47873865 0.01337793 0.27233636
 0.16579073 0.02436694 0.54037267 0.26946966
 0.4151935  0.05446727 0.01911132 0.5112279 
 0.04252269 0.4123268  0.03344482 0.51170569
 0.09077879 0.26086957 0.57716197 0.07118968

MOTIF SiglTask_vleng_l3_f_14
letter-probability matrix: alength= 4 w= 9 
 0.30542986 0.07352941 0.46153846 0.15950226
 0.489819   0.09276018 0.00113122 0.41628959
 0.63574661 0.05656109 0.06334842 0.24434389
 0.94004525 0.0520362  0.00113122 0.00678733
 0.06108597 0.16063348 0.06561086 0.71266968
 0.78280543 0.00113122 0.03280543 0.18325792
 0.12217195 0.00113122 0.8438914  0.03280543
 0.41968326 0.06447964 0.49547511 0.02036199
 0.08936652 0.23190045 0.32239819 0.35633484

MOTIF SiglTask_vleng_l3_f_15
letter-probability matrix: alength= 4 w= 9 
 0.20625611 0.17595308 0.40860215 0.20918866
 0.22971652 0.13685239 0.27077224 0.36265885
 0.23851417 0.27565982 0.20430108 0.28152493
 0.07331378 0.15053763 0.0684262  0.70772239
 0.27956989 0.04203324 0.67741935 0.00097752
 0.00097752 0.11730205 0.00097752 0.88074291
 0.63245357 0.13294233 0.12414467 0.11045943
 0.00684262 0.0400782  0.14076246 0.81231672
 0.55229717 0.28152493 0.01759531 0.1485826 

MOTIF SiglTask_vleng_l3_f_16
letter-probability matrix: alength= 4 w= 9 
 0.390497   0.21518296 0.20425997 0.19006008
 5.82741671e-01 1.41998908e-02 4.02512288e-01 5.46149645e-04
 0.1561988  0.27198252 0.09339159 0.47842709
 0.09885309 0.06226106 0.67067176 0.16821409
 5.65264883e-01 2.18459858e-03 4.32004369e-01 5.46149645e-04
 0.28509011 0.16930639 0.00054615 0.54505735
 0.02730748 0.0043692  0.76843255 0.19989077
 0.05352267 0.27635172 0.34735117 0.32277444
 0.18842163 0.3091207  0.3894047  0.11305298

MOTIF SiglTask_vleng_l3_f_17
letter-probability matrix: alength= 4 w= 9 
 0.20906949 0.20612485 0.41755006 0.16725559
 0.3869258  0.30388693 0.16961131 0.13957597
 0.33333333 0.25853946 0.27385159 0.13427562
 9.98233216e-01 5.88928151e-04 5.88928151e-04 5.88928151e-04
 5.88928151e-04 5.88928151e-04 5.88928151e-04 9.98233216e-01
 5.88928151e-04 5.88928151e-04 9.98233216e-01 5.88928151e-04
 0.19552415 0.00353357 0.71319199 0.08775029
 0.39870436 0.27974087 0.20965842 0.11189635
 0.16843345 0.14075383 0.44110718 0.24970554

MOTIF SiglTask_vleng_l3_f_18
letter-probability matrix: alength= 4 w= 9 
 0.1821883 0.4259542 0.1307888 0.2610687
 0.04223919 0.44020356 0.3648855  0.15267176
 0.02137405 0.06463104 0.12620865 0.78778626
 0.00050891 0.39694656 0.41832061 0.18422392
 0.23358779 0.10839695 0.38066158 0.27735369
 8.37150127e-01 1.49618321e-01 1.27226463e-02 5.08905852e-04
 0.0437659  0.51501272 0.12010178 0.32111959
 0.26412214 0.55216285 0.12569975 0.05801527
 0.65954198 0.04987277 0.18829517 0.10229008

MOTIF SiglTask_vleng_l3_f_19
letter-probability matrix: alength= 4 w= 9 
 0.24652778 0.1171875  0.26822917 0.36805556
 0.35677083 0.18142361 0.21788194 0.24392361
 9.44444444e-01 8.68055556e-04 5.38194444e-02 8.68055556e-04
 0.00520833 0.02170139 0.03298611 0.94010417
 5.64236111e-02 8.68055556e-04 8.86284722e-01 5.64236111e-02
 0.86545139 0.00086806 0.12152778 0.01215278
 0.65190972 0.07118056 0.01215278 0.26475694
 0.29947917 0.11458333 0.44010417 0.14583333
 0.41145833 0.16493056 0.18663194 0.23697917

MOTIF SiglTask_vleng_l3_f_20
letter-probability matrix: alength= 4 w= 9 
 0.31152815 0.09008043 0.49705094 0.10134048
 0.00536193 0.00643432 0.98123324 0.00697051
 5.36193029e-04 9.75871314e-02 1.72654155e-01 7.29222520e-01
 3.53887399e-02 5.36193029e-04 8.11796247e-01 1.52278820e-01
 0.01447721 0.39034853 0.42144772 0.17372654
 0.16461126 0.3458445  0.48900804 0.00053619
 0.22841823 0.23431635 0.26809651 0.2691689 
 0.05254692 0.38605898 0.36353887 0.19785523
 0.19142091 0.50991957 0.1077748  0.19088472

MOTIF SiglTask_vleng_l3_f_21
letter-probability matrix: alength= 4 w= 9 
 0.08456892 0.09500275 0.11422295 0.70620538
 0.54859967 0.03898957 0.38550247 0.02690829
 0.43822076 0.08237232 0.30971993 0.16968699
 0.27732015 0.1383855  0.52718287 0.05711148
 0.184514   0.10159253 0.45799012 0.25590335
 0.00054915 0.16968699 0.38879736 0.4409665 
 0.01757276 0.05711148 0.01647446 0.9088413 
 0.43657331 0.05930807 0.49697968 0.00713893
 0.90115321 0.00713893 0.08347062 0.00823723

MOTIF SiglTask_vleng_l3_f_22
letter-probability matrix: alength= 4 w= 9 
 0.08617512 0.19124424 0.18341014 0.53917051
 0.02764977 0.4        0.05483871 0.51751152
 1.77419355e-01 4.60829493e-04 8.21658986e-01 4.60829493e-04
 0.50737327 0.11843318 0.07235023 0.30184332
 0.25391705 0.0843318  0.47926267 0.18248848
 0.46774194 0.15483871 0.27235023 0.10506912
 0.140553   0.36497696 0.08894009 0.40552995
 0.11658986 0.27142857 0.49170507 0.1202765 
 0.50046083 0.17004608 0.20552995 0.12396313

MOTIF SiglTask_vleng_l3_f_23
letter-probability matrix: alength= 4 w= 9 
 0.35704324 0.22733612 0.21757322 0.19804742
 0.0013947 0.0013947 0.0013947 0.9958159
 0.89539749 0.0013947  0.10181311 0.0013947 
 0.50348675 0.0013947  0.49372385 0.0013947 
 0.0013947  0.06415621 0.0013947  0.93305439
 0.9958159 0.0013947 0.0013947 0.0013947
 0.43235704 0.10739191 0.18688982 0.27336123
 0.38772664 0.48117155 0.11297071 0.0181311 
 0.17991632 0.27336123 0.27754533 0.26917713

MOTIF SiglTask_vleng_l3_f_24
letter-probability matrix: alength= 4 w= 9 
 0.56443299 0.13917526 0.24226804 0.05412371
 0.59020619 0.00257732 0.06958763 0.33762887
 0.71134021 0.00257732 0.27835052 0.00773196
 0.00257732 0.19587629 0.00257732 0.79896907
 0.00257732 0.92010309 0.07474227 0.00257732
 0.34278351 0.00257732 0.61082474 0.04381443
 0.79896907 0.16237113 0.00257732 0.03608247
 0.13402062 0.00257732 0.30670103 0.55670103
 0.66494845 0.17783505 0.02835052 0.12886598

MOTIF SiglTask_vleng_l3_f_25
letter-probability matrix: alength= 4 w= 9 
 0.00478927 0.22653257 0.07662835 0.69204981
 0.11063218 0.0158046  0.69492337 0.17863985
 0.23515326 0.19396552 0.10584291 0.46503831
 6.88697318e-01 4.78927203e-04 5.26819923e-03 3.05555556e-01
 0.05076628 0.11877395 0.03448276 0.79597701
 0.0598659  0.77921456 0.1408046  0.02011494
 0.07662835 0.43726054 0.29549808 0.19061303
 0.46312261 0.10105364 0.12356322 0.31226054
 0.57614943 0.25095785 0.06657088 0.10632184

MOTIF SiglTask_vleng_l3_f_26
letter-probability matrix: alength= 4 w= 9 
 0.4855352  0.06605593 0.29411765 0.15429122
 3.85728062e-03 2.39151398e-01 4.82160077e-04 7.56509161e-01
 0.23625844 0.0289296  0.46769527 0.26711668
 4.82160077e-04 5.88717454e-01 8.91996143e-02 3.21600771e-01
 1.77917068e-01 4.82160077e-04 2.27579556e-01 5.94021215e-01
 0.57425265 0.23240116 0.1219865  0.07135969
 0.80520733 0.0024108  0.06460945 0.12777242
 0.1340405  0.27434908 0.09739634 0.49421408
 0.2487946  0.24590164 0.0954677  0.40983607

MOTIF SiglTask_vleng_l3_f_27
letter-probability matrix: alength= 4 w= 9 
 0.01049475 0.05697151 0.01949025 0.91304348
 0.00749625 0.3838081  0.00149925 0.6071964 
 0.06296852 0.01649175 0.71814093 0.2023988 
 0.08245877 0.70464768 0.04647676 0.16641679
 0.96701649 0.00149925 0.00149925 0.02998501
 0.03298351 0.14242879 0.24737631 0.57721139
 0.03898051 0.65367316 0.16791604 0.13943028
 0.46326837 0.04647676 0.2113943  0.27886057
 0.21289355 0.23988006 0.38230885 0.16491754

MOTIF SiglTask_vleng_l3_f_28
letter-probability matrix: alength= 4 w= 9 
 0.48568747 0.14218677 0.1787893  0.19333646
 0.27874237 0.16518067 0.02017832 0.53589864
 0.0868137  0.28296574 0.57719381 0.05302675
 0.03519474 0.42515251 0.43219146 0.10746129
 0.51478179 0.00187705 0.14406382 0.33927733
 0.00328484 0.61801971 0.04129517 0.33740028
 0.28953543 0.16940404 0.20553731 0.33552323
 0.23744721 0.15954951 0.07883623 0.52416706
 0.19333646 0.32003754 0.17503519 0.3115908 

MOTIF SiglTask_vleng_l3_f_29
letter-probability matrix: alength= 4 w= 9 
 0.13666987 0.25120308 0.14581328 0.46631376
 0.09528393 0.40375361 0.04234841 0.45861405
 0.6852743  0.06881617 0.15255053 0.093359  
 0.68383061 0.07940327 0.1385948  0.09817132
 0.43118383 0.00048123 0.08806545 0.48026949
 0.07651588 0.00336862 0.48075072 0.43936477
 0.15543792 0.05774783 0.64533205 0.14148219
 0.23532243 0.07410972 0.38642926 0.30413859
 0.21270452 0.20500481 0.31376323 0.26852743

MOTIF SiglTask_vleng_l3_f_30
letter-probability matrix: alength= 4 w= 9 
 0.07915324 0.24482283 0.25264611 0.42337782
 0.37045559 0.01334561 0.29820525 0.31799356
 0.18223654 0.05108145 0.21445007 0.55223194
 0.40266912 0.04417855 0.26599172 0.28716061
 7.82328578e-03 4.60193281e-04 2.12609296e-01 7.79107225e-01
 0.60837552 0.02162908 0.22319374 0.14680166
 0.04279798 0.35434883 0.05798435 0.54486884
 0.01150483 0.40497009 0.1302347  0.45329038
 0.24344225 0.4178555  0.25448688 0.08421537

MOTIF SiglTask_vleng_l3_f_31
letter-probability matrix: alength= 4 w= 9 
 0.08025536 0.24760602 0.35111719 0.32102143
 0.14090287 0.10168719 0.19835841 0.55905153
 0.11810306 0.62243502 0.12403101 0.13543092
 3.74829001e-01 6.20155039e-02 5.62699498e-01 4.55996352e-04
 0.73005016 0.05791154 0.20793434 0.00410397
 0.75740994 0.03055176 0.20337437 0.00866393
 0.20200638 0.14135887 0.56999544 0.08663931
 0.6621067  0.09758322 0.04331965 0.19699042
 0.0880073  0.07569539 0.29913361 0.5371637 

MOTIF SiglTask_vleng_l3_f_32
letter-probability matrix: alength= 4 w= 9 
 0.32540793 0.19393939 0.05407925 0.42657343
 0.31328671 0.12540793 0.39207459 0.16923077
 0.4979021  0.22657343 0.06153846 0.21398601
 3.26340326e-03 6.24242424e-01 4.66200466e-04 3.72027972e-01
 0.28997669 0.06340326 0.59440559 0.05221445
 0.23916084 0.05034965 0.25454545 0.45594406
 0.4027972  0.0013986  0.13706294 0.45874126
 0.66526807 0.01538462 0.11375291 0.20559441
 0.51655012 0.05547786 0.18088578 0.24708625

MOTIF SiglTask_vleng_l3_f_33
letter-probability matrix: alength= 4 w= 9 
 0.2225777  0.29936015 0.24954296 0.2285192 
 4.57038391e-04 4.57038391e-04 4.57038391e-04 9.98628885e-01
 5.97806216e-01 4.57038391e-04 4.01279707e-01 4.57038391e-04
 7.41316271e-01 4.57038391e-04 2.57769653e-01 4.57038391e-04
 0.02605119 0.13071298 0.01005484 0.83318099
 0.53884826 0.04433272 0.34323583 0.07358318
 0.56855576 0.04113346 0.30301645 0.08729433
 0.24040219 0.19652651 0.21160878 0.35146252
 0.35283364 0.14990859 0.28199269 0.21526508

MOTIF SiglTask_vleng_l3_f_34
letter-probability matrix: alength= 4 w= 9 
 0.3460257  0.42170395 0.20990005 0.0223703 
 9.44312232e-01 4.75963827e-04 1.23750595e-02 4.28367444e-02
 0.68443598 0.00237982 0.18562589 0.12755831
 4.75963827e-04 5.80675869e-01 2.44169443e-01 1.74678724e-01
 0.60066635 0.26796763 0.03236554 0.09900048
 0.27272727 0.12946216 0.4302713  0.16753927
 9.92860543e-01 4.75963827e-04 1.42789148e-03 5.23560209e-03
 0.2908139  0.13850547 0.26082818 0.30985245
 0.26415992 0.06473108 0.4802475  0.19086149

MOTIF SiglTask_vleng_l3_f_35
letter-probability matrix: alength= 4 w= 9 
 0.58681092 0.09943328 0.20762494 0.10613086
 0.16795466 0.21586811 0.24162803 0.3745492 
 0.06646059 0.27408552 0.02885111 0.63060278
 0.37197321 0.00257599 0.61875322 0.00669758
 0.02009274 0.27150953 0.4059763  0.30242143
 0.07212777 0.13498197 0.35188047 0.44100979
 0.92890263 0.00309119 0.00515198 0.0628542 
 0.249356   0.30396703 0.12055641 0.32612056
 0.52859351 0.0953117  0.13086038 0.24523442

MOTIF SiglTask_vleng_l3_f_36
letter-probability matrix: alength= 4 w= 9 
 0.22239186 0.22900763 0.36641221 0.1821883 
 0.356743   0.14707379 0.02442748 0.47175573
 0.12875318 0.61832061 0.19796438 0.05496183
 0.00966921 0.68193384 0.11043257 0.19796438
 0.00050891 0.46310433 0.09160305 0.44478372
 0.02391858 0.51145038 0.10025445 0.36437659
 6.80916031e-01 2.56488550e-01 6.20865140e-02 5.08905852e-04
 0.78829517 0.11195929 0.05343511 0.04631043
 0.63409669 0.04020356 0.19694656 0.12875318

MOTIF SiglTask_vleng_l3_f_37
letter-probability matrix: alength= 4 w= 9 
 0.09498295 0.11738919 0.23380419 0.55382367
 0.63127131 0.18217243 0.17681442 0.00974184
 0.45786654 0.037019   0.4968339  0.00828057
 0.07208962 0.0306868  0.59425231 0.30297126
 0.06186069 0.45104725 0.27228446 0.2148076 
 0.01266439 0.35362884 0.27277155 0.36093522
 0.00292255 0.00389674 0.92742328 0.06575743
 0.02338042 0.25426206 0.7116415  0.01071603
 0.13541159 0.47053093 0.22357526 0.17048222

MOTIF SiglTask_vleng_l3_f_38
letter-probability matrix: alength= 4 w= 9 
 0.14750236 0.33930254 0.19698398 0.31621112
 0.59000943 0.03675778 0.36239397 0.01083883
 0.23515551 0.11639962 0.27191329 0.37653157
 4.28840716e-02 1.61639962e-01 7.95004713e-01 4.71253534e-04
 1.79076343e-01 4.71253534e-04 8.11969840e-01 8.48256362e-03
 0.03628652 0.1531574  0.62535344 0.18520264
 0.0730443  0.0862394  0.79877474 0.04194156
 0.033459   0.05796418 0.67672008 0.23185674
 0.08859566 0.24693685 0.38124411 0.28322337

MOTIF SiglTask_vleng_l3_f_39
letter-probability matrix: alength= 4 w= 9 
 0.76485461 0.06573957 0.12262958 0.04677623
 0.52718078 0.00505689 0.44121365 0.02654867
 0.11757269 0.05562579 0.10366625 0.72313527
 0.05309735 0.63590392 0.00126422 0.30973451
 0.05309735 0.03286979 0.86472819 0.04930468
 0.02149178 0.2528445  0.00126422 0.72439949
 0.18963338 0.05941846 0.72692794 0.02402023
 0.06700379 0.32490518 0.14412137 0.46396966
 0.41340076 0.19342604 0.27180784 0.12136536

MOTIF SiglTask_vleng_l3_f_40
letter-probability matrix: alength= 4 w= 9 
 0.09185804 0.15605428 0.21920668 0.532881  
 0.23121086 0.00417537 0.63204593 0.13256785
 0.18371608 0.43580376 0.14196242 0.23851775
 0.0960334  0.12056367 0.7802714  0.00313152
 0.03914405 0.46868476 0.41179541 0.08037578
 0.02139875 0.03079332 0.11795407 0.82985386
 0.29123173 0.22703549 0.47651357 0.00521921
 0.25       0.01983299 0.1993737  0.53079332
 0.37734864 0.07150313 0.42745303 0.1236952 

MOTIF SiglTask_vleng_l3_f_41
letter-probability matrix: alength= 4 w= 9 
 0.62964684 0.10408922 0.0436803  0.22258364
 0.60130112 0.10408922 0.2644052  0.03020446
 0.19052045 0.53671004 0.25975836 0.01301115
 4.64684015e-04 2.25836431e-01 6.97026022e-03 7.66728625e-01
 0.33689591 0.07667286 0.17518587 0.41124535
 0.23001859 0.14869888 0.21840149 0.40288104
 0.42286245 0.08317844 0.0697026  0.42425651
 0.11570632 0.06366171 0.47583643 0.34479554
 0.20213755 0.08271375 0.65892193 0.05622677

MOTIF SiglTask_vleng_l3_f_42
letter-probability matrix: alength= 4 w= 9 
 0.14748035 0.08275543 0.22145169 0.54831253
 0.13222376 0.17568192 0.15718909 0.53490522
 4.20711974e-02 4.62320851e-04 2.78779473e-01 6.78687009e-01
 4.62320851e-04 3.74479889e-02 3.23624595e-03 9.58853444e-01
 0.04022191 0.0198798  0.12343967 0.81645862
 0.05732779 0.11881646 0.1285252  0.69533056
 1.92325474e-01 4.62320851e-04 9.24641701e-03 7.97965788e-01
 0.33333333 0.02404068 0.13407305 0.50855294
 2.40406842e-02 4.62320851e-04 5.16412390e-01 4.59084605e-01

MOTIF SiglTask_vleng_l3_f_43
letter-probability matrix: alength= 4 w= 9 
 0.37631711 0.07526342 0.07676869 0.47165078
 0.64425489 0.10888108 0.18163573 0.0652283 
 0.59407928 0.04616157 0.33818364 0.02157551
 0.07877572 0.02609132 0.00301054 0.89212243
 0.72052183 0.00351229 0.27145008 0.00451581
 0.74009032 0.0160562  0.23833417 0.00551932
 0.24084295 0.0491721  0.12844957 0.58153537
 0.49673859 0.03913698 0.42749624 0.0366282 
 0.67285499 0.09934772 0.13697943 0.09081786

MOTIF SiglTask_vleng_l3_f_44
letter-probability matrix: alength= 4 w= 9 
 0.31284004 0.34494015 0.1577802  0.18443961
 0.41621328 0.42546246 0.11860718 0.03971708
 0.61751904 0.02285092 0.35745375 0.00217628
 5.44069641e-04 5.44069641e-04 6.81175190e-01 3.17736670e-01
 0.01196953 0.36615887 0.23286181 0.38900979
 0.7508161  0.06311208 0.14254625 0.04352557
 0.08541893 0.18226333 0.04733406 0.68498368
 0.4695321  0.4031556  0.02992383 0.09738847
 0.20729053 0.21273123 0.11806311 0.46191513

MOTIF SiglTask_vleng_l3_f_45
letter-probability matrix: alength= 4 w= 9 
 0.07198533 0.16872994 0.39477304 0.36451169
 0.17881706 0.10683173 0.11004127 0.60430995
 4.94727189e-01 2.92067859e-01 4.58505273e-04 2.12746447e-01
 0.40669418 0.00045851 0.22008253 0.37276479
 0.22375057 0.05456213 0.2865658  0.4351215 
 0.02246676 0.26364053 0.03209537 0.68179734
 4.58505273e-04 3.01696470e-01 3.89729482e-02 6.58872077e-01
 0.52544704 0.16735442 0.29619441 0.01100413
 0.42549289 0.2003668  0.12563044 0.24850986

MOTIF SiglTask_vleng_l3_f_46
letter-probability matrix: alength= 4 w= 9 
 0.10482759 0.31908046 0.51264368 0.06344828
 0.03770115 0.16781609 0.73011494 0.06436782
 0.18988506 0.6445977  0.14022989 0.02528736
 0.02436782 0.58068966 0.04597701 0.34896552
 0.04827586 0.49149425 0.40689655 0.05333333
 0.09563218 0.56873563 0.26206897 0.07356322
 0.02712644 0.56551724 0.16689655 0.24045977
 0.04321839 0.8216092  0.0445977  0.09057471
 0.07264368 0.59402299 0.16229885 0.17103448

MOTIF SiglTask_vleng_l3_f_47
letter-probability matrix: alength= 4 w= 9 
 0.27084315 0.04663212 0.50400377 0.17852096
 4.71031559e-04 1.36599152e-01 2.35515780e-03 8.60574659e-01
 0.48751766 0.00706547 0.46585021 0.03956665
 3.10409797e-01 4.71031559e-04 6.46255299e-01 4.28638719e-02
 0.25200188 0.51530853 0.12812058 0.10456901
 0.03250118 0.01460198 0.42251531 0.53038154
 0.14649081 0.18794159 0.60668865 0.05887894
 0.44559585 0.32124352 0.22939237 0.00376825
 0.20065944 0.12105511 0.38294866 0.29533679

MOTIF SiglTask_vleng_l3_f_48
letter-probability matrix: alength= 4 w= 9 
 0.29506546 0.25679758 0.25478348 0.19335347
 9.98489426e-01 5.03524673e-04 5.03524673e-04 5.03524673e-04
 1.05740181e-02 3.17220544e-02 5.03524673e-04 9.57200403e-01
 0.03222558 0.05891239 0.90030211 0.00855992
 0.30765358 0.10725076 0.57603223 0.00906344
 0.18126888 0.14602216 0.37160121 0.30110775
 0.05035247 0.22054381 0.25830816 0.47079557
 0.33585096 0.21047331 0.25176234 0.20191339
 0.30966767 0.19838872 0.24823766 0.24370594

MOTIF SiglTask_vleng_l3_f_49
letter-probability matrix: alength= 4 w= 9 
 0.21529081 0.28517824 0.2120075  0.28752345
 0.25609756 0.12570356 0.19324578 0.4249531 
 0.50375235 0.12054409 0.17682927 0.1988743 
 0.315197   0.27673546 0.10928705 0.29878049
 0.48827392 0.15853659 0.31285178 0.04033771
 0.35272045 0.07973734 0.0717636  0.49577861
 0.0206379  0.14165103 0.44699812 0.39071295
 0.05816135 0.24061914 0.48076923 0.22045028
 0.31050657 0.21106942 0.24484053 0.23358349

MOTIF SiglTask_vleng_l3_f_50
letter-probability matrix: alength= 4 w= 9 
 0.12265084 0.14193867 0.2487636  0.48664688
 0.00692384 0.25816024 0.00544016 0.72947577
 0.1132542  0.359545   0.47774481 0.04945598
 0.03264095 0.87833828 0.08803165 0.00098912
 0.01681503 0.09742829 0.52126607 0.3644906 
 0.33580613 0.29772502 0.32987141 0.03659743
 0.09643917 0.24777448 0.53956479 0.11622156
 0.06973294 0.0628091  0.359545   0.50791296
 0.09792285 0.46241345 0.19930762 0.24035608

MOTIF SiglTask_vleng_l3_f_51
letter-probability matrix: alength= 4 w= 9 
 0.2592955  0.12671233 0.52592955 0.08806262
 0.27299413 0.3962818  0.2964775  0.03424658
 0.27250489 0.31849315 0.28669276 0.1223092 
 1.12524462e-02 4.89236791e-04 3.63013699e-01 6.25244618e-01
 4.89236791e-04 3.30234834e-01 4.89236791e-04 6.68786693e-01
 0.02984344 0.67367906 0.06164384 0.23483366
 0.34784736 0.58463796 0.02544031 0.04207436
 0.70107632 0.06506849 0.19471624 0.03913894
 0.20450098 0.05577299 0.35861057 0.38111546

MOTIF SiglTask_vleng_l3_f_52
letter-probability matrix: alength= 4 w= 9 
 0.29675926 0.20277778 0.23148148 0.26898148
 0.26759259 0.17638889 0.32268519 0.23333333
 4.62962963e-04 5.74074074e-02 1.20833333e-01 8.21296296e-01
 0.5462963  0.01990741 0.19351852 0.24027778
 5.20833333e-01 4.62962963e-04 4.78240741e-01 4.62962963e-04
 4.62962963e-04 4.62962963e-04 4.62962963e-04 9.98611111e-01
 7.86111111e-01 4.62962963e-04 2.12962963e-01 4.62962963e-04
 5.62500000e-01 4.62962963e-04 4.36574074e-01 4.62962963e-04
 0.2412037  0.16342593 0.30231481 0.29305556

MOTIF SiglTask_vleng_l3_f_53
letter-probability matrix: alength= 4 w= 9 
 0.1842576  0.29785331 0.02862254 0.48926655
 0.06797853 0.11717352 0.3765653  0.43828265
 8.94454383e-04 3.93559928e-02 2.68336315e-02 9.32915921e-01
 0.00357782 0.27280859 0.00089445 0.72271914
 0.53309481 0.00089445 0.03935599 0.42665474
 0.519678   0.43470483 0.04472272 0.00089445
 9.61538462e-01 3.66726297e-02 8.94454383e-04 8.94454383e-04
 0.55992844 0.07513417 0.12432916 0.24060823
 0.32915921 0.12254025 0.07245081 0.47584973

MOTIF SiglTask_vleng_l3_f_54
letter-probability matrix: alength= 4 w= 9 
 0.4624597  0.1257485  0.34638415 0.06540765
 0.63657301 0.19207738 0.09074159 0.08060801
 0.51589129 0.34592354 0.09995394 0.03823123
 0.86596039 0.02210963 0.08383234 0.02809765
 0.31045601 0.12114233 0.02855827 0.53984339
 0.22662368 0.05481345 0.17411331 0.54444956
 3.39014279e-01 4.60617227e-04 1.26669737e-01 5.33855366e-01
 0.08060801 0.1123906  0.27222478 0.5347766 
 0.08429295 0.09949332 0.65361585 0.16259788

MOTIF SiglTask_vleng_l3_f_55
letter-probability matrix: alength= 4 w= 9 
 0.21432278 0.168137   0.40321744 0.21432278
 0.21120913 0.15672029 0.30825117 0.32381941
 0.62999481 0.16917488 0.15464453 0.04618578
 0.46912299 0.07368967 0.05915931 0.39802802
 0.21224702 0.05448884 0.34457706 0.38868708
 0.43798651 0.04981837 0.40477426 0.10742086
 0.36170213 0.10638298 0.12662169 0.4052932 
 0.05656461 0.22418267 0.50804359 0.21120913
 0.16398547 0.16969382 0.336274   0.3300467 

MOTIF SiglTask_vleng_l3_f_56
letter-probability matrix: alength= 4 w= 9 
 0.33887043 0.29947793 0.22401519 0.13763645
 9.35453251e-01 4.74608448e-04 7.59373517e-03 5.64784053e-02
 0.03179877 0.01044139 0.05885145 0.8989084 
 0.01850973 0.03607024 0.9159943  0.02942572
 0.28239203 0.18319886 0.25913621 0.2752729 
 0.07261509 0.10488847 0.1181775  0.70431894
 0.16611296 0.27384907 0.43758899 0.12244898
 0.17750356 0.33032748 0.10536308 0.38680589
 0.27479829 0.22638823 0.29615567 0.20265781

MOTIF SiglTask_vleng_l3_f_57
letter-probability matrix: alength= 4 w= 9 
 0.01798561 0.11810552 0.06954436 0.79436451
 0.05155875 0.16306954 0.58393285 0.20143885
 0.06055156 0.27577938 0.31894484 0.34472422
 0.83393285 0.14028777 0.00119904 0.02458034
 0.01678657 0.01558753 0.01558753 0.95203837
 0.08693046 0.06954436 0.83693046 0.00659472
 0.16666667 0.30695444 0.39928058 0.12709832
 0.08333333 0.07194245 0.3705036  0.47422062
 0.17446043 0.26378897 0.29436451 0.26738609

MOTIF SiglTask_vleng_l3_f_58
letter-probability matrix: alength= 4 w= 9 
 0.27439024 0.12711069 0.50281426 0.0956848 
 0.21763602 0.35881801 0.39821764 0.02532833
 0.72889306 0.23452158 0.03189493 0.00469043
 0.16791745 0.47420263 0.26829268 0.08958724
 7.06848030e-01 2.67354597e-02 2.65947467e-01 4.69043152e-04
 0.09756098 0.45497186 0.43996248 0.00750469
 0.01688555 0.06988743 0.88602251 0.0272045 
 0.81613508 0.03517824 0.04878049 0.09990619
 0.35787992 0.23452158 0.23452158 0.17307692

MOTIF SiglTask_vleng_l3_f_59
letter-probability matrix: alength= 4 w= 9 
 0.15528233 0.19945355 0.27185792 0.37340619
 4.55373406e-04 4.55373406e-04 4.55373406e-04 9.98633880e-01
 7.08561020e-01 4.55373406e-04 2.90528233e-01 4.55373406e-04
 6.96721311e-01 4.55373406e-04 3.02367942e-01 4.55373406e-04
 0.36065574 0.02686703 0.01912568 0.59335155
 0.34972678 0.2363388  0.10837887 0.30555556
 0.24817851 0.04918033 0.62204007 0.08060109
 0.35883424 0.17304189 0.16347905 0.30464481
 0.54735883 0.16666667 0.10519126 0.18078324

MOTIF SiglTask_vleng_l3_f_60
letter-probability matrix: alength= 4 w= 9 
 0.4137931  0.14655172 0.16666667 0.27298851
 0.38793103 0.0783046  0.05028736 0.48347701
 0.43606322 0.01221264 0.44181034 0.10991379
 0.23275862 0.16522989 0.03663793 0.56537356
 0.09841954 0.10560345 0.44899425 0.34698276
 0.77227011 0.00933908 0.13793103 0.08045977
 0.08692529 0.0933908  0.06537356 0.75431034
 0.07974138 0.03663793 0.75215517 0.13146552
 0.27083333 0.14511494 0.31178161 0.27227011

MOTIF SiglTask_vleng_l3_f_61
letter-probability matrix: alength= 4 w= 9 
 0.26457883 0.3412527  0.2224622  0.17170626
 0.78293737 0.01835853 0.14686825 0.05183585
 0.66414687 0.24298056 0.07883369 0.01403888
 0.52591793 0.04319654 0.19978402 0.23110151
 0.81209503 0.01187905 0.174946   0.00107991
 0.02483801 0.00107991 0.07235421 0.90172786
 0.52591793 0.03455724 0.00647948 0.43304536
 0.02051836 0.2224622  0.74730022 0.00971922
 0.00323974 0.47408207 0.28941685 0.23326134

MOTIF SiglTask_vleng_l3_f_62
letter-probability matrix: alength= 4 w= 9 
 0.17758112 0.29321534 0.44188791 0.08731563
 0.44424779 0.48967552 0.06312684 0.00294985
 0.02123894 0.1899705  0.5079646  0.28082596
 0.08967552 0.48377581 0.4259587  0.00058997
 5.89970501e-04 5.89970501e-04 5.89970501e-04 9.98230088e-01
 9.20353982e-01 5.89970501e-04 7.84660767e-02 5.89970501e-04
 7.94690265e-01 5.89970501e-04 2.04129794e-01 5.89970501e-04
 0.20825959 0.34631268 0.24011799 0.20530973
 0.25486726 0.33451327 0.26312684 0.14749263

MOTIF SiglTask_vleng_l3_f_63
letter-probability matrix: alength= 4 w= 9 
 0.04191344 0.3594533  0.19179954 0.40683371
 1.13895216e-02 4.55580866e-04 4.55580866e-04 9.87699317e-01
 4.69248292e-01 4.55580866e-04 5.29840547e-01 4.55580866e-04
 0.59316629 0.00136674 0.39863326 0.00683371
 0.20683371 0.46788155 0.30797267 0.01731207
 0.21640091 0.00683371 0.29703872 0.47972665
 0.0214123  0.42733485 0.15398633 0.39726651
 0.14441913 0.50205011 0.06013667 0.29339408
 0.35307517 0.31799544 0.07471526 0.25421412

MOTIF SiglTask_vleng_l3_f_64
letter-probability matrix: alength= 4 w= 9 
 0.04873294 0.16569201 0.22563353 0.55994152
 0.00048733 0.38547758 0.15302144 0.46101365
 4.87329435e-04 7.40740741e-02 9.10818713e-01 1.46198830e-02
 0.25       0.42690058 0.2285575  0.09454191
 0.01705653 0.27339181 0.51461988 0.19493177
 4.87329435e-04 7.01754386e-01 1.23781676e-01 1.73976608e-01
 0.00682261 0.51949318 0.44005848 0.03362573
 0.02875244 0.46101365 0.28265107 0.22758285
 0.06920078 0.4420078  0.32602339 0.16276803

MOTIF SiglTask_vleng_l3_f_65
letter-probability matrix: alength= 4 w= 9 
 0.20175035 0.13311838 0.1257485  0.53938277
 0.422386   0.13081529 0.28189774 0.16490097
 0.39659143 0.14233072 0.26116997 0.19990788
 0.07508061 0.07461999 0.10317826 0.74712114
 0.54306771 0.09212345 0.2699217  0.09488715
 0.42376785 0.10732381 0.33993551 0.12897282
 4.60617227e-04 4.60617227e-04 4.60617227e-04 9.98618148e-01
 7.46660525e-01 4.60617227e-04 2.52418240e-01 4.60617227e-04
 6.30584984e-01 4.60617227e-04 3.68493782e-01 4.60617227e-04

MOTIF SiglTask_vleng_l3_f_66
letter-probability matrix: alength= 4 w= 9 
 0.04118464 0.62471078 0.11522443 0.21888015
 0.12216566 0.55576122 0.06802406 0.25404905
 0.02776492 0.84220268 0.00416474 0.12586765
 0.52475706 0.42434058 0.02776492 0.02313744
 0.70893105 0.04997686 0.04257288 0.1985192 
 4.84960666e-01 4.62748727e-04 1.55946321e-01 3.58630264e-01
 0.34798704 0.3465988  0.06571032 0.23970384
 0.18186025 0.07080056 0.38963443 0.35770477
 0.24618232 0.22952337 0.30495141 0.2193429 

MOTIF SiglTask_vleng_l3_f_67
letter-probability matrix: alength= 4 w= 9 
 0.1928934  0.13244116 0.1347485  0.53991694
 0.4213198  0.1319797  0.28610983 0.16059068
 0.39224735 0.13382557 0.28749423 0.18643286
 0.10613752 0.0752192  0.13105676 0.68758653
 0.57544993 0.09460083 0.24227042 0.08767882
 0.47531149 0.09321643 0.35348408 0.077988  
 4.61467467e-04 4.61467467e-04 4.61467467e-04 9.98615598e-01
 8.09413936e-01 4.61467467e-04 1.89663129e-01 4.61467467e-04
 6.01753576e-01 4.61467467e-04 3.97323489e-01 4.61467467e-04

MOTIF SiglTask_vleng_l3_f_68
letter-probability matrix: alength= 4 w= 9 
 0.47083333 0.31111111 0.19722222 0.02083333
 0.49166667 0.00138889 0.17083333 0.33611111
 0.05277778 0.00138889 0.93333333 0.0125    
 0.55277778 0.29583333 0.10694444 0.04444444
 0.31388889 0.01666667 0.3375     0.33194444
 0.97083333 0.02638889 0.00138889 0.00138889
 0.06805556 0.00138889 0.1875     0.74305556
 0.27361111 0.00555556 0.55694444 0.16388889
 0.11944444 0.12777778 0.3625     0.39027778

MOTIF SiglTask_vleng_l3_f_69
letter-probability matrix: alength= 4 w= 9 
 0.66427473 0.11276269 0.17683239 0.04613019
 0.54689903 0.4177345  0.01947719 0.01588929
 0.85545874 0.11481292 0.02255254 0.00717581
 0.10302409 0.00922604 0.60635572 0.28139416
 0.27319323 0.11173757 0.12250128 0.49256791
 0.17785751 0.02870323 0.62993337 0.16350589
 0.23013839 0.27011789 0.12301384 0.37672988
 0.15274218 0.30855971 0.28293183 0.25576627
 0.13275243 0.28703229 0.20399795 0.37621732

MOTIF SiglTask_vleng_l3_f_70
letter-probability matrix: alength= 4 w= 9 
 0.11957484 0.13817538 0.53498671 0.20726306
 0.05668733 0.20372011 0.03897254 0.70062002
 8.99025686e-01 8.85739593e-04 9.92028344e-02 8.85739593e-04
 0.31443756 0.33569531 0.00088574 0.3489814 
 0.40832595 0.27900797 0.31178034 0.00088574
 0.31620903 0.22940655 0.21789194 0.23649247
 0.62090345 0.11514615 0.05580159 0.2081488 
 0.29672276 0.07794508 0.16917626 0.45615589
 0.36226749 0.33392383 0.03100089 0.27280779

MOTIF SiglTask_vleng_l3_f_71
letter-probability matrix: alength= 4 w= 9 
 0.29166667 0.19977169 0.1347032  0.37385845
 0.56278539 0.21232877 0.2043379  0.02054795
 0.37956621 0.48858447 0.12899543 0.00285388
 1.71232877e-02 8.71575342e-01 1.10730594e-01 5.70776256e-04
 0.01655251 0.11415525 0.6586758  0.21061644
 0.36244292 0.22260274 0.18835616 0.22659817
 0.47374429 0.48344749 0.01655251 0.02625571
 0.44691781 0.37671233 0.15239726 0.0239726 
 0.45205479 0.17522831 0.23858447 0.13413242

MOTIF SiglTask_vleng_l3_f_72
letter-probability matrix: alength= 4 w= 9 
 0.54607509 0.221843   0.12481716 0.10726475
 0.70063384 0.09068747 0.09410044 0.11457825
 0.36567528 0.40419308 0.1803998  0.04973184
 0.03412969 0.70014627 0.15602145 0.10970258
 0.36421258 0.18283764 0.22769381 0.22525597
 0.50268162 0.49439298 0.0014627  0.0014627 
 0.00536324 0.23647001 0.73768893 0.02047782
 0.04631887 0.10823988 0.10385178 0.74158947
 0.28181375 0.24085812 0.2559727  0.22135544

MOTIF SiglTask_vleng_l3_f_73
letter-probability matrix: alength= 4 w= 9 
 0.23783287 0.11891644 0.49586777 0.14738292
 0.15748393 0.16666667 0.44903581 0.22681359
 4.59136823e-04 1.05601469e-02 9.84389348e-01 4.59136823e-03
 4.59136823e-04 4.59136823e-04 9.44903581e-01 5.41781451e-02
 0.36868687 0.18273646 0.23002755 0.21854913
 0.09871442 0.10651974 0.20523416 0.58953168
 0.29476584 0.45041322 0.15197429 0.10284665
 0.28696051 0.41046832 0.30073462 0.00183655
 0.45362718 0.27226814 0.17814509 0.0959596 

MOTIF SiglTask_vleng_l3_f_74
letter-probability matrix: alength= 4 w= 9 
 0.49926072 0.14440611 0.14539182 0.21094135
 0.13701331 0.11779202 0.47658945 0.26860522
 0.05322819 0.23656974 0.31197634 0.39822573
 3.74568753e-02 8.26022671e-01 4.92853622e-04 1.36027600e-01
 0.07343519 0.17989157 0.74420897 0.00246427
 0.06259241 0.26367669 0.62000986 0.05372104
 0.4420897  0.12814194 0.00394283 0.42582553
 0.59043864 0.27796944 0.0818137  0.04977822
 0.46377526 0.05864958 0.25036964 0.22720552

MOTIF SiglTask_vleng_l3_f_75
letter-probability matrix: alength= 4 w= 9 
 0.28953543 0.22383857 0.21398405 0.27264195
 0.38995777 0.14406382 0.18488972 0.28108869
 0.19145941 0.13233224 0.16611919 0.51008916
 1.03237916e-02 4.69263257e-04 1.69404036e-01 8.19802909e-01
 0.47771    0.03941811 0.20084467 0.28202722
 0.41952135 0.04129517 0.32754575 0.21163773
 4.69263257e-04 4.69263257e-04 4.69263257e-04 9.98592210e-01
 8.69075551e-01 4.69263257e-04 1.29985922e-01 4.69263257e-04
 5.63585171e-01 4.69263257e-04 4.35476302e-01 4.69263257e-04

MOTIF SiglTask_vleng_l3_f_76
letter-probability matrix: alength= 4 w= 9 
 0.32114393 0.13924051 0.22737928 0.31223629
 0.22737928 0.1068917  0.45944679 0.20628223
 0.8649789  0.11626817 0.00656353 0.0121894 
 0.03047351 0.01687764 0.04594468 0.90670417
 4.68823254e-04 2.25035162e-02 8.93577121e-01 8.34505391e-02
 0.1673699  0.16830755 0.31973746 0.34458509
 0.13361463 0.3689639  0.11251758 0.38490389
 0.07126113 0.43975621 0.38959212 0.09939053
 0.24847632 0.36849508 0.16924519 0.2137834 

MOTIF SiglTask_vleng_l3_f_77
letter-probability matrix: alength= 4 w= 9 
 0.25048263 0.12789575 0.18581081 0.43581081
 0.71766409 0.05694981 0.22249035 0.00289575
 0.53571429 0.1457529  0.07239382 0.246139  
 0.02606178 0.05694981 0.68146718 0.23552124
 0.20608108 0.13175676 0.00965251 0.65250965
 0.0796332  0.02750965 0.87548263 0.01737452
 0.01447876 0.26351351 0.43146718 0.29054054
 0.6457529  0.20511583 0.09604247 0.0530888 
 0.18339768 0.01640927 0.28185328 0.51833977

MOTIF SiglTask_vleng_l3_f_78
letter-probability matrix: alength= 4 w= 9 
 0.25368324 0.23710866 0.24769797 0.26151013
 0.10313076 0.03821363 0.47007366 0.38858195
 4.60405157e-04 9.06998158e-02 1.47329650e-02 8.94106814e-01
 0.00460405 0.08839779 0.3218232  0.58517495
 4.60405157e-04 4.60405157e-04 4.60405157e-04 9.98618785e-01
 9.41068140e-01 4.60405157e-04 5.80110497e-02 4.60405157e-04
 5.05985267e-01 4.60405157e-04 4.93093923e-01 4.60405157e-04
 0.19383057 0.16344383 0.22191529 0.42081031
 0.3388582  0.14871087 0.14963168 0.36279926

MOTIF SiglTask_vleng_l3_f_79
letter-probability matrix: alength= 4 w= 9 
 0.37704918 0.19203747 0.19672131 0.23419204
 0.264637   0.16159251 0.08196721 0.49180328
 0.00936768 0.05386417 0.50468384 0.43208431
 0.06674473 0.00117096 0.10070258 0.83138173
 0.15105386 0.00936768 0.77751756 0.06206089
 0.04098361 0.44730679 0.00351288 0.50819672
 0.84660422 0.00117096 0.14871194 0.00351288
 0.03395785 0.42622951 0.04800937 0.49180328
 0.17681499 0.00936768 0.66744731 0.14637002

MOTIF SiglTask_vleng_l3_f_80
letter-probability matrix: alength= 4 w= 9 
