MEME version 5.3.0

ALPHABET= ACGT

strands: + -

Background letter frequencies
A 0.25 C 0.25 G 0.25 T 0.25

MOTIF SiglTask_human_l3_f_0
letter-probability matrix: alength= 4 w= 9 
 0.37135098 0.19993211 0.29565513 0.13306178
 0.29769179 0.20807875 0.43822132 0.05600815
 4.63340122e-01 2.03665988e-03 5.34283775e-01 3.39443313e-04
 0.02342159 0.08757637 0.24473863 0.64426341
 0.05023761 0.10794297 0.70230821 0.1395112 
 0.43279022 0.02138493 0.45756959 0.08825526
 0.16666667 0.12287848 0.12287848 0.58757637
 0.10183299 0.10794297 0.77494908 0.01527495
 0.04786151 0.22199593 0.4185336  0.31160896

MOTIF SiglTask_human_l3_f_1
letter-probability matrix: alength= 4 w= 9 
 0.32727884 0.16279852 0.29498823 0.21493441
 0.28187016 0.3165153  0.21426169 0.18735284
 0.02186344 0.16448032 0.13185335 0.68180289
 0.35990582 0.0016818  0.01782711 0.62058527
 0.02724521 0.3514968  0.05247225 0.56878574
 0.0110999  0.46115035 0.12344433 0.40430542
 7.19811638e-02 7.38984191e-01 1.88698285e-01 3.36360579e-04
 0.25832492 0.04372688 0.37605113 0.32189707
 0.0605449  0.2209889  0.33165153 0.38681467

MOTIF SiglTask_human_l3_f_2
letter-probability matrix: alength= 4 w= 9 
 0.10556845 0.32018561 0.20475638 0.36948956
 0.38863109 0.11658933 0.2175174  0.27726218
 0.09396752 0.2737819  0.10324826 0.52900232
 0.00116009 0.42691415 0.24361949 0.32830626
 0.23085847 0.31554524 0.04060325 0.41299304
 0.00058005 0.00058005 0.43387471 0.5649652 
 0.16009281 0.02436195 0.5638051  0.25174014
 1.90255220e-01 1.74593968e-01 6.34570766e-01 5.80046404e-04
 0.29234339 0.35440835 0.25       0.10324826

MOTIF SiglTask_human_l3_f_3
letter-probability matrix: alength= 4 w= 9 
 0.26174497 0.26174497 0.09395973 0.38255034
 0.00671141 0.00671141 0.00671141 0.97986577
 0.95973154 0.00671141 0.01342282 0.02013423
 0.34228188 0.0738255  0.40939597 0.17449664
 0.19463087 0.7852349  0.01342282 0.00671141
 0.00671141 0.77852349 0.00671141 0.20805369
 0.10738255 0.00671141 0.87248322 0.01342282
 0.53691275 0.02684564 0.37583893 0.06040268
 0.12080537 0.2147651  0.10067114 0.56375839

MOTIF SiglTask_human_l3_f_4
letter-probability matrix: alength= 4 w= 9 
 0.23851351 0.28682432 0.08108108 0.39358108
 0.43885135 0.12668919 0.4        0.03445946
 0.64594595 0.00641892 0.30912162 0.03851351
 0.23986486 0.10135135 0.15540541 0.50337838
 0.15506757 0.05067568 0.6097973  0.18445946
 0.78986486 0.06486486 0.02972973 0.11554054
 0.21655405 0.01182432 0.08108108 0.69054054
 0.05574324 0.21824324 0.42398649 0.30202703
 0.35236486 0.39087838 0.14222973 0.11452703

MOTIF SiglTask_human_l3_f_5
letter-probability matrix: alength= 4 w= 9 
 0.05270225 0.09399127 0.07922122 0.77408526
 0.13024505 0.16414904 0.19201074 0.51359517
 3.35683115e-04 2.39342061e-01 3.67237328e-01 3.93084928e-01
 0.12990937 0.03457536 0.06445116 0.77106412
 3.35683115e-04 3.35683115e-04 5.23665660e-02 9.46962068e-01
 0.56361195 0.05068815 0.02752602 0.35817388
 0.4551863  0.05068815 0.24605572 0.24806982
 0.19805304 0.25746895 0.23027862 0.3141994 
 0.3121853  0.27559584 0.23329977 0.1789191 

MOTIF SiglTask_human_l3_f_6
letter-probability matrix: alength= 4 w= 9 
 0.32984658 0.28242678 0.2444212  0.14330544
 0.39225941 0.18898187 0.30404463 0.11471409
 0.39748954 0.35006974 0.22315202 0.0292887 
 0.7151325  0.10495119 0.17817294 0.00174338
 0.0167364  0.20223152 0.05962343 0.72140865
 0.01080893 0.17050209 0.81276151 0.00592748
 0.2876569  0.2876569  0.28730823 0.13737796
 0.55578801 0.10913529 0.2011855  0.13389121
 0.54114365 0.19246862 0.18061367 0.08577406

MOTIF SiglTask_human_l3_f_7
letter-probability matrix: alength= 4 w= 9 
 0.22545596 0.40900272 0.29530462 0.07023671
 0.42025611 0.12495149 0.29569267 0.15909973
 0.09623593 0.38610788 0.14008537 0.37757082
 4.40822662e-01 1.11757858e-01 4.47031432e-01 3.88048118e-04
 4.07062476e-01 9.15793558e-02 5.00970120e-01 3.88048118e-04
 8.53705860e-02 7.43888242e-01 1.70353124e-01 3.88048118e-04
 0.00931315 0.65851766 0.10826542 0.22390376
 0.24058983 0.36748157 0.17966628 0.21226232
 0.16608459 0.22196352 0.50717889 0.10477299

MOTIF SiglTask_human_l3_f_8
letter-probability matrix: alength= 4 w= 9 
 0.46705107 0.14209226 0.29530478 0.09555189
 0.12726524 0.49546952 0.25082372 0.12644152
 0.83237232 0.01688633 0.11326194 0.03747941
 0.25988468 0.01194399 0.00205931 0.72611203
 0.23640857 0.23599671 0.02800659 0.49958814
 4.11861614e-04 6.48682043e-01 3.14250412e-01 3.66556837e-02
 0.07578254 0.05601318 0.14744646 0.72075783
 0.18616145 0.31383855 0.02594728 0.47405272
 0.15650741 0.2553542  0.07578254 0.51235585

MOTIF SiglTask_human_l3_f_9
letter-probability matrix: alength= 4 w= 9 
 0.28029766 0.22785259 0.31644224 0.17540751
 0.31998583 0.40574061 0.16477675 0.10949681
 0.429837   0.31325301 0.121545   0.13536499
 0.59284196 0.05031892 0.20198441 0.15485471
 0.87207654 0.01594614 0.00354359 0.10843373
 3.54358611e-04 7.68958186e-02 8.54004252e-02 8.37349398e-01
 1.53082920e-01 3.54358611e-04 8.46208363e-01 3.54358611e-04
 0.24698795 0.09886605 0.32211198 0.33203402
 0.20729979 0.14068037 0.41282778 0.23919206

MOTIF SiglTask_human_l3_f_10
letter-probability matrix: alength= 4 w= 9 
 0.01131824 0.14047936 0.17842876 0.66977364
 0.01331558 0.10952064 0.34354194 0.53362184
 3.32889481e-04 7.65645806e-03 2.24034621e-01 7.67976032e-01
 3.32889481e-04 5.32623169e-03 2.26364847e-01 7.67976032e-01
 3.32889481e-04 2.28695073e-01 2.99600533e-03 7.67976032e-01
 3.32889481e-04 1.42143808e-01 2.66311585e-03 8.54860186e-01
 3.32889481e-04 3.32889481e-04 2.18375499e-01 7.80958722e-01
 0.14980027 0.1045273  0.01864181 0.72703063
 0.0412783  0.03628495 0.13948069 0.78295606

MOTIF SiglTask_human_l3_f_11
letter-probability matrix: alength= 4 w= 9 
 0.15350121 0.13349431 0.25077613 0.46222835
 0.27837185 0.00793377 0.16557434 0.54812004
 0.2535357  0.09624008 0.34632632 0.3038979 
 6.87133494e-01 3.44946533e-04 4.93273543e-02 2.63194205e-01
 0.14729217 0.02656088 0.24663677 0.57951018
 0.03759917 0.05105209 0.17695757 0.73439117
 0.21559158 0.08554674 0.37150742 0.32735426
 0.00172473 0.03208003 0.33045878 0.63573646
 0.34632632 0.04104864 0.51983443 0.09279062

MOTIF SiglTask_human_l3_f_12
letter-probability matrix: alength= 4 w= 9 
 0.22099632 0.04981612 0.22868606 0.5005015 
 0.02072885 0.08960214 0.30391174 0.58575727
 0.07689736 0.20361083 0.00167168 0.71782013
 0.20929455 0.02006018 0.02808425 0.74256102
 0.27582748 0.02407222 0.02106319 0.67903711
 7.01437646e-01 6.15178870e-02 3.34336342e-04 2.36710130e-01
 0.00568372 0.24573721 0.30558342 0.44299565
 0.14844534 0.21364092 0.30692076 0.33099298
 0.43296556 0.20628552 0.19558676 0.16516215

MOTIF SiglTask_human_l3_f_13
letter-probability matrix: alength= 4 w= 9 
 0.1026616  0.42654684 0.15831317 0.3124784 
 0.03352921 0.30072589 0.00691324 0.65883166
 0.62599378 0.09678534 0.20324922 0.07397166
 0.40131352 0.04147943 0.4977532  0.05945385
 0.10024196 0.07915658 0.52575181 0.29484964
 0.07189768 0.05046664 0.16522641 0.71240926
 0.16418942 0.21811269 0.219841   0.3978569 
 0.40373315 0.1417214  0.24334601 0.21119945
 0.11683374 0.29692361 0.27030764 0.31593502

MOTIF SiglTask_human_l3_f_14
letter-probability matrix: alength= 4 w= 9 
 0.41018486 0.04848273 0.22532264 0.31600977
 0.09452389 0.10742937 0.1042902  0.69375654
 0.18276945 0.35577258 0.29752354 0.16393443
 0.82385769 0.01360307 0.15172654 0.0108127 
 0.20474363 0.04499477 0.24938961 0.50087199
 0.07394489 0.30763865 0.01499826 0.60341821
 0.42239275 0.041158   0.24311127 0.29333798
 0.04464597 0.02371817 0.04394838 0.88768748
 0.67387513 0.02232299 0.28287408 0.0209278 

MOTIF SiglTask_human_l3_f_15
letter-probability matrix: alength= 4 w= 9 
 0.21208008 0.27824907 0.22599253 0.28367832
 0.17916525 0.44859179 0.08890397 0.28333899
 0.20902613 0.10688836 0.03732609 0.64675942
 0.11537156 0.01119783 0.39871055 0.47472005
 1.00441127e-01 3.39328130e-04 7.93349169e-01 1.05870377e-01
 4.45877163e-01 3.39328130e-04 4.82185273e-01 7.15982355e-02
 0.43332202 0.12521208 0.37224296 0.06922294
 0.2063115  0.02748558 0.7020699  0.06413302
 0.19036308 0.25551408 0.32779097 0.22633186

MOTIF SiglTask_human_l3_f_16
letter-probability matrix: alength= 4 w= 9 
 0.13627255 0.20307281 0.29058116 0.37007348
 0.58884436 0.01503006 0.37842351 0.01770207
 0.00835003 0.01135605 0.71609886 0.26419506
 0.13927856 0.01903808 0.75651303 0.08517034
 0.33600534 0.18470274 0.3006012  0.17869071
 0.48897796 0.01402806 0.27187709 0.2251169 
 0.25851703 0.01302605 0.10554442 0.62291249
 0.29158317 0.36272545 0.11289245 0.23279893
 0.11823647 0.28122912 0.22110888 0.37942552

MOTIF SiglTask_human_l3_f_17
letter-probability matrix: alength= 4 w= 9 
 0.34251101 0.18832599 0.13472834 0.33443465
 0.21182085 0.06901615 0.22283407 0.49632893
 0.3671072  0.12958884 0.1633627  0.33994126
 0.51468429 0.26321586 0.21879589 0.00330396
 0.38876652 0.03781204 0.45484581 0.11857562
 0.13105727 0.07342144 0.64243759 0.1530837 
 8.65638767e-01 3.67107195e-04 1.29221733e-01 4.77239354e-03
 0.02496329 0.00440529 0.75550661 0.21512482
 0.73678414 0.01615272 0.07195301 0.17511013

MOTIF SiglTask_human_l3_f_18
letter-probability matrix: alength= 4 w= 9 
 0.27178899 0.04434251 0.54434251 0.13952599
 0.07492355 0.11582569 0.36314985 0.44610092
 3.82262997e-04 5.83715596e-01 6.57492355e-02 3.50152905e-01
 0.48776758 0.09327217 0.11964832 0.29931193
 0.0412844  0.23012232 0.09441896 0.63417431
 0.33486239 0.00993884 0.0558104  0.59938838
 0.00993884 0.55351682 0.04090214 0.3956422 
 0.18463303 0.04472477 0.41896024 0.35168196
 0.2220948  0.29625382 0.23509174 0.24655963

MOTIF SiglTask_human_l3_f_19
letter-probability matrix: alength= 4 w= 9 
 0.32183908 0.22515213 0.10209601 0.35091278
 0.36680189 0.17647059 0.11663286 0.34009466
 0.48242055 0.06828938 0.04496281 0.40432725
 6.70385396e-01 3.38066261e-04 3.38066261e-04 3.28938472e-01
 4.05679513e-03 3.38066261e-04 3.28938472e-01 6.66666667e-01
 0.04090602 0.06085193 0.83840433 0.05983773
 0.19202164 0.21737661 0.08282623 0.50777552
 0.13150778 0.07674104 0.37728195 0.41446924
 0.13759297 0.17647059 0.13995943 0.54597701

MOTIF SiglTask_human_l3_f_20
letter-probability matrix: alength= 4 w= 9 
 0.4081225  0.14014647 0.2912783  0.16045273
 0.46537949 0.00266312 0.12549933 0.40645806
 0.34320905 0.00099867 0.15013316 0.50565912
 0.46804261 0.00665779 0.1201731  0.4051265 
 3.01597870e-01 3.32889481e-04 2.63648469e-01 4.34420772e-01
 0.57390146 0.05592543 0.12150466 0.24866844
 0.74600533 0.10852197 0.03029294 0.11517976
 0.17576565 0.22603196 0.38781625 0.21038615
 0.11984021 0.39014647 0.28894807 0.20106525

MOTIF SiglTask_human_l3_f_21
letter-probability matrix: alength= 4 w= 9 
 0.39343684 0.21736062 0.07480593 0.31439661
 0.11820748 0.38320395 0.18066337 0.31792519
 0.13726182 0.25935074 0.21594919 0.38743825
 3.52858151e-04 1.01623147e-01 7.51940720e-01 1.46083275e-01
 0.66901905 0.0067043  0.09209598 0.23218066
 0.36520819 0.00247001 0.19830628 0.43401553
 7.82286521e-01 7.05716302e-04 6.35144672e-03 2.10656316e-01
 0.02646436 0.12879323 0.05857445 0.78616796
 0.12103035 0.35991531 0.35038814 0.1686662 

MOTIF SiglTask_human_l3_f_22
letter-probability matrix: alength= 4 w= 9 
 0.20046985 0.2889585  0.28034456 0.23022709
 0.0696946  0.54111198 0.10336727 0.28582616
 0.0935787  0.77016445 0.03602193 0.10023493
 3.91542678e-04 3.98590446e-01 1.17462803e-03 5.99843383e-01
 0.25097886 0.53719655 0.06029757 0.15152702
 0.09592796 0.82145654 0.00783085 0.07478465
 0.30344558 0.00078309 0.60415035 0.09162099
 0.06891151 0.42795615 0.20086139 0.30227095
 0.0669538  0.07204385 0.71965544 0.14134691

MOTIF SiglTask_human_l3_f_23
letter-probability matrix: alength= 4 w= 9 
 0.05070994 0.01724138 0.10851927 0.82352941
 0.05273834 0.0010142  0.00811359 0.93813387
 0.04766734 0.03042596 0.02028398 0.90162272
 0.05882353 0.0040568  0.02231237 0.9148073 
 0.23529412 0.04462475 0.22109533 0.4989858 
 0.03042596 0.61764706 0.0010142  0.35091278
 0.56490872 0.13793103 0.09432049 0.20283976
 0.75557809 0.00608519 0.0010142  0.23732252
 0.35496957 0.01926978 0.07606491 0.54969574

MOTIF SiglTask_human_l3_f_24
letter-probability matrix: alength= 4 w= 9 
 0.33555556 0.07555556 0.24666667 0.34222222
 0.27777778 0.02222222 0.25333333 0.44666667
 0.83111111 0.00222222 0.16444444 0.00222222
 0.69555556 0.01333333 0.00444444 0.28666667
 0.4        0.01777778 0.45111111 0.13111111
 0.84222222 0.02444444 0.00222222 0.13111111
 0.02888889 0.1        0.04222222 0.82888889
 0.00222222 0.00222222 0.80666667 0.18888889
 0.48222222 0.13333333 0.14444444 0.24      

MOTIF SiglTask_human_l3_f_25
letter-probability matrix: alength= 4 w= 9 
 0.16700611 0.32077393 0.26476578 0.24745418
 0.30855397 0.60081466 0.08961303 0.00101833
 0.00101833 0.81160896 0.13340122 0.05397149
 0.23217923 0.25661914 0.36558045 0.14562118
 0.00101833 0.00101833 0.00101833 0.99694501
 0.38594705 0.00101833 0.60794297 0.00509165
 0.94297352 0.00101833 0.0509165  0.00509165
 0.29429735 0.38289206 0.3197556  0.00305499
 0.30549898 0.18533605 0.31771894 0.19144603

MOTIF SiglTask_human_l3_f_26
letter-probability matrix: alength= 4 w= 9 
 0.55755396 0.05305755 0.36420863 0.02517986
 0.66996403 0.10971223 0.00809353 0.21223022
 0.81384892 0.0557554  0.11780576 0.01258993
 0.72032374 0.00089928 0.00089928 0.2778777 
 0.04856115 0.04226619 0.02338129 0.88579137
 0.53956835 0.09172662 0.36780576 0.00089928
 0.16456835 0.16726619 0.34082734 0.32733813
 0.19064748 0.05125899 0.48021583 0.2778777 
 0.00269784 0.12769784 0.39928058 0.47032374

MOTIF SiglTask_human_l3_f_27
letter-probability matrix: alength= 4 w= 9 
 0.1641791  0.65621891 0.1278607  0.05174129
 0.66119403 0.21044776 0.12686567 0.00149254
 0.15174129 0.07761194 0.74925373 0.02139303
 4.97512438e-04 3.22885572e-01 6.38805970e-01 3.78109453e-02
 0.10248756 0.3721393  0.25920398 0.26616915
 0.07014925 0.09004975 0.26716418 0.57263682
 0.00199005 0.27761194 0.66368159 0.05671642
 0.42238806 0.46666667 0.06169154 0.04925373
 0.32587065 0.29253731 0.28109453 0.10049751

MOTIF SiglTask_human_l3_f_28
letter-probability matrix: alength= 4 w= 9 
 0.22652582 0.22691706 0.23004695 0.31651017
 0.51369327 0.05359937 0.10954617 0.32316119
 0.32707355 0.0743349  0.25821596 0.34037559
 0.24726135 0.19640063 0.157277   0.39906103
 8.84976526e-01 3.91236307e-04 1.64319249e-02 9.82003130e-02
 0.00704225 0.00234742 0.10602504 0.88458529
 0.05516432 0.0172144  0.88458529 0.04303599
 0.27973396 0.04303599 0.26995305 0.407277  
 0.32081377 0.09937402 0.18192488 0.39788732

MOTIF SiglTask_human_l3_f_29
letter-probability matrix: alength= 4 w= 9 
 0.1757975  0.34466019 0.11373093 0.36581137
 0.33911234 0.29993065 0.13210818 0.22884882
 0.27323162 0.32558946 0.1851595  0.21601942
 9.36199723e-01 5.16643551e-02 3.46740638e-04 1.17891817e-02
 3.46740638e-04 3.46740638e-04 1.17891817e-02 9.87517337e-01
 5.23578363e-02 3.46740638e-04 9.46948682e-01 3.46740638e-04
 0.33599168 0.05963939 0.26421637 0.34015257
 0.29750347 0.19105409 0.35957004 0.1518724 
 0.32454924 0.14181692 0.31934813 0.21428571

MOTIF SiglTask_human_l3_f_30
letter-probability matrix: alength= 4 w= 9 
 0.07525084 0.55551839 0.04782609 0.32140468
 0.25518395 0.40033445 0.24715719 0.09732441
 0.21973244 0.22441472 0.08595318 0.46989967
 0.57056856 0.27090301 0.05518395 0.10334448
 0.15016722 0.14381271 0.03277592 0.67324415
 0.01237458 0.13043478 0.6270903  0.23010033
 0.15953177 0.37993311 0.22140468 0.23913043
 0.13311037 0.1458194  0.43578595 0.28528428
 0.23210702 0.35886288 0.17391304 0.23511706

MOTIF SiglTask_human_l3_f_31
letter-probability matrix: alength= 4 w= 9 
 0.25233023 0.36185087 0.26631158 0.11950732
 0.65945406 0.00432756 0.3322237  0.00399467
 0.14414115 0.34221039 0.43075899 0.08288948
 0.05459387 0.53029294 0.31424767 0.10086551
 0.44906791 0.13015979 0.36185087 0.05892144
 3.32889481e-04 1.83089214e-02 6.15512650e-01 3.65845539e-01
 0.01131824 0.4081225  0.50732357 0.07323569
 0.09320905 0.14680426 0.5729028  0.18708389
 0.03262317 0.38215712 0.50432756 0.08089214

MOTIF SiglTask_human_l3_f_32
letter-probability matrix: alength= 4 w= 9 
 0.05548038 0.15629229 0.66610284 0.12212449
 0.00744249 0.21549391 0.77198917 0.00507442
 3.38294993e-04 8.73477673e-01 6.93504736e-02 5.68335589e-02
 3.50473613e-01 5.31799729e-01 1.17388363e-01 3.38294993e-04
 0.09878214 0.03856563 0.84539919 0.01725304
 3.38294993e-04 7.98376184e-02 8.67050068e-01 5.27740189e-02
 0.14918809 0.16170501 0.50507442 0.18403248
 0.07645467 0.21752368 0.62009472 0.08592693
 0.08728011 0.44147497 0.28856563 0.1826793 

MOTIF SiglTask_human_l3_f_33
letter-probability matrix: alength= 4 w= 9 
 0.0591416  0.48056776 0.11084826 0.34944238
 0.20446097 0.26191281 0.17201757 0.36160865
 0.10713079 0.00270362 0.44001352 0.45015208
 0.05339642 0.0168976  0.87597161 0.05373437
 0.51672862 0.0077729  0.44339304 0.03210544
 0.76039202 0.20277121 0.02095302 0.01588374
 0.30348091 0.21088205 0.36735384 0.1182832 
 0.40993579 0.27069956 0.08820547 0.23115918
 0.51740453 0.14025008 0.01892531 0.32342007

MOTIF SiglTask_human_l3_f_34
letter-probability matrix: alength= 4 w= 9 
 0.45628285 0.15862398 0.16913521 0.21595796
 0.08265647 0.04777831 0.00430005 0.86526517
 0.34209269 0.01672241 0.33349259 0.30769231
 0.34352604 0.04204491 0.54945055 0.0649785 
 0.16244625 0.31390349 0.02197802 0.50167224
 0.09125657 0.03057812 0.5083612  0.36980411
 0.57716197 0.17200191 0.04921166 0.20162446
 0.25179169 0.02341137 0.04108935 0.6837076 
 0.48924988 0.0678452  0.04443383 0.39847109

MOTIF SiglTask_human_l3_f_35
letter-probability matrix: alength= 4 w= 9 
 0.31691079 0.18741678 0.17276964 0.3229028 
 0.32023968 0.23069241 0.1328229  0.31624501
 0.51098535 0.0159787  0.02030626 0.45272969
 3.32889481e-04 3.92809587e-02 2.65312916e-01 6.95073236e-01
 0.00266312 0.1644474  0.52296937 0.30992011
 0.09720373 0.13981358 0.27363515 0.48934754
 0.09587217 0.42509987 0.14081225 0.33821571
 0.48868176 0.18209055 0.24600533 0.08322237
 0.40612517 0.19007989 0.31458056 0.08921438

MOTIF SiglTask_human_l3_f_36
letter-probability matrix: alength= 4 w= 9 
 0.24588512 0.24017467 0.39905946 0.11488075
 0.46993618 0.13503527 0.23412832 0.16090024
 0.33221364 0.02687269 0.53476654 0.10614713
 7.85690292e-01 4.03090359e-03 2.09942896e-01 3.35908633e-04
 3.64796775e-01 3.35908633e-04 2.43533759e-01 3.91333557e-01
 0.52972791 0.02855223 0.10849849 0.33322136
 0.01477998 0.17366476 0.35572724 0.45582801
 0.07255626 0.11958347 0.25831374 0.54954652
 0.22908969 0.1750084  0.55357743 0.04232449

MOTIF SiglTask_human_l3_f_37
letter-probability matrix: alength= 4 w= 9 
 0.19450317 0.22198732 0.21987315 0.36363636
 0.37632135 0.10359408 0.13107822 0.38900634
 0.16701903 0.13319239 0.69767442 0.00211416
 0.05073996 0.02748414 0.43128964 0.49048626
 0.00211416 0.00211416 0.00211416 0.99365751
 0.99365751 0.00211416 0.00211416 0.00211416
 0.98942918 0.00211416 0.00634249 0.00211416
 0.49682875 0.11205074 0.2769556  0.1141649 
 0.21775899 0.19450317 0.41649049 0.17124736

MOTIF SiglTask_human_l3_f_38
letter-probability matrix: alength= 4 w= 9 
 0.63088803 0.07644788 0.2046332  0.08803089
 0.21119691 0.02895753 0.34903475 0.41081081
 0.04517375 0.16525097 0.4996139  0.28996139
 0.37490347 0.10926641 0.4        0.11583012
 0.04285714 0.25984556 0.0019305  0.6953668 
 0.12200772 0.0015444  0.76177606 0.11467181
 0.08069498 0.12200772 0.62586873 0.17142857
 0.46718147 0.19034749 0.27528958 0.06718147
 0.32162162 0.15907336 0.36216216 0.15714286

MOTIF SiglTask_human_l3_f_39
letter-probability matrix: alength= 4 w= 9 
 0.30171333 0.19431676 0.11659005 0.38737986
 0.17467614 0.00961137 0.16005015 0.65566235
 0.21353949 0.04805683 0.10029252 0.63811116
 0.46468868 0.00752194 0.20936064 0.31842875
 0.0087756  0.07187631 0.17760134 0.74174676
 4.59256164e-01 4.08274133e-01 4.17885499e-04 1.32051818e-01
 0.02465524 0.09277058 0.11450063 0.76807355
 0.39991642 0.19389887 0.32386126 0.08232344
 0.40785625 0.17927288 0.10781446 0.30505641

MOTIF SiglTask_human_l3_f_40
letter-probability matrix: alength= 4 w= 9 
 0.13648469 0.44207723 0.35885486 0.06258322
 0.23768309 0.19141145 0.54793609 0.02296937
 0.00932091 0.02330226 0.91711052 0.05026631
 0.00798935 0.06424767 0.91877497 0.00898802
 3.66178429e-02 3.32889481e-04 8.13581891e-01 1.49467377e-01
 2.26364847e-02 3.32889481e-04 8.26564581e-01 1.50466045e-01
 0.16744341 0.10818908 0.5223036  0.20206391
 0.21071904 0.06624501 0.59553928 0.12749667
 0.13581891 0.30559254 0.38648469 0.17210386

MOTIF SiglTask_human_l3_f_41
letter-probability matrix: alength= 4 w= 9 
 0.17741047 0.34545455 0.17575758 0.30137741
 0.32011019 0.37520661 0.0815427  0.2231405 
 0.15151515 0.22369146 0.03471074 0.59008264
 3.25068871e-02 5.93388430e-01 5.50964187e-04 3.73553719e-01
 0.59669421 0.07052342 0.09146006 0.24132231
 0.28980716 0.40330579 0.02534435 0.2815427 
 0.63636364 0.04407713 0.05123967 0.26831956
 0.23471074 0.09146006 0.4738292  0.2       
 0.32396694 0.07658402 0.0446281  0.55482094

MOTIF SiglTask_human_l3_f_42
letter-probability matrix: alength= 4 w= 9 
 0.09393212 0.47685979 0.22763113 0.20157696
 0.31882071 0.42406582 0.13781282 0.11930065
 3.42817964e-04 3.93897840e-01 2.82139184e-01 3.23620158e-01
 3.42817964e-04 3.59616044e-01 3.68529311e-01 2.71511827e-01
 0.16523826 0.37161467 0.21597532 0.24717175
 3.42817964e-04 8.05622215e-01 3.42817964e-04 1.93692149e-01
 0.01131299 0.72985944 0.0171409  0.24168666
 0.00274254 0.05622215 0.78779568 0.15323963
 0.01542681 0.25745629 0.38635585 0.34076106

MOTIF SiglTask_human_l3_f_43
letter-probability matrix: alength= 4 w= 9 
 0.35185817 0.09751108 0.29901125 0.2516195 
 0.1026253  0.20184112 0.1496761  0.54585748
 0.3157177  0.44800546 0.08353222 0.15274463
 0.60756904 0.01329697 0.36140471 0.01772929
 2.18547562e-01 5.76542789e-01 3.40947835e-04 2.04568701e-01
 0.63825435 0.14353904 0.2130924  0.00511422
 0.52608251 0.0555745  0.41629731 0.00204569
 0.11217184 0.29662462 0.17286055 0.41834299
 0.53699284 0.04807364 0.24684623 0.16808728

MOTIF SiglTask_human_l3_f_44
letter-probability matrix: alength= 4 w= 9 
 0.08635347 0.06487696 0.65190157 0.19686801
 7.82997763e-02 4.47427293e-04 8.77852349e-01 4.34004474e-02
 0.01342282 0.05682327 0.77136465 0.15838926
 0.07024609 0.01073826 0.50782998 0.41118568
 0.13646532 0.21297539 0.52975391 0.12080537
 0.00894855 0.22013423 0.44697987 0.32393736
 0.26711409 0.19373602 0.45234899 0.08680089
 0.0295302  0.20313199 0.4885906  0.2787472 
 0.14407159 0.41163311 0.34854586 0.09574944

MOTIF SiglTask_human_l3_f_45
letter-probability matrix: alength= 4 w= 9 
 0.21730175 0.14864401 0.17130106 0.46275318
 0.35015448 0.31754205 0.09749399 0.23480947
 0.17095778 0.00755235 0.55784415 0.26364573
 0.00137315 0.01579128 0.0061792  0.97665637
 0.56299348 0.00514933 0.42499142 0.00686577
 0.73772743 0.00137315 0.25952626 0.00137315
 0.34500515 0.25266049 0.21043598 0.19189839
 0.36525918 0.15997254 0.15962925 0.31513903
 0.52935118 0.1702712  0.09474768 0.20562993

MOTIF SiglTask_human_l3_f_46
letter-probability matrix: alength= 4 w= 9 
 0.1 0.1 0.5 0.3
 0.1 0.1 0.7 0.1
 0.1 0.1 0.7 0.1
 0.1 0.1 0.1 0.7
 0.6 0.1 0.2 0.1
 0.1 0.2 0.6 0.1
 0.1 0.2 0.6 0.1
 0.1 0.1 0.7 0.1
 0.1 0.2 0.3 0.4

MOTIF SiglTask_human_l3_f_47
letter-probability matrix: alength= 4 w= 9 
 0.25587566 0.1444276  0.12661107 0.47308567
 0.10652009 0.12319939 0.3601213  0.41015921
 0.01630023 0.06595906 0.01478393 0.90295679
 0.75132676 0.04359363 0.14632297 0.05875663
 0.55951478 0.05610311 0.25852919 0.12585292
 0.23692191 0.04473086 0.07581501 0.64253222
 0.46588324 0.11334344 0.34609553 0.07467779
 0.69711903 0.04738438 0.15996967 0.09552691
 0.19370735 0.13722517 0.11789234 0.55117513

MOTIF SiglTask_human_l3_f_48
letter-probability matrix: alength= 4 w= 9 
 0.13587786 0.16946565 0.12977099 0.5648855 
 0.28091603 0.03358779 0.21526718 0.47022901
 0.00152672 0.01221374 0.89770992 0.08854962
 0.07175573 0.01526718 0.00152672 0.91145038
 0.12824427 0.00610687 0.75419847 0.11145038
 0.00152672 0.18015267 0.00152672 0.81679389
 0.67633588 0.06717557 0.08091603 0.17557252
 0.40916031 0.24580153 0.02900763 0.31603053
 0.90534351 0.01221374 0.05343511 0.02900763

MOTIF SiglTask_human_l3_f_49
letter-probability matrix: alength= 4 w= 9 
 0.00650255 0.08964236 0.02322341 0.88063168
 0.69995355 0.01997213 0.102183   0.17789131
 0.41662796 0.03529958 0.33906177 0.20901068
 0.57176033 0.11843939 0.04319554 0.26660474
 0.01207617 0.14584301 0.0729215  0.76915931
 0.11286577 0.2248026  0.16535067 0.49698096
 0.39572689 0.14630748 0.03019043 0.4277752 
 0.68927078 0.16256386 0.04273107 0.10543428
 0.52810033 0.15466791 0.15513237 0.1620994 

MOTIF SiglTask_human_l3_f_50
letter-probability matrix: alength= 4 w= 9 
 0.27893422 0.28393006 0.09325562 0.3438801 
 0.30058285 0.45628643 0.06827644 0.17485429
 9.89175687e-01 2.49791840e-03 7.49375520e-03 8.32639467e-04
 0.15320566 0.23064113 0.05745212 0.55870108
 0.16819317 0.12739384 0.33222315 0.37218984
 9.61698585e-01 8.32639467e-04 3.66361366e-02 8.32639467e-04
 0.01831807 0.01248959 0.00333056 0.96586178
 8.32639467e-04 8.32639467e-04 9.88343047e-01 9.99167361e-03
 0.14820983 0.06494588 0.36136553 0.42547877

MOTIF SiglTask_human_l3_f_51
letter-probability matrix: alength= 4 w= 9 
 0.18201754 0.03673246 0.37335526 0.40789474
 1.78179825e-01 5.48245614e-04 5.48245614e-04 8.20723684e-01
 1.67763158e-01 5.48245614e-04 8.29495614e-01 2.19298246e-03
 0.30866228 0.10471491 0.10087719 0.48574561
 5.48245614e-04 5.48245614e-04 5.48245614e-03 9.93421053e-01
 0.04002193 0.00877193 0.48355263 0.46765351
 0.22587719 0.04824561 0.01699561 0.70888158
 0.22094298 0.08223684 0.23629386 0.46052632
 0.04714912 0.09539474 0.02686404 0.83059211

MOTIF SiglTask_human_l3_f_52
letter-probability matrix: alength= 4 w= 9 
 0.06473941 0.23859935 0.22557003 0.47109121
 4.07166124e-04 1.16449511e-01 4.03094463e-02 8.42833876e-01
 0.24429967 0.15798046 0.35301303 0.24470684
 0.13680782 0.46946254 0.29763844 0.09609121
 5.03257329e-01 5.45602606e-02 4.07166124e-04 4.41775244e-01
 0.08631922 0.47149837 0.1478013  0.29438111
 0.30944625 0.33713355 0.31758958 0.03583062
 0.01791531 0.46824104 0.44788274 0.06596091
 0.16164495 0.33794788 0.12052117 0.37988599

MOTIF SiglTask_human_l3_f_53
letter-probability matrix: alength= 4 w= 9 
 0.47627737 0.12116788 0.2270073  0.17554745
 0.1        0.20145985 0.20182482 0.49671533
 0.32883212 0.12408759 0.44124088 0.10583942
 0.2419708  0.2770073  0.31240876 0.16861314
 0.08357664 0.13284672 0.31788321 0.46569343
 0.79124088 0.0379562  0.12262774 0.04817518
 0.01277372 0.00145985 0.18576642 0.8       
 0.02481752 0.10985401 0.70291971 0.16240876
 0.26386861 0.17226277 0.27773723 0.28613139

MOTIF SiglTask_human_l3_f_54
letter-probability matrix: alength= 4 w= 9 
 0.01795064 0.35302917 0.43455497 0.19446522
 0.30441286 0.05983545 0.47419596 0.16155572
 0.19296933 0.08526552 0.00299177 0.71877337
 0.01346298 0.31264024 0.61854899 0.05534779
 0.41510845 0.01271503 0.55272999 0.01944652
 0.17950636 0.27000748 0.14285714 0.40762902
 7.47943156e-04 8.22737472e-02 9.10994764e-01 5.98354525e-03
 0.06955871 0.34255797 0.37546746 0.21241586
 0.09498878 0.42857143 0.23635004 0.24008975

MOTIF SiglTask_human_l3_f_55
letter-probability matrix: alength= 4 w= 9 
 0.04221106 0.1879397  0.4        0.36984925
 0.01574539 0.02110553 0.01909548 0.9440536 
 0.02646566 0.00569514 0.86867672 0.09916248
 0.80167504 0.00435511 0.05159129 0.14237856
 0.35376884 0.01340034 0.23149079 0.40134003
 0.46901173 0.12529313 0.25427136 0.15142379
 0.42914573 0.0639866  0.29882747 0.2080402 
 0.30117253 0.18224456 0.13735343 0.37922948
 0.37855946 0.14941374 0.19262982 0.27939698

MOTIF SiglTask_human_l3_f_56
letter-probability matrix: alength= 4 w= 9 
 0.13229127 0.23522684 0.24247045 0.39001144
 4.87990850e-01 1.89477697e-01 3.81242852e-04 3.22150210e-01
 0.69767442 0.04231796 0.12390393 0.1361037 
 6.05794891e-01 3.81242852e-04 3.81242852e-04 3.93442623e-01
 6.67174990e-02 3.81242852e-04 3.81242852e-04 9.32520015e-01
 0.06747998 0.05718643 0.19138391 0.68394968
 0.06366756 0.0080061  0.53793366 0.39039268
 0.41631719 0.05299276 0.34654975 0.1841403 
 0.21044605 0.08463591 0.15173465 0.55318338

MOTIF SiglTask_human_l3_f_57
letter-probability matrix: alength= 4 w= 9 
 0.13261649 0.13082437 0.22222222 0.51433692
 0.21684588 0.16487455 0.0483871  0.56989247
 0.79032258 0.18458781 0.02329749 0.00179211
 0.13978495 0.18817204 0.52688172 0.14516129
 0.00358423 0.00358423 0.09677419 0.89605735
 0.96774194 0.00179211 0.02867384 0.00179211
 0.07526882 0.03584229 0.8655914  0.02329749
 0.07885305 0.1344086  0.0483871  0.73835125
 0.41039427 0.06810036 0.22939068 0.2921147 

MOTIF SiglTask_human_l3_f_58
letter-probability matrix: alength= 4 w= 9 
 0.06340819 0.22369    0.39982387 0.31307794
 9.46719507e-02 2.64200793e-03 4.40334654e-04 9.02245707e-01
 0.59665346 0.02421841 0.35006605 0.02906209
 4.40334654e-04 4.44297666e-01 4.40334654e-04 5.54821664e-01
 0.03918978 0.69132541 0.26464113 0.00484368
 0.86041391 0.11272567 0.00924703 0.01761339
 0.17217085 0.18097754 0.43901365 0.20783796
 0.44782034 0.16160282 0.07133421 0.31924262
 0.3874945  0.15015412 0.17877587 0.28357552

MOTIF SiglTask_human_l3_f_59
letter-probability matrix: alength= 4 w= 9 
 0.15056923 0.24605215 0.40249725 0.20088138
 0.27322806 0.0183621  0.43848696 0.26992288
 0.00220345 0.30150569 0.00477415 0.69151671
 2.11531399e-01 4.83290488e-01 3.04810870e-01 3.67242012e-04
 3.67242012e-04 4.09107602e-01 3.67242012e-04 5.90157914e-01
 0.03158281 0.60778553 0.23062798 0.13000367
 0.23797282 0.43187661 0.15975028 0.17040029
 0.06132942 0.05141388 0.2045538  0.6827029 
 0.08116048 0.45721631 0.08079324 0.38082997

MOTIF SiglTask_human_l3_f_60
letter-probability matrix: alength= 4 w= 9 
 0.19929453 0.32275132 0.30687831 0.17107584
 0.22222222 0.47795414 0.21869489 0.08112875
 0.60846561 0.38800705 0.00176367 0.00176367
 0.06349206 0.47795414 0.00176367 0.45679012
 0.08289242 0.00176367 0.44797178 0.46737213
 0.00176367 0.00176367 0.94356261 0.05291005
 0.65784832 0.00176367 0.33862434 0.00176367
 0.05820106 0.41269841 0.43915344 0.08994709
 0.13932981 0.16402116 0.50617284 0.19047619

MOTIF SiglTask_human_l3_f_61
letter-probability matrix: alength= 4 w= 9 
 0.26120996 0.39857651 0.12704626 0.21316726
 0.62775801 0.22135231 0.14092527 0.00996441
 0.47259786 0.04270463 0.39786477 0.08683274
 3.55871886e-04 6.02846975e-01 4.12811388e-02 3.55516014e-01
 0.32206406 0.06512456 0.36192171 0.25088968
 0.20604982 0.28434164 0.00747331 0.50213523
 0.76868327 0.14946619 0.07402135 0.00782918
 0.15302491 0.34199288 0.2366548  0.2683274 
 0.28434164 0.20676157 0.36512456 0.14377224

MOTIF SiglTask_human_l3_f_62
letter-probability matrix: alength= 4 w= 9 
 0.12140468 0.15752508 0.08428094 0.6367893 
 0.5277592  0.13377926 0.10702341 0.23143813
 0.34347826 0.15652174 0.3826087  0.1173913 
 0.07892977 0.01605351 0.12040134 0.78461538
 4.53177258e-01 3.34448161e-04 1.70568562e-02 5.29431438e-01
 0.24916388 0.00367893 0.26254181 0.48461538
 0.47558528 0.00133779 0.11605351 0.40702341
 0.55117057 0.0632107  0.11103679 0.27458194
 0.35217391 0.15986622 0.19397993 0.29397993

MOTIF SiglTask_human_l3_f_63
letter-probability matrix: alength= 4 w= 9 
 0.1157737  0.10378419 0.38478831 0.3956538 
 0.08692394 0.35144249 0.0565755  0.50505807
 0.22892469 0.00187336 0.38366429 0.38553765
 0.07231173 0.45185463 0.47358561 0.00224803
 0.58074185 0.00599475 0.38778569 0.02547771
 0.5612589  0.01086549 0.0955414  0.33233421
 0.65605096 0.15436493 0.17721993 0.01236418
 0.43049831 0.08355189 0.25477707 0.23117272
 0.48220307 0.15361559 0.1183964  0.24578494

MOTIF SiglTask_human_l3_f_64
letter-probability matrix: alength= 4 w= 9 
 0.1802444  0.15852003 0.15037339 0.51086219
 0.14562118 0.0101833  0.30210455 0.54209097
 0.266463   0.02715547 0.28886626 0.41751527
 0.50610998 0.19246436 0.1778683  0.12355737
 0.52206382 0.01323829 0.03971487 0.42498303
 0.58452138 0.09029192 0.09063136 0.23455533
 0.51323829 0.16938221 0.14833673 0.16904277
 0.54887984 0.03428377 0.02206382 0.39477257
 0.42837746 0.08553971 0.0227427  0.46334012

MOTIF SiglTask_human_l3_f_65
letter-probability matrix: alength= 4 w= 9 
 0.21232877 0.14041096 0.56849315 0.07876712
 0.1130137  0.39383562 0.00342466 0.48972603
 0.10958904 0.12328767 0.63356164 0.13356164
 0.62671233 0.34589041 0.0239726  0.00342466
 0.00342466 0.68150685 0.00342466 0.31164384
 0.00342466 0.52739726 0.00342466 0.46575342
 0.25684932 0.06506849 0.07534247 0.60273973
 0.04452055 0.84246575 0.04109589 0.07191781
 0.21575342 0.19178082 0.20890411 0.38356164

MOTIF SiglTask_human_l3_f_66
letter-probability matrix: alength= 4 w= 9 
 0.31222707 0.14628821 0.19213974 0.34934498
 0.03056769 0.27074236 0.24454148 0.45414847
 0.80567686 0.03275109 0.15938865 0.00218341
 0.01965066 0.1790393  0.00218341 0.79912664
 0.62445415 0.22707424 0.00655022 0.1419214 
 0.63973799 0.00218341 0.00218341 0.3558952 
 0.24672489 0.00218341 0.05676856 0.69432314
 0.43231441 0.00218341 0.01746725 0.54803493
 0.2860262  0.16157205 0.23799127 0.31441048

MOTIF SiglTask_human_l3_f_67
letter-probability matrix: alength= 4 w= 9 
 0.31853168 0.24393132 0.14505625 0.29248076
 0.34043813 0.41089402 0.06867969 0.17998816
 9.44345767e-01 5.92066311e-04 5.44701007e-02 5.92066311e-04
 0.01776199 0.19834221 0.1089402  0.6749556 
 0.42510361 0.0071048  0.56009473 0.00769686
 0.32386027 0.00059207 0.30846655 0.36708111
 0.18176436 0.25577265 0.38188277 0.18058022
 0.12137359 0.17821196 0.49141504 0.20899941
 0.36056838 0.36175252 0.11545293 0.16222617

MOTIF SiglTask_human_l3_f_68
letter-probability matrix: alength= 4 w= 9 
 0.26930759 0.19074567 0.16078562 0.37916112
 0.08155792 0.1488016  0.07423435 0.69540613
 0.28728362 0.31990679 0.20006658 0.19274301
 1.85086551e-01 3.32889481e-04 6.32490013e-03 8.08255659e-01
 0.47436751 0.07523302 0.00865513 0.44174434
 5.05992011e-02 3.32889481e-04 3.32889481e-04 9.48735020e-01
 0.38382157 0.1328229  0.26231691 0.22103862
 0.32623169 0.60619174 0.00532623 0.06225033
 0.45905459 0.14513981 0.12383489 0.27197071

MOTIF SiglTask_human_l3_f_69
letter-probability matrix: alength= 4 w= 9 
 0.09696304 0.22941822 0.22795463 0.44566411
 0.12074643 0.1273326  0.21953897 0.532382  
 0.05342115 0.15404318 0.35199415 0.44054153
 0.32528357 0.5528723  0.05781193 0.0640322 
 0.55616539 0.00365898 0.19978046 0.24039517
 0.00585437 0.03329674 0.61324552 0.34760337
 1.09769484e-02 4.31759971e-02 3.65898280e-04 9.45481156e-01
 0.12074643 0.0204903  0.85473838 0.00402488
 0.00914746 0.14709111 0.32784486 0.51591658

MOTIF SiglTask_human_l3_f_70
letter-probability matrix: alength= 4 w= 9 
 0.10549451 0.1970696  0.06959707 0.62783883
 0.18388278 0.12380952 0.04725275 0.64505495
 0.15934066 0.11025641 0.07326007 0.65714286
 0.14945055 0.62234432 0.11904762 0.10915751
 0.39120879 0.01794872 0.39304029 0.1978022 
 3.66300366e-04 6.66666667e-02 2.85347985e-01 6.47619048e-01
 0.11391941 0.23956044 0.05934066 0.58717949
 0.18461538 0.21538462 0.53992674 0.06007326
 0.0956044  0.16630037 0.22967033 0.50842491

MOTIF SiglTask_human_l3_f_71
letter-probability matrix: alength= 4 w= 9 
 0.35166327 0.28818737 0.12253904 0.23761032
 0.49490835 0.17413442 0.17956551 0.15139172
 0.91717583 0.02783435 0.03122878 0.02376103
 0.04718262 0.11473184 0.0179905  0.82009504
 1.08961303e-01 2.74949084e-02 8.63204345e-01 3.39443313e-04
 0.52070604 0.03665988 0.23930754 0.20332654
 0.10488798 0.26917855 0.08180584 0.54412763
 0.05125594 0.10386965 0.39850645 0.44636796
 0.19789545 0.29226069 0.20706042 0.30278344

MOTIF SiglTask_human_l3_f_72
letter-probability matrix: alength= 4 w= 9 
 0.19692833 0.19112628 0.27542662 0.33651877
 6.82593857e-04 1.94539249e-02 1.42662116e-01 8.37201365e-01
 0.72047782 0.07474403 0.19146758 0.01331058
 3.41638225e-01 8.22525597e-02 5.75767918e-01 3.41296928e-04
 0.04368601 0.05767918 0.10853242 0.79010239
 0.6334471  0.19146758 0.14641638 0.02866894
 0.63276451 0.02081911 0.33242321 0.01399317
 0.28532423 0.21501706 0.21638225 0.28327645
 0.2556314  0.16860068 0.15392491 0.421843  

MOTIF SiglTask_human_l3_f_73
letter-probability matrix: alength= 4 w= 9 
 0.32111337 0.14697895 0.12321792 0.40868975
 0.0760353  0.19687712 0.12491514 0.60217244
 0.03021045 0.00712831 0.61948405 0.34317719
 0.61507128 0.12593347 0.17515275 0.0838425 
 0.0634759  0.02477936 0.31534284 0.5964019 
 0.06449423 0.01052274 0.17752885 0.74745418
 0.09300747 0.21011541 0.43991853 0.25695859
 0.00203666 0.16700611 0.0305499  0.80040733
 0.25763747 0.15818058 0.31093007 0.27325187

MOTIF SiglTask_human_l3_f_74
letter-probability matrix: alength= 4 w= 9 
 0.27192982 0.40423977 0.10124269 0.22258772
 0.61732456 0.17105263 0.0369152  0.1747076 
 0.61440058 0.04422515 0.28874269 0.05263158
 0.67653509 0.00073099 0.00292398 0.31980994
 3.65497076e-04 3.65497076e-04 3.22733918e-01 6.76535088e-01
 1.74707602e-01 3.65497076e-04 7.80701754e-01 4.42251462e-02
 0.20540936 0.16812865 0.21783626 0.40862573
 0.21016082 0.22002924 0.29203216 0.27777778
 0.23172515 0.23282164 0.20942982 0.32602339

MOTIF SiglTask_human_l3_f_75
letter-probability matrix: alength= 4 w= 9 
 0.23918311 0.22049152 0.32087227 0.2194531 
 0.05780547 0.39944618 0.06888197 0.47386639
 0.50086535 0.00138456 0.09622707 0.40152302
 0.00311526 0.0017307  0.23537556 0.75977847
 3.00103842e-01 6.39667705e-01 3.46140533e-04 5.98823122e-02
 0.56143994 0.41709934 0.01938387 0.00207684
 0.80408446 0.03703704 0.14987885 0.00899965
 0.31844929 0.42644514 0.20076151 0.05434406
 0.48355832 0.21668397 0.06334372 0.23641398

MOTIF SiglTask_human_l3_f_76
letter-probability matrix: alength= 4 w= 9 
 0.60497001 0.10239931 0.17866324 0.11396744
 0.61953728 0.01628106 0.04712939 0.31705227
 0.16238218 0.03213368 0.24507284 0.56041131
 0.31062554 0.09211654 0.57969152 0.01756641
 0.62339332 0.08997429 0.07155099 0.21508141
 0.27634961 0.13796058 0.17523565 0.41045416
 0.27763496 0.09083119 0.53684662 0.09468723
 0.40188518 0.24807198 0.1730934  0.17694944
 0.18551842 0.22664953 0.26006855 0.3277635 

MOTIF SiglTask_human_l3_f_77
letter-probability matrix: alength= 4 w= 9 
 0.54393025 0.02816901 0.30549966 0.12240107
 0.16867874 0.08215962 0.12843729 0.62072435
 0.10160966 0.11468813 0.0657277  0.71797451
 0.04057679 0.26257545 0.24983233 0.44701543
 0.30315225 0.33568075 0.13547954 0.22568746
 0.30482897 0.32059021 0.16096579 0.21361502
 0.28772636 0.13782696 0.27934272 0.29510396
 0.57276995 0.16733736 0.1425218  0.11737089
 0.1425218  0.06371563 0.25285044 0.54091214

MOTIF SiglTask_human_l3_f_78
letter-probability matrix: alength= 4 w= 9 
 0.20605859 0.16011984 0.1201731  0.51364847
 0.21870839 0.08754993 0.10486019 0.58888149
 0.00166445 0.08688415 0.16344874 0.74800266
 0.15579228 0.12483356 0.07090546 0.64846871
 3.69507324e-02 3.32889481e-04 2.03395473e-01 7.59320905e-01
 0.1707723  0.02563249 0.45739015 0.34620506
 3.76165113e-02 6.55792277e-02 3.32889481e-04 8.96471372e-01
 0.00499334 0.01764314 0.54494008 0.43242344
 0.08488682 0.12583222 0.16478029 0.62450067

MOTIF SiglTask_human_l3_f_79
letter-probability matrix: alength= 4 w= 9 
 0.09535626 0.06097129 0.02764977 0.81602269
 0.17263382 0.00957107 0.02304147 0.79475363
 0.10492733 0.04962779 0.00815314 0.83729174
 0.06770649 0.12690535 0.00779865 0.79758951
 2.79688054e-01 2.83587380e-03 3.54484225e-04 7.17121588e-01
 3.54484225e-04 3.54484225e-04 3.54484225e-04 9.98936547e-01
 3.54484225e-04 3.54484225e-04 2.22261609e-01 7.77029422e-01
 0.03686636 0.00283587 0.36051046 0.59978731
 0.13470401 0.08294931 0.23076923 0.55157745

MOTIF SiglTask_human_l3_f_80
letter-probability matrix: alength= 4 w= 9 
 0.42158516 0.17875211 0.24283305 0.15682968
 0.2698145  0.03372681 0.62731872 0.06913997
 0.61551433 0.23777403 0.06913997 0.07757167
 0.09612142 0.00168634 0.77403035 0.12816189
 0.86677909 0.08600337 0.00168634 0.0455312 
 0.00168634 0.00168634 0.95109612 0.0455312 
 0.95109612 0.00168634 0.00168634 0.0455312 
 0.55143339 0.16863406 0.24451939 0.03541315
 0.79426644 0.03204047 0.03035413 0.14333895

