MEME version 5.3.0

ALPHABET= ACGT

strands: + -

Background letter frequencies
A 0.25 C 0.25 G 0.25 T 0.25

MOTIF SiglTask_unmod1_l3_f_0
letter-probability matrix: alength= 4 w= 9 
 0.35582822 0.22154056 0.30334015 0.11929107
 0.22494888 0.2597137  0.28732106 0.22801636
 0.19495569 0.21438309 0.32549421 0.26516701
 3.40831629e-04 3.40831629e-04 3.40831629e-04 9.98977505e-01
 6.02931152e-01 3.40831629e-04 3.96387185e-01 3.40831629e-04
 6.03612815e-01 3.40831629e-04 3.95705521e-01 3.40831629e-04
 3.40831629e-04 3.40831629e-04 3.40831629e-04 9.98977505e-01
 9.78868439e-01 3.40831629e-04 2.04498978e-02 3.40831629e-04
 4.96591684e-01 3.40831629e-04 5.02726653e-01 3.40831629e-04

MOTIF SiglTask_unmod1_l3_f_1
letter-probability matrix: alength= 4 w= 9 
 0.34941132 0.40030384 0.10862134 0.1416635 
 0.52639575 0.07178124 0.35548804 0.04633498
 9.96961641e-01 3.79794911e-04 2.27876946e-03 3.79794911e-04
 3.79794911e-04 2.27876946e-03 3.79794911e-04 9.96961641e-01
 3.79794911e-04 3.79794911e-04 9.98860615e-01 3.79794911e-04
 0.25294341 0.07899734 0.34105583 0.32700342
 0.45575389 0.11545765 0.41093809 0.01785036
 0.15077858 0.2236992  0.0224079  0.60311432
 0.10254463 0.23395367 0.522218   0.14128371

MOTIF SiglTask_unmod1_l3_f_2
letter-probability matrix: alength= 4 w= 9 
 0.46580274 0.08459323 0.32217423 0.12742981
 0.18718503 0.14614831 0.21490281 0.45176386
 0.12598992 0.1774658  0.28293737 0.41360691
 6.79625630e-01 3.59971202e-04 3.19654428e-01 3.59971202e-04
 0.4100072  0.11087113 0.09935205 0.37976962
 0.21490281 0.09359251 0.50611951 0.18538517
 7.91936645e-01 3.59971202e-04 2.00143988e-01 7.55939525e-03
 0.01727862 0.18682505 0.01511879 0.78077754
 0.01727862 0.00791937 0.88408927 0.09071274

MOTIF SiglTask_unmod1_l3_f_3
letter-probability matrix: alength= 4 w= 9 
 0.07322888 0.34911444 0.19891008 0.37874659
 0.32050409 0.44482289 0.16485014 0.06982289
 0.63487738 0.17370572 0.12023161 0.07118529
 9.88760218e-01 3.40599455e-04 1.05585831e-02 3.40599455e-04
 3.61035422e-02 1.87329700e-02 3.40599455e-04 9.44822888e-01
 1.46457766e-02 4.01907357e-02 9.44822888e-01 3.40599455e-04
 0.23331063 0.00442779 0.27690736 0.48535422
 0.21594005 0.17200272 0.25749319 0.35456403
 0.1856267  0.10183924 0.56743869 0.14509537

MOTIF SiglTask_unmod1_l3_f_4
letter-probability matrix: alength= 4 w= 9 
 0.09303686 0.16676419 0.47045056 0.26974839
 0.0187244  0.49151551 0.35225278 0.13750731
 5.85137507e-04 5.98010532e-01 4.00819193e-01 5.85137507e-04
 5.85137507e-04 9.98244587e-01 5.85137507e-04 5.85137507e-04
 5.85137507e-04 9.98244587e-01 5.85137507e-04 5.85137507e-04
 5.85137507e-04 9.98244587e-01 5.85137507e-04 5.85137507e-04
 0.08601521 0.2574605  0.60152136 0.05500293
 0.31129315 0.10942071 0.51550614 0.06377999
 0.2246928  0.13282621 0.48624927 0.15623171

MOTIF SiglTask_unmod1_l3_f_5
letter-probability matrix: alength= 4 w= 9 
 3.32889481e-04 7.28362184e-01 3.32889481e-04 2.70972037e-01
 2.43009321e-02 3.32889481e-04 9.75033289e-01 3.32889481e-04
 0.16478029 0.70505992 0.00332889 0.12683089
 8.17576565e-01 1.81757656e-01 3.32889481e-04 3.32889481e-04
 5.76231691e-01 3.32889481e-04 5.32623169e-03 4.18109188e-01
 0.01731025 0.75699068 0.01997337 0.2057257 
 0.41311585 0.29094541 0.14647137 0.14946738
 0.50133156 0.15645806 0.30193076 0.04027963
 0.28994674 0.31125166 0.08655126 0.31225033

MOTIF SiglTask_unmod1_l3_f_6
letter-probability matrix: alength= 4 w= 9 
 0.20073236 0.34786951 0.22303595 0.22836218
 0.22669774 0.27496671 0.26131824 0.23701731
 8.98801598e-03 8.35552597e-02 9.07123835e-01 3.32889481e-04
 3.32889481e-04 5.54593875e-01 6.79094541e-02 3.77163782e-01
 1.04860186e-01 3.32889481e-04 7.80625832e-01 1.14181092e-01
 3.32889481e-04 3.32889481e-04 9.99001332e-01 3.32889481e-04
 3.32889481e-04 3.32889481e-04 9.99001332e-01 3.32889481e-04
 3.32889481e-04 1.36817577e-01 8.32223702e-01 3.06258322e-02
 0.12949401 0.34454061 0.37549933 0.15046605

MOTIF SiglTask_unmod1_l3_f_7
letter-probability matrix: alength= 4 w= 9 
 0.25399467 0.23069241 0.37683089 0.13848202
 3.32889481e-04 3.32889481e-04 3.32889481e-04 9.99001332e-01
 8.07256991e-01 3.32889481e-04 1.92077230e-01 3.32889481e-04
 3.52862850e-01 3.32889481e-04 6.46471372e-01 3.32889481e-04
 3.32889481e-04 3.32889481e-04 3.32889481e-04 9.99001332e-01
 6.94074567e-01 3.32889481e-04 3.05259654e-01 3.32889481e-04
 5.59587217e-01 3.32889481e-04 4.39747004e-01 3.32889481e-04
 0.32989348 0.21704394 0.27263648 0.1804261 
 0.31691079 0.21904128 0.23069241 0.23335553

MOTIF SiglTask_unmod1_l3_f_8
letter-probability matrix: alength= 4 w= 9 
 0.03229028 0.29593875 0.04560586 0.62616511
 0.16378162 0.04527297 0.62383489 0.16711052
 0.08921438 0.22237017 0.4650466  0.22336884
 0.03828229 0.0286285  0.28861518 0.64447403
 0.00299601 0.74567244 0.00699068 0.24434088
 4.63715047e-01 3.32889481e-04 5.35619174e-01 3.32889481e-04
 0.34054594 0.34387483 0.04360852 0.27197071
 0.16211718 0.62583222 0.0729028  0.1391478 
 0.90912117 0.04926764 0.00332889 0.03828229

MOTIF SiglTask_unmod1_l3_f_9
letter-probability matrix: alength= 4 w= 9 
 0.16311585 0.50898802 0.17110519 0.15679095
 0.02163782 0.01764314 0.92942743 0.03129161
 0.06491345 0.53462051 0.28062583 0.11984021
 3.32889481e-04 9.97003995e-01 2.33022636e-03 3.32889481e-04
 0.06158455 0.85519308 0.02962716 0.05359521
 0.01631158 0.95772304 0.00432756 0.02163782
 0.19973369 0.55592543 0.23901465 0.00532623
 0.28428762 0.22303595 0.42909454 0.06358189
 0.17676431 0.25266312 0.37583222 0.19474035

MOTIF SiglTask_unmod1_l3_f_10
letter-probability matrix: alength= 4 w= 9 
 0.21859633 0.50469379 0.06034868 0.2163612 
 0.00357622 0.01206974 0.66517658 0.31917747
 4.47027269e-04 4.47027269e-04 9.56191328e-01 4.29146178e-02
 4.47027269e-04 7.13008494e-01 2.79839070e-01 6.70540903e-03
 7.93473402e-01 4.47027269e-04 2.05632544e-01 4.47027269e-04
 8.62315601e-01 3.17389361e-02 1.05498435e-01 4.47027269e-04
 0.26329906 0.10505141 0.61913277 0.01251676
 0.67456415 0.16405901 0.02324542 0.13813143
 0.26016987 0.07286544 0.09164059 0.57532409

MOTIF SiglTask_unmod1_l3_f_11
letter-probability matrix: alength= 4 w= 9 
 0.3468146  0.19470293 0.29348604 0.16499642
 0.54294918 0.07408733 0.29455977 0.08840372
 0.36721546 0.34430923 0.08124553 0.20722978
 8.66141732e-01 3.57909807e-04 1.33142448e-01 3.57909807e-04
 0.55440229 0.13743737 0.16499642 0.14316392
 0.17752326 0.27415891 0.41553329 0.13278454
 9.42734431e-01 3.57909807e-04 5.65497495e-02 3.57909807e-04
 3.57909807e-04 3.57909807e-04 4.04438082e-02 9.58840372e-01
 2.14745884e-02 1.00214746e-02 9.68146027e-01 3.57909807e-04

MOTIF SiglTask_unmod1_l3_f_12
letter-probability matrix: alength= 4 w= 9 
 0.08707671 0.16931583 0.50276434 0.24084312
 0.20939876 0.16620594 0.56841742 0.05597789
 0.03870076 0.30269523 0.43123704 0.22736697
 0.00276434 0.64685556 0.31651693 0.03386317
 3.45542502e-04 4.73738770e-01 4.46440912e-01 7.94747754e-02
 0.0715273  0.52487906 0.33206634 0.0715273 
 0.07429164 0.53559088 0.30753283 0.08258466
 0.04595715 0.361783   0.40946786 0.18279198
 0.16862474 0.48721493 0.2626123  0.08154803

MOTIF SiglTask_unmod1_l3_f_13
letter-probability matrix: alength= 4 w= 9 
 3.32889481e-04 2.57656458e-01 2.80625832e-01 4.61384820e-01
 3.32889481e-04 2.71970706e-01 9.98668442e-04 7.26697736e-01
 0.42976032 0.32057257 0.13848202 0.11118509
 1.01864181e-01 8.33888149e-01 6.39147803e-02 3.32889481e-04
 9.02796272e-01 7.55659121e-02 2.13049268e-02 3.32889481e-04
 3.32889481e-04 2.89613848e-02 4.82689747e-01 4.88015979e-01
 9.48735020e-02 1.56458056e-02 3.32889481e-04 8.89147803e-01
 0.31624501 0.13781625 0.41011984 0.13581891
 0.29793609 0.24866844 0.26564581 0.18774967

MOTIF SiglTask_unmod1_l3_f_14
letter-probability matrix: alength= 4 w= 9 
 0.30459387 0.20439414 0.19174434 0.29926764
 6.23169108e-01 3.32889481e-04 2.25366178e-01 1.51131824e-01
 3.32889481e-04 3.32889481e-04 9.32090546e-03 9.90013316e-01
 3.32889481e-04 3.32889481e-04 9.90013316e-01 9.32090546e-03
 3.70173103e-01 5.64580559e-01 3.32889481e-04 6.49134487e-02
 0.79227696 0.08588549 0.063249   0.05858855
 7.76964048e-01 3.32889481e-04 3.32889481e-04 2.22370173e-01
 0.47669774 0.16644474 0.09986684 0.25699068
 0.38715047 0.02030626 0.54327563 0.04926764

MOTIF SiglTask_unmod1_l3_f_15
letter-probability matrix: alength= 4 w= 9 
 0.40029873 0.26811053 0.29275579 0.03883495
 9.97759522e-01 7.46825990e-04 7.46825990e-04 7.46825990e-04
 7.46825990e-04 7.46825990e-04 7.46825990e-04 9.97759522e-01
 7.46825990e-04 7.46825990e-04 9.97759522e-01 7.46825990e-04
 0.07617625 0.04331591 0.71023152 0.17027633
 1.79238237e-02 9.05153099e-01 7.46825990e-04 7.61762509e-02
 0.19492158 0.27856609 0.3188947  0.20761763
 0.10082151 0.25093353 0.28080657 0.36743839
 0.08364451 0.49962659 0.35698282 0.05974608

MOTIF SiglTask_unmod1_l3_f_16
letter-probability matrix: alength= 4 w= 9 
 0.23012552 0.19456067 0.5083682  0.06694561
 0.4539749  0.03138075 0.00209205 0.5125523 
 0.74058577 0.23430962 0.02301255 0.00209205
 0.14016736 0.00209205 0.63807531 0.21966527
 0.00209205 0.92050209 0.00209205 0.07531381
 0.05020921 0.00209205 0.91422594 0.0334728 
 0.51464435 0.10460251 0.11506276 0.26569038
 0.9539749  0.00209205 0.00209205 0.041841  
 0.00209205 0.0167364  0.00209205 0.9790795 

MOTIF SiglTask_unmod1_l3_f_17
letter-probability matrix: alength= 4 w= 9 
 0.11684421 0.13981358 0.34387483 0.39946738
 0.27563249 0.0126498  0.70639148 0.00532623
 7.09387483e-01 2.82623169e-01 3.32889481e-04 7.65645806e-03
 0.55093209 0.06158455 0.22037284 0.16711052
 9.99001332e-01 3.32889481e-04 3.32889481e-04 3.32889481e-04
 3.32889481e-04 3.32889481e-04 3.32889481e-04 9.99001332e-01
 3.32889481e-04 3.32889481e-04 9.99001332e-01 3.32889481e-04
 0.27563249 0.439747   0.06458056 0.22003995
 0.34986684 0.1581225  0.16910786 0.3229028 

MOTIF SiglTask_unmod1_l3_f_18
letter-probability matrix: alength= 4 w= 9 
 0.36218375 0.24001332 0.22869507 0.16910786
 0.34753662 0.16344874 0.31125166 0.17776298
 0.01631158 0.22703063 0.42443409 0.3322237 
 3.32889481e-04 3.32889481e-04 3.32889481e-04 9.99001332e-01
 6.40812250e-01 3.32889481e-04 3.58521971e-01 3.32889481e-04
 6.65778961e-01 3.32889481e-04 3.33555260e-01 3.32889481e-04
 3.32889481e-04 3.32889481e-04 3.32889481e-04 9.99001332e-01
 7.07723036e-01 3.32889481e-04 2.91611185e-01 3.32889481e-04
 6.09520639e-01 3.32889481e-04 3.89813582e-01 3.32889481e-04

MOTIF SiglTask_unmod1_l3_f_19
letter-probability matrix: alength= 4 w= 9 
 0.09653795 0.16311585 0.41211718 0.32822903
 0.89780293 0.06591212 0.0126498  0.02363515
 2.66311585e-02 9.39414115e-01 3.32889481e-04 3.36218375e-02
 0.5792277  0.18874834 0.13415446 0.09786951
 5.11651132e-01 3.14247670e-01 3.32889481e-04 1.73768309e-01
 0.53861518 0.12849534 0.26764314 0.06524634
 3.36218375e-02 1.46471372e-01 3.32889481e-04 8.19573901e-01
 0.82656458 0.06757656 0.10219707 0.00366178
 0.37882823 0.01797603 0.40945406 0.19374168

MOTIF SiglTask_unmod1_l3_f_20
letter-probability matrix: alength= 4 w= 9 
 0.08156607 0.112969   0.34584013 0.4596248 
 4.07830343e-04 3.62969005e-02 4.07830343e-04 9.62887439e-01
 0.13009788 0.07340946 0.12887439 0.66761827
 0.1411093  0.03140294 0.52814029 0.29934747
 5.87275693e-01 4.07830343e-04 3.69086460e-01 4.32300163e-02
 0.06525285 0.30546493 0.04200653 0.58727569
 0.05831974 0.03588907 0.76916803 0.13662316
 0.295677   0.38499184 0.12642741 0.19290375
 0.25530179 0.15415987 0.22022838 0.37030995

MOTIF SiglTask_unmod1_l3_f_21
letter-probability matrix: alength= 4 w= 9 
 0.14414115 0.13548602 0.31291611 0.40745672
 4.39414115e-02 2.03395473e-01 3.32889481e-04 7.52330226e-01
 0.14913449 0.02330226 0.65279627 0.17476698
 0.42343542 0.01764314 0.38848202 0.17043941
 9.99001332e-01 3.32889481e-04 3.32889481e-04 3.32889481e-04
 4.36085220e-02 3.32889481e-04 1.97070573e-01 7.58988016e-01
 4.86018642e-01 3.32889481e-04 3.32889481e-04 5.13315579e-01
 4.42077230e-01 2.09720373e-02 5.36617843e-01 3.32889481e-04
 0.42543276 0.06990679 0.43541944 0.06924101

MOTIF SiglTask_unmod1_l3_f_22
letter-probability matrix: alength= 4 w= 9 
 0.44673768 0.1011984  0.30659121 0.1454727 
 0.20173103 0.23202397 0.24966711 0.3165779 
 0.46338216 0.20539281 0.27396804 0.05725699
 7.02396804e-01 2.96937417e-01 3.32889481e-04 3.32889481e-04
 9.99001332e-01 3.32889481e-04 3.32889481e-04 3.32889481e-04
 0.76664447 0.03595206 0.00332889 0.19407457
 3.32889481e-04 1.16511318e-02 3.32889481e-04 9.87683089e-01
 9.17776298e-01 1.16511318e-02 7.02396804e-02 3.32889481e-04
 0.60619174 0.00432756 0.33821571 0.05126498

MOTIF SiglTask_unmod1_l3_f_23
letter-probability matrix: alength= 4 w= 9 
 0.0271423  0.2202404  0.48274525 0.26987204
 0.14346646 0.29468786 0.37689027 0.18495541
 0.35711516 0.00853044 0.56688639 0.06746801
 3.87747189e-04 7.48352074e-02 6.64598682e-01 2.60178364e-01
 3.87747189e-04 8.77859636e-01 5.35091121e-02 6.82435052e-02
 2.17138426e-02 9.67429236e-01 3.87747189e-04 1.04691741e-02
 0.4420318  0.13454827 0.20822024 0.21519969
 1.64792555e-01 7.73555642e-01 6.12640558e-02 3.87747189e-04
 0.447848   0.25785188 0.28693292 0.0073672 

MOTIF SiglTask_unmod1_l3_f_24
letter-probability matrix: alength= 4 w= 9 
 0.17110519 0.27296937 0.17276964 0.38315579
 0.03828229 0.32789614 0.18109188 0.45272969
 5.15645806e-01 3.32889481e-04 1.63448735e-01 3.20572570e-01
 0.2213715  0.01564581 0.66677763 0.09620506
 9.99001332e-01 3.32889481e-04 3.32889481e-04 3.32889481e-04
 3.32889481e-04 3.32889481e-04 3.32889481e-04 9.99001332e-01
 3.32889481e-04 3.32889481e-04 9.99001332e-01 3.32889481e-04
 0.57856192 0.1108522  0.10486019 0.2057257 
 0.34886818 0.26131824 0.27663116 0.11318242

MOTIF SiglTask_unmod1_l3_f_25
letter-probability matrix: alength= 4 w= 9 
 0.1010453  0.6271777  0.04181185 0.22996516
 0.69337979 0.00348432 0.29965157 0.00348432
 0.00348432 0.3728223  0.00348432 0.62020906
 0.83972125 0.1533101  0.00348432 0.00348432
 0.98954704 0.00348432 0.00348432 0.00348432
 0.00348432 0.00348432 0.00348432 0.98954704
 0.00348432 0.00348432 0.95470383 0.03832753
 0.5087108  0.00348432 0.22648084 0.26132404
 0.2195122  0.29268293 0.02787456 0.45993031

MOTIF SiglTask_unmod1_l3_f_26
letter-probability matrix: alength= 4 w= 9 
 0.69707057 0.04727031 0.24300932 0.0126498 
 0.5        0.16944075 0.02696405 0.30359521
 0.46804261 0.05725699 0.45739015 0.01731025
 9.42410120e-01 3.32889481e-04 5.69241012e-02 3.32889481e-04
 0.02130493 0.03362184 0.0349534  0.91011984
 3.26231691e-02 3.32889481e-04 9.57057257e-01 9.98668442e-03
 0.74800266 0.04826897 0.16511318 0.03861518
 0.16211718 0.27563249 0.25099867 0.31125166
 0.31491345 0.21438083 0.40279627 0.06790945

MOTIF SiglTask_unmod1_l3_f_27
letter-probability matrix: alength= 4 w= 9 
 0.06030151 0.04020101 0.20100503 0.69849246
 0.18592965 0.07537688 0.57286432 0.16582915
 0.98492462 0.00502513 0.00502513 0.00502513
 0.3718593  0.00502513 0.15075377 0.47236181
 0.46733668 0.00502513 0.47236181 0.05527638
 0.00502513 0.02512563 0.05527638 0.91457286
 0.2361809  0.06532663 0.00502513 0.69346734
 0.00502513 0.98492462 0.00502513 0.00502513
 0.72864322 0.00502513 0.09045226 0.1758794 

MOTIF SiglTask_unmod1_l3_f_28
letter-probability matrix: alength= 4 w= 9 
 0.13891487 0.25350795 0.44013096 0.16744621
 0.06033676 0.42422825 0.03320861 0.48222638
 0.39429373 0.18334892 0.27455566 0.14780168
 0.07156221 0.46258185 0.0767072  0.38914874
 9.98596819e-01 4.67726848e-04 4.67726848e-04 4.67726848e-04
 5.61272217e-03 1.02899906e-02 4.67726848e-04 9.83629560e-01
 8.88681010e-03 4.67726848e-04 9.90177736e-01 4.67726848e-04
 5.30402245e-01 9.35453695e-04 4.68194574e-01 4.67726848e-04
 0.1463985  0.19597755 0.49158092 0.16604303

MOTIF SiglTask_unmod1_l3_f_29
letter-probability matrix: alength= 4 w= 9 
 0.33954727 0.24567244 0.20972037 0.20505992
 9.99001332e-01 3.32889481e-04 3.32889481e-04 3.32889481e-04
 3.32889481e-04 3.32889481e-04 3.32889481e-04 9.99001332e-01
 3.32889481e-04 3.32889481e-04 9.99001332e-01 3.32889481e-04
 0.19074567 0.07723036 0.56624501 0.16577896
 0.6804261  0.21005326 0.08355526 0.02596538
 0.09653795 0.01697736 0.19374168 0.69274301
 3.32889481e-04 3.33222370e-01 2.69640479e-01 3.96804261e-01
 0.27962716 0.19374168 0.3954727  0.13115846

MOTIF SiglTask_unmod1_l3_f_30
letter-probability matrix: alength= 4 w= 9 
 0.61872405 0.0815402  0.19592299 0.10381276
 0.28388071 0.2785957  0.05171763 0.38580596
 0.42733107 0.06228766 0.41411854 0.09626274
 0.53303133 0.27557569 0.12495281 0.06644017
 5.03208758e-01 3.77500944e-04 3.77500944e-04 4.96036240e-01
 3.77500944e-04 3.77500944e-04 4.96036240e-01 5.03208758e-01
 3.77500944e-04 3.77500944e-04 9.95469989e-01 3.77500944e-03
 0.37259343 0.2385806  0.37221593 0.01661004
 0.17818045 0.10230276 0.48244621 0.23707059

MOTIF SiglTask_unmod1_l3_f_31
letter-probability matrix: alength= 4 w= 9 
 0.69241012 0.0063249  0.29826897 0.00299601
 0.54227696 0.15912117 0.04027963 0.25832224
 0.1677763  0.23568575 0.38448735 0.2120506 
 9.99001332e-01 3.32889481e-04 3.32889481e-04 3.32889481e-04
 3.32889481e-04 3.32889481e-04 3.32889481e-04 9.99001332e-01
 3.32889481e-04 3.32889481e-04 9.99001332e-01 3.32889481e-04
 0.15412783 0.24667111 0.17976032 0.41944075
 0.4051265  0.18009321 0.310253   0.1045273 
 0.34087883 0.08721704 0.21404794 0.35785619

MOTIF SiglTask_unmod1_l3_f_32
letter-probability matrix: alength= 4 w= 9 
 0.33518776 0.26529903 0.26773296 0.13178025
 0.46349096 0.30285118 0.14673157 0.08692629
 0.42802503 0.10605007 0.09283727 0.37308762
 0.39812239 0.1286509  0.45584145 0.01738526
 9.98956885e-01 3.47705146e-04 3.47705146e-04 3.47705146e-04
 3.47705146e-04 3.47705146e-04 3.47705146e-04 9.98956885e-01
 3.47705146e-04 3.47705146e-04 9.98956885e-01 3.47705146e-04
 0.84631433 0.04172462 0.05041725 0.06154381
 0.42002782 0.23887344 0.23817803 0.10292072

MOTIF SiglTask_unmod1_l3_f_33
letter-probability matrix: alength= 4 w= 9 
 0.54560586 0.12849534 0.19274301 0.13315579
 0.74567244 0.04860186 0.20039947 0.00532623
 0.01165113 0.5792277  0.02729694 0.38182423
 0.12882823 0.48268975 0.20406125 0.18442077
 0.63648469 0.06890812 0.07756325 0.21704394
 0.61451398 0.06358189 0.01464714 0.30725699
 5.31624501e-01 3.32889481e-04 6.32490013e-03 4.61717710e-01
 2.39680426e-02 3.32889481e-04 9.42743009e-01 3.29560586e-02
 0.04194407 0.18142477 0.66378162 0.11284953

MOTIF SiglTask_unmod1_l3_f_34
letter-probability matrix: alength= 4 w= 9 
 0.82323569 0.00932091 0.1644474  0.00299601
 0.39580559 0.23368842 0.19207723 0.17842876
 5.36950732e-01 5.79227696e-02 4.04793609e-01 3.32889481e-04
 9.99001332e-01 3.32889481e-04 3.32889481e-04 3.32889481e-04
 2.33022636e-02 3.32889481e-04 3.32889481e-04 9.76031957e-01
 2.33022636e-02 3.32889481e-04 9.76031957e-01 3.32889481e-04
 5.28961385e-01 3.32889481e-04 3.19241012e-01 1.51464714e-01
 0.44640479 0.12916112 0.26697736 0.15745672
 0.31624501 0.1045273  0.35852197 0.22070573

MOTIF SiglTask_unmod1_l3_f_35
letter-probability matrix: alength= 4 w= 9 
 0.74300932 0.14713715 0.05958722 0.05026631
 0.91111851 0.04460719 0.01331558 0.03095872
 0.6581225  0.17743009 0.00399467 0.16045273
 0.67776298 0.00699068 0.06924101 0.24600533
 0.66344874 0.02563249 0.22503329 0.08588549
 8.58854860e-02 3.32889481e-04 8.55858855e-01 5.79227696e-02
 0.18142477 0.29693742 0.23235686 0.28928096
 3.32889481e-04 5.29294274e-02 6.88748336e-01 2.57989348e-01
 0.05426099 0.48968043 0.12483356 0.33122503

MOTIF SiglTask_unmod1_l3_f_36
letter-probability matrix: alength= 4 w= 9 
 0.24281549 0.19241983 0.28113286 0.28363182
 0.15701791 0.14827155 0.48896293 0.20574761
 4.16493128e-04 3.95668471e-02 3.41940858e-01 6.18075802e-01
 4.16493128e-04 4.16493128e-04 2.34485631e-01 7.64681383e-01
 0.10662224 0.20283215 0.23531862 0.45522699
 0.42607247 0.16909621 0.01124531 0.39358601
 0.48646397 0.02374011 0.0058309  0.48396501
 0.01416077 0.01582674 0.46605581 0.50395668
 0.02165764 0.26239067 0.56518117 0.15077051

MOTIF SiglTask_unmod1_l3_f_37
letter-probability matrix: alength= 4 w= 9 
 0.40260655 0.13349771 0.36456499 0.09933075
 0.22155689 0.20464952 0.1430081  0.43078549
 0.08101444 0.19760479 0.11764706 0.60373371
 8.83057415e-01 3.52236703e-04 1.16238112e-01 3.52236703e-04
 1.16238112e-01 3.52236703e-04 3.52236703e-04 8.83057415e-01
 3.52236703e-04 3.52236703e-04 8.83057415e-01 1.16238112e-01
 0.77175062 0.03592814 0.11623811 0.07608313
 0.32088764 0.51497006 0.09827404 0.06586826
 0.34026066 0.15251849 0.24304333 0.26417753

MOTIF SiglTask_unmod1_l3_f_38
letter-probability matrix: alength= 4 w= 9 
 9.61384820e-01 3.32889481e-04 3.79494008e-02 3.32889481e-04
 0.19207723 0.00366178 0.07090546 0.73335553
 0.07223702 0.05725699 0.86018642 0.01031957
 0.46937417 0.03994674 0.48468708 0.00599201
 0.08754993 0.35419441 0.0126498  0.54560586
 0.12050599 0.01764314 0.75432756 0.1075233 
 0.13814913 0.10552597 0.56691079 0.18941411
 0.35785619 0.29161119 0.29660453 0.0539281 
 0.32356858 0.19141145 0.24766977 0.2373502 

MOTIF SiglTask_unmod1_l3_f_39
letter-probability matrix: alength= 4 w= 9 
 0.44378698 0.08801775 0.1908284  0.27736686
 0.28994083 0.22559172 0.20931953 0.27514793
 7.39644970e-04 9.88165680e-01 7.39644970e-04 1.03550296e-02
 7.39644970e-04 7.61834320e-02 9.22337278e-01 7.39644970e-04
 1.55325444e-02 9.82988166e-01 7.39644970e-04 7.39644970e-04
 2.66272189e-02 9.71893491e-01 7.39644970e-04 7.39644970e-04
 7.64792899e-01 8.28402367e-02 7.39644970e-04 1.51627219e-01
 0.11390533 0.41494083 0.29511834 0.1760355 
 0.16715976 0.3683432  0.13461538 0.32988166

MOTIF SiglTask_unmod1_l3_f_40
letter-probability matrix: alength= 4 w= 9 
 0.439747   0.03761651 0.3385486  0.18408788
 0.47569907 0.12616511 0.27996005 0.11817577
 6.77430093e-01 1.46138482e-01 1.76098535e-01 3.32889481e-04
 0.49766977 0.13981358 0.04893475 0.31358189
 0.30259654 0.00299601 0.39946738 0.29494008
 6.03861518e-01 3.16577896e-01 3.32889481e-04 7.92276964e-02
 7.65645806e-03 3.32889481e-04 3.32889481e-04 9.91677763e-01
 9.91677763e-01 3.32889481e-04 7.65645806e-03 3.32889481e-04
 4.69041278e-01 3.32889481e-04 5.30292943e-01 3.32889481e-04

MOTIF SiglTask_unmod1_l3_f_41
letter-probability matrix: alength= 4 w= 9 
 0.33721704 0.36451398 0.25466045 0.04360852
 3.32889481e-04 1.65778961e-01 8.33555260e-01 3.32889481e-04
 3.32889481e-04 3.32889481e-04 9.53728362e-01 4.56058589e-02
 3.32889481e-04 3.49533955e-02 2.24700399e-01 7.40013316e-01
 0.29826897 0.16577896 0.45472703 0.08122503
 1.16844208e-01 2.49667111e-02 8.57856192e-01 3.32889481e-04
 3.32889481e-04 3.32889481e-04 9.92676431e-01 6.65778961e-03
 0.09354194 0.31358189 0.35785619 0.23501997
 0.27762983 0.3701731  0.18874834 0.16344874

MOTIF SiglTask_unmod1_l3_f_42
letter-probability matrix: alength= 4 w= 9 
 0.22205049 0.24162803 0.50850077 0.02782071
 5.15198351e-04 3.60123648e-01 6.33693972e-01 5.66718187e-03
 5.15198351e-04 9.86089645e-01 5.15198351e-04 1.28799588e-02
 5.15198351e-04 4.77073673e-01 5.21895930e-01 5.15198351e-04
 5.15198351e-04 9.03657908e-01 5.15198351e-04 9.53116950e-02
 1.07161257e-01 8.85110768e-01 5.15198351e-04 7.21277692e-03
 0.50540958 0.10819165 0.33436373 0.05203503
 0.19010819 0.06439979 0.57753735 0.16795466
 0.24162803 0.07161257 0.59866048 0.08809892

MOTIF SiglTask_unmod1_l3_f_43
letter-probability matrix: alength= 4 w= 9 
 0.57523302 0.04693742 0.27363515 0.10419441
 0.53761651 0.20439414 0.06424767 0.19374168
 5.55259654e-01 2.40346205e-01 2.04061252e-01 3.32889481e-04
 8.43541944e-01 3.32889481e-04 1.46471372e-02 1.41478029e-01
 2.57656458e-01 3.32889481e-04 1.41478029e-01 6.00532623e-01
 0.20772304 0.17676431 0.13082557 0.48468708
 3.32889481e-04 3.32889481e-04 6.71438083e-01 3.27896138e-01
 0.10552597 0.2023968  0.12683089 0.56524634
 0.31125166 0.08388815 0.47836218 0.126498  

MOTIF SiglTask_unmod1_l3_f_44
letter-probability matrix: alength= 4 w= 9 
 0.3196028  0.20559029 0.2239794  0.25082751
 0.3299007  0.24457521 0.25413755 0.17138654
 0.26884884 0.1618242  0.44538433 0.12394263
 3.67782273e-04 3.67782273e-04 3.67782273e-04 9.98896653e-01
 8.70540640e-01 3.67782273e-04 1.28723796e-01 3.67782273e-04
 3.05994851e-01 3.67782273e-04 6.93269584e-01 3.67782273e-04
 3.67782273e-04 3.67782273e-04 3.67782273e-04 9.98896653e-01
 6.91062891e-01 3.67782273e-04 3.08201545e-01 3.67782273e-04
 6.92901802e-01 3.67782273e-04 3.06362633e-01 3.67782273e-04

MOTIF SiglTask_unmod1_l3_f_45
letter-probability matrix: alength= 4 w= 9 
 0.66744341 0.21338216 0.05525965 0.06391478
 0.61018642 0.07356858 0.18442077 0.13182423
 0.11185087 0.07223702 0.32523302 0.49067909
 3.32889481e-04 2.39680426e-02 7.98934754e-03 9.67709720e-01
 0.19740346 0.01564581 0.38015979 0.40679095
 4.09454061e-02 4.46071904e-02 3.32889481e-04 9.14114514e-01
 9.74034621e-01 3.32889481e-04 3.99467377e-03 2.16378162e-02
 5.75233023e-01 3.32889481e-04 2.09054594e-01 2.15379494e-01
 0.55625832 0.11917443 0.18142477 0.14314248

MOTIF SiglTask_unmod1_l3_f_46
letter-probability matrix: alength= 4 w= 9 
 0.47336884 0.33921438 0.06058589 0.12683089
 0.41211718 0.2912783  0.06225033 0.23435419
 0.01198402 0.04494008 0.88215712 0.06091877
 0.0063249  0.15279627 0.11584554 0.72503329
 3.32889481e-04 1.40146471e-01 4.08788282e-01 4.50732357e-01
 0.00699068 0.12383489 0.75199734 0.1171771 
 5.25965379e-02 6.19840213e-01 3.32889481e-04 3.27230360e-01
 0.14980027 0.4840213  0.2436751  0.12250333
 0.00366178 0.27829561 0.2816245  0.43641811

MOTIF SiglTask_unmod1_l3_f_47
letter-probability matrix: alength= 4 w= 9 
 0.20357263 0.14357937 0.46039771 0.19245029
 0.32591844 0.1388608  0.04819683 0.48702393
 0.20155039 0.03404112 0.38961914 0.37478935
 0.38490057 0.01718908 0.00977418 0.58813616
 0.48230536 0.01213347 0.13447927 0.3710819 
 8.45972363e-02 3.37040782e-04 5.08931581e-02 8.64172565e-01
 0.27637344 0.01213347 0.60465116 0.10684193
 0.58274351 0.02190765 0.18469835 0.21065049
 0.10751601 0.07313785 0.42938996 0.38995618

MOTIF SiglTask_unmod1_l3_f_48
letter-probability matrix: alength= 4 w= 9 
 0.01930759 0.61517976 0.04460719 0.32090546
 3.32889481e-04 3.32889481e-04 6.29494008e-01 3.69840213e-01
 0.21171771 0.12949401 0.55958722 0.09920107
 6.50133156e-01 3.49201065e-01 3.32889481e-04 3.32889481e-04
 0.11984021 0.01065246 0.08521971 0.78428762
 0.10086551 0.44973369 0.07623169 0.37316911
 0.20306258 0.76731025 0.00499334 0.02463382
 0.41644474 0.18908123 0.27030626 0.12416778
 0.37217044 0.24900133 0.01231691 0.36651132

MOTIF SiglTask_unmod1_l3_f_49
letter-probability matrix: alength= 4 w= 9 
 0.32057257 0.05359521 0.54627164 0.07956059
 0.07789614 0.05892144 0.49800266 0.36517976
 3.32889481e-04 8.45872170e-01 3.32889481e-04 1.53462051e-01
 1.36817577e-01 3.32889481e-04 8.52862850e-01 9.98668442e-03
 0.02796272 0.10252996 0.24800266 0.62150466
 0.3258988  0.51131824 0.10652463 0.05625832
 0.62450067 0.21937417 0.10719041 0.04893475
 0.16078562 0.06258322 0.15579228 0.62083888
 0.3418775  0.54227696 0.02330226 0.09254328

MOTIF SiglTask_unmod1_l3_f_50
letter-probability matrix: alength= 4 w= 9 
 0.634295   0.11174319 0.1588785  0.0950833 
 0.2779358  0.1755384  0.22958147 0.31694433
 0.20601382 0.24014628 0.44128403 0.11255587
 9.98780983e-01 4.06338887e-04 4.06338887e-04 4.06338887e-04
 4.06338887e-04 4.06338887e-04 4.06338887e-04 9.98780983e-01
 4.06338887e-04 4.06338887e-04 9.98780983e-01 4.06338887e-04
 0.05201138 0.23770825 0.06460788 0.64567249
 0.36204795 0.05729378 0.54571312 0.03494514
 0.59488013 0.13124746 0.1901666  0.08370581

MOTIF SiglTask_unmod1_l3_f_51
letter-probability matrix: alength= 4 w= 9 
 0.14829587 0.19035533 0.51232777 0.14902103
 8.08556925e-02 6.08774474e-01 3.62581581e-04 3.10007252e-01
 0.55293691 0.02429297 0.41551849 0.00725163
 3.62581581e-04 9.78970268e-03 7.65047136e-01 2.24800580e-01
 0.01051487 0.07722988 0.05982596 0.8524293 
 0.12762872 0.03335751 0.74329224 0.09572154
 0.18092821 0.25380711 0.25126904 0.31399565
 9.42712110e-01 4.67730239e-02 1.01522843e-02 3.62581581e-04
 0.03843365 0.05076142 0.0826686  0.82813633

MOTIF SiglTask_unmod1_l3_f_52
letter-probability matrix: alength= 4 w= 9 
 0.21767994 0.19881202 0.21208945 0.37141859
 0.32494759 0.19986024 0.23969252 0.23549965
 8.47658980e-01 3.49406010e-04 1.51642208e-01 3.49406010e-04
 0.49755416 0.12054507 0.03808526 0.34381551
 0.45038435 0.03249476 0.48567435 0.03144654
 8.94828791e-01 4.33263452e-02 6.14954577e-02 3.49406010e-04
 0.00663871 0.01537386 0.00244584 0.97554158
 3.49406010e-04 3.49406010e-04 9.98951782e-01 3.49406010e-04
 0.10237596 0.05136268 0.65408805 0.19217331

MOTIF SiglTask_unmod1_l3_f_53
letter-probability matrix: alength= 4 w= 9 
 0.10918775 0.35952064 0.13581891 0.3954727 
 0.13482024 0.61218375 0.04394141 0.20905459
 3.32889481e-04 3.32889481e-04 6.89414115e-01 3.09920107e-01
 0.08288948 0.18209055 0.30792277 0.4270972 
 0.20439414 0.69241012 0.04294274 0.060253  
 5.40612517e-01 3.32889481e-04 2.56324900e-02 4.33422104e-01
 0.69973369 0.06591212 0.02762983 0.20672437
 0.10053262 0.4017976  0.05958722 0.43808256
 0.87782956 0.09520639 0.02563249 0.00133156

MOTIF SiglTask_unmod1_l3_f_54
letter-probability matrix: alength= 4 w= 9 
 0.32989348 0.24667111 0.16844208 0.25499334
 0.29993342 0.05459387 0.45705726 0.18841545
 0.5349534  0.00299601 0.24334221 0.21870839
 0.27929427 0.02929427 0.43242344 0.25898802
 6.68109188e-01 3.32889481e-04 2.49667111e-01 8.18908123e-02
 2.25033289e-01 3.32889481e-04 1.06524634e-01 6.68109188e-01
 0.08888149 0.00599201 0.85552597 0.04960053
 0.46537949 0.28761651 0.18009321 0.06691079
 0.21038615 0.25233023 0.44806924 0.08921438

MOTIF SiglTask_unmod1_l3_f_55
letter-probability matrix: alength= 4 w= 9 
 0.1258956  0.5489594  0.01876493 0.30638008
 0.45888775 0.35994541 0.14397816 0.03718867
 0.0279768  0.38348686 0.29512112 0.29341522
 3.41180484e-04 3.30262709e-01 3.41180484e-04 6.69054930e-01
 1.52507677e-01 3.41180484e-04 8.46809962e-01 3.41180484e-04
 3.41180484e-04 1.70590242e-03 9.97611737e-01 3.41180484e-04
 2.12555442e-01 4.16240191e-02 3.41180484e-04 7.45479359e-01
 1.48754691e-01 3.41180484e-04 6.85772774e-01 1.65131354e-01
 0.45854657 0.1818492  0.21869669 0.14090754

MOTIF SiglTask_unmod1_l3_f_56
letter-probability matrix: alength= 4 w= 9 
 0.63648469 0.11950732 0.17276964 0.07123835
 0.4334221  0.03095872 0.26631158 0.26930759
 3.32889481e-04 5.31624501e-01 1.15512650e-01 3.52529960e-01
 0.30659121 0.19174434 0.4683755  0.03328895
 0.18541944 0.34021305 0.17443409 0.29993342
 8.98135819e-01 1.01198402e-01 3.32889481e-04 3.32889481e-04
 1.23169108e-02 8.92143808e-02 3.32889481e-04 8.98135819e-01
 6.02529960e-02 3.52862850e-02 9.04127830e-01 3.32889481e-04
 0.25499334 0.23834887 0.17609854 0.33055925

MOTIF SiglTask_unmod1_l3_f_57
letter-probability matrix: alength= 4 w= 9 
 0.18473282 0.18091603 0.35381679 0.28053435
 0.02061069 0.1648855  0.11068702 0.70381679
 0.55801527 0.11984733 0.19961832 0.12251908
 0.1759542  0.24236641 0.50152672 0.08015267
 0.06946565 0.69618321 0.08320611 0.15114504
 3.81679389e-04 9.80916031e-01 2.29007634e-03 1.64122137e-02
 3.81679389e-04 9.60305344e-01 3.81679389e-04 3.89312977e-02
 0.07748092 0.8019084  0.04083969 0.07977099
 0.32862595 0.30229008 0.14503817 0.2240458 

MOTIF SiglTask_unmod1_l3_f_58
letter-probability matrix: alength= 4 w= 9 
 0.11266167 0.32743363 0.18447924 0.37542546
 0.7331518  0.0724983  0.10040844 0.09394146
 0.7426821  0.00306331 0.09496256 0.15929204
 0.24676651 0.01463581 0.5850919  0.15350579
 0.01225323 0.08304969 0.66814159 0.23655548
 6.82096664e-01 2.67188564e-01 5.03744044e-02 3.40367597e-04
 0.24438393 0.24676651 0.50340368 0.00544588
 0.00272294 0.0367597  0.1701838  0.79033356
 0.10653506 0.62049013 0.02756978 0.24540504

MOTIF SiglTask_unmod1_l3_f_59
letter-probability matrix: alength= 4 w= 9 
 0.17210386 0.11651132 0.51364847 0.19773635
 0.02496671 0.15912117 0.11451398 0.70139814
 1.96404794e-02 3.32889481e-04 8.34221039e-01 1.45805593e-01
 3.32889481e-04 2.85619174e-01 5.55925433e-01 1.58122503e-01
 2.82956059e-02 9.71038615e-01 3.32889481e-04 3.32889481e-04
 5.91211718e-01 3.80159787e-01 3.32889481e-04 2.82956059e-02
 0.35818908 0.50399467 0.03428762 0.10352863
 0.30093209 0.63814913 0.0569241  0.00399467
 0.61517976 0.08588549 0.26797603 0.03095872

MOTIF SiglTask_unmod1_l3_f_60
letter-probability matrix: alength= 4 w= 9 
 0.24933422 0.22836218 0.25798935 0.26431425
 0.17143808 0.22237017 0.41711052 0.18908123
 3.32889481e-04 3.32889481e-04 3.32889481e-04 9.99001332e-01
 7.79960053e-01 3.32889481e-04 2.19374168e-01 3.32889481e-04
 3.28561917e-01 3.32889481e-04 6.70772304e-01 3.32889481e-04
 3.32889481e-04 3.32889481e-04 3.32889481e-04 9.99001332e-01
 7.49667111e-01 3.32889481e-04 2.49667111e-01 3.32889481e-04
 5.63249001e-01 3.32889481e-04 4.36085220e-01 3.32889481e-04
 0.31557923 0.20439414 0.25965379 0.22037284

MOTIF SiglTask_unmod1_l3_f_61
letter-probability matrix: alength= 4 w= 9 
 0.47736352 0.22703063 0.11418109 0.18142477
 0.44707057 0.0349534  0.49667111 0.02130493
 3.32889481e-04 2.81624501e-01 2.98268975e-01 4.19773635e-01
 3.32889481e-04 4.92676431e-02 3.94474035e-01 5.55925433e-01
 0.40712383 0.02796272 0.22103862 0.34387483
 0.74633822 0.13149134 0.01797603 0.10419441
 2.29693742e-02 3.32889481e-04 3.32889481e-04 9.76364847e-01
 9.23435419e-01 3.32889481e-04 5.32623169e-02 2.29693742e-02
 7.57989348e-01 3.32889481e-04 2.41344874e-01 3.32889481e-04

MOTIF SiglTask_unmod1_l3_f_62
letter-probability matrix: alength= 4 w= 9 
 0.20472703 0.15878828 0.48668442 0.14980027
 3.32889481e-04 3.32889481e-04 3.32889481e-04 9.99001332e-01
 7.30359521e-01 3.32889481e-04 2.68974700e-01 3.32889481e-04
 5.20306258e-01 3.32889481e-04 4.79027963e-01 3.32889481e-04
 3.32889481e-04 3.32889481e-04 3.32889481e-04 9.99001332e-01
 7.45006658e-01 3.32889481e-04 2.54327563e-01 3.32889481e-04
 7.23035952e-01 3.32889481e-04 2.76298269e-01 3.32889481e-04
 0.36651132 0.22936085 0.25233023 0.1517976 
 0.18641811 0.2120506  0.33155792 0.26997337

MOTIF SiglTask_unmod1_l3_f_63
letter-probability matrix: alength= 4 w= 9 
 0.07414966 0.1622449  0.39931973 0.36428571
 0.0914966  0.54319728 0.28027211 0.08503401
 0.56598639 0.31020408 0.11156463 0.0122449 
 3.40136054e-04 3.40136054e-04 3.40136054e-04 9.98979592e-01
 9.88435374e-01 3.40136054e-04 1.08843537e-02 3.40136054e-04
 1.97619048e-01 3.40136054e-04 8.01700680e-01 3.40136054e-04
 0.04591837 0.10204082 0.77278912 0.0792517 
 0.02891156 0.38231293 0.5622449  0.02653061
 0.2329932  0.13401361 0.40816327 0.22482993

MOTIF SiglTask_unmod1_l3_f_64
letter-probability matrix: alength= 4 w= 9 
 0.52073893 0.14743813 0.20181248 0.13001046
 0.71453468 0.05960265 0.15859184 0.06727083
 4.71941443e-01 3.48553503e-04 1.34541652e-01 3.93168351e-01
 1.42209829e-01 3.48553503e-04 5.29104217e-01 3.28337400e-01
 0.51307076 0.09236668 0.33321715 0.06134542
 7.43813175e-01 3.48553503e-04 7.45904496e-02 1.81247822e-01
 0.01568491 0.0592541  0.18124782 0.74381318
 0.09410945 0.04984315 0.79365633 0.06239108
 0.26315789 0.19309864 0.32345765 0.22028581

MOTIF SiglTask_unmod1_l3_f_65
letter-probability matrix: alength= 4 w= 9 
 0.06557923 0.02663116 0.87117177 0.03661784
 0.01098535 0.23235686 0.65612517 0.10053262
 0.16611185 0.55359521 0.26564581 0.01464714
 0.02896138 0.18541944 0.52663116 0.25898802
 0.0252996  0.67043941 0.23834887 0.06591212
 3.32889481e-04 7.06724368e-01 2.92609854e-01 3.32889481e-04
 0.21770972 0.1834221  0.43608522 0.16278296
 0.05193076 0.75965379 0.06790945 0.12050599
 0.126498   0.54194407 0.22836218 0.10319574

MOTIF SiglTask_unmod1_l3_f_66
letter-probability matrix: alength= 4 w= 9 
 0.2605331  0.13585555 0.47291488 0.13069647
 0.10318143 0.11092003 0.54256234 0.2433362 
 8.59845228e-04 1.06620808e-01 8.59845228e-04 8.91659501e-01
 6.44883921e-02 8.59845228e-04 9.33791917e-01 8.59845228e-04
 0.00085985 0.59157352 0.10490112 0.30266552
 0.46431642 0.26913156 0.14961307 0.11693895
 0.82459157 0.0627687  0.00085985 0.11177988
 0.06534824 0.00085985 0.16595013 0.76784179
 0.08512468 0.05073087 0.80309544 0.06104901

MOTIF SiglTask_unmod1_l3_f_67
letter-probability matrix: alength= 4 w= 9 
 0.29171895 0.21141782 0.402133   0.09473024
 6.27352572e-04 5.64617315e-02 8.83312422e-01 5.95984944e-02
 6.27352572e-04 6.27352572e-04 6.27352572e-04 9.98117942e-01
 6.27352572e-04 6.27352572e-04 9.98117942e-01 6.27352572e-04
 6.27352572e-04 6.27352572e-04 9.98117942e-01 6.27352572e-04
 0.40777917 0.59096612 0.00062735 0.00062735
 0.43099122 0.1336261  0.33186951 0.10351317
 8.09284818e-01 6.27352572e-04 9.78670013e-02 9.22208281e-02
 0.44981179 0.17001255 0.17001255 0.21016311

MOTIF SiglTask_unmod1_l3_f_68
letter-probability matrix: alength= 4 w= 9 
 0.44007989 0.27596538 0.1930759  0.09087883
 8.54860186e-01 1.86418109e-02 1.26165113e-01 3.32889481e-04
 0.31924101 0.02996005 0.08788282 0.56291611
 0.26531292 0.01498003 0.64147803 0.07822903
 0.50466045 0.04294274 0.18774967 0.26464714
 9.42077230e-02 3.86151798e-02 3.32889481e-04 8.66844208e-01
 0.01964048 0.07623169 0.68508655 0.21904128
 0.01165113 0.03828229 0.78395473 0.16611185
 0.45439414 0.30659121 0.18641811 0.05259654

MOTIF SiglTask_unmod1_l3_f_69
letter-probability matrix: alength= 4 w= 9 
 8.23235686e-01 2.59653795e-02 1.50466045e-01 3.32889481e-04
 7.88948069e-02 3.32889481e-04 8.65512650e-03 9.12117177e-01
 1.60452730e-01 3.32889481e-04 8.22902796e-01 1.63115846e-02
 7.11384820e-01 1.97736352e-01 3.32889481e-04 9.05459387e-02
 0.23934754 0.03828229 0.26464714 0.45772304
 5.89214381e-01 1.99733688e-02 3.32889481e-04 3.90479361e-01
 0.56624501 0.00532623 0.40079893 0.02762983
 0.41245007 0.23535286 0.32889481 0.02330226
 0.373502   0.13881491 0.38482024 0.10286285

MOTIF SiglTask_unmod1_l3_f_70
letter-probability matrix: alength= 4 w= 9 
 0.78638941 0.15122873 0.02344045 0.0389414 
 0.01285444 0.01776938 0.04952741 0.91984877
 5.21739130e-02 1.47448015e-02 9.32703214e-01 3.78071834e-04
 9.64083176e-02 3.78071834e-04 7.97731569e-01 1.05482042e-01
 0.4657845  0.32741021 0.10623819 0.10056711
 0.09413989 0.30586011 0.24574669 0.35425331
 0.23780718 0.45255198 0.23327032 0.07637051
 0.11153119 0.15652174 0.53270321 0.19924386
 0.15803403 0.39017013 0.25141777 0.20037807

MOTIF SiglTask_unmod1_l3_f_71
letter-probability matrix: alength= 4 w= 9 
 0.29251701 0.19345238 0.25127551 0.2627551 
 0.10629252 0.12244898 0.07908163 0.69217687
 0.49107143 0.20195578 0.06590136 0.24107143
 1.20748299e-01 3.03146259e-01 4.25170068e-04 5.75680272e-01
 9.85969388e-01 4.25170068e-04 2.55102041e-03 1.10544218e-02
 4.25170068e-04 4.25170068e-04 4.25170068e-04 9.98724490e-01
 9.98724490e-01 4.25170068e-04 4.25170068e-04 4.25170068e-04
 7.10034014e-01 2.80612245e-02 2.61479592e-01 4.25170068e-04
 0.03486395 0.11096939 0.46683673 0.38732993

MOTIF SiglTask_unmod1_l3_f_72
letter-probability matrix: alength= 4 w= 9 
 0.0445269  0.15955473 0.01113173 0.78478664
 0.24304267 0.00185529 0.72170686 0.03339518
 0.28942486 0.28756957 0.09090909 0.33209647
 0.47309833 0.26716141 0.00185529 0.25788497
 0.28200371 0.24304267 0.00185529 0.47309833
 0.12987013 0.11317254 0.52319109 0.23376623
 0.53617811 0.46011132 0.00185529 0.00185529
 0.19109462 0.00185529 0.16141002 0.64564007
 0.16883117 0.10575139 0.68089054 0.0445269 

MOTIF SiglTask_unmod1_l3_f_73
letter-probability matrix: alength= 4 w= 9 
 0.18741678 0.28961385 0.21537949 0.30758988
 0.19673768 0.11817577 0.4177763  0.26731025
 3.32889481e-04 3.32889481e-04 3.32889481e-04 9.99001332e-01
 6.98069241e-01 3.32889481e-04 3.01264980e-01 3.32889481e-04
 5.45938748e-01 3.32889481e-04 4.53395473e-01 3.32889481e-04
 3.32889481e-04 3.32889481e-04 3.32889481e-04 9.99001332e-01
 8.93475366e-01 3.32889481e-04 1.05858855e-01 3.32889481e-04
 4.54727031e-01 3.32889481e-04 5.44607190e-01 3.32889481e-04
 0.32989348 0.2373502  0.28894807 0.14380826

MOTIF SiglTask_unmod1_l3_f_74
letter-probability matrix: alength= 4 w= 9 
 0.2019656  0.25061425 0.43488943 0.11253071
 0.09238329 0.53071253 0.21572482 0.16117936
 0.13955774 0.46879607 0.38525799 0.00638821
 4.91400491e-04 8.95331695e-01 4.91400491e-04 1.03685504e-01
 2.45700246e-02 8.85995086e-01 8.89434889e-02 4.91400491e-04
 4.91400491e-04 8.88452088e-01 5.89680590e-02 5.20884521e-02
