MEME version 5.3.0

ALPHABET= ACGT

strands: + -

Background letter frequencies
A 0.25 C 0.25 G 0.25 T 0.25

MOTIF SThuman_l3_f_0
letter-probability matrix: alength= 4 w= 9 
 0.2492201  0.35112652 0.13968804 0.25996534
 0.0644714  0.10710572 0.00797227 0.82045061
 0.03674177 0.14350087 0.34350087 0.4762565 
 0.00103986 0.24436742 0.72062392 0.0339688 
 0.00901213 0.71646447 0.13136915 0.14315425
 0.10606586 0.11057192 0.01282496 0.77053726
 0.34038128 0.35528596 0.01386482 0.29046794
 0.18925477 0.2339688  0.03708839 0.53968804
 0.45857886 0.07417678 0.04020797 0.4270364 

MOTIF SThuman_l3_f_1
letter-probability matrix: alength= 4 w= 9 
 0.01136902 0.34486026 0.32780673 0.315964  
 4.73709143e-04 9.04784462e-02 1.42112743e-03 9.07626717e-01
 4.70393179e-01 2.03694931e-02 5.08763619e-01 4.73709143e-04
 0.85978209 0.10847939 0.02273804 0.00900047
 0.33301753 0.5438181  0.0724775  0.05068688
 0.42349597 0.11747987 0.31833254 0.14069162
 0.04405495 0.3315964  0.144955   0.47939365
 0.1657982  0.22548555 0.40454761 0.20416864
 0.20464235 0.25438181 0.27806727 0.26290857

MOTIF SThuman_l3_f_2
letter-probability matrix: alength= 4 w= 9 
 0.31886535 0.38687628 0.24641148 0.04784689
 0.53315106 0.14456596 0.31818182 0.00410116
 0.39747095 0.29972659 0.14627478 0.15652768
 0.14490772 0.25974026 0.27922078 0.31613124
 0.58954204 0.00683527 0.38243336 0.02118934
 0.00273411 0.04784689 0.34723172 0.60218729
 0.01742994 0.08954204 0.87047163 0.02255639
 0.04818865 0.05570745 0.72522215 0.17088175
 0.17703349 0.46889952 0.26349966 0.09056733

MOTIF SThuman_l3_f_3
letter-probability matrix: alength= 4 w= 9 
 0.48993289 0.1349739  0.23266219 0.14243102
 0.39970172 0.12677107 0.2699478  0.20357942
 0.33035048 0.21029083 0.27442207 0.18493661
 0.35943326 0.26025354 0.21252796 0.16778523
 0.55257271 0.27069351 0.01118568 0.1655481 
 0.03281133 0.67710664 0.00074571 0.28933632
 7.45712155e-04 7.45712155e-04 7.45712155e-04 9.97762864e-01
 0.47651007 0.00074571 0.52199851 0.00074571
 8.02386279e-01 7.45712155e-04 1.96122297e-01 7.45712155e-04

MOTIF SThuman_l3_f_4
letter-probability matrix: alength= 4 w= 9 
 0.05611776 0.09843606 0.27322907 0.57221711
 0.12971481 0.14811408 0.19043238 0.53173873
 0.31554738 0.29714811 0.26954922 0.11775529
 0.1775529  0.09015639 0.13891444 0.59337626
 0.40110396 0.299908   0.20055198 0.09843606
 0.00183993 0.00735971 0.00275989 0.98804048
 0.78932843 0.00275989 0.20607176 0.00183993
 0.67985281 0.00091996 0.31646734 0.00275989
 0.20883165 0.21711132 0.13523459 0.43882245

MOTIF SThuman_l3_f_5
letter-probability matrix: alength= 4 w= 9 
 0.23087971 0.24560144 0.28078995 0.2427289 
 0.56193896 0.09443447 0.20502693 0.13859964
 0.28473968 0.16409336 0.0481149  0.50305206
 0.20466786 0.30305206 0.41938959 0.07289048
 0.88509874 0.03123878 0.05745063 0.02621185
 9.15619390e-02 3.59066427e-04 2.04308797e-01 7.03770197e-01
 7.14542190e-02 1.07719928e-03 9.27109515e-01 3.59066427e-04
 0.11166966 0.07684022 0.71561939 0.09587074
 0.15224417 0.2032316  0.27432675 0.37019749

MOTIF SThuman_l3_f_6
letter-probability matrix: alength= 4 w= 9 
 0.56373551 0.04021813 0.34492161 0.05112474
 0.05623722 0.04942059 0.39229721 0.50204499
 0.15712338 0.00920245 0.79345603 0.04021813
 0.05112474 0.19120654 0.38820723 0.36946149
 0.13326517 0.23108384 0.55010225 0.08554874
 0.22392638 0.45330607 0.03885481 0.28391275
 0.41513292 0.04226312 0.16189502 0.38070893
 0.11929107 0.14723926 0.4256987  0.30777096
 0.32992502 0.13633265 0.35719155 0.17655078

MOTIF SThuman_l3_f_7
letter-probability matrix: alength= 4 w= 9 
 0.08581349 0.09375    0.60615079 0.21428571
 4.96031746e-04 2.38095238e-01 1.08134921e-01 6.53273810e-01
 0.1765873  0.23065476 0.47172619 0.12103175
 0.11160714 0.31944444 0.3030754  0.26587302
 0.23859127 0.5406746  0.14484127 0.07589286
 1.29960317e-01 6.68154762e-01 4.96031746e-04 2.01388889e-01
 0.00049603 0.28869048 0.31746032 0.39335317
 0.11954365 0.2202381  0.30257937 0.35763889
 0.19742063 0.10565476 0.46279762 0.23412698

MOTIF SThuman_l3_f_8
letter-probability matrix: alength= 4 w= 9 
 0.25396278 0.20744314 0.2467264  0.29186768
 0.09855272 0.39937974 0.09958649 0.40248105
 0.39214335 0.0582357  0.30461751 0.24500345
 0.61922812 0.04307374 0.17332874 0.1643694 
 0.56237078 0.00516885 0.00379049 0.42866988
 0.00723639 0.00206754 0.42832529 0.56237078
 0.19813921 0.01068229 0.65265334 0.13852516
 0.23604411 0.19297037 0.16333563 0.4076499 
 0.36423156 0.13232254 0.22398346 0.27946244

MOTIF SThuman_l3_f_9
letter-probability matrix: alength= 4 w= 9 
 0.12907563 0.37579832 0.25512605 0.24      
 0.47495798 0.05882353 0.42554622 0.04067227
 0.0194958  0.3102521  0.04235294 0.62789916
 0.0497479  0.50655462 0.04605042 0.39764706
 0.33579832 0.2507563  0.08302521 0.33042017
 0.21142857 0.10453782 0.02453782 0.6594958 
 0.56201681 0.30991597 0.03462185 0.09344538
 0.19563025 0.02554622 0.23092437 0.54789916
 0.45579832 0.07798319 0.29613445 0.17008403

MOTIF SThuman_l3_f_10
letter-probability matrix: alength= 4 w= 9 
 0.27195767 0.11216931 0.50899471 0.10687831
 0.31746032 0.56931217 0.10582011 0.00740741
 0.42962963 0.39470899 0.17460317 0.0010582 
 0.16825397 0.55449735 0.0010582  0.27619048
 0.18201058 0.32698413 0.01587302 0.47513228
 0.56190476 0.23280423 0.2042328  0.0010582 
 0.0010582  0.31851852 0.0010582  0.67936508
 0.05608466 0.22751323 0.71428571 0.0021164 
 0.01798942 0.04761905 0.51322751 0.42116402

MOTIF SThuman_l3_f_11
letter-probability matrix: alength= 4 w= 9 
 0.1814759  0.23870482 0.31174699 0.26807229
 0.08960843 0.2628012  0.1001506  0.54743976
 0.55195783 0.09412651 0.3185241  0.03539157
 0.69954819 0.07756024 0.16942771 0.05346386
 0.16114458 0.35391566 0.11746988 0.36746988
 0.32831325 0.1438253  0.37274096 0.15512048
 0.49246988 0.13704819 0.02936747 0.34111446
 0.02108434 0.00978916 0.43072289 0.53840361
 0.08283133 0.11069277 0.59864458 0.20783133

MOTIF SThuman_l3_f_12
letter-probability matrix: alength= 4 w= 9 
 0.30284858 0.1964018  0.15442279 0.34632684
 0.04197901 0.00149925 0.45577211 0.50074963
 0.0089955  0.11094453 0.55922039 0.32083958
 0.01649175 0.00749625 0.00149925 0.97451274
 0.63718141 0.00149925 0.02248876 0.33883058
 0.42728636 0.00149925 0.23238381 0.33883058
 0.11244378 0.76461769 0.11244378 0.01049475
 0.31634183 0.1814093  0.29685157 0.2053973 
 0.23388306 0.14392804 0.24137931 0.3808096 

MOTIF SThuman_l3_f_13
letter-probability matrix: alength= 4 w= 9 
 0.14390244 0.33353659 0.44756098 0.075     
 0.05060976 0.29756098 0.64634146 0.0054878 
 0.10609756 0.64512195 0.21341463 0.03536585
 6.09756098e-04 9.85975610e-01 1.21951220e-03 1.21951220e-02
 4.87804878e-03 9.47560976e-01 6.09756098e-04 4.69512195e-02
 3.59756098e-02 9.62804878e-01 6.09756098e-04 6.09756098e-04
 0.02926829 0.91829268 0.01402439 0.03841463
 0.36341463 0.51707317 0.01036585 0.10914634
 0.26097561 0.40487805 0.3054878  0.02865854

MOTIF SThuman_l3_f_14
letter-probability matrix: alength= 4 w= 9 
 0.17056075 0.34813084 0.22819315 0.25311526
 0.08372274 0.44314642 0.23831776 0.23481308
 0.2114486  0.18341121 0.42017134 0.18496885
 0.2597352  0.28738318 0.41900312 0.0338785 
 0.894081   0.00116822 0.08489097 0.01985981
 3.89408100e-04 8.56697819e-03 8.87850467e-02 9.02258567e-01
 4.51713396e-02 2.72585670e-02 9.27180685e-01 3.89408100e-04
 0.36370717 0.21728972 0.35319315 0.06580997
 0.19587227 0.3271028  0.31347352 0.1635514 

MOTIF SThuman_l3_f_15
letter-probability matrix: alength= 4 w= 9 
 0.35552597 0.08322237 0.16711052 0.39414115
 0.14680426 0.38482024 0.12516644 0.34320905
 0.11950732 0.48302264 0.03861518 0.35885486
 0.19474035 0.0349534  0.09121172 0.67909454
 3.34886818e-01 1.70439414e-01 3.32889481e-04 4.94340879e-01
 2.94940080e-01 3.32889481e-04 5.02663116e-02 6.54460719e-01
 0.623502   0.30159787 0.01797603 0.0569241 
 0.38748336 0.21238349 0.35852197 0.04161119
 0.1930759  0.1361518  0.22336884 0.44740346

MOTIF SThuman_l3_f_16
letter-probability matrix: alength= 4 w= 9 
 0.71480972 0.03255387 0.2265016  0.0261348 
 0.27189363 0.11462632 0.07611188 0.53736818
 0.31682714 0.02796882 0.63227877 0.02292526
 0.50252178 0.01375516 0.43603851 0.04768455
 0.42274186 0.04860156 0.02063274 0.50802384
 0.55066483 0.01146263 0.14076112 0.29711142
 0.17744154 0.18752866 0.42090784 0.21412196
 0.22237506 0.02475928 0.14213663 0.61072902
 0.30949106 0.18110958 0.35075653 0.15864282

MOTIF SThuman_l3_f_17
letter-probability matrix: alength= 4 w= 9 
 0.28037722 0.20710918 0.39463185 0.11788176
 0.19296337 0.34675372 0.32898078 0.13130214
 0.07217991 0.46681175 0.33297062 0.12803772
 3.62713094e-04 3.62713094e-04 3.62713094e-04 9.98911861e-01
 8.78128400e-01 3.62713094e-04 1.21146173e-01 3.62713094e-04
 3.35146899e-01 3.62713094e-04 6.64127675e-01 3.62713094e-04
 0.25825172 0.13601741 0.43960827 0.1661226 
 0.23939064 0.21835328 0.30830613 0.23394995
 0.22089227 0.25462459 0.33732318 0.18715996

MOTIF SThuman_l3_f_18
letter-probability matrix: alength= 4 w= 9 
 0.24966681 0.13282985 0.25810751 0.35939582
 0.17370058 0.14571302 0.49489116 0.18569525
 0.01466015 0.03198578 0.0670813  0.88627277
 6.05064416e-01 4.44247001e-04 3.18080853e-01 7.64104842e-02
 7.52554420e-01 4.44247001e-04 1.25721901e-01 1.21279431e-01
 0.13949356 0.33940471 0.17947579 0.34162594
 0.06663705 0.15415371 0.58773878 0.19147046
 0.42292315 0.08573967 0.04486895 0.44646824
 0.47045757 0.15726344 0.30031097 0.07196801

MOTIF SThuman_l3_f_19
letter-probability matrix: alength= 4 w= 9 
 0.25535532 0.23767426 0.23359402 0.2733764 
 0.06086365 0.03842231 0.07072424 0.8299898 
 0.03876233 0.19823189 0.09690581 0.66609997
 1.38728324e-01 3.40020401e-04 5.50833050e-02 8.05848351e-01
 0.14144849 0.11220673 0.23733424 0.50901054
 8.33049983e-02 9.16014961e-01 3.40020401e-04 3.40020401e-04
 0.01054063 0.16014961 0.28765726 0.5416525 
 0.20435226 0.133288   0.31655899 0.34580075
 0.21761306 0.3049983  0.18191091 0.29547773

MOTIF SThuman_l3_f_20
letter-probability matrix: alength= 4 w= 9 
 0.21671105 0.19474035 0.15745672 0.43109188
 0.11750999 0.03628495 0.05226365 0.79394141
 0.52563249 0.27729694 0.06158455 0.13548602
 0.63015979 0.15679095 0.14447403 0.06857523
 0.18608522 0.02263648 0.17876165 0.61251664
 0.70272969 0.0729028  0.00798935 0.21637816
 0.85486019 0.06391478 0.03129161 0.04993342
 0.35719041 0.09121172 0.19773635 0.35386152
 0.41810919 0.16910786 0.16011984 0.25266312

MOTIF SThuman_l3_f_21
letter-probability matrix: alength= 4 w= 9 
 0.25603151 0.15164943 0.38601674 0.20630231
 0.28606598 0.12358444 0.39734121 0.19300837
 0.35056622 0.00492368 0.59921221 0.04529788
 0.07483998 0.10881339 0.41999015 0.39635647
 1.20630231e-01 3.12653865e-01 5.66223535e-01 4.92368291e-04
 4.13589365e-02 8.37026096e-03 9.49778434e-01 4.92368291e-04
 0.00738552 0.13540128 0.69128508 0.16592811
 0.00886263 0.07188577 0.74593796 0.17331364
 0.22747415 0.18069916 0.5061546  0.08567208

MOTIF SThuman_l3_f_22
letter-probability matrix: alength= 4 w= 9 
 0.34339475 0.32261858 0.19913759 0.13484908
 8.00862407e-01 3.92003136e-04 1.54057232e-01 4.46883575e-02
 0.28890631 0.13955312 0.13132105 0.44021952
 0.13680909 0.2120737  0.4119953  0.23912191
 0.67071737 0.03371227 0.1379851  0.15758526
 0.10270482 0.06389651 0.02312819 0.81027048
 0.07291258 0.0125441  0.69541356 0.21912975
 0.27989024 0.08937672 0.39905919 0.23167385
 0.26891415 0.30223442 0.32026656 0.10858487

MOTIF SThuman_l3_f_23
letter-probability matrix: alength= 4 w= 9 
 0.12957409 0.25194961 0.58668266 0.03179364
 0.02219556 0.32273545 0.53089382 0.12417516
 0.05218956 0.20395921 0.15056989 0.59328134
 0.35212957 0.30113977 0.22435513 0.12237552
 0.56988602 0.16316737 0.25914817 0.00779844
 0.06718656 0.65326935 0.27714457 0.00239952
 0.06778644 0.79904019 0.07438512 0.05878824
 0.01019796 0.28434313 0.09718056 0.60827834
 0.17096581 0.55608878 0.22135573 0.05158968

MOTIF SThuman_l3_f_24
letter-probability matrix: alength= 4 w= 9 
 0.39102564 0.2034413  0.21356275 0.19197031
 0.4254386  0.10897436 0.39507422 0.07051282
 0.63259109 0.17982456 0.00573549 0.18184885
 0.74696356 0.00168691 0.25       0.00134953
 0.03070175 0.33097166 0.05701754 0.58130904
 3.37381916e-04 2.59446694e-01 1.03576248e-01 6.36639676e-01
 0.67881242 0.0428475  0.26315789 0.01518219
 0.00337382 0.3340081  0.02125506 0.64136302
 0.44905533 0.1305668  0.23211876 0.18825911

MOTIF SThuman_l3_f_25
letter-probability matrix: alength= 4 w= 9 
 0.23489933 0.22214765 0.18892617 0.35402685
 0.87818792 0.02818792 0.08825503 0.00536913
 0.8885906  0.01073826 0.01979866 0.08087248
 0.16778523 0.33993289 0.06879195 0.42348993
 0.01442953 0.01946309 0.18120805 0.78489933
 0.45838926 0.30872483 0.18825503 0.04463087
 0.41677852 0.09865772 0.4795302  0.00503356
 0.19731544 0.10167785 0.49362416 0.20738255
 0.41845638 0.20604027 0.16711409 0.20838926

MOTIF SThuman_l3_f_26
letter-probability matrix: alength= 4 w= 9 
 0.35151515 0.26060606 0.13333333 0.25454545
 0.60606061 0.02424242 0.00606061 0.36363636
 0.95151515 0.00606061 0.03636364 0.00606061
 0.43636364 0.00606061 0.00606061 0.55151515
 0.00606061 0.51515152 0.01212121 0.46666667
 0.63636364 0.25454545 0.00606061 0.1030303 
 0.46666667 0.00606061 0.00606061 0.52121212
 0.63636364 0.04848485 0.25454545 0.06060606
 0.18787879 0.1030303  0.64242424 0.06666667

MOTIF SThuman_l3_f_27
letter-probability matrix: alength= 4 w= 9 
 0.07002801 0.14005602 0.2605042  0.52941176
 0.16526611 0.00280112 0.82913165 0.00280112
 0.38095238 0.00280112 0.39495798 0.22128852
 0.01120448 0.00280112 0.11484594 0.87114846
 0.00280112 0.00280112 0.61344538 0.38095238
 0.00280112 0.39215686 0.22408964 0.38095238
 0.1092437  0.17647059 0.16526611 0.54901961
 0.00280112 0.0140056  0.6022409  0.38095238
 0.07002801 0.14565826 0.31652661 0.46778711

MOTIF SThuman_l3_f_28
letter-probability matrix: alength= 4 w= 9 
 0.18102849 0.30889507 0.2390549  0.27102154
 0.46872828 0.30715775 0.04899236 0.17512161
 0.32140375 0.00243224 0.2095205  0.4666435 
 3.47463516e-04 4.77414871e-01 5.05559416e-01 1.66782488e-02
 0.014246   0.85302293 0.12682418 0.00590688
 0.08269632 0.52675469 0.05038221 0.34016678
 0.05316192 0.53405142 0.01216122 0.40062543
 0.09555247 0.14801946 0.15462126 0.60180681
 0.20882557 0.15670605 0.5399583  0.09451008

MOTIF SThuman_l3_f_29
letter-probability matrix: alength= 4 w= 9 
 0.06591212 0.05459387 0.27396804 0.60552597
 0.16577896 0.05126498 0.26364847 0.51930759
 3.32889481e-04 3.32889481e-04 3.39214381e-01 6.60119840e-01
 3.32889481e-04 2.22037284e-01 2.61318242e-01 5.16311585e-01
 3.32889481e-04 1.99733688e-03 3.17576565e-01 6.80093209e-01
 1.93075899e-02 2.91278296e-01 3.32889481e-04 6.89081225e-01
 0.14147803 0.18442077 0.03029294 0.64380826
 0.26930759 0.14913449 0.56091877 0.02063915
 0.063249   0.22037284 0.09354194 0.62283622

MOTIF SThuman_l3_f_30
letter-probability matrix: alength= 4 w= 9 
 0.2226314  0.08034818 0.0231001  0.67392032
 0.0860395  0.00569133 0.02209575 0.88617342
 0.08637429 0.02410445 0.00167392 0.88784734
 0.02243053 0.01339136 0.00401741 0.9601607 
 0.03582189 0.00435219 0.07733512 0.88249079
 3.68262471e-03 3.34784064e-04 7.53264145e-02 9.20656177e-01
 0.01138266 0.07030465 0.03582189 0.88249079
 0.02343488 0.01205223 0.05758286 0.90693003
 0.17977904 0.13257449 0.15600937 0.53163709

MOTIF SThuman_l3_f_31
letter-probability matrix: alength= 4 w= 9 
 0.33957319 0.26881318 0.15649569 0.23511793
 0.46611756 0.21490079 0.1785848  0.14039686
 0.37401722 0.14900786 0.214152   0.26282291
 0.75028079 0.12991389 0.07375515 0.04605017
 0.23586672 0.14077125 0.02508424 0.5982778 
 0.03818794 0.21190565 0.57506552 0.17484088
 0.52265069 0.09472108 0.17334332 0.20928491
 0.2006739  0.10146013 0.13290902 0.56495694
 0.07862224 0.19767877 0.56608012 0.15761887

MOTIF SThuman_l3_f_32
letter-probability matrix: alength= 4 w= 9 
 0.21260724 0.30063409 0.2767624  0.20999627
 0.35061544 0.10220067 0.39835882 0.14882507
 0.16038791 0.10593062 0.33233868 0.40134278
 0.11749347 0.46512495 0.2536367  0.16374487
 1.11898545e-03 3.72995151e-04 3.72995151e-04 9.98135024e-01
 6.84446102e-01 3.72995151e-04 3.14807907e-01 3.72995151e-04
 7.29578515e-01 3.72995151e-04 2.69675494e-01 3.72995151e-04
 0.04513241 0.31443491 0.57739649 0.06303618
 0.39276389 0.23797091 0.1846326  0.1846326 

MOTIF SThuman_l3_f_33
letter-probability matrix: alength= 4 w= 9 
 0.51773491 0.07405103 0.11574362 0.29247044
 0.03422526 0.10018668 0.08960797 0.77598009
 0.19912881 0.11761045 0.46172993 0.2215308 
 0.54822651 0.26446795 0.10267579 0.08462974
 0.6067206  0.06285003 0.08462974 0.24579963
 0.84940884 0.06907281 0.07654014 0.00497822
 0.53702551 0.06285003 0.11512134 0.28500311
 0.22028625 0.02426882 0.05413815 0.70130678
 0.08276291 0.06533914 0.15619166 0.69570629

MOTIF SThuman_l3_f_34
letter-probability matrix: alength= 4 w= 9 
 0.33786078 0.31324278 0.17062818 0.17826825
 0.475382   0.2614601  0.13752122 0.12563667
 9.74533107e-01 8.48896435e-04 2.37691002e-02 8.48896435e-04
 1.44312394e-02 1.15449915e-01 8.48896435e-04 8.69269949e-01
 0.04329372 0.12054329 0.82767402 0.00848896
 0.50848896 0.06960951 0.29796265 0.12393888
 0.1188455  0.10016978 0.3582343  0.42275042
 0.0008489  0.19269949 0.737691   0.06876061
 0.19609508 0.34550085 0.27504244 0.18336163

MOTIF SThuman_l3_f_35
letter-probability matrix: alength= 4 w= 9 
 0.24945958 0.15953307 0.50540424 0.08560311
 0.76437527 0.00129702 0.14180718 0.09252054
 2.97449200e-01 4.28015564e-02 6.59316904e-01 4.32338954e-04
 8.53869434e-01 5.83657588e-02 8.73324687e-02 4.32338954e-04
 0.94249892 0.01340251 0.01080847 0.0332901 
 4.89407696e-01 2.93990489e-02 4.32338954e-04 4.80760917e-01
 4.28015564e-02 4.40553394e-01 4.32338954e-04 5.16212711e-01
 0.47124946 0.15434501 0.0977086  0.27669693
 0.30998703 0.1642888  0.15953307 0.36619109

MOTIF SThuman_l3_f_36
letter-probability matrix: alength= 4 w= 9 
 0.31634129 0.23788865 0.03253796 0.4132321 
 0.53145336 0.1395517  0.26536515 0.06362979
 0.05676067 0.00903832 0.19703543 0.73716558
 1.69920463e-02 4.15762834e-01 3.61532899e-04 5.66883586e-01
 0.07049892 0.1362979  0.61532899 0.17787419
 0.0582068  0.38069414 0.14208243 0.41901663
 0.30983369 0.06471439 0.59363702 0.0318149 
 0.02349964 0.16630513 0.06688359 0.74331164
 0.35357918 0.17136659 0.24041938 0.23463485

MOTIF SThuman_l3_f_37
letter-probability matrix: alength= 4 w= 9 
 0.29860186 0.00399467 0.02430093 0.67310253
 0.00932091 0.07190413 0.16877497 0.75      
 2.23035952e-02 1.10852197e-01 3.32889481e-04 8.66511318e-01
 2.71970706e-01 3.32889481e-04 2.33022636e-03 7.25366178e-01
 0.00599201 0.00432756 0.03295606 0.95672437
 0.0126498  0.06824234 0.08288948 0.83621838
 4.56058589e-02 3.32889481e-04 3.99467377e-03 9.50066578e-01
 9.32090546e-03 2.96271638e-02 3.32889481e-04 9.60719041e-01
 0.02996005 0.01564581 0.03595206 0.91844208

MOTIF SThuman_l3_f_38
letter-probability matrix: alength= 4 w= 9 
 0.46233333 0.14133333 0.36266667 0.03366667
 0.30733333 0.386      0.246      0.06066667
 0.34       0.494      0.10833333 0.05766667
 0.46466667 0.00433333 0.35366667 0.17733333
 0.21566667 0.02833333 0.46266667 0.29333333
 0.01433333 0.35       0.44666667 0.189     
 0.40333333 0.04466667 0.52266667 0.02933333
 0.15333333 0.20166667 0.46633333 0.17866667
 0.10033333 0.2        0.39766667 0.302     

MOTIF SThuman_l3_f_39
letter-probability matrix: alength= 4 w= 9 
 0.17263514 0.22702703 0.43445946 0.16587838
 0.07702703 0.11385135 0.76554054 0.04358108
 0.0972973  0.00236486 0.89932432 0.00101351
 0.00945946 0.38986486 0.52027027 0.08040541
 0.03310811 0.21993243 0.62972973 0.11722973
 0.47601351 0.10304054 0.03175676 0.38918919
 0.13412162 0.45675676 0.06722973 0.34189189
 0.03108108 0.41283784 0.41689189 0.13918919
 0.16081081 0.27668919 0.28108108 0.28141892

MOTIF SThuman_l3_f_40
letter-probability matrix: alength= 4 w= 9 
 0.60431655 0.0238546  0.31465354 0.05717531
 0.31881863 0.14085574 0.15486558 0.38546005
 0.21204089 0.21279818 0.34911019 0.22605074
 0.13555471 0.30215827 0.25899281 0.30329421
 3.78644453e-04 9.39038243e-02 1.13593336e-02 8.94358198e-01
 0.00605831 0.02536918 0.75539568 0.21317683
 7.88716395e-01 3.78644453e-04 1.17001136e-01 9.39038243e-02
 0.03597122 0.03029156 0.3108671  0.62287012
 0.3176827  0.05528209 0.22605074 0.40098448

MOTIF SThuman_l3_f_41
letter-probability matrix: alength= 4 w= 9 
 0.19397298 0.11430551 0.09040526 0.60131625
 0.20540353 0.08694146 0.1108417  0.5968133 
 0.35053689 0.03463803 0.12538968 0.4894354 
 5.49705577e-01 3.46380326e-04 3.46380326e-04 4.49601663e-01
 3.46380326e-04 3.46380326e-04 3.46380326e-04 9.98960859e-01
 3.46380326e-04 3.46380326e-04 5.49705577e-01 4.49601663e-01
 0.10599238 0.12469692 0.19778317 0.57152754
 0.31035677 0.08001386 0.11638379 0.49324558
 0.12712158 0.0827849  0.13093176 0.65916176

MOTIF SThuman_l3_f_42
letter-probability matrix: alength= 4 w= 9 
 0.27250438 0.16077058 0.08371278 0.48301226
 0.22206655 0.40105079 0.1474606  0.22942207
 0.80315236 0.09772329 0.08371278 0.01541156
 0.19894921 0.12749562 0.02837128 0.64518389
 0.33345009 0.05359019 0.56637478 0.04658494
 0.67250438 0.07355517 0.2178634  0.03607706
 0.20630473 0.22732049 0.06304729 0.5033275 
 0.16567426 0.18458844 0.39964974 0.25008757
 0.51243433 0.18178634 0.13274956 0.17302977

MOTIF SThuman_l3_f_43
letter-probability matrix: alength= 4 w= 9 
 0.31524634 0.07323569 0.02696405 0.58455393
 0.66045273 0.00299601 0.0379494  0.29860186
 0.33754993 0.02663116 0.04926764 0.58655126
 0.08688415 0.06091877 0.1328229  0.71937417
 0.24134487 0.01531292 0.04727031 0.6960719 
 2.24034621e-01 3.32889481e-04 2.62982690e-02 7.49334221e-01
 0.18242344 0.02130493 0.21371505 0.58255659
 0.36651132 0.01331558 0.04793609 0.57223702
 0.08155792 0.06058589 0.27396804 0.58388815

MOTIF SThuman_l3_f_44
letter-probability matrix: alength= 4 w= 9 
 0.19111111 0.15863248 0.23350427 0.41675214
 0.17880342 0.18393162 0.25846154 0.37880342
 3.41880342e-04 5.88034188e-02 4.23931624e-02 8.98461538e-01
 0.39418803 0.04683761 0.38495726 0.17401709
 0.53538462 0.03111111 0.36068376 0.07282051
 0.14940171 0.07589744 0.70495726 0.06974359
 0.09333333 0.06700855 0.11111111 0.72854701
 0.15589744 0.11213675 0.63623932 0.0957265 
 0.33982906 0.15179487 0.13846154 0.36991453

MOTIF SThuman_l3_f_45
letter-probability matrix: alength= 4 w= 9 
 0.22557726 0.09413854 0.5634103  0.11687389
 0.24653641 0.30870337 0.0731794  0.37158082
 0.26216696 0.26856128 0.05150977 0.41776199
 9.32859680e-01 4.29840142e-02 2.38010657e-02 3.55239787e-04
 0.20390764 0.03516874 0.0017762  0.75914742
 0.13676732 0.00781528 0.80213144 0.05328597
 0.34849023 0.32113677 0.11047957 0.21989343
 0.20035524 0.18650089 0.15879218 0.45435169
 0.18827709 0.20994671 0.41065719 0.19111901

MOTIF SThuman_l3_f_46
letter-probability matrix: alength= 4 w= 9 
 0.59887403 0.09007741 0.16748768 0.14356087
 0.02674173 0.31949331 0.05840957 0.59535538
 7.03729768e-04 7.03729768e-04 9.79591837e-01 1.90007037e-02
 0.00422238 0.30612245 0.02251935 0.66713582
 0.02674173 0.33004926 0.41520056 0.22800844
 0.09711471 0.56439127 0.24912034 0.08937368
 0.34482759 0.43560873 0.13511612 0.08444757
 0.32582688 0.23223082 0.3807178  0.06122449
 0.17171006 0.29415904 0.20548909 0.3286418 

MOTIF SThuman_l3_f_47
letter-probability matrix: alength= 4 w= 9 
 0.16637721 0.16498784 0.3633206  0.30531435
 0.05661688 0.17610281 0.75234456 0.01493574
 0.06182702 0.42931573 0.47724904 0.0316082 
 0.42514762 0.30288295 0.27127475 0.00069469
 0.00625217 0.5498437  0.25008684 0.1938173 
 0.1500521  0.74643974 0.02709274 0.07641542
 0.06252171 0.74782911 0.02709274 0.16255644
 0.20527961 0.68113928 0.07259465 0.04098645
 0.09100382 0.47308093 0.19694338 0.23897187

MOTIF SThuman_l3_f_48
letter-probability matrix: alength= 4 w= 9 
 0.12447552 0.18414918 0.17715618 0.51421911
 0.35664336 0.19347319 0.30769231 0.14219114
 0.51794872 0.00792541 0.11701632 0.35710956
 4.19580420e-03 4.66200466e-04 1.02564103e-02 9.85081585e-01
 0.06946387 0.03916084 0.00745921 0.88391608
 0.01491841 0.002331   0.12307692 0.85967366
 0.12540793 0.00885781 0.52680653 0.33892774
 0.53100233 0.03682984 0.02890443 0.4032634 
 0.06526807 0.04055944 0.2041958  0.68997669

MOTIF SThuman_l3_f_49
letter-probability matrix: alength= 4 w= 9 
 0.47264384 0.29262266 0.09636428 0.13836922
 0.68055065 0.21814331 0.02965055 0.07165549
 0.76597247 0.03741617 0.06706671 0.12954465
 0.40063537 0.14225203 0.16625485 0.29085775
 0.23296858 0.08648076 0.16801977 0.51253089
 0.46099541 0.02188493 0.19555242 0.32156724
 3.52982704e-04 3.52982704e-04 2.87327921e-01 7.11966114e-01
 0.02894458 0.10307095 0.50123544 0.36674903
 0.08753971 0.08506883 0.2816802  0.54571126

MOTIF SThuman_l3_f_50
letter-probability matrix: alength= 4 w= 9 
 0.42218487 0.37109244 0.11462185 0.09210084
 0.30252101 0.26016807 0.42319328 0.01411765
 0.24201681 0.15159664 0.30756303 0.29882353
 0.06386555 0.19193277 0.20705882 0.53714286
 0.57815126 0.12436975 0.15092437 0.14655462
 0.1092437  0.00638655 0.01210084 0.87226891
 0.45142857 0.01781513 0.00336134 0.52739496
 0.10991597 0.38521008 0.44605042 0.05882353
 0.08168067 0.41781513 0.28235294 0.21815126

MOTIF SThuman_l3_f_51
letter-probability matrix: alength= 4 w= 9 
 0.20036697 0.46091743 0.19376147 0.14495413
 0.07009174 0.13027523 0.0466055  0.75302752
 0.36183486 0.28807339 0.13541284 0.2146789 
 3.66972477e-04 6.84403670e-01 5.02752294e-02 2.64954128e-01
 0.43009174 0.00256881 0.21761468 0.34972477
 0.00293578 0.01908257 0.82972477 0.14825688
 0.2293578  0.01321101 0.30165138 0.45577982
 0.01688073 0.10201835 0.83266055 0.04844037
 0.10018349 0.15119266 0.27853211 0.47009174

MOTIF SThuman_l3_f_52
letter-probability matrix: alength= 4 w= 9 
 0.14847458 0.2820339  0.04508475 0.52440678
 0.04372881 0.28677966 0.15525424 0.51423729
 0.35084746 0.03423729 0.20644068 0.40847458
 0.05152542 0.35627119 0.07016949 0.5220339 
 0.07288136 0.20474576 0.08779661 0.63457627
 3.38983051e-04 5.62711864e-02 8.54237288e-01 8.91525424e-02
 0.0040678  0.56474576 0.01525424 0.4159322 
 0.22101695 0.4159322  0.00542373 0.35762712
 0.03728814 0.12881356 0.21016949 0.62372881

MOTIF SThuman_l3_f_53
letter-probability matrix: alength= 4 w= 9 
 0.3056694  0.14651639 0.31728142 0.23053279
 0.16393443 0.26331967 0.15983607 0.41290984
 0.04644809 0.45355191 0.29781421 0.20218579
 0.17144809 0.09153005 0.09153005 0.6454918 
 0.4238388  0.05806011 0.22984973 0.28825137
 0.47780055 0.23804645 0.1147541  0.16939891
 0.03756831 0.06284153 0.10245902 0.79713115
 0.83367486 0.06147541 0.04474044 0.06010929
 0.61612022 0.0385929  0.30737705 0.03790984

MOTIF SThuman_l3_f_54
letter-probability matrix: alength= 4 w= 9 
 0.38650927 0.20404722 0.33962901 0.0698145 
 0.2772344  0.04924115 0.38617201 0.28735245
 0.2232715  0.00337268 0.12411467 0.64924115
 1.77740304e-01 3.37268128e-04 7.41652614e-01 8.02698145e-02
 0.69106239 0.02563238 0.093086   0.19021922
 0.29510961 0.19055649 0.50354132 0.01079258
 0.21686341 0.1005059  0.37335582 0.30927487
 0.38920742 0.02124789 0.19595278 0.39359191
 0.51096121 0.06374368 0.13726813 0.28802698

MOTIF SThuman_l3_f_55
letter-probability matrix: alength= 4 w= 9 
 0.18928203 0.12057712 0.11954655 0.5705943 
 0.42219169 0.0755754  0.25111645 0.25111645
 0.38680866 0.08862934 0.27859842 0.24596359
 0.13328753 0.06183442 0.17725867 0.62761937
 0.49501889 0.04534524 0.31776022 0.14187564
 0.44245964 0.06698729 0.36104431 0.12950876
 0.05702508 0.00996221 0.01442803 0.91858468
 0.78014428 0.02026795 0.16111302 0.03847475
 0.62830642 0.0195809  0.31913432 0.03297836

MOTIF SThuman_l3_f_56
letter-probability matrix: alength= 4 w= 9 
 0.50430293 0.12461274 0.2292599  0.14182444
 0.02168675 0.2313253  0.06850258 0.67848537
 0.00654045 0.30120482 0.33184165 0.36041308
 3.44234079e-04 6.62306368e-01 4.19965577e-02 2.95352840e-01
 0.16592083 0.33046472 0.29741824 0.20619621
 0.00378657 0.41583477 0.20172117 0.37865749
 0.47710843 0.0010327  0.38141136 0.1404475 
 0.04406196 0.35215146 0.29638554 0.30740103
 0.05714286 0.21790017 0.51153184 0.21342513

MOTIF SThuman_l3_f_57
letter-probability matrix: alength= 4 w= 9 
 0.125      0.24554896 0.18175074 0.4477003 
 0.00667656 0.02744807 0.07900593 0.88686944
 0.52818991 0.01075668 0.25111276 0.20994065
 0.35274481 0.04599407 0.56120178 0.04005935
 1.11275964e-03 3.70919881e-04 1.29080119e-01 8.69436202e-01
 0.47551929 0.03115727 0.4925816  0.00074184
 0.70252226 0.03820475 0.24740356 0.01186944
 0.31676558 0.15541543 0.11869436 0.40912463
 0.14985163 0.24888724 0.11275964 0.48850148

MOTIF SThuman_l3_f_58
letter-probability matrix: alength= 4 w= 9 
 0.28358738 0.14002127 0.2314782  0.34491315
 0.39914924 0.06770649 0.41935484 0.11378944
 0.00602623 0.24991138 0.19673875 0.54732364
 0.00248139 0.16270826 0.36015597 0.47465438
 0.23076923 0.11591634 0.19213045 0.46118398
 0.21978022 0.02091457 0.03509394 0.72421127
 0.30981921 0.23679546 0.00212691 0.45125842
 0.44700461 0.10634527 0.10599078 0.34065934
 0.08649415 0.12087912 0.38674229 0.40588444

MOTIF SThuman_l3_f_59
letter-probability matrix: alength= 4 w= 9 
 0.3536798  0.1566097  0.18451343 0.30519707
 0.20962679 0.07359609 0.30519707 0.41158005
 0.01464946 0.56121381 0.03871643 0.3854203 
 0.562609   0.05650506 0.18869899 0.19218696
 0.05022672 0.24625044 0.23194977 0.47157307
 0.23648413 0.42832229 0.04813394 0.28705964
 0.03208929 0.74468085 0.00279037 0.22043948
 0.72724102 0.04290199 0.19323334 0.03662365
 0.14091385 0.31426578 0.20160446 0.34321591

MOTIF SThuman_l3_f_60
letter-probability matrix: alength= 4 w= 9 
 0.25133156 0.14314248 0.2087217  0.39680426
 0.27197071 0.21338216 0.02263648 0.49201065
 5.68242344e-01 7.98934754e-03 3.32889481e-04 4.23435419e-01
 4.43741678e-01 3.32889481e-04 4.30426099e-01 1.25499334e-01
 0.06458056 0.01864181 0.00133156 0.91544607
 0.06591212 0.36118509 0.04094541 0.53195739
 0.01364847 0.08621838 0.44440746 0.4557257 
 0.30426099 0.31524634 0.27296937 0.1075233 
 0.08788282 0.36817577 0.19740346 0.34653795

MOTIF SThuman_l3_f_61
letter-probability matrix: alength= 4 w= 9 
 0.17109039 0.32998565 0.28156385 0.21736011
 0.21484935 0.18220947 0.42790531 0.17503587
 0.03192253 0.04053085 0.43830703 0.4892396 
 0.41822095 0.36262554 0.04483501 0.17431851
 0.22274032 0.10294118 0.66104735 0.01327116
 3.58680057e-04 3.58680057e-04 1.34146341e-01 8.65136298e-01
 7.88378766e-01 3.58680057e-04 2.10903874e-01 3.58680057e-04
 0.68830703 0.00215208 0.29698709 0.0125538 
 0.33859397 0.17037303 0.22919656 0.26183644

MOTIF SThuman_l3_f_62
letter-probability matrix: alength= 4 w= 9 
 0.55823293 0.13955823 0.28681392 0.01539491
 0.16767068 0.12182062 0.12014726 0.59036145
 0.43975904 0.02844712 0.00937082 0.52242303
 0.2248996  0.02141901 0.02811245 0.72556894
 0.02376171 0.01372155 0.44779116 0.51472557
 0.07329317 0.07797858 0.28413655 0.5645917 
 0.18139224 0.19745649 0.05220884 0.56894244
 0.0980589  0.04585007 0.08500669 0.77108434
 0.06124498 0.06827309 0.18239625 0.68808568

MOTIF SThuman_l3_f_63
letter-probability matrix: alength= 4 w= 9 
 0.066 0.166 0.056 0.712
 0.178      0.34       0.15133333 0.33066667
 2.32000000e-01 3.40000000e-02 6.66666667e-04 7.33333333e-01
 0.16066667 0.05533333 0.442      0.342     
 0.002      0.04666667 0.04733333 0.904     
 0.56066667 0.002      0.43666667 0.00066667
 0.75333333 0.00333333 0.21666667 0.02666667
 0.55666667 0.26533333 0.02066667 0.15733333
 0.31333333 0.14533333 0.11733333 0.424     

MOTIF SThuman_l3_f_64
letter-probability matrix: alength= 4 w= 9 
 0.89005236 0.03141361 0.0052356  0.07329843
 0.0052356  0.01570681 0.01570681 0.96335079
 0.0052356  0.0052356  0.91623037 0.07329843
 0.02617801 0.30890052 0.51832461 0.14659686
 0.31937173 0.27225131 0.09947644 0.30890052
 0.68062827 0.21465969 0.03141361 0.07329843
 0.32984293 0.16230366 0.5026178  0.0052356 
 0.08376963 0.4921466  0.41884817 0.0052356 
 0.20942408 0.27748691 0.20418848 0.30890052

MOTIF SThuman_l3_f_65
letter-probability matrix: alength= 4 w= 9 
 0.22074025 0.14604868 0.10236746 0.53084361
 0.19273091 0.21173725 0.29876626 0.29676559
 0.52217406 0.05668556 0.20106702 0.22007336
 0.10136712 0.00866956 0.34344782 0.54651551
 0.00166722 0.18306102 0.68089363 0.13437813
 0.015005   0.01833945 0.43114371 0.53551184
 0.29743248 0.36845615 0.17272424 0.16138713
 0.27309103 0.3627876  0.04268089 0.32144048
 0.40280093 0.2294098  0.09503168 0.27275759

MOTIF SThuman_l3_f_66
letter-probability matrix: alength= 4 w= 9 
 0.19023438 0.21914063 0.23710938 0.35351562
 0.21601562 0.19296875 0.0890625  0.50195312
 0.25390625 0.11914062 0.35507813 0.271875  
 0.05507812 0.240625   0.3171875  0.38710937
 9.90234375e-01 3.90625000e-04 8.98437500e-03 3.90625000e-04
 8.98437500e-03 3.90625000e-04 3.90625000e-04 9.90234375e-01
 8.98437500e-03 3.90625000e-04 9.90234375e-01 3.90625000e-04
 0.2390625  0.1578125  0.30976563 0.29335938
 0.36484375 0.14570312 0.21679688 0.27265625

MOTIF SThuman_l3_f_67
letter-probability matrix: alength= 4 w= 9 
 0.4300885  0.18336283 0.24920354 0.13734513
 0.37628319 0.29769912 0.06654867 0.25946903
 0.46902655 0.15079646 0.08353982 0.29663717
 0.82477876 0.0679646  0.01522124 0.0920354 
 0.07362832 0.03185841 0.06300885 0.83150442
 0.06725664 0.02336283 0.84035398 0.06902655
 0.40743363 0.14336283 0.28141593 0.16778761
 0.11823009 0.18123894 0.25380531 0.44672566
 0.11610619 0.07539823 0.54230088 0.26619469

MOTIF SThuman_l3_f_68
letter-probability matrix: alength= 4 w= 9 
 0.10914052 0.56684857 0.12039563 0.20361528
 0.13437926 0.01671214 0.81377899 0.0351296 
 0.11391542 0.59242838 0.25306958 0.04058663
 8.52660300e-02 8.05934516e-01 3.41064120e-04 1.08458390e-01
 0.04809004 0.0133015  0.82401091 0.11459754
 0.01739427 0.24931787 0.5494543  0.18383356
 0.02216917 0.46759891 0.1739427  0.33628922
 0.18485675 0.14768076 0.51261937 0.15484311
 0.17155525 0.15825375 0.50750341 0.16268759

MOTIF SThuman_l3_f_69
letter-probability matrix: alength= 4 w= 9 
 0.04519161 0.18510484 0.13665944 0.63304411
 0.02386117 0.15292842 0.24041938 0.58279103
 0.0813449  0.31670282 0.04013015 0.56182213
 7.84164859e-01 3.61532899e-04 3.18148952e-02 1.83658713e-01
 0.24909617 0.45986985 0.00759219 0.28344179
 0.40817064 0.33984093 0.15798988 0.09399855
 0.48662328 0.0021692  0.11930586 0.39190166
 0.40166305 0.23680405 0.01988431 0.34164859
 0.32646421 0.03253796 0.34490239 0.29609544

MOTIF SThuman_l3_f_70
letter-probability matrix: alength= 4 w= 9 
 0.37893248 0.1067515  0.09473312 0.41958289
 0.2640509  0.12336515 0.42241075 0.19017321
 0.05372923 0.18946624 0.07635207 0.68045246
 3.53481796e-04 3.14952280e-01 2.37893248e-01 4.46800990e-01
 0.18805232 0.05585012 0.73064687 0.02545069
 0.582538   0.01378579 0.20148462 0.20219159
 0.2990456  0.10215624 0.02545069 0.57334747
 0.56274302 0.02898551 0.23860021 0.16967126
 0.3495935  0.07635207 0.19971721 0.37433722

MOTIF SThuman_l3_f_71
letter-probability matrix: alength= 4 w= 9 
 0.05073586 0.41634392 0.01432998 0.51859024
 0.39388071 0.07900852 0.31874516 0.20836561
 0.11967467 0.33152595 0.02556158 0.5232378 
 7.02556158e-01 3.87296669e-04 2.10689388e-01 8.63671572e-02
 0.26646011 0.19945778 0.00348567 0.53059644
 0.40356313 0.08714175 0.34817971 0.16111541
 0.07436096 0.19674671 0.08714175 0.64175058
 0.10340821 0.32920217 0.34159566 0.22579396
 0.1506584  0.39388071 0.30673896 0.14872192

MOTIF SThuman_l3_f_72
letter-probability matrix: alength= 4 w= 9 
 0.45137157 0.13757273 0.28054863 0.13050707
 0.03449709 0.31795511 0.00083126 0.64671654
 4.15627598e-04 3.60764755e-01 1.85785536e-01 4.53034081e-01
 0.00831255 0.00623441 0.40315877 0.58229426
 0.05694098 0.74355777 0.03325021 0.16625104
 0.26184539 0.10224439 0.3674148  0.26849543
 0.319202   0.00332502 0.18329177 0.49418121
 0.2394015  0.56317539 0.180798   0.0166251 
 0.58104738 0.11388196 0.23773899 0.06733167

MOTIF SThuman_l3_f_73
letter-probability matrix: alength= 4 w= 9 
 0.22802929 0.09320905 0.12749667 0.55126498
 0.00166445 0.05459387 0.09920107 0.84454061
 0.00565912 0.11750999 0.34620506 0.53062583
 3.32889481e-04 4.96338216e-01 2.97270306e-01 2.06058589e-01
 0.76697736 0.00332889 0.18009321 0.04960053
 6.16511318e-01 7.12383489e-02 3.11917443e-01 3.32889481e-04
 0.54360852 0.2879494  0.16611185 0.00233023
 0.47403462 0.11884154 0.36617843 0.04094541
 0.24001332 0.16944075 0.25998668 0.33055925

MOTIF SThuman_l3_f_74
letter-probability matrix: alength= 4 w= 9 
 0.37733645 0.08528037 0.34696262 0.19042056
 0.04030374 0.16530374 0.19626168 0.59813084
 0.28329439 0.01693925 0.03271028 0.66705607
 0.47079439 0.00175234 0.19859813 0.32885514
 0.92757009 0.00759346 0.0578271  0.00700935
 0.31074766 0.18691589 0.03329439 0.46904206
 0.39135514 0.29556075 0.15829439 0.15478972
 0.57301402 0.08820093 0.16063084 0.17815421
 0.13901869 0.31834112 0.19801402 0.34462617

MOTIF SThuman_l3_f_75
letter-probability matrix: alength= 4 w= 9 
 0.5613913  0.09321739 0.17252174 0.17286957
 0.59826087 0.10191304 0.05321739 0.2466087 
 0.08869565 0.496      0.05704348 0.35826087
 0.20382609 0.25634783 0.43130435 0.10852174
 0.01704348 0.0573913  0.24834783 0.67721739
 0.05843478 0.008      0.01321739 0.92034783
 0.02817391 0.016      0.064      0.89182609
 0.06643478 0.21808696 0.11721739 0.59826087
 0.06643478 0.53113043 0.14747826 0.25495652

MOTIF SThuman_l3_f_76
letter-probability matrix: alength= 4 w= 9 
 0.36028906 0.27666896 0.25430145 0.10874054
 1.27322780e-01 5.94287681e-01 2.78045423e-01 3.44115623e-04
 3.44115623e-04 7.24019270e-01 2.75292498e-01 3.44115623e-04
 6.88231246e-04 7.80454233e-01 3.92291810e-02 1.79628355e-01
 3.44115623e-04 6.18375774e-01 1.54163799e-01 2.27116311e-01
 0.01892636 0.85168617 0.11699931 0.01238816
 0.31589814 0.6541638  0.02339986 0.0065382 
 0.07914659 0.56916724 0.22986924 0.12181693
 0.33275981 0.26393668 0.17859601 0.2247075 

MOTIF SThuman_l3_f_77
letter-probability matrix: alength= 4 w= 9 
 0.22904527 0.09905872 0.52801434 0.14388167
 0.10309278 0.17749888 0.42805917 0.29134917
 6.32451815e-01 4.66158673e-02 3.20484088e-01 4.48229494e-04
 0.12550426 0.08561183 0.32586284 0.46302107
 0.19856567 0.07126849 0.62348723 0.10667862
 0.18735993 0.29403855 0.46481398 0.05378754
 0.11609144 0.07709547 0.48543254 0.32138055
 0.02151502 0.27386822 0.63917526 0.06544151
 0.08919767 0.11295383 0.58404303 0.21380547

MOTIF SThuman_l3_f_78
letter-probability matrix: alength= 4 w= 9 
 0.24232804 0.14638448 0.24232804 0.36895944
 0.57001764 0.0984127  0.27689594 0.05467372
 0.16507937 0.24126984 0.28395062 0.30970018
 0.55097002 0.04303351 0.35308642 0.05291005
 0.81728395 0.03280423 0.03597884 0.11393298
 0.02962963 0.01093474 0.00705467 0.95238095
 0.00740741 0.06102293 0.72733686 0.2042328 
 0.17213404 0.32134039 0.12733686 0.37918871
 0.25079365 0.10405644 0.25008818 0.39506173

MOTIF SThuman_l3_f_79
letter-probability matrix: alength= 4 w= 9 
 0.16478029 0.00366178 0.1045273  0.72703063
 0.01398136 0.05292943 0.00266312 0.9304261 
 2.99600533e-03 3.32889481e-04 3.22902796e-02 9.64380826e-01
 3.32889481e-04 2.86284953e-02 9.56724368e-01 1.43142477e-02
 0.05559254 0.00998668 0.01531292 0.91910786
 9.98668442e-03 3.32889481e-04 6.02529960e-02 9.29427430e-01
 4.02796272e-02 6.32490013e-03 3.32889481e-04 9.53062583e-01
 0.14513981 0.02330226 0.16344874 0.66810919
 0.02030626 0.03095872 0.12716378 0.82157124

MOTIF SThuman_l3_f_80
letter-probability matrix: alength= 4 w= 9 
 0.07789614 0.09587217 0.04061252 0.78561917
 3.04593875e-01 3.32889481e-04 9.98668442e-04 6.94074567e-01
 3.32889481e-04 3.32889481e-04 9.98668442e-04 9.98335553e-01
 3.32889481e-04 3.32889481e-04 3.05259654e-01 6.94074567e-01
 0.13348868 0.05525965 0.01564581 0.79560586
 0.15612517 0.04094541 0.05026631 0.75266312
 0.11018642 0.06757656 0.05326232 0.7689747 
 0.1045273  0.03428762 0.0758988  0.78528628
 0.20539281 0.11185087 0.18308921 0.49966711

MOTIF SThuman_l3_f_81
letter-probability matrix: alength= 4 w= 9 
 0.31693049 0.30729525 0.19339298 0.18238128
 0.39951824 0.38781831 0.09325533 0.11940812
 0.78079835 0.03028217 0.12284928 0.0660702 
 0.389883   0.28079835 0.03991741 0.28940124
