MEME version 5.3.0

ALPHABET= ACGT

strands: + -

Background letter frequencies
A 0.25 C 0.25 G 0.25 T 0.25

MOTIF SThuman_l3_f_0
letter-probability matrix: alength= 4 w= 9 
 0.18014027 0.10889627 0.35585087 0.35511259
 0.05426357 0.7530454  0.03211517 0.16057586
 0.25027685 0.07198228 0.49095607 0.18678479
 0.51421189 0.22960502 0.1443337  0.11184939
 0.72388335 0.142488   0.13215209 0.00147656
 0.0166113  0.02990033 0.08711702 0.86637135
 0.12661499 0.12698413 0.43743079 0.3089701 
 0.17423403 0.31007752 0.05352529 0.46216316
 0.30601698 0.15836102 0.34625323 0.18936877

MOTIF SThuman_l3_f_1
letter-probability matrix: alength= 4 w= 9 
 0.34087883 0.18142477 0.14114514 0.33655126
 0.02729694 0.66344874 0.10186418 0.20739015
 0.27896138 0.21937417 0.37849534 0.12316911
 0.00166445 0.060253   0.03295606 0.9051265 
 0.16910786 0.03029294 0.00366178 0.79693742
 0.00732357 0.03328895 0.04061252 0.91877497
 0.21138482 0.27796272 0.05193076 0.4587217 
 0.44707057 0.1488016  0.32157124 0.08255659
 0.12150466 0.19074567 0.23335553 0.45439414

MOTIF SThuman_l3_f_2
letter-probability matrix: alength= 4 w= 9 
 0.36257833 0.2435094  0.21307073 0.18084154
 9.92837959e-01 8.95255148e-04 8.95255148e-04 5.37153089e-03
 0.81378693 0.00089526 0.00089526 0.18442256
 8.95255148e-04 1.25335721e-02 8.95255148e-04 9.85675918e-01
 0.03043868 0.42703671 0.01253357 0.52999105
 0.61414503 0.26857654 0.11638317 0.00089526
 0.57296329 0.02059087 0.09758281 0.30886303
 0.47985676 0.10295434 0.31065354 0.10653536
 0.15308863 0.07072516 0.30080573 0.47538048

MOTIF SThuman_l3_f_3
letter-probability matrix: alength= 4 w= 9 
 0.62371134 0.09656357 0.16357388 0.1161512 
 0.17560137 0.46701031 0.11477663 0.24261168
 0.06804124 0.59553265 0.11580756 0.22061856
 0.13402062 0.01237113 0.30756014 0.54604811
 0.20343643 0.54639175 0.10790378 0.14226804
 0.08350515 0.47525773 0.01890034 0.42233677
 0.31546392 0.24158076 0.1347079  0.30824742
 0.53917526 0.17250859 0.02302405 0.2652921 
 0.2257732  0.1395189  0.06701031 0.56769759

MOTIF SThuman_l3_f_4
letter-probability matrix: alength= 4 w= 9 
 0.27868852 0.19872051 0.24190324 0.28068772
 0.34946022 0.12355058 0.23990404 0.28708517
 0.37664934 0.14794082 0.11155538 0.36385446
 0.2195122  0.19912035 0.20831667 0.37305078
 0.41623351 0.24190324 0.20231907 0.13954418
 6.12954818e-01 3.99840064e-04 1.75929628e-02 3.69052379e-01
 2.71891244e-02 3.99840064e-04 3.83046781e-01 5.89364254e-01
 0.06837265 0.01639344 0.86885246 0.04638145
 0.32786885 0.16553379 0.32706917 0.17952819

MOTIF SThuman_l3_f_5
letter-probability matrix: alength= 4 w= 9 
 0.16689912 0.15155742 0.46211065 0.21943282
 0.33519293 0.11297071 0.0176662  0.53417015
 0.0399814  0.81496978 0.0023245  0.14272431
 0.17387262 0.28963273 0.05625291 0.48024175
 0.45839145 0.0037192  0.52347745 0.0144119 
 0.26685263 0.30079033 0.29288703 0.13947001
 4.64900046e-04 2.31985123e-01 1.31101813e-01 6.36448164e-01
 0.29893073 0.05950721 0.48907485 0.15248722
 0.11668991 0.33472803 0.20548582 0.34309623

MOTIF SThuman_l3_f_6
letter-probability matrix: alength= 4 w= 9 
 0.41920857 0.16281946 0.10469909 0.31327288
 0.16117065 0.15787304 0.33017312 0.35078318
 0.33965375 0.05358615 0.42456719 0.18219291
 0.06801319 0.13849959 0.30832646 0.48516076
 0.05193735 0.05152514 0.55647156 0.34006595
 0.01442704 0.29802143 0.43281121 0.25474031
 0.09439406 0.58615004 0.23701566 0.08244023
 0.0725474  0.32893652 0.36191261 0.23660346
 0.08985985 0.36809563 0.32852432 0.2135202 

MOTIF SThuman_l3_f_7
letter-probability matrix: alength= 4 w= 9 
 0.38141892 0.29594595 0.16554054 0.15709459
 0.63040541 0.20405405 0.07601351 0.08952703
 0.16351351 0.47162162 0.23885135 0.12601351
 0.55       0.14493243 0.26824324 0.03682432
 0.33378378 0.18141892 0.40101351 0.08378378
 0.00101351 0.1222973  0.05202703 0.82466216
 7.40540541e-01 3.37837838e-04 1.83783784e-01 7.53378378e-02
 0.59054054 0.03108108 0.27635135 0.10202703
 0.43851351 0.13783784 0.13952703 0.28412162

MOTIF SThuman_l3_f_8
letter-probability matrix: alength= 4 w= 9 
 0.38935913 0.1789601  0.15397017 0.2777106 
 0.25594518 0.1471181  0.10116888 0.49576784
 0.4248287  0.18460298 0.11608222 0.27448609
 0.01813785 0.73276904 0.00080613 0.24828698
 0.4050786  0.1700927  0.26642483 0.15840387
 7.46473196e-01 4.03063281e-04 6.44901249e-03 2.46674728e-01
 0.17492946 0.01410721 0.03345425 0.77750907
 0.48972189 0.07456671 0.07093914 0.36477227
 0.14147521 0.22531237 0.20959291 0.42361951

MOTIF SThuman_l3_f_9
letter-probability matrix: alength= 4 w= 9 
 0.3619466  0.09259885 0.31699899 0.22845556
 0.11287597 0.17235553 0.02433254 0.69043596
 3.92362285e-01 3.37952011e-04 1.18959108e-01 4.88340656e-01
 0.0077729  0.02636026 0.24400135 0.7218655 
 0.20851639 0.5802636  0.07063197 0.14058804
 0.09665428 0.09530247 0.24569111 0.56235215
 0.07502535 0.17066577 0.06928016 0.68502873
 0.48191957 0.23082122 0.14160189 0.14565732
 0.05305847 0.23622846 0.38763096 0.32308212

MOTIF SThuman_l3_f_10
letter-probability matrix: alength= 4 w= 9 
 0.61169838 0.0359408  0.0584919  0.29386892
 0.14270613 0.02043693 0.07399577 0.76286117
 0.06166314 0.24735729 0.5620155  0.12896406
 0.58139535 0.00845666 0.06553911 0.34460888
 0.37244538 0.02078929 0.25264271 0.35412262
 0.49224806 0.02396054 0.41578576 0.06800564
 0.39076815 0.10887949 0.13319239 0.36715997
 0.26497533 0.28153629 0.08738548 0.36610289
 0.43481325 0.1483439  0.18816068 0.22868217

MOTIF SThuman_l3_f_11
letter-probability matrix: alength= 4 w= 9 
 0.38657172 0.22380468 0.25601899 0.13360461
 0.44252289 0.12207528 0.18073923 0.2546626 
 0.44489658 0.17429637 0.1532723  0.22753476
 8.79281112e-01 3.39097999e-04 3.39097999e-04 1.20040692e-01
 3.39097999e-04 3.39097999e-04 1.20040692e-01 8.79281112e-01
 8.81654798e-03 8.13835198e-03 9.82706002e-01 3.39097999e-04
 0.44625297 0.19769413 0.30281451 0.05323839
 0.24008138 0.17429637 0.0844354  0.50118684
 0.29094608 0.12343167 0.43370634 0.1519159 

MOTIF SThuman_l3_f_12
letter-probability matrix: alength= 4 w= 9 
 0.15921788 0.43974461 0.19353551 0.207502  
 0.1867518  0.60654429 0.08060654 0.12609737
 0.49401437 0.12769354 0.33320032 0.04509178
 0.07741421 0.21149242 0.58699122 0.12410215
 0.13567438 0.20031923 0.61652035 0.04748603
 0.34876297 0.00957702 0.59616919 0.04549082
 0.02913009 0.24660814 0.23104549 0.49321628
 0.00877893 0.01596169 0.93615323 0.03910615
 0.08100559 0.36193136 0.34357542 0.21348763

MOTIF SThuman_l3_f_13
letter-probability matrix: alength= 4 w= 9 
 0.07297297 0.12792793 0.3036036  0.4954955 
 0.55765766 0.16306306 0.10720721 0.17207207
 0.60990991 0.19189189 0.06036036 0.13783784
 0.60540541 0.01981982 0.36126126 0.01351351
 0.03963964 0.09009009 0.02702703 0.84324324
 0.0009009  0.74954955 0.01801802 0.23153153
 0.31351351 0.00630631 0.46126126 0.21891892
 0.45495495 0.38648649 0.14324324 0.01531532
 0.65405405 0.11351351 0.07567568 0.15675676

MOTIF SThuman_l3_f_14
letter-probability matrix: alength= 4 w= 9 
 0.15697674 0.17134063 0.48563611 0.18604651
 0.5        0.36798906 0.04274966 0.08926129
 0.30950752 0.0369357  0.35259918 0.30095759
 0.31395349 0.01162791 0.37995896 0.29445964
 0.20964432 0.14021888 0.40355677 0.24658003
 0.04035568 0.03180575 0.61012312 0.31771546
 0.05437756 0.18194254 0.39021888 0.37346101
 0.58071135 0.03283174 0.38269494 0.00376197
 0.00786594 0.07763338 0.63816689 0.27633379

MOTIF SThuman_l3_f_15
letter-probability matrix: alength= 4 w= 9 
 0.28475084 0.29936306 0.12176845 0.29411765
 0.15998501 0.25889846 0.47208692 0.1090296 
 5.12926190e-01 2.45035594e-01 2.41663544e-01 3.74672162e-04
 4.17010116e-01 3.41701012e-01 3.74672162e-04 2.40914200e-01
 0.48969652 0.06744099 0.39378044 0.04908205
 0.29861371 0.41888348 0.2570251  0.02547771
 0.43911577 0.04720869 0.12888722 0.38478831
 0.14837018 0.1656051  0.54364931 0.14237542
 0.1978269  0.21843387 0.30460847 0.27913076

MOTIF SThuman_l3_f_16
letter-probability matrix: alength= 4 w= 9 
 0.01392663 0.11684783 0.01120924 0.8580163 
 0.1470788  0.05536685 0.08763587 0.70991848
 0.26324728 0.00101902 0.421875   0.3138587 
 0.02853261 0.13009511 0.39877717 0.44259511
 0.25611413 0.09680707 0.42493207 0.22214674
 3.39673913e-04 3.39673913e-04 2.83627717e-01 7.15692935e-01
 0.10767663 0.00509511 0.02615489 0.86107337
 0.00883152 0.0142663  0.43783967 0.5390625 
 0.22214674 0.02649457 0.140625   0.6107337 

MOTIF SThuman_l3_f_17
letter-probability matrix: alength= 4 w= 9 
 0.35257807 0.25599129 0.15395788 0.23747277
 0.10021786 0.27959332 0.25816993 0.36201888
 3.63108206e-04 1.47421932e-01 3.63108206e-04 8.51851852e-01
 0.07262164 0.12636166 0.52033406 0.28068264
 0.00544662 0.39687727 0.16412491 0.4335512 
 1.36165577e-01 3.59477124e-01 3.63108206e-04 5.03994190e-01
 0.45969499 0.05119826 0.24037763 0.24872912
 0.11002179 0.19644154 0.38816267 0.305374  
 0.22476398 0.38997821 0.10929557 0.27596224

MOTIF SThuman_l3_f_18
letter-probability matrix: alength= 4 w= 9 
 0.16532681 0.20272632 0.30408948 0.32785739
 6.99056274e-04 2.28241873e-01 8.73820343e-03 7.62320867e-01
 0.4571828  0.23593149 0.11779098 0.18909472
 0.12478154 0.596295   0.23732961 0.04159385
 3.42537574e-01 3.49528137e-04 5.48759175e-01 1.08353722e-01
 3.49528137e-04 2.96050332e-01 3.49528137e-03 7.00104858e-01
 0.16567634 0.57811954 0.10940231 0.14680182
 0.24676686 0.19084236 0.53897239 0.02341839
 0.2285914  0.31667249 0.18070605 0.27403006

MOTIF SThuman_l3_f_19
letter-probability matrix: alength= 4 w= 9 
 0.23619846 0.07197764 0.18273934 0.50908456
 0.04996506 0.03039832 0.27777778 0.64185884
 0.14116003 0.06708595 0.49720475 0.29454927
 3.49406010e-04 3.49406010e-04 4.00069881e-01 5.99231307e-01
 3.49406010e-04 3.91334731e-02 1.84486373e-01 7.76030748e-01
 0.02131377 0.00209644 0.90810622 0.06848358
 0.03354298 0.04996506 0.06219427 0.85429769
 0.23200559 0.08770091 0.24737945 0.43291405
 0.0870021  0.10866527 0.14675052 0.65758211

MOTIF SThuman_l3_f_20
letter-probability matrix: alength= 4 w= 9 
 0.39369442 0.17865804 0.26798707 0.15966047
 0.63419563 0.1200485  0.08932902 0.15642684
 0.19482619 0.08245756 0.21220695 0.5105093 
 0.49272433 0.01980598 0.46847211 0.01899757
 0.41794665 0.17461601 0.08609539 0.32134196
 0.47736459 0.05578011 0.34357316 0.12328213
 0.19442199 0.00202102 0.1847211  0.61883589
 0.09579628 0.18552951 0.47493937 0.24373484
 0.14632175 0.21544058 0.30557801 0.33265966

MOTIF SThuman_l3_f_21
letter-probability matrix: alength= 4 w= 9 
 0.2965 0.2625 0.2635 0.1775
 0.051  0.1655 0.079  0.7045
 4.26e-01 2.15e-02 5.52e-01 5.00e-04
 0.3695 0.1225 0.2235 0.2845
 0.108 0.516 0.312 0.064
 0.3525 0.0515 0.4065 0.1895
 0.004  0.0715 0.345  0.5795
 0.0105 0.318  0.6325 0.039 
 0.1195 0.271  0.447  0.1625

MOTIF SThuman_l3_f_22
letter-probability matrix: alength= 4 w= 9 
 0.18072702 0.25788752 0.25034294 0.31104252
 0.16838134 0.08436214 0.00411523 0.74314129
 0.34705075 0.07304527 0.27914952 0.30075446
 0.60665295 0.17249657 0.10768176 0.11316872
 0.48216735 0.19513032 0.24622771 0.07647462
 0.05898491 0.5473251  0.36282579 0.0308642 
 0.60116598 0.01440329 0.09670782 0.28772291
 0.04526749 0.02503429 0.10528121 0.82441701
 0.21364883 0.24451303 0.03635117 0.50548697

MOTIF SThuman_l3_f_23
letter-probability matrix: alength= 4 w= 9 
 0.45062776 0.17441466 0.25076349 0.1241941 
 0.62436376 0.01153716 0.33661351 0.02748558
 4.69969460e-01 3.39328130e-04 3.39328130e-04 5.29351883e-01
 3.39328130e-04 3.39328130e-04 5.29351883e-01 4.69969460e-01
 0.15710892 0.03834408 0.61723787 0.18730913
 0.17746861 0.19952494 0.24703088 0.37597557
 0.05463183 0.19070241 0.35934849 0.39531727
 0.19205972 0.13912453 0.27858839 0.39022735
 0.17102138 0.30912793 0.2195453  0.3003054 

MOTIF SThuman_l3_f_24
letter-probability matrix: alength= 4 w= 9 
 0.22299524 0.19443427 0.48883193 0.09373856
 0.12376419 0.37239107 0.3958257  0.10801904
 3.66166239e-04 2.83412669e-01 2.98425485e-01 4.17795679e-01
 0.0248993  0.59904797 0.19077261 0.18528012
 0.18564628 0.38886855 0.01098499 0.41450018
 6.05638960e-01 4.65031124e-02 3.47491761e-01 3.66166239e-04
 0.06188209 0.23434639 0.6865617  0.01720981
 0.16001465 0.56096668 0.10801904 0.17099963
 0.50128158 0.2548517  0.14390333 0.09996338

MOTIF SThuman_l3_f_25
letter-probability matrix: alength= 4 w= 9 
 0.36454849 0.16127834 0.1434411  0.33073207
 0.11928651 0.31995541 0.23820141 0.32255667
 0.37383872 0.29282795 0.14529915 0.18803419
 1.44927536e-02 3.71609067e-04 4.08769974e-03 9.81047938e-01
 5.43664065e-01 3.71609067e-04 3.99479747e-01 5.64845782e-02
 9.51690821e-01 3.71609067e-04 4.75659606e-02 3.71609067e-04
 0.12597547 0.2170197  0.11148272 0.54552211
 0.1557042  0.13898179 0.4057971  0.29951691
 0.25195095 0.17168339 0.1352657  0.44109996

MOTIF SThuman_l3_f_26
letter-probability matrix: alength= 4 w= 9 
 0.6503428  0.05680705 0.27717924 0.01567091
 0.19294809 0.32125367 0.27522037 0.21057786
 0.56023506 0.07149853 0.36728697 0.00097943
 0.582762   0.11753183 0.29872674 0.00097943
 0.50440744 0.25563173 0.16944172 0.0705191 
 0.5612145  0.1410382  0.10577865 0.19196866
 0.6287953  0.04113614 0.17238002 0.15768854
 0.00097943 0.19098923 0.14299706 0.66503428
 0.04211557 0.09010774 0.78256611 0.08521058

MOTIF SThuman_l3_f_27
letter-probability matrix: alength= 4 w= 9 
 0.19594595 0.20667727 0.25198728 0.34538951
 0.08227345 0.36248013 0.03974563 0.51550079
 0.02583466 0.0508744  0.75079491 0.17249603
 0.01669316 0.12440382 0.19117647 0.66772655
 0.04252782 0.53497615 0.10373609 0.31875994
 0.20985692 0.09896661 0.39586645 0.29531002
 0.0190779  0.55127186 0.40341812 0.02623211
 0.03736089 0.63950715 0.11128776 0.2118442 
 0.07670906 0.39348172 0.32551669 0.20429253

MOTIF SThuman_l3_f_28
letter-probability matrix: alength= 4 w= 9 
 0.31638084 0.11649911 0.39798936 0.16913069
 0.16499113 0.30277942 0.26848019 0.26374926
 0.16617386 0.48314607 0.06386753 0.28681254
 7.14961561e-01 1.81549379e-01 1.02897694e-01 5.91366056e-04
 0.63276168 0.0331165  0.00650503 0.32761679
 0.22176227 0.12655234 0.64340627 0.00827912
 0.5452395  0.06031934 0.17504435 0.21939681
 0.26611473 0.14370195 0.04316972 0.5470136 
 0.04553519 0.09994086 0.61383797 0.24068598

MOTIF SThuman_l3_f_29
letter-probability matrix: alength= 4 w= 9 
 0.08962624 0.06941266 0.1037376  0.73722349
 5.03432494e-01 3.81388253e-04 4.29061785e-01 6.71243326e-02
 1.39588101e-01 7.62776506e-04 4.04271548e-02 8.19221968e-01
 0.07704043 0.04767353 0.01106026 0.86422578
 4.04271548e-02 2.05949657e-02 3.81388253e-04 9.38596491e-01
 0.00495805 0.02860412 0.02097635 0.94546148
 3.81388253e-04 5.64454615e-02 3.81388253e-04 9.42791762e-01
 0.15446224 0.11746758 0.21548436 0.51258581
 0.02860412 0.03165523 0.02479024 0.91495042

MOTIF SThuman_l3_f_30
letter-probability matrix: alength= 4 w= 9 
 0.44093567 0.27251462 0.17426901 0.1122807 
 0.46315789 0.22690058 0.21520468 0.09473684
 0.9251462  0.00116959 0.07251462 0.00116959
 0.09707602 0.19766082 0.16608187 0.53918129
 0.20935673 0.03391813 0.65964912 0.09707602
 0.78830409 0.00116959 0.18011696 0.03040936
 0.05614035 0.12163743 0.01520468 0.80701754
 0.03274854 0.02339181 0.88888889 0.05497076
 0.09590643 0.25730994 0.35672515 0.29005848

MOTIF SThuman_l3_f_31
letter-probability matrix: alength= 4 w= 9 
 0.12860395 0.3607739  0.27996965 0.2306525 
 0.01858877 0.30766313 0.42033384 0.25341426
 0.06638847 0.00455235 0.01707132 0.91198786
 3.83535660e-01 3.79362671e-04 5.67526555e-01 4.85584219e-02
 6.98786039e-01 3.79362671e-04 2.06373293e-01 9.44613050e-02
 0.36342944 0.21927162 0.05880121 0.35849772
 0.07397572 0.30121396 0.22534143 0.39946889
 0.2754173  0.27655539 0.06676783 0.38125948
 0.36798179 0.19195751 0.22989378 0.21016692

MOTIF SThuman_l3_f_32
letter-probability matrix: alength= 4 w= 9 
 0.18142477 0.1361518  0.50532623 0.1770972 
 5.75898802e-02 3.66178429e-03 9.38415446e-01 3.32889481e-04
 1.33155792e-02 3.32889481e-04 9.86018642e-01 3.32889481e-04
 0.00599201 0.27729694 0.67876165 0.0379494 
 0.07390146 0.10053262 0.51864181 0.3069241 
 0.06258322 0.623502   0.28761651 0.02629827
 0.14713715 0.27296937 0.18741678 0.3924767 
 0.07256991 0.38948069 0.5189747  0.0189747 
 0.0822237  0.26331558 0.52796272 0.126498  

MOTIF SThuman_l3_f_33
letter-probability matrix: alength= 4 w= 9 
 0.32371134 0.2        0.12955326 0.3467354 
 0.40687285 0.13986254 0.16701031 0.2862543 
 0.71168385 0.06701031 0.0395189  0.18178694
 0.33848797 0.03367698 0.00824742 0.61958763
 0.00343643 0.12233677 0.56254296 0.31168385
 0.26804124 0.01271478 0.60962199 0.10962199
 0.27457045 0.21271478 0.14054983 0.37216495
 0.2137457  0.10309278 0.33676976 0.34639175
 0.12542955 0.20652921 0.21030928 0.45773196

MOTIF SThuman_l3_f_34
letter-probability matrix: alength= 4 w= 9 
 0.24128503 0.14456596 0.40225564 0.21189337
 0.09466849 0.32877649 0.27409433 0.3024607 
 0.24914559 0.00580998 0.56493506 0.18010936
 1.81134655e-02 2.93916610e-02 9.52153110e-01 3.41763500e-04
 3.41763500e-04 8.33902939e-02 4.97265892e-01 4.19002051e-01
 0.00478469 0.11722488 0.37662338 0.50136705
 0.13123718 0.02358168 0.77443609 0.07074504
 0.18250171 0.18215995 0.54237867 0.09295967
 0.24504443 0.07552973 0.52802461 0.15140123

MOTIF SThuman_l3_f_35
letter-probability matrix: alength= 4 w= 9 
 0.11000433 0.27934171 0.54309225 0.06756172
 0.18059766 0.3334777  0.25638805 0.2295366 
 0.01948896 0.08012126 0.35080121 0.54958857
 0.14161975 0.07319186 0.54525769 0.23993071
 4.33087917e-04 2.94499783e-02 7.76526635e-01 1.93590299e-01
 0.00173235 0.78475531 0.2113469  0.00216544
 3.20918146e-01 1.42052837e-01 5.36595929e-01 4.33087917e-04
 0.05716761 0.35166739 0.5482893  0.0428757 
 0.32091815 0.38328281 0.1216977  0.17410134

MOTIF SThuman_l3_f_36
letter-probability matrix: alength= 4 w= 9 
 0.16193896 0.34614004 0.06714542 0.42477558
 0.37845601 0.16445242 0.17666068 0.28043088
 0.07971275 0.702693   0.20502693 0.01256732
 0.4021544  0.06211849 0.51023339 0.02549372
 0.18061041 0.14578097 0.40861759 0.26499102
 0.39174147 0.23662478 0.36157989 0.01005386
 0.1956912  0.31705566 0.44129264 0.0459605 
 0.02154399 0.35583483 0.13859964 0.48402154
 0.25780969 0.13034111 0.38815081 0.22369838

MOTIF SThuman_l3_f_37
letter-probability matrix: alength= 4 w= 9 
 0.17044566 0.48279906 0.2544957  0.09225958
 0.8174355  0.0269742  0.14347146 0.01211884
 0.36004691 0.24198593 0.10867866 0.28928851
 0.19311962 0.32017201 0.26817826 0.2185301 
 0.22204848 0.00195465 0.5887412  0.18725567
 0.28616106 0.08209539 0.410086   0.22165754
 0.00781861 0.10320563 0.43862392 0.45035184
 0.01250977 0.16888194 0.44448788 0.37412041
 0.14151681 0.26309617 0.36434715 0.23103987

MOTIF SThuman_l3_f_38
letter-probability matrix: alength= 4 w= 9 
 0.15346205 0.18375499 0.20838881 0.45439414
 0.01398136 0.0159787  0.73801598 0.23202397
 0.04793609 0.0063249  0.67609854 0.26964048
 3.32889481e-04 3.72836218e-02 9.62050599e-01 3.32889481e-04
 3.29227696e-01 1.99733688e-03 6.68442077e-01 3.32889481e-04
 3.32889481e-04 1.02197071e-01 8.61185087e-01 3.62849534e-02
 0.44340879 0.26631158 0.1804261  0.10985353
 0.22203728 0.10619174 0.52263648 0.14913449
 0.17509987 0.2247004  0.29693742 0.30326232

MOTIF SThuman_l3_f_39
letter-probability matrix: alength= 4 w= 9 
 0.11252336 0.10728972 0.47364486 0.30654206
 0.14841121 0.00373832 0.54990654 0.29794393
 0.00523364 0.07551402 0.44897196 0.47028037
 0.02018692 0.18616822 0.5528972  0.24074766
 0.18616822 0.32299065 0.23028037 0.26056075
 0.46056075 0.33869159 0.04261682 0.15813084
 0.38654206 0.09570093 0.0328972  0.48485981
 0.16485981 0.30841121 0.05906542 0.46766355
 0.17196262 0.64747664 0.07962617 0.10093458

MOTIF SThuman_l3_f_40
letter-probability matrix: alength= 4 w= 9 
 0.08022636 0.51830892 0.26964048 0.13182423
 0.07889481 0.33588549 0.40013316 0.18508655
 0.02729694 0.72436751 0.19107856 0.05725699
 0.18575233 0.75466045 0.00233023 0.05725699
 0.02929427 0.76830892 0.13748336 0.06491345
 3.32889481e-04 8.94474035e-01 4.79360852e-02 5.72569907e-02
 0.05359521 0.47436751 0.19374168 0.27829561
 0.07989348 0.52996005 0.38648469 0.00366178
 0.10386152 0.3701731  0.40246338 0.123502  

MOTIF SThuman_l3_f_41
letter-probability matrix: alength= 4 w= 9 
 0.01719395 0.27407153 0.22833563 0.4803989 
 0.09731774 0.11657497 0.25687758 0.52922971
 0.06292985 0.12654746 0.06396149 0.74656121
 0.52957359 0.2025447  0.1764099  0.0914718 
 0.1241403  0.33115543 0.03060523 0.51409904
 0.0931912  0.60075653 0.0409216  0.26513067
 0.47902338 0.32806052 0.1585282  0.0343879 
 0.44085282 0.4525447  0.01134801 0.09525447
 0.0997249  0.40130674 0.13789546 0.3610729 

MOTIF SThuman_l3_f_42
letter-probability matrix: alength= 4 w= 9 
 0.12892914 0.31326585 0.31166755 0.24613745
 0.00958977 0.08470964 0.00266383 0.90303676
 0.13425679 0.07085775 0.69898775 0.09589771
 0.71923282 0.24773575 0.00213106 0.03090037
 0.18380394 0.19232818 0.12413426 0.49973362
 0.05007991 0.11347896 0.25732552 0.57911561
 0.11614278 0.4405967  0.08204582 0.3612147 
 0.04741609 0.11720831 0.02823655 0.80713905
 0.18913159 0.22535962 0.18060735 0.40490144

MOTIF SThuman_l3_f_43
letter-probability matrix: alength= 4 w= 9 
 0.35005336 0.05602988 0.39220918 0.20170758
 0.32924226 0.20010672 0.04642476 0.42422625
 0.00480256 0.34098186 0.05389541 0.60032017
 5.33617930e-04 2.24119530e-02 3.41515475e-02 9.42902882e-01
 4.05549626e-02 1.54215582e-01 5.33617930e-04 8.04695838e-01
 4.64247599e-02 6.27534685e-01 3.25506937e-01 5.33617930e-04
 0.60939168 0.1280683  0.18409819 0.07844184
 0.386873   0.09605123 0.42796158 0.08911419
 0.47225187 0.09071505 0.30309498 0.1339381 

MOTIF SThuman_l3_f_44
letter-probability matrix: alength= 4 w= 9 
 0.32914869 0.15457042 0.13573951 0.38054139
 0.45586505 0.09023146 0.15888584 0.29501765
 0.05923892 0.38603374 0.0733621  0.48136524
 0.06669282 0.76265202 0.16947823 0.00117693
 0.44841114 0.10592389 0.26637897 0.17928599
 0.05884661 0.03570027 0.67006669 0.23538643
 1.07493135e-01 3.92310710e-04 1.96155355e-03 8.90153001e-01
 0.08866222 0.07767752 0.23224794 0.60141232
 0.04511573 0.04668497 0.18360141 0.72459788

MOTIF SThuman_l3_f_45
letter-probability matrix: alength= 4 w= 9 
 0.06101695 0.01016949 0.22033898 0.70847458
 0.00338983 0.31186441 0.5559322  0.12881356
 0.13898305 0.11864407 0.57627119 0.16610169
 0.00338983 0.54915254 0.03050847 0.41694915
 0.38644068 0.00338983 0.19322034 0.41694915
 0.06779661 0.23728814 0.43728814 0.25762712
 0.31186441 0.68135593 0.00338983 0.00338983
 0.17288136 0.56949153 0.14576271 0.11186441
 0.33559322 0.51525424 0.10169492 0.04745763

MOTIF SThuman_l3_f_46
letter-probability matrix: alength= 4 w= 9 
 0.26140351 0.15298246 0.45192982 0.13368421
 0.14912281 0.0754386  0.54561404 0.22982456
 0.2845614  0.06350877 0.21964912 0.4322807 
 5.00701754e-01 5.96491228e-03 4.92982456e-01 3.50877193e-04
 0.33403509 0.16280702 0.28842105 0.21473684
 0.08982456 0.05894737 0.74140351 0.10982456
 0.40070175 0.0477193  0.48842105 0.06315789
 0.01929825 0.3        0.24982456 0.43087719
 0.03438596 0.17578947 0.61157895 0.17824561

MOTIF SThuman_l3_f_47
letter-probability matrix: alength= 4 w= 9 
 0.27701572 0.21344931 0.14252258 0.36701238
 0.06590833 0.10438274 0.31783205 0.51187688
 0.33991301 0.1097357  0.06657745 0.48377384
 0.38307126 0.04148545 0.33957845 0.23586484
 0.57142857 0.00468384 0.27701572 0.14687186
 0.49682168 0.0200736  0.0267648  0.45633991
 0.44931415 0.00234192 0.31415189 0.23419204
 0.55135497 0.00702576 0.23720308 0.20441619
 0.28169957 0.16761459 0.22181332 0.32887253

MOTIF SThuman_l3_f_48
letter-probability matrix: alength= 4 w= 9 
 0.53974753 0.12896622 0.27396793 0.05731832
 0.42101672 0.14431934 0.23848516 0.19617878
 0.34527465 0.18696691 0.40975776 0.05800068
 7.42408734e-01 6.82360969e-04 2.15967247e-01 4.09416581e-02
 0.23712044 0.01535312 0.00272944 0.744797  
 0.00614125 0.1572842  0.83282156 0.00375299
 0.15796656 0.14602525 0.3916752  0.30433299
 0.09655408 0.40293415 0.3111566  0.18935517
 0.24837939 0.23404981 0.27499147 0.24257932

MOTIF SThuman_l3_f_49
letter-probability matrix: alength= 4 w= 9 
 0.22699176 0.15796703 0.19677198 0.41826923
 0.09718407 0.53743132 0.25652473 0.10885989
 0.16895604 0.14629121 0.36744505 0.31730769
 7.62362637e-01 2.06043956e-03 6.86813187e-04 2.34890110e-01
 0.00858516 0.03708791 0.00274725 0.95157967
 0.0415522  0.00549451 0.71703297 0.23592033
 0.17857143 0.05563187 0.40212912 0.36366758
 0.2345467  0.18612637 0.15831044 0.42101648
 0.27987637 0.13289835 0.3698489  0.21737637

MOTIF SThuman_l3_f_50
letter-probability matrix: alength= 4 w= 9 
 0.11945279 0.27961295 0.12579246 0.47514181
 0.12412412 0.27360694 0.43009676 0.17217217
 0.20887554 0.17384051 0.22522523 0.39205873
 0.31931932 0.21187855 0.05605606 0.41274608
 0.08608609 0.01801802 0.18618619 0.70970971
 0.17417417 0.1618285  0.40206874 0.2619286 
 3.33667000e-04 1.83183183e-01 3.64698031e-01 4.51785118e-01
 0.18385052 0.65165165 0.02268936 0.14180848
 0.36636637 0.4974975  0.1021021  0.03403403

MOTIF SThuman_l3_f_51
letter-probability matrix: alength= 4 w= 9 
 0.4651587  0.11820503 0.19700839 0.21962787
 0.06639912 0.13717621 0.27508209 0.52134258
 0.03867202 0.17840204 0.47573878 0.30718716
 0.79496534 0.01021525 0.17730755 0.01751186
 0.04195549 0.08646479 0.05508938 0.81649033
 0.00547246 0.04414447 0.91791317 0.0324699 
 0.06931777 0.45457862 0.22145202 0.25465159
 0.14009486 0.17694272 0.35388544 0.32907698
 0.17110544 0.27471726 0.31521343 0.23896388

MOTIF SThuman_l3_f_52
letter-probability matrix: alength= 4 w= 9 
 0.31091772 0.14240506 0.33544304 0.21123418
 0.37579114 0.43908228 0.14556962 0.03955696
 0.03322785 0.69778481 0.17958861 0.08939873
 0.00870253 0.26344937 0.25791139 0.46993671
 0.29272152 0.26107595 0.15664557 0.28955696
 0.33306962 0.01503165 0.00632911 0.64556962
 0.37183544 0.5664557  0.01344937 0.04825949
 0.16613924 0.33623418 0.05221519 0.44541139
 0.20174051 0.20806962 0.08544304 0.50474684

MOTIF SThuman_l3_f_53
letter-probability matrix: alength= 4 w= 9 
 0.2563249  0.13415446 0.09354194 0.5159787 
 0.21937417 0.12117177 0.1517976  0.50765646
 0.62616511 0.01731025 0.00199734 0.3545273 
 0.21970706 0.00432756 0.26298269 0.51298269
 0.40113182 0.36984021 0.0695739  0.15945406
 0.23202397 0.53961385 0.11850866 0.10985353
 0.37849534 0.22070573 0.09720373 0.30359521
 0.5758988  0.03628495 0.0159787  0.37183755
 0.39480692 0.14613848 0.03195739 0.4270972 

MOTIF SThuman_l3_f_54
letter-probability matrix: alength= 4 w= 9 
 0.50594354 0.06166419 0.30089153 0.13150074
 0.28677563 0.20208024 0.12109955 0.39004458
 0.37147103 0.45022288 0.09881129 0.0794948 
 8.19465082e-01 1.41158990e-02 1.65676077e-01 7.42942051e-04
 0.21619614 0.13447251 0.05720654 0.59212481
 0.08989599 0.16121842 0.5        0.24888559
 7.43684993e-01 1.48588410e-03 2.54086181e-01 7.42942051e-04
 0.0141159  0.16419019 0.07652303 0.74517088
 7.42942051e-04 3.64041605e-02 9.52451709e-01 1.04011887e-02

MOTIF SThuman_l3_f_55
letter-probability matrix: alength= 4 w= 9 
 0.78863172 0.02552757 0.15622873 0.02961198
 0.26855003 0.21375085 0.0609258  0.45677332
 0.28182437 0.1208305  0.48570456 0.11164057
 0.60245065 0.01735875 0.2195371  0.16065351
 0.06875425 0.16712049 0.0115725  0.75255276
 0.05411845 0.07862491 0.68958475 0.17767189
 0.26923077 0.11334241 0.36351259 0.25391423
 0.22226004 0.30394826 0.21885636 0.25493533
 0.21238938 0.12695711 0.27739959 0.38325391

MOTIF SThuman_l3_f_56
letter-probability matrix: alength= 4 w= 9 
 0.06534091 0.36647727 0.38068182 0.1875    
 0.21306818 0.04829545 0.28693182 0.45170455
 0.73863636 0.00284091 0.08806818 0.17045455
 0.25852273 0.15625    0.26704545 0.31818182
 0.11363636 0.66761364 0.00284091 0.21590909
 0.00284091 0.05965909 0.68181818 0.25568182
 0.10795455 0.07102273 0.00284091 0.81818182
 0.30965909 0.00284091 0.59090909 0.09659091
 0.15625    0.04261364 0.00284091 0.79829545

MOTIF SThuman_l3_f_57
letter-probability matrix: alength= 4 w= 9 
 0.31521197 0.18304239 0.49925187 0.00249377
 0.1276808  0.01446384 0.58204489 0.27581047
 0.24887781 0.1436409  0.33017456 0.27730673
 0.41197007 0.01197007 0.25087282 0.32518703
 6.68329177e-02 4.98753117e-04 3.32668329e-01 6.00000000e-01
 0.24937656 0.24987531 0.36508728 0.13566085
 0.0319202  0.07830424 0.81147132 0.07830424
 0.61945137 0.1042394  0.05985037 0.21645885
 0.31770574 0.04937656 0.27880299 0.35411471

MOTIF SThuman_l3_f_58
letter-probability matrix: alength= 4 w= 9 
 0.06987788 0.64857531 0.09701493 0.18453189
 0.56139756 0.00983718 0.39925373 0.02951153
 0.05325645 0.07496608 0.57903664 0.29274084
 0.04104478 0.16892809 0.75610583 0.0339213 
 0.18181818 0.07869742 0.58480326 0.15468114
 0.08208955 0.30902307 0.32937585 0.27951153
 0.00949796 0.30156038 0.68792402 0.00101764
 0.13670285 0.31207598 0.48982361 0.06139756
 0.27204885 0.24355495 0.43113976 0.05325645

MOTIF SThuman_l3_f_59
letter-probability matrix: alength= 4 w= 9 
 0.41511981 0.19473507 0.22848464 0.16166048
 0.04319946 0.57948026 0.15119811 0.22612217
 0.12588593 0.0637867  0.08876139 0.72156598
 0.00101249 0.55248059 0.12689841 0.3196085 
 0.05737428 0.20283496 0.31657104 0.42321971
 0.03611205 0.18967263 0.25177185 0.52244347
 0.48329396 0.16942288 0.23894701 0.10833615
 3.37495781e-04 3.03746203e-02 1.13398583e-01 8.55889301e-01
 0.02058724 0.15761053 0.23557206 0.58623017

MOTIF SThuman_l3_f_60
letter-probability matrix: alength= 4 w= 9 
 0.21505824 0.15391015 0.27579035 0.35524126
 0.25790349 0.17554077 0.02412646 0.54242928
 0.49417637 0.23585691 0.20341098 0.06655574
 3.51081531e-01 9.77537438e-02 4.15973378e-04 5.50748752e-01
 0.53577371 0.07570715 0.35440932 0.03410982
 0.39933444 0.21921797 0.10815308 0.27329451
 0.32986689 0.02870216 0.43635607 0.20507488
 0.33111481 0.5374376  0.12146423 0.00998336
 0.08818636 0.38311148 0.21297837 0.31572379

MOTIF SThuman_l3_f_61
letter-probability matrix: alength= 4 w= 9 
 0.31158561 0.18426255 0.27916172 0.22499011
 0.59391064 0.07710558 0.2933966  0.03558719
 0.3890866  0.18979834 0.09015421 0.33096085
 0.3471728  0.13879004 0.32779755 0.18623962
 0.86555951 0.07631475 0.01344405 0.04468169
 0.04982206 0.0090945  0.31909846 0.62198497
 0.01463029 0.00514037 0.49505733 0.485172  
 0.42665085 0.02886516 0.43455911 0.10992487
 0.4072756  0.15183867 0.32977461 0.11111111

MOTIF SThuman_l3_f_62
letter-probability matrix: alength= 4 w= 9 
 0.07099799 0.04018754 0.10214334 0.78667113
 0.07803081 0.12793034 0.10281313 0.69122572
 3.34896182e-04 6.02813128e-03 7.73610181e-02 9.16275954e-01
 4.92632284e-01 3.34896182e-04 2.50837240e-01 2.56195579e-01
 7.63563295e-02 3.34896182e-04 3.34896182e-04 9.22973878e-01
 0.55458808 0.00770261 0.061286   0.37642331
 1.08506363e-01 3.34896182e-04 2.91359678e-02 8.62022773e-01
 0.21265908 0.07803081 0.24279973 0.46651038
 0.10984595 0.09444072 0.07133289 0.72438044

MOTIF SThuman_l3_f_63
letter-probability matrix: alength= 4 w= 9 
 0.19308261 0.38381464 0.26326394 0.15983882
 0.45265279 0.31766286 0.1856951  0.04398925
 0.24781733 0.46910678 0.14875756 0.13431833
 0.16453996 0.03022163 0.77971793 0.02552048
 1.84351914e-01 3.35795836e-04 7.41437206e-01 7.38750839e-02
 0.02787105 0.00604433 0.71692411 0.24916051
 0.05809268 0.05171256 0.80523842 0.08495635
 0.0644728  0.30188046 0.34620551 0.28744124
 0.15245131 0.37575554 0.33713902 0.13465413

MOTIF SThuman_l3_f_64
letter-probability matrix: alength= 4 w= 9 
 0.05265109 0.26214312 0.35224323 0.33296255
 0.04931405 0.15721172 0.09677419 0.69670004
 0.27474972 0.15943641 0.52391546 0.04189841
 3.70782351e-04 8.52799407e-03 9.51056730e-01 4.00444939e-02
 0.41824249 0.12532443 0.25658139 0.19985169
 0.31071561 0.03411198 0.19206526 0.46310716
 5.98813496e-01 3.70782351e-04 9.01001112e-02 3.10715610e-01
 0.36188357 0.05561735 0.08120133 0.50129774
 0.27771598 0.24323322 0.09232481 0.38672599

MOTIF SThuman_l3_f_65
letter-probability matrix: alength= 4 w= 9 
 0.53367698 0.104811   0.34364261 0.01786942
 0.4838488  0.09450172 0.10549828 0.3161512 
 0.25910653 0.02680412 0.41649485 0.2975945 
 0.08213058 0.06666667 0.79312715 0.0580756 
 0.11202749 0.0532646  0.70893471 0.1257732 
 0.1556701  0.42817869 0.13092784 0.28522337
 0.01718213 0.5419244  0.3137457  0.12714777
 0.06838488 0.07869416 0.5233677  0.32955326
 0.11305842 0.2161512  0.32268041 0.34810997

MOTIF SThuman_l3_f_66
letter-probability matrix: alength= 4 w= 9 
 0.0918775  0.42243675 0.07656458 0.40912117
 0.67276964 0.21637816 0.01431425 0.09653795
 0.17143808 0.01930759 0.01098535 0.79826897
 0.17509987 0.12549933 0.10019973 0.59920107
 0.1108522  0.05858855 0.13515313 0.69540613
 0.02430093 0.310253   0.37916112 0.28628495
 0.71804261 0.00565912 0.27330226 0.00299601
 0.44640479 0.17576565 0.2340213  0.14380826
 0.28095872 0.18275632 0.2183755  0.31790945

MOTIF SThuman_l3_f_67
letter-probability matrix: alength= 4 w= 9 
 0.21761658 0.03799655 0.21243523 0.53195164
 0.08290155 0.35405872 0.05872193 0.50431779
 0.51813472 0.23316062 0.24697755 0.00172712
 0.22797927 0.01554404 0.0880829  0.66839378
 0.19516408 0.00172712 0.00172712 0.80138169
 0.00172712 0.28324698 0.10880829 0.60621762
 0.00172712 0.17098446 0.48013817 0.34715026
 0.00172712 0.00518135 0.93264249 0.06044905
 0.53022453 0.08117444 0.11226252 0.27633851

MOTIF SThuman_l3_f_68
letter-probability matrix: alength= 4 w= 9 
 0.17433658 0.08229762 0.09170306 0.65166275
 0.02620087 0.19113201 0.50453477 0.27813235
 0.16224387 0.11857575 0.26436009 0.45482029
 0.24487739 0.21498153 0.42861942 0.11152167
 0.11387303 0.01377225 0.23849513 0.63385959
 0.36513268 0.03359086 0.28283507 0.31844138
 0.39469264 0.04165267 0.29056097 0.27309372
 0.11454484 0.26771918 0.08061807 0.5371179 
 0.28753779 0.2180047  0.09439033 0.40006718

MOTIF SThuman_l3_f_69
letter-probability matrix: alength= 4 w= 9 
 0.42563528 0.16666667 0.1416293  0.26606876
 0.00971599 0.17638266 0.11472347 0.69917788
 0.34005979 0.02017937 0.62331839 0.01644245
 0.34753363 0.0470852  0.30941704 0.29596413
 0.04372197 0.45179372 0.05792227 0.44656203
 0.29633782 0.1461136  0.22496263 0.33258595
 0.29334828 0.03475336 0.52242152 0.14947683
 0.1651719  0.0377429  0.31016442 0.48692078
 0.32772795 0.26233184 0.1083707  0.30156951

MOTIF SThuman_l3_f_70
letter-probability matrix: alength= 4 w= 9 
 0.09421365 0.14614243 0.259273   0.50037092
 0.0018546  0.20363501 0.14688427 0.64762611
 0.04673591 0.10089021 0.15504451 0.69732938
 0.46958457 0.04376855 0.14651335 0.34013353
 0.68545994 0.2555638  0.05341246 0.0055638 
 0.26224036 0.00593472 0.12611276 0.60571217
 0.8041543  0.01001484 0.04339763 0.14243323
 0.33011869 0.06379822 0.45511869 0.15096439
 0.35311573 0.12722552 0.21958457 0.30007418

MOTIF SThuman_l3_f_71
letter-probability matrix: alength= 4 w= 9 
 0.19346995 0.12295936 0.12018062 0.56339007
 0.46509205 0.10281348 0.24140327 0.19069121
 0.37269885 0.10316082 0.31781869 0.20632164
 0.13928447 0.06078499 0.02709274 0.77283779
 0.58249392 0.00694686 0.3098298  0.10072942
 0.53317124 0.02257728 0.3730462  0.07120528
 0.13928447 0.02952414 0.08162556 0.74956582
 0.69121223 0.03577631 0.23792984 0.03508163
 0.60159778 0.05001737 0.24487669 0.10350816

MOTIF SThuman_l3_f_72
letter-probability matrix: alength= 4 w= 9 
 0.10184443 0.5308741  0.24017642 0.12710505
 0.00922213 0.76944667 0.05052125 0.17080994
 0.00160385 0.5829992  0.23817161 0.17722534
 4.00962310e-04 4.89174018e-01 4.34242181e-01 7.61828388e-02
 0.04611067 0.81635926 0.11146752 0.02606255
 2.80673617e-03 9.22614274e-01 7.41780273e-02 4.00962310e-04
 7.21732157e-03 9.78748998e-01 1.36327185e-02 4.00962310e-04
 0.00400962 0.75340818 0.01523657 0.22734563
 0.2085004  0.51764234 0.24458701 0.02927025

MOTIF SThuman_l3_f_73
letter-probability matrix: alength= 4 w= 9 
 0.19       0.23413793 0.16793103 0.40793103
 0.35896552 0.26137931 0.07241379 0.30724138
 0.08275862 0.04482759 0.25310345 0.61931034
 0.01931034 0.20724138 0.68896552 0.08448276
 0.11413793 0.06482759 0.0537931  0.76724138
 0.00103448 0.06275862 0.64655172 0.28965517
 0.12655172 0.25965517 0.01034483 0.60344828
 0.15310345 0.08689655 0.0062069  0.7537931 
 0.01103448 0.08206897 0.1837931  0.72310345

MOTIF SThuman_l3_f_74
letter-probability matrix: alength= 4 w= 9 
 0.31427557 0.18963068 0.2368608  0.25923295
 0.33629261 0.11150568 0.42862216 0.12357955
 0.07492898 0.0884233  0.015625   0.82102273
 0.80894886 0.06285511 0.10262784 0.02556818
 0.62357955 0.0078125  0.20241477 0.16619318
 0.14808239 0.04332386 0.14666193 0.66193182
 0.24289773 0.11363636 0.57528409 0.06818182
 0.71058239 0.00958807 0.17613636 0.10369318
 0.22372159 0.10049716 0.140625   0.53515625

MOTIF SThuman_l3_f_75
letter-probability matrix: alength= 4 w= 9 
 0.21716772 0.39003165 0.10640823 0.28639241
 0.12697785 0.13765823 0.26186709 0.47349684
 4.07436709e-02 3.95569620e-04 7.12025316e-02 8.87658228e-01
 9.34335443e-01 6.48734177e-02 3.95569620e-04 3.95569620e-04
 0.07713608 0.00118671 0.74327532 0.1784019 
 0.29193038 0.29193038 0.28283228 0.13330696
 0.46242089 0.31922468 0.08148734 0.13686709
 0.0755538  0.13093354 0.32594937 0.46756329
 0.41060127 0.1965981  0.10759494 0.2852057 

MOTIF SThuman_l3_f_76
letter-probability matrix: alength= 4 w= 9 
 0.30353319 0.124197   0.39186296 0.18040685
 0.2012848  0.14668094 0.31691649 0.33511777
 0.33618844 0.44432548 0.21038544 0.00910064
 0.11830835 0.00910064 0.58779443 0.28479657
 0.00695931 0.2617773  0.03800857 0.69325482
 0.55246253 0.00695931 0.0872591  0.35331906
 0.24357602 0.06691649 0.29925054 0.39025696
 0.68254818 0.20182013 0.03426124 0.08137045
 0.3490364  0.2735546  0.24197002 0.13543897

MOTIF SThuman_l3_f_77
letter-probability matrix: alength= 4 w= 9 
 0.08491311 0.19273302 0.50868878 0.21366509
 0.05134281 0.62243286 0.10781991 0.21840442
 4.69984202e-01 1.78515008e-01 3.51105845e-01 3.94944708e-04
 0.55608215 0.03554502 0.38112164 0.02725118
 0.05963665 0.85268562 0.02488152 0.06279621
 0.12440758 0.52409163 0.26777251 0.08372828
 0.3728278  0.02527646 0.47827804 0.12361769
 0.0371248  0.23578199 0.44905213 0.27804107
 0.0671406  0.21050553 0.49012638 0.23222749

MOTIF SThuman_l3_f_78
letter-probability matrix: alength= 4 w= 9 
 0.60220073 0.1753918  0.1087029  0.11370457
 0.04668223 0.20006669 0.07302434 0.68022674
 0.24008003 0.09103034 0.28609537 0.38279426
 2.67422474e-01 3.33444481e-04 3.28776259e-01 4.03467823e-01
 0.31243748 0.02234078 0.02567523 0.63954652
 0.09636546 0.2780927  0.14204735 0.4834945 
 0.08869623 0.30743581 0.018006   0.58586195
 0.33944648 0.01100367 0.06468823 0.58486162
 0.09569857 0.31810604 0.19739913 0.38879627

MOTIF SThuman_l3_f_79
letter-probability matrix: alength= 4 w= 9 
 0.1952874  0.23098893 0.1488754  0.42484827
 0.03427347 0.10996073 0.17529454 0.68047126
 0.17779365 0.02106391 0.06676187 0.73438058
 0.64726883 0.09282399 0.25312388 0.00678329
 0.26169225 0.00071403 0.30667619 0.43091753
 0.57122456 0.02249197 0.38521956 0.02106391
 0.60585505 0.0046412  0.35880043 0.03070332
 0.21420921 0.0628347  0.3163156  0.40664049
 0.41806498 0.12388433 0.18743306 0.27061764

MOTIF SThuman_l3_f_80
letter-probability matrix: alength= 4 w= 9 
 0.20115774 0.20188133 0.22503618 0.37192475
 0.25397974 0.01266281 0.03473227 0.69862518
 0.24276411 0.02894356 0.71237337 0.01591896
 0.06078148 0.30969609 0.18198263 0.4475398 
 0.40484805 0.17366136 0.0130246  0.40846599
 2.34442836e-01 3.61794501e-04 5.33285094e-01 2.31910275e-01
 0.37554269 0.05137482 0.00723589 0.5658466 
 0.06186686 0.13639653 0.71345876 0.08827786
 0.48769899 0.09949349 0.07054993 0.3422576 

MOTIF SThuman_l3_f_81
letter-probability matrix: alength= 4 w= 9 
 0.30699931 0.21656272 0.25433125 0.22210672
 0.32397782 0.35550936 0.19161469 0.12889813
 0.64691615 0.13270963 0.17810118 0.04227304
 6.43797644e-01 3.46500347e-04 3.46500347e-04 3.55509356e-01
 3.46500347e-04 3.46500347e-04 3.55509356e-01 6.43797644e-01
 0.0987526  0.03222453 0.82882883 0.04019404
 0.12266112 0.11815662 0.35689536 0.4022869 
 0.23250173 0.41337491 0.21413721 0.13998614
 0.16597367 0.22522523 0.26784477 0.34095634

MOTIF SThuman_l3_f_82
letter-probability matrix: alength= 4 w= 9 
 0.50221164 0.19530453 0.2102756  0.09220823
