MEME version 5.3.0

ALPHABET= ACGT

strands: + -

Background letter frequencies
A 0.25 C 0.25 G 0.25 T 0.25

MOTIF SThuman_l3_f_0
letter-probability matrix: alength= 4 w= 9 
 0.01501669 0.27141268 0.02447164 0.689099  
 0.10956618 0.07007786 0.34149055 0.47886541
 0.12736374 0.1240267  0.16685206 0.58175751
 0.79365962 0.08286986 0.01835373 0.1051168 
 0.05394883 0.12291435 0.04894327 0.77419355
 5.56173526e-04 7.34149055e-02 8.82091212e-01 4.39377086e-02
 0.46996663 0.17741935 0.07119021 0.2814238 
 0.1407119  0.11790879 0.42992214 0.31145717
 0.29588432 0.21134594 0.14738598 0.34538376

MOTIF SThuman_l3_f_1
letter-probability matrix: alength= 4 w= 9 
 0.27443182 0.26477273 0.33522727 0.12556818
 0.34375    0.20454545 0.38465909 0.06704545
 0.60738636 0.08579545 0.22840909 0.07840909
 0.63295455 0.23238636 0.08693182 0.04772727
 6.22727273e-01 5.68181818e-04 7.38636364e-03 3.69318182e-01
 5.68181818e-04 5.68181818e-04 3.76136364e-01 6.22727273e-01
 0.03409091 0.19602273 0.72443182 0.04545455
 0.15227273 0.12613636 0.6        0.12159091
 0.24318182 0.34715909 0.26420455 0.14545455

MOTIF SThuman_l3_f_2
letter-probability matrix: alength= 4 w= 9 
 0.21690243 0.13529198 0.48059485 0.16721074
 0.41712006 0.50163221 0.04207472 0.03917301
 0.5317374  0.00072543 0.46354733 0.00398984
 0.43561843 0.06347479 0.03554588 0.4653609 
 0.24700762 0.33333333 0.00145085 0.4182082 
 5.44069641e-02 5.45520493e-01 3.62713094e-04 3.99709830e-01
 0.14145811 0.14036997 0.42038448 0.29778745
 0.10446137 0.59666304 0.04642728 0.25244831
 0.21254987 0.39209285 0.28219079 0.11316649

MOTIF SThuman_l3_f_3
letter-probability matrix: alength= 4 w= 9 
 0.13769175 0.20124178 0.34075968 0.32030679
 0.22169467 0.25675676 0.19978086 0.32176771
 0.21767714 0.53725347 0.03871439 0.206355  
 0.77173119 0.02118335 0.15668371 0.05040175
 0.73593864 0.09715121 0.01387874 0.15303141
 0.15485756 0.08911614 0.1990504  0.55697589
 0.41088386 0.00073046 0.51351351 0.07487217
 0.14134405 0.06574142 0.19503287 0.59788167
 0.03652301 0.14609204 0.51168736 0.30569759

MOTIF SThuman_l3_f_4
letter-probability matrix: alength= 4 w= 9 
 0.25966851 0.13259669 0.16298343 0.44475138
 0.26243094 0.04558011 0.23342541 0.45856354
 0.62983425 0.00138122 0.00138122 0.36740331
 0.04834254 0.17679558 0.0441989  0.73066298
 0.08839779 0.00138122 0.61325967 0.29696133
 0.43922652 0.52209945 0.00138122 0.03729282
 0.00138122 0.18370166 0.81353591 0.00138122
 0.09944751 0.11187845 0.3038674  0.48480663
 0.43508287 0.1519337  0.24861878 0.16436464

MOTIF SThuman_l3_f_5
letter-probability matrix: alength= 4 w= 9 
 0.37789661 0.24456328 0.17967914 0.19786096
 0.5026738  0.15900178 0.23172906 0.10659537
 0.27736185 0.28877005 0.08449198 0.34937611
 0.17005348 0.34509804 0.27557932 0.20926916
 9.58645276e-01 3.56506239e-04 3.56506239e-04 4.06417112e-02
 3.56506239e-04 3.56506239e-04 6.41711230e-03 9.92869875e-01
 3.56506239e-04 3.56506239e-04 9.64705882e-01 3.45811052e-02
 0.43493761 0.0916221  0.32263815 0.15080214
 0.17932264 0.25597148 0.32620321 0.23850267

MOTIF SThuman_l3_f_6
letter-probability matrix: alength= 4 w= 9 
 0.33036984 0.28271693 0.2727596  0.11415363
 0.2329303  0.15291607 0.33641536 0.27773826
 4.53058321e-01 2.27596017e-02 5.23826458e-01 3.55618777e-04
 0.27382646 0.00924609 0.66678521 0.05014225
 0.12482219 0.08108108 0.49964438 0.29445235
 0.21728307 0.05369844 0.68634424 0.04267425
 2.27596017e-01 3.55618777e-04 6.56472262e-01 1.15576102e-01
 0.00924609 0.14438122 0.53769559 0.3086771 
 0.19096728 0.18385491 0.35490754 0.27027027

MOTIF SThuman_l3_f_7
letter-probability matrix: alength= 4 w= 9 
 0.31797869 0.02371949 0.22378824 0.43451358
 0.05156411 0.32382262 0.1182537  0.50635957
 0.0017188  0.48401513 0.07459608 0.43966999
 0.21519422 0.00756274 0.45892059 0.31832245
 0.28875902 0.01203163 0.15331729 0.54589206
 0.68683396 0.01856308 0.00275009 0.29185287
 0.06290822 0.02578206 0.20763149 0.70367824
 0.06668958 0.15159849 0.04125129 0.74046064
 0.43313854 0.17291165 0.30422826 0.08972155

MOTIF SThuman_l3_f_8
letter-probability matrix: alength= 4 w= 9 
 0.7912783  0.02296937 0.17543276 0.01031957
 0.20306258 0.14147803 0.06491345 0.59054594
 0.06757656 0.10352863 0.66011984 0.16877497
 0.36584554 0.07723036 0.47736352 0.07956059
 0.09420772 0.22836218 0.10685752 0.57057257
 0.10685752 0.00998668 0.52796272 0.35519308
 0.19474035 0.20472703 0.48968043 0.1108522 
 0.34054594 0.37483356 0.15645806 0.12816245
 0.24700399 0.20505992 0.38515313 0.16278296

MOTIF SThuman_l3_f_9
letter-probability matrix: alength= 4 w= 9 
 0.35702142 0.14110847 0.37368242 0.12818769
 0.00442027 0.08704522 0.03298198 0.87555253
 3.40020401e-04 3.40020401e-04 6.53859232e-01 3.45460728e-01
 0.20027202 0.04012241 0.4100646  0.34954097
 0.1217273  0.05304318 0.28799728 0.53723223
 0.07106426 0.05032302 0.13090785 0.74770486
 0.32403944 0.00884053 0.23053383 0.4365862 
 0.16626998 0.15606936 0.05644339 0.62121727
 0.1183271  0.15232914 0.28629718 0.44304658

MOTIF SThuman_l3_f_10
letter-probability matrix: alength= 4 w= 9 
 0.79333333 0.00666667 0.19333333 0.00666667
 0.98       0.00666667 0.00666667 0.00666667
 0.98       0.00666667 0.00666667 0.00666667
 0.00666667 0.08       0.54666667 0.36666667
 0.00666667 0.00666667 0.00666667 0.98      
 0.00666667 0.00666667 0.62       0.36666667
 0.41333333 0.02       0.25333333 0.31333333
 0.00666667 0.00666667 0.21333333 0.77333333
 0.00666667 0.04       0.14       0.81333333

MOTIF SThuman_l3_f_11
letter-probability matrix: alength= 4 w= 9 
 0.28527252 0.31580982 0.10591419 0.29300348
 0.57054503 0.17162737 0.12601469 0.13181291
 0.52338616 0.00811751 0.06378044 0.40471589
 0.06455354 0.06725937 0.43602629 0.4321608 
 0.39041361 0.01971395 0.5052184  0.08465404
 0.26633166 0.03749517 0.29223038 0.40394279
 0.28102049 0.02126015 0.47081562 0.22690375
 0.19443371 0.04986471 0.40780827 0.34789331
 0.37611133 0.20680325 0.21414766 0.20293777

MOTIF SThuman_l3_f_12
letter-probability matrix: alength= 4 w= 9 
 0.32539345 0.35644407 0.12292641 0.19523607
 0.20459379 0.45384943 0.12335177 0.21820502
 0.37898766 0.04934071 0.03445342 0.53721821
 0.54147171 0.04976606 0.09655466 0.31220757
 0.06167588 0.00255211 0.5338154  0.40195661
 0.26414292 0.13228413 0.19863888 0.40493407
 0.53083794 0.3032752  0.12803063 0.03785623
 0.10250957 0.10974054 0.48064653 0.30710336
 0.57805189 0.10676308 0.06592939 0.24925564

MOTIF SThuman_l3_f_13
letter-probability matrix: alength= 4 w= 9 
 0.0850682  0.30366116 0.07142857 0.53984207
 0.40595836 0.16331658 0.18269921 0.24802584
 0.14249821 0.30868629 0.08901651 0.45979899
 7.70638909e-01 1.23115578e-01 1.05886576e-01 3.58937545e-04
 4.41493180e-02 2.09619526e-01 3.58937545e-04 7.45872218e-01
 0.04486719 0.00179469 0.74587222 0.2074659 
 0.2304379  0.22792534 0.14465183 0.39698492
 0.11737258 0.12706389 0.24766691 0.50789663
 0.19813352 0.24694903 0.17480258 0.38011486

MOTIF SThuman_l3_f_14
letter-probability matrix: alength= 4 w= 9 
 0.42424242 0.1959596  0.08417508 0.2956229 
 0.12760943 0.02323232 0.1962963  0.65286195
 0.7030303  0.01919192 0.07373737 0.2040404 
 5.07744108e-01 3.36700337e-04 4.85521886e-01 6.39730640e-03
 0.23164983 0.0043771  0.00639731 0.75757576
 0.16734007 0.14208754 0.67272727 0.01784512
 0.50808081 0.10606061 0.23400673 0.15185185
 0.26734007 0.03602694 0.33164983 0.36498316
 0.47710438 0.103367   0.16329966 0.25622896

MOTIF SThuman_l3_f_15
letter-probability matrix: alength= 4 w= 9 
 0.31566429 0.26299694 0.29663609 0.12470268
 0.02208631 0.07203534 0.23751274 0.66836561
 0.21848454 0.05028882 0.35507985 0.37614679
 2.23241590e-01 1.26061842e-01 6.50356779e-01 3.39789331e-04
 0.02208631 0.02344546 0.93442066 0.02004757
 0.03907577 0.09276249 0.84471628 0.02344546
 0.02072715 0.34658512 0.52463473 0.10805301
 0.02990146 0.26367652 0.30309208 0.40332994
 0.15188583 0.3248386  0.29357798 0.22969759

MOTIF SThuman_l3_f_16
letter-probability matrix: alength= 4 w= 9 
 0.39687055 0.15884305 0.29113324 0.15315315
 0.09625415 0.03508772 0.3314367  0.53722143
 0.38169749 0.01754386 0.36652442 0.23423423
 0.39260313 0.00189663 0.53627312 0.06922712
 0.08534851 0.04789    0.39592224 0.47083926
 0.28259839 0.02181128 0.59032717 0.10526316
 0.35182551 0.01043148 0.60123281 0.03651019
 0.07017544 0.25320057 0.33570413 0.34091987
 0.07681366 0.26126126 0.45566619 0.20625889

MOTIF SThuman_l3_f_17
letter-probability matrix: alength= 4 w= 9 
 0.23082215 0.25249398 0.3003096  0.21637427
 0.68489852 0.06604747 0.12280702 0.12624699
 0.17096663 0.08393533 0.18128655 0.56381149
 0.13450292 0.04747162 0.50567595 0.3123495 
 0.48366013 0.10629515 0.1874785  0.22256622
 0.04127967 0.01375989 0.00687994 0.9380805 
 0.2872377  0.00894393 0.57653939 0.12727898
 0.45648435 0.0247678  0.32679739 0.19195046
 0.15239078 0.19573443 0.18025456 0.47162023

MOTIF SThuman_l3_f_18
letter-probability matrix: alength= 4 w= 9 
 0.3954727  0.16478029 0.33688415 0.10286285
 0.74966711 0.06524634 0.15612517 0.02896138
 0.11284953 0.13548602 0.1454727  0.60619174
 2.10386152e-01 3.32889481e-04 7.23368842e-01 6.59121172e-02
 0.17043941 0.05426099 0.54627164 0.22902796
 0.04793609 0.15945406 0.44673768 0.34587217
 0.15446072 0.17976032 0.42043941 0.24533955
 0.07123835 0.27563249 0.25665779 0.39647137
 0.18375499 0.25266312 0.36584554 0.19773635

MOTIF SThuman_l3_f_19
letter-probability matrix: alength= 4 w= 9 
 0.88469602 0.03563941 0.02515723 0.05450734
 0.00209644 0.06289308 0.00209644 0.93291405
 0.07756813 0.00209644 0.91404612 0.00628931
 0.4129979  0.30607966 0.04192872 0.23899371
 0.21174004 0.16352201 0.42348008 0.20125786
 0.02096436 0.42557652 0.00209644 0.55136268
 0.42138365 0.02515723 0.40041929 0.15303983
 0.42348008 0.34171908 0.0754717  0.15932914
 0.50524109 0.19077568 0.22641509 0.07756813

MOTIF SThuman_l3_f_20
letter-probability matrix: alength= 4 w= 9 
 0.16373057 0.27357513 0.19585492 0.36683938
 0.1119171  0.20103627 0.17823834 0.50880829
 0.51502591 0.11502591 0.35958549 0.01036269
 0.19170984 0.32331606 0.48393782 0.00103627
 0.04870466 0.53989637 0.00103627 0.41036269
 0.47979275 0.47875648 0.00207254 0.03937824
 0.01554404 0.01036269 0.55647668 0.41761658
 0.25388601 0.23005181 0.02590674 0.49015544
 0.05595855 0.14715026 0.43005181 0.36683938

MOTIF SThuman_l3_f_21
letter-probability matrix: alength= 4 w= 9 
 0.1214986  0.1442577  0.61834734 0.11589636
 0.15371148 0.23984594 0.40616246 0.20028011
 0.12640056 0.20763305 0.61414566 0.05182073
 0.11694678 0.50630252 0.06162465 0.31512605
 0.00630252 0.51085434 0.05917367 0.42366947
 3.50140056e-04 7.13585434e-01 1.47058824e-02 2.71358543e-01
 3.50140056e-04 7.28641457e-01 3.50140056e-04 2.70658263e-01
 1.75070028e-03 7.27240896e-01 3.50140056e-04 2.70658263e-01
 0.06967787 0.52661064 0.09138655 0.31232493

MOTIF SThuman_l3_f_22
letter-probability matrix: alength= 4 w= 9 
 0.52702703 0.08971471 0.1524024  0.23085586
 0.32545045 0.04617117 0.16816817 0.46021021
 0.53903904 0.11148649 0.28678679 0.06268769
 3.75375375e-04 4.10660661e-01 4.75975976e-01 1.12987988e-01
 9.80855856e-01 3.75375375e-04 1.05105105e-02 8.25825826e-03
 1.12612613e-03 5.66816817e-02 7.50750751e-04 9.41441441e-01
 4.50450450e-03 2.25600601e-01 7.50750751e-04 7.69144144e-01
 0.00225225 0.16966967 0.27665165 0.55142643
 0.21208709 0.35998498 0.26764264 0.16028529

MOTIF SThuman_l3_f_23
letter-probability matrix: alength= 4 w= 9 
 0.24370861 0.32582781 0.17218543 0.25827815
 0.04768212 0.10198675 0.58410596 0.26622517
 0.46490066 0.0013245  0.08741722 0.44635762
 0.0013245  0.0013245  0.0013245  0.99602649
 0.0013245  0.0013245  0.99602649 0.0013245 
 0.40927152 0.0013245  0.58807947 0.0013245 
 0.37218543 0.18807947 0.27284768 0.16688742
 0.2397351  0.36423841 0.26092715 0.13509934
 0.36556291 0.21324503 0.22913907 0.19205298

MOTIF SThuman_l3_f_24
letter-probability matrix: alength= 4 w= 9 
 0.1312083  0.40363232 0.33543365 0.12972572
 0.09191994 0.10896961 0.4158636  0.38324685
 0.25277984 0.11489993 0.6056338  0.02668643
 3.59525574e-02 3.70644922e-04 9.58858414e-01 4.81838399e-03
 4.89251297e-02 3.70644922e-04 6.54188288e-01 2.96515938e-01
 0.36619718 0.09896219 0.42031134 0.11452928
 0.00481838 0.23128243 0.55226093 0.21163825
 0.03335804 0.17234989 0.37916976 0.41512231
 0.30059303 0.11341735 0.09859155 0.48739807

MOTIF SThuman_l3_f_25
letter-probability matrix: alength= 4 w= 9 
 0.21737625 0.1298027  0.21287643 0.43994462
 0.34440983 0.15853236 0.14676359 0.35029422
 0.46590516 0.09622707 0.31048806 0.12737972
 0.26168224 0.04672897 0.04707511 0.64451367
 0.60159225 0.01246106 0.09934233 0.28660436
 0.41952233 0.16337833 0.27137418 0.14572516
 0.08411215 0.00761509 0.01696089 0.89131187
 0.77535479 0.02180685 0.15091727 0.05192108
 0.72135687 0.02042229 0.23537556 0.02284528

MOTIF SThuman_l3_f_26
letter-probability matrix: alength= 4 w= 9 
 0.18313172 0.25739247 0.34106183 0.21841398
 0.25235215 0.10114247 0.38508065 0.26142473
 2.85618280e-02 3.36021505e-04 2.52016129e-02 9.45900538e-01
 0.26948925 0.00067204 0.64616935 0.08366935
 4.87231183e-01 3.36021505e-04 4.29771505e-01 8.26612903e-02
 0.09038978 0.07426075 0.49126344 0.34408602
 0.0813172  0.0436828  0.54603495 0.32896505
 0.12096774 0.44858871 0.2688172  0.16162634
 0.10215054 0.30981183 0.09072581 0.49731183

MOTIF SThuman_l3_f_27
letter-probability matrix: alength= 4 w= 9 
 0.35231463 0.12576813 0.14584187 0.37607538
 0.23310119 0.07701762 0.34862761 0.34125358
 0.57763212 0.22531749 0.1081524  0.08889799
 0.08398197 0.30970914 0.38303974 0.22326915
 0.34944695 0.17574764 0.17697665 0.29782876
 4.09668169e-04 4.09668169e-04 4.20319541e-01 5.78861122e-01
 1.26997132e-02 1.22900451e-03 4.09668169e-04 9.85661614e-01
 3.93281442e-02 4.09668169e-04 3.51904957e-01 6.08357231e-01
 0.01679639 0.0733306  0.11675543 0.79311757

MOTIF SThuman_l3_f_28
letter-probability matrix: alength= 4 w= 9 
 0.39627201 0.22367967 0.27994477 0.10010356
 0.12564722 0.37866759 0.09872282 0.39696237
 0.43182603 0.19951674 0.14221609 0.22644115
 0.15740421 0.31480842 0.37452537 0.153262  
 7.83569210e-02 7.07628581e-02 3.45184674e-04 8.50535036e-01
 6.72074560e-01 1.58094581e-01 1.69485675e-01 3.45184674e-04
 8.01518813e-01 1.03555402e-03 1.97100449e-01 3.45184674e-04
 8.76769071e-02 4.60476355e-01 4.51501553e-01 3.45184674e-04
 0.2613048  0.19088712 0.21815671 0.32965136

MOTIF SThuman_l3_f_29
letter-probability matrix: alength= 4 w= 9 
 0.30819672 0.24168618 0.24309133 0.20702576
 0.24918033 0.32131148 0.25854801 0.17096019
 0.20234192 0.29320843 0.40468384 0.09976581
 4.68384075e-04 4.24824356e-01 3.23185012e-02 5.42388759e-01
 0.48852459 0.01873536 0.44449649 0.04824356
 4.68384075e-04 7.68149883e-02 6.46370023e-02 8.58079625e-01
 0.63793911 0.00374707 0.35269321 0.00562061
 0.8323185  0.00093677 0.07681499 0.08992974
 0.26229508 0.1971897  0.4323185  0.10819672

MOTIF SThuman_l3_f_30
letter-probability matrix: alength= 4 w= 9 
 0.19783686 0.13339342 0.32356918 0.34520054
 0.05317711 0.42721947 0.34925642 0.170347  
 0.14105453 0.42271293 0.12438035 0.31185219
 4.50653447e-04 1.31590807e-01 8.67507886e-01 4.50653447e-04
 0.31635872 0.1180712  0.22082019 0.34474989
 0.14015322 0.00360523 0.25281658 0.60342497
 1.18521857e-01 4.50653447e-04 1.35196034e-03 8.79675530e-01
 0.06354214 0.06759802 0.14511041 0.72374944
 0.08292023 0.13339342 0.02839117 0.75529518

MOTIF SThuman_l3_f_31
letter-probability matrix: alength= 4 w= 9 
 0.29212628 0.34195512 0.14263979 0.22327881
 0.69303918 0.03727653 0.1186763  0.15100799
 0.21414987 0.11335108 0.24039559 0.43210346
 0.53784709 0.05971852 0.37656904 0.02586535
 0.64929631 0.03689616 0.00190186 0.31190567
 0.13008749 0.00342335 0.26473944 0.60174971
 0.11753518 0.03689616 0.67287942 0.17268924
 0.37314568 0.16888551 0.20920502 0.24876379
 0.21376949 0.14872575 0.16356029 0.47394447

MOTIF SThuman_l3_f_32
letter-probability matrix: alength= 4 w= 9 
 0.16030124 0.11242604 0.37062937 0.35664336
 0.22807961 0.43571813 0.22538999 0.11081226
 0.12694997 0.03604088 0.82194728 0.01506186
 0.33351264 0.07261969 0.03604088 0.55782679
 0.41581495 0.00537924 0.04088219 0.53792361
 8.74663798e-01 5.37923615e-04 3.92684239e-02 8.55298548e-02
 0.65088757 0.02097902 0.00161377 0.32651963
 0.61538462 0.05863367 0.07261969 0.25336202
 0.49166218 0.21301775 0.14039806 0.154922  

MOTIF SThuman_l3_f_33
letter-probability matrix: alength= 4 w= 9 
 0.20783646 0.10425894 0.1802385  0.5076661 
 0.02691652 0.17206133 0.00715503 0.79386712
 0.03339012 0.13560477 0.3867121  0.44429302
 3.30494037e-02 3.40715503e-04 3.40715503e-04 9.66269165e-01
 0.81431005 0.01601363 0.0746167  0.09505963
 3.40715503e-04 3.40715503e-04 3.40715503e-04 9.98977853e-01
 0.46235094 0.04088586 0.01022147 0.48654174
 0.21771721 0.13083475 0.48449744 0.1669506 
 0.18228279 0.17103918 0.2483816  0.39829642

MOTIF SThuman_l3_f_34
letter-probability matrix: alength= 4 w= 9 
 0.0923233  0.44335475 0.02231992 0.44200203
 0.01352722 0.3432533  0.03145079 0.61176868
 0.03009807 0.45857288 0.5035509  0.00777815
 0.00101454 0.22928644 0.10855597 0.66114305
 9.46905648e-03 3.38180588e-04 6.76361177e-04 9.89516402e-01
 0.0087927  0.29320257 0.22015556 0.47784917
 6.42881299e-01 3.38180588e-04 8.45451471e-03 3.48326006e-01
 0.25295908 0.22556645 0.04091985 0.48055462
 0.27426446 0.2421373  0.09502875 0.3885695 

MOTIF SThuman_l3_f_35
letter-probability matrix: alength= 4 w= 9 
 0.34373904 0.29708874 0.212557   0.14661522
 0.5787443  0.12346545 0.23886356 0.05892669
 0.0848825  0.04875482 0.65485794 0.21150474
 0.08242722 0.01578394 0.85198176 0.04980709
 0.03402315 0.00561207 0.93967029 0.02069449
 0.06909856 0.06980007 0.80603297 0.0550684 
 0.0045598  0.21115398 0.71273237 0.07155384
 0.09540512 0.38968783 0.37670993 0.13819712
 0.08172571 0.2209751  0.40933006 0.28796913

MOTIF SThuman_l3_f_36
letter-probability matrix: alength= 4 w= 9 
 0.63619677 0.08627019 0.07819383 0.19933921
 0.18318649 0.02312775 0.05800294 0.73568282
 0.71035242 0.05726872 0.1681351  0.06424376
 0.33700441 0.60279001 0.04662261 0.01358297
 0.1428047  0.01211454 0.00734214 0.83773862
 0.46071953 0.12628488 0.24522761 0.16776799
 0.38509545 0.06204112 0.42033774 0.1325257 
 0.17107195 0.2243025  0.39867841 0.20594714
 0.29038179 0.20117474 0.31093979 0.19750367

MOTIF SThuman_l3_f_37
letter-probability matrix: alength= 4 w= 9 
 0.10213675 0.16837607 0.41196581 0.31752137
 4.27350427e-04 1.15384615e-01 1.45299145e-02 8.69658120e-01
 0.59401709 0.00598291 0.3982906  0.0017094 
 0.42264957 0.03034188 0.53461538 0.01239316
 0.15384615 0.36452991 0.0517094  0.42991453
 0.29529915 0.25683761 0.15683761 0.29102564
 0.53376068 0.0042735  0.20299145 0.25897436
 0.34871795 0.38162393 0.04444444 0.22521368
 0.17649573 0.18760684 0.22179487 0.41410256

MOTIF SThuman_l3_f_38
letter-probability matrix: alength= 4 w= 9 
 0.15739269 0.23052464 0.15103339 0.46104928
 0.02702703 0.44038156 0.11049285 0.42209857
 0.02941176 0.02146264 0.29809221 0.65103339
 0.00079491 0.48966614 0.00079491 0.50874404
 0.38394277 0.0063593  0.49602544 0.1136725 
 0.00874404 0.1136725  0.26947536 0.60810811
 0.23370429 0.0508744  0.56995231 0.145469  
 0.05564388 0.04848967 0.07551669 0.82034976
 0.06995231 0.02384738 0.60492846 0.30127186

MOTIF SThuman_l3_f_39
letter-probability matrix: alength= 4 w= 9 
 0.24546676 0.17360645 0.20651444 0.37441236
 3.35795836e-04 7.55540631e-02 1.48421760e-01 7.75688381e-01
 0.37777032 0.01846877 0.18132975 0.42243116
 2.57219610e-01 3.35795836e-04 7.27669577e-01 1.47750168e-02
 6.41370047e-02 8.05910007e-03 3.35795836e-04 9.27468099e-01
 0.5325722  0.02182673 0.35930154 0.08629953
 0.58596373 0.00235057 0.40967092 0.00201478
 0.33143049 0.14069846 0.10644728 0.42142377
 0.23774345 0.11551377 0.17696441 0.46977837

MOTIF SThuman_l3_f_40
letter-probability matrix: alength= 4 w= 9 
 0.46537949 0.18375499 0.04161119 0.30925433
 0.29660453 0.13049268 0.4650466  0.10785619
 0.00765646 0.03462051 0.00499334 0.95272969
 0.00366178 0.00798935 0.33288948 0.65545939
 0.13115846 0.01364847 0.39813582 0.45705726
 0.6361518  0.01165113 0.20272969 0.14946738
 6.39147803e-01 3.32889481e-04 2.99600533e-03 3.57523302e-01
 0.1707723  0.25532623 0.20039947 0.373502  
 0.24966711 0.30193076 0.21338216 0.23501997

MOTIF SThuman_l3_f_41
letter-probability matrix: alength= 4 w= 9 
 0.3906071  0.13516609 0.19702176 0.27720504
 0.62657503 0.31042383 0.05498282 0.00801833
 0.10309278 0.0137457  0.88201604 0.00114548
 0.00114548 0.01260023 0.00114548 0.98510882
 0.0091638  0.01832761 0.10309278 0.86941581
 0.48339061 0.00114548 0.2279496  0.28751432
 0.56930126 0.00343643 0.32187858 0.10538373
 0.16036655 0.1443299  0.09851088 0.59679267
 0.32302405 0.17869416 0.11912944 0.37915235

MOTIF SThuman_l3_f_42
letter-probability matrix: alength= 4 w= 9 
 0.39344816 0.22998987 0.21850726 0.15805471
 0.27929753 0.07801418 0.33941236 0.30327592
 0.06146572 0.53427896 0.04187774 0.36237758
 5.13340088e-01 2.18507261e-01 2.67814927e-01 3.37723742e-04
 2.37082067e-01 2.39446133e-01 3.37723742e-04 5.23134076e-01
 0.05741304 0.10401891 0.81290105 0.025667  
 0.31813576 0.41067207 0.0398514  0.23134076
 0.22019588 0.27659574 0.26713948 0.2360689 
 0.1877744  0.29685917 0.10874704 0.40661939

MOTIF SThuman_l3_f_43
letter-probability matrix: alength= 4 w= 9 
 0.26930181 0.27558182 0.26228297 0.19283339
 0.45733284 0.14185445 0.19357222 0.20724049
 0.06612486 0.19837458 0.73217584 0.00332471
 0.30845955 0.21610639 0.41041744 0.06501662
 3.69412634e-04 3.43553750e-02 3.69412634e-04 9.64905800e-01
 5.12005911e-01 3.69412634e-04 4.83561138e-01 4.06353897e-03
 0.7864795  0.00147765 0.20871814 0.00332471
 0.43997045 0.34355375 0.15626154 0.06021426
 0.37015146 0.27262652 0.27004064 0.08718138

MOTIF SThuman_l3_f_44
letter-probability matrix: alength= 4 w= 9 
 0.18298785 0.21515368 0.22480343 0.37705504
 0.04646176 0.64903503 0.14152966 0.16297355
 0.22730522 0.58899214 0.02394568 0.15975697
 8.22015726e-01 2.50178699e-02 1.52609006e-01 3.57398142e-04
 0.3470336  0.06969264 0.41636883 0.16690493
 0.06719085 0.22623302 0.37634024 0.33023588
 0.68620443 0.00393138 0.038599   0.27126519
 0.22694782 0.11722659 0.1154396  0.54038599
 0.07183703 0.09899929 0.5571837  0.27197999

MOTIF SThuman_l3_f_45
letter-probability matrix: alength= 4 w= 9 
 0.13293651 0.23214286 0.06349206 0.57142857
 0.41865079 0.18452381 0.36309524 0.03373016
 0.2718254  0.12896825 0.20238095 0.3968254 
 0.28769841 0.24603175 0.09920635 0.36706349
 0.36904762 0.00396825 0.27579365 0.35119048
 0.11706349 0.06944444 0.39285714 0.42063492
 0.52777778 0.06547619 0.04960317 0.35714286
 0.02777778 0.00198413 0.02777778 0.94246032
 0.0734127  0.03769841 0.53174603 0.35714286

MOTIF SThuman_l3_f_46
letter-probability matrix: alength= 4 w= 9 
 0.30930233 0.1879845  0.19806202 0.30465116
 0.30155039 0.24147287 0.10426357 0.35271318
 0.32325581 0.01046512 0.45503876 0.21124031
 0.27906977 0.67403101 0.0255814  0.02131783
 1.61240310e-01 2.40310078e-02 8.13953488e-01 7.75193798e-04
 9.85658915e-01 3.87596899e-04 1.35658915e-02 3.87596899e-04
 0.79147287 0.03565891 0.13372093 0.03914729
 0.20387597 0.05077519 0.61511628 0.13023256
 0.48100775 0.13953488 0.19031008 0.18914729

MOTIF SThuman_l3_f_47
letter-probability matrix: alength= 4 w= 9 
 0.27771874 0.17180305 0.18207581 0.36840241
 0.12894084 0.18490967 0.41126461 0.27488487
 0.0042508  0.09883103 0.70669501 0.19022317
 0.28409493 0.67658519 0.00070847 0.03861141
 0.30924548 0.12716968 0.53737159 0.02621325
 0.01983705 0.08005668 0.62132483 0.27878144
 0.05171803 0.21537372 0.26390365 0.46900461
 0.08218208 0.12752391 0.73326249 0.05703153
 0.07793128 0.16082182 0.50053135 0.26071555

MOTIF SThuman_l3_f_48
letter-probability matrix: alength= 4 w= 9 
 0.22010399 0.25129983 0.26805315 0.26054304
 0.08261121 0.3061814  0.04794916 0.56325823
 0.01733102 0.33102253 0.17850953 0.47313692
 0.27267475 0.25765453 0.03928365 0.43038706
 0.72097054 0.24898902 0.0017331  0.02830734
 0.31369151 0.45002889 0.21086077 0.02541883
 0.1548238  0.73772386 0.07221259 0.03523975
 0.25187753 0.73252455 0.00808781 0.00751011
 0.68515309 0.09069902 0.1554015  0.06874639

MOTIF SThuman_l3_f_49
letter-probability matrix: alength= 4 w= 9 
 0.49932432 0.10472973 0.29932432 0.09662162
 0.27432432 0.26925676 0.15101351 0.30540541
 0.27837838 0.1652027  0.12635135 0.43006757
 9.98986486e-01 3.37837838e-04 3.37837838e-04 3.37837838e-04
 4.79729730e-02 3.37837838e-04 3.58108108e-02 9.15878378e-01
 0.02668919 0.00405405 0.94831081 0.02094595
 0.16148649 0.11182432 0.41689189 0.3097973 
 0.11722973 0.35878378 0.17297297 0.35101351
 0.07972973 0.20540541 0.3652027  0.34966216

MOTIF SThuman_l3_f_50
letter-probability matrix: alength= 4 w= 9 
 0.2340804  0.18178584 0.1814301  0.40270366
 0.0793312  0.17965137 0.24404127 0.49697617
 0.06367841 0.24012807 0.33760228 0.35859125
 0.89505514 0.0149413  0.07008182 0.01992174
 0.00142298 0.02063323 0.09676272 0.88118107
 3.55745286e-04 2.98826041e-02 9.57310566e-01 1.24510850e-02
 0.12771256 0.08822483 0.39950196 0.38456065
 0.03344006 0.18676628 0.40412665 0.37566702
 0.10850231 0.20241907 0.26965493 0.41942369

MOTIF SThuman_l3_f_51
letter-probability matrix: alength= 4 w= 9 
 0.11436541 0.39609484 0.13423989 0.35529986
 0.2388424  0.39400279 0.30892608 0.05822873
 0.23117155 0.25488145 0.03730823 0.47663877
 0.50732218 0.11052999 0.37029289 0.01185495
 3.48675035e-04 9.01324965e-01 2.78940028e-03 9.55369596e-02
 0.14993026 0.12168759 0.26220363 0.46617852
 3.48675035e-04 9.61994421e-01 6.97350070e-04 3.69595537e-02
 2.33612273e-02 3.48675035e-04 1.98396095e-01 7.77894003e-01
 0.26046025 0.15132497 0.26359833 0.32461646

MOTIF SThuman_l3_f_52
letter-probability matrix: alength= 4 w= 9 
 0.22153285 0.42043796 0.26350365 0.09452555
 0.30693431 0.06715328 0.03394161 0.5919708 
 0.07554745 0.1879562  0.37956204 0.35693431
 0.33832117 0.25109489 0.16751825 0.24306569
 0.52007299 0.2729927  0.1729927  0.03394161
 3.64963504e-04 9.98905109e-01 3.64963504e-04 3.64963504e-04
 3.64963504e-04 1.52189781e-01 7.12043796e-01 1.35401460e-01
 0.02956204 0.21094891 0.14416058 0.61532847
 0.43394161 0.23759124 0.25693431 0.07153285

MOTIF SThuman_l3_f_53
letter-probability matrix: alength= 4 w= 9 
 0.06595672 0.11645483 0.06595672 0.75163174
 0.04225352 0.09549983 0.44623841 0.41600824
 0.51528684 0.00583992 0.22088629 0.25798695
 0.55170045 0.08691171 0.07042254 0.2909653 
 0.26623154 0.07763655 0.01099279 0.64513913
 0.16042597 0.28993473 0.28649948 0.26313981
 0.01992442 0.10889729 0.16557884 0.70559945
 0.14221917 0.12847819 0.05393336 0.67536929
 0.24149777 0.09996565 0.33459292 0.32394366

MOTIF SThuman_l3_f_54
letter-probability matrix: alength= 4 w= 9 
 0.10843373 0.06760375 0.09973226 0.72423025
 0.18440428 0.06894244 0.32195448 0.4246988 
 0.24899598 0.02008032 0.02978581 0.70113788
 0.04350736 0.03413655 0.64892905 0.27342704
 0.07797858 0.01037483 0.30287818 0.60876841
 0.20515395 0.19544846 0.00502008 0.59437751
 0.42737617 0.41198126 0.00334672 0.15729585
 0.16064257 0.39022758 0.04082999 0.40829987
 0.22958501 0.14390897 0.06258367 0.56392236

MOTIF SThuman_l3_f_55
letter-probability matrix: alength= 4 w= 9 
 0.49094203 0.13442029 0.17608696 0.19855072
 0.05942029 0.02173913 0.14673913 0.77210145
 0.03949275 0.06485507 0.57572464 0.31992754
 0.74456522 0.00615942 0.10942029 0.13985507
 0.14927536 0.04492754 0.07644928 0.72934783
 0.63007246 0.23115942 0.1        0.03876812
 0.16666667 0.35833333 0.37246377 0.10253623
 0.25108696 0.13007246 0.1134058  0.50543478
 0.61702899 0.17391304 0.05688406 0.15217391

MOTIF SThuman_l3_f_56
letter-probability matrix: alength= 4 w= 9 
 0.15160643 0.31258367 0.27108434 0.26472557
 0.67269076 0.00301205 0.26004016 0.06425703
 0.00301205 0.01271754 0.33902276 0.64524766
 1.33868809e-03 2.51004016e-02 9.73226238e-01 3.34672021e-04
 0.19946452 0.05053548 0.57429719 0.17570281
 0.20414993 0.00970549 0.29585007 0.49029451
 0.1375502  0.49665328 0.25903614 0.10676037
 0.29350736 0.17570281 0.33668005 0.19410977
 0.33801874 0.24230254 0.25937082 0.1603079 

MOTIF SThuman_l3_f_57
letter-probability matrix: alength= 4 w= 9 
 0.19734604 0.28138823 0.11636611 0.40489963
 0.62436203 0.01122831 0.06566859 0.29874107
 0.12759442 0.10377679 0.08302144 0.68560735
 0.0860837  0.17556992 0.38210276 0.35624362
 0.49234433 0.00170126 0.09935352 0.40660088
 0.04423273 0.06464784 0.08846546 0.80265396
 0.02381763 0.01292957 0.64579789 0.31745492
 0.07417489 0.10037428 0.52500851 0.30044233
 0.30520585 0.17114665 0.41816945 0.10547805

MOTIF SThuman_l3_f_58
letter-probability matrix: alength= 4 w= 9 
 0.71592831 0.03584714 0.15454853 0.09367602
 0.2979371  0.0121745  0.05816706 0.63172134
 0.1061887  0.0348326  0.15049036 0.70848833
 0.13730132 0.43456206 0.0940142  0.33412242
 0.05444707 0.03990531 0.25295908 0.65268854
 0.24349002 0.0016909  0.33344606 0.42137301
 0.52891444 0.00574907 0.46330741 0.00202908
 0.37707136 0.05005073 0.37301319 0.19986473
 0.21001015 0.12039229 0.21474467 0.45485289

MOTIF SThuman_l3_f_59
letter-probability matrix: alength= 4 w= 9 
 0.60424028 0.08869258 0.14063604 0.1664311 
 0.06749117 0.54169611 0.15335689 0.23745583
 0.38975265 0.22155477 0.10459364 0.28409894
 0.24734982 0.17102473 0.49434629 0.08727915
 1.90106007e-01 7.06713781e-04 3.42756184e-02 7.74911661e-01
 0.0229682  0.02932862 0.01978799 0.92791519
 0.00141343 0.00282686 0.12226148 0.87349823
 0.03780919 0.00388693 0.81166078 0.14664311
 0.27915194 0.20812721 0.37349823 0.13922261

MOTIF SThuman_l3_f_60
letter-probability matrix: alength= 4 w= 9 
 0.22003995 0.18375499 0.36750999 0.22869507
 0.15346205 0.02829561 0.79394141 0.02430093
 0.12616511 0.00233023 0.83721704 0.03428762
 3.32889481e-04 1.06524634e-02 8.64181092e-01 1.24833555e-01
 3.32889481e-04 3.32889481e-04 8.34886818e-01 1.64447403e-01
 0.00699068 0.0885486  0.72037284 0.18408788
 0.20972037 0.09087883 0.49667111 0.20272969
 0.32623169 0.23568575 0.30093209 0.13715047
 0.25898802 0.28628495 0.29027963 0.1644474 

MOTIF SThuman_l3_f_61
letter-probability matrix: alength= 4 w= 9 
 0.09695754 0.18455366 0.59578736 0.12270144
 0.95519893 0.00936142 0.02607823 0.00936142
 4.44667335e-01 2.77833501e-01 2.77164828e-01 3.34336342e-04
 0.15078569 0.00668673 0.78803076 0.05449682
 0.53226346 0.28284855 0.10966232 0.07522568
 0.08826479 0.06018054 0.51287195 0.33868271
 0.55967904 0.15580074 0.12637914 0.15814109
 0.23905048 0.02474089 0.48946841 0.24674022
 0.23570712 0.16449348 0.3523905  0.24740889

MOTIF SThuman_l3_f_62
letter-probability matrix: alength= 4 w= 9 
 0.07266983 0.25592417 0.4107425  0.26066351
 1.18483412e-03 9.39968404e-02 7.89889415e-04 9.04028436e-01
 0.0264613  0.09992101 0.44233807 0.43127962
 3.94944708e-04 1.84834123e-01 9.20221169e-02 7.22748815e-01
 0.3878357  0.01974724 0.55055292 0.04186414
 0.27804107 0.1378357  0.18483412 0.3992891 
 0.33728278 0.04423381 0.2985782  0.31990521
 0.25631912 0.27014218 0.11018957 0.36334913
 0.08096367 0.21682464 0.31240126 0.38981043

MOTIF SThuman_l3_f_63
letter-probability matrix: alength= 4 w= 9 
 0.14505119 0.04505119 0.09692833 0.71296928
 3.41296928e-04 5.80204778e-03 7.50853242e-03 9.86348123e-01
 2.07849829e-01 5.80204778e-03 7.86006826e-01 3.41296928e-04
 0.1225256  0.06040956 0.09522184 0.721843  
 4.79180887e-01 3.41296928e-04 1.39931741e-02 5.06484642e-01
 1.36518771e-03 3.41296928e-04 5.56313993e-02 9.42662116e-01
 0.07201365 0.0337884  0.00238908 0.89180887
 0.05085324 0.20648464 0.67030717 0.07235495
 0.13856655 0.11911263 0.12150171 0.62081911

MOTIF SThuman_l3_f_64
letter-probability matrix: alength= 4 w= 9 
 0.63268108 0.02334363 0.30484037 0.03913491
 0.28389976 0.28458634 0.0545829  0.376931  
 0.44146928 0.17610711 0.22416752 0.15825609
 0.50944044 0.00068658 0.02300034 0.46687264
 3.43288706e-04 2.57466529e-02 4.64469619e-01 5.09440439e-01
 0.00171644 0.00755235 0.78235496 0.20837624
 0.11740474 0.23789907 0.31513903 0.32955716
 0.19121181 0.29625815 0.19842087 0.31410917
 0.17713697 0.2159286  0.34088568 0.26604875

MOTIF SThuman_l3_f_65
letter-probability matrix: alength= 4 w= 9 
 0.27800974 0.32915797 0.07550452 0.31732777
 0.10542797 0.16805846 0.48573417 0.2407794 
 3.47947112e-04 3.47947112e-04 5.64370216e-01 4.34933890e-01
 0.37125957 0.00208768 0.61482255 0.0118302 
 0.46903271 0.07620042 0.42519137 0.0295755 
 0.20215727 0.40292276 0.36325678 0.03166319
 0.0664579  0.39109255 0.26652749 0.27592206
 0.14926931 0.27974948 0.0664579  0.50452331
 0.34585943 0.12804454 0.47251218 0.05358386

MOTIF SThuman_l3_f_66
letter-probability matrix: alength= 4 w= 9 
 0.32790445 0.15056098 0.19435396 0.3271806 
 0.44914948 0.07057546 0.29641694 0.18385813
 0.60332971 0.02388708 0.23090843 0.14187477
 0.18964893 0.16974303 0.12703583 0.5135722 
 0.23706117 0.04306913 0.40608035 0.31378936
 0.40499457 0.10206298 0.33079986 0.1621426 
 3.61925443e-04 3.61925443e-04 7.23850887e-04 9.98552298e-01
 8.02026782e-01 3.61925443e-04 1.97249367e-01 3.61925443e-04
 0.54288817 0.00868621 0.39558451 0.05284111

MOTIF SThuman_l3_f_67
letter-probability matrix: alength= 4 w= 9 
 0.20021149 0.15861826 0.12372224 0.51744801
 0.32604864 0.09270356 0.18857949 0.39266831
 0.30948185 0.17729996 0.42086711 0.09235108
 0.06732464 0.3341558  0.2023264  0.39619316
 0.18893197 0.22664787 0.13993655 0.44448361
 3.52485019e-04 3.52485019e-04 1.40994008e-03 9.97885090e-01
 8.07895664e-01 3.52485019e-04 1.91399366e-01 3.52485019e-04
 4.11350018e-01 3.52485019e-04 5.87945012e-01 3.52485019e-04
 0.27000352 0.17624251 0.41804723 0.13570673

MOTIF SThuman_l3_f_68
letter-probability matrix: alength= 4 w= 9 
 0.13362939 0.2535325  0.13887767 0.47396044
 0.22083165 0.03875656 0.18893823 0.55147356
 0.32054905 0.1138474  0.2394025  0.32620105
 0.09325797 0.16875252 0.41784417 0.32014534
 4.03714170e-04 1.68348809e-01 4.03714170e-04 8.30843763e-01
 6.18893823e-01 1.52200242e-01 4.03714170e-04 2.28502220e-01
 0.002826   0.02987485 0.73879693 0.22850222
 0.5470327  0.14977796 0.01170771 0.29148163
 0.21719822 0.25797335 0.0968914  0.42793702

MOTIF SThuman_l3_f_69
letter-probability matrix: alength= 4 w= 9 
 0.35425176 0.17081322 0.19940587 0.27552915
 0.26513182 0.10694393 0.2569625  0.37096175
 0.56962495 0.05198663 0.23616784 0.14222057
 0.32380245 0.0943186  0.13813591 0.44374304
 0.20868919 0.0560713  0.60341626 0.13182325
 0.75603416 0.04010397 0.12031192 0.08354994
 0.07983661 0.13516524 0.02413665 0.76086149
 5.60712960e-02 3.71333086e-04 7.38210175e-01 2.05347196e-01
 0.12253992 0.11659859 0.33382844 0.42703305

MOTIF SThuman_l3_f_70
letter-probability matrix: alength= 4 w= 9 
 0.04197531 0.20246914 0.05925926 0.6962963 
 0.34444444 0.00617284 0.30617284 0.34320988
 0.22345679 0.39876543 0.22345679 0.15432099
 0.12716049 0.39876543 0.13333333 0.34074074
 0.7617284  0.22345679 0.01111111 0.0037037 
 0.00123457 0.00123457 0.00123457 0.9962963 
 0.27530864 0.00123457 0.72222222 0.00123457
 0.60617284 0.02962963 0.35925926 0.00493827
 0.19382716 0.40123457 0.15925926 0.24567901

MOTIF SThuman_l3_f_71
letter-probability matrix: alength= 4 w= 9 
 0.48438609 0.20085167 0.1866572  0.12810504
 0.39673527 0.16891412 0.18452803 0.24982257
 0.46202981 0.06600426 0.41873669 0.05322924
 0.89673527 0.03442158 0.02448545 0.0443577 
 0.23704755 0.01171043 0.14726757 0.60397445
 0.03903478 0.03335699 0.68559262 0.24201561
 0.46770759 0.34173172 0.1071682  0.08339248
 0.58019872 0.1146203  0.17601136 0.12916962
 0.16146203 0.10113556 0.21469127 0.52271114

MOTIF SThuman_l3_f_72
letter-probability matrix: alength= 4 w= 9 
 0.2778542  0.26719395 0.32083906 0.13411279
 0.23383769 0.23108666 0.34078404 0.19429161
 0.0457359  0.12379642 0.29951857 0.53094911
 0.25928473 0.08837689 0.06568088 0.5866575 
 0.1764099  0.06911967 0.68259972 0.0718707 
 0.54436039 0.25171939 0.0849381  0.11898212
 0.10350757 0.23486933 0.20770289 0.45392022
 0.37001376 0.47455296 0.15337001 0.00206327
 0.41437414 0.15371389 0.35763411 0.07427785

MOTIF SThuman_l3_f_73
letter-probability matrix: alength= 4 w= 9 
 0.5721562  0.08149406 0.31273345 0.0336163 
 0.19286927 0.11409168 0.33921902 0.35382003
 0.09235993 0.0655348  0.70696095 0.13514431
 0.34091681 0.03803056 0.36977929 0.25127334
 0.01290323 0.07843803 0.65806452 0.25059423
 3.39558574e-04 2.37691002e-03 9.20203735e-01 7.70797963e-02
 0.02750424 0.10016978 0.7901528  0.08217317
 0.08998302 0.27640068 0.50254669 0.13106961
 0.20679117 0.22648557 0.36468591 0.20203735

MOTIF SThuman_l3_f_74
letter-probability matrix: alength= 4 w= 9 
 0.22357724 0.33111604 0.24279379 0.20251293
 0.19290466 0.50036955 0.1293422  0.17738359
 0.69142646 0.03141168 0.27383592 0.00332594
 0.19512195 0.24944568 0.08388766 0.47154472
 0.13858093 0.21692535 0.56762749 0.07686622
 0.81929047 0.01293422 0.16407982 0.00369549
 0.14966741 0.04878049 0.03732446 0.76422764
 0.05395418 0.0443459  0.84774575 0.05395418
 0.14227642 0.19807834 0.41241685 0.24722838

MOTIF SThuman_l3_f_75
letter-probability matrix: alength= 4 w= 9 
 0.30193812 0.15436926 0.4750085  0.06868412
 0.21047263 0.22407344 0.18123087 0.38422305
 3.40020401e-04 4.19585175e-01 3.40020401e-04 5.79734784e-01
 0.33083985 0.04352261 0.32233934 0.3032982 
 0.10710643 0.00374022 0.79632778 0.09282557
 0.17817069 0.70418225 0.04284257 0.07480449
 0.00204012 0.14076845 0.4784087  0.37878273
 3.40020401e-04 6.11016661e-01 3.77422645e-01 1.12206732e-02
 0.14892894 0.55151309 0.18293098 0.116627  

MOTIF SThuman_l3_f_76
letter-probability matrix: alength= 4 w= 9 
 0.21840708 0.19469027 0.24247788 0.34442478
 0.66017699 0.15362832 0.05451327 0.13168142
 0.03752212 0.06513274 0.02371681 0.87362832
 0.06300885 0.01769912 0.61522124 0.3040708 
 0.72849558 0.18300885 0.04035398 0.04814159
 0.07964602 0.04849558 0.0619469  0.8099115 
 0.17486726 0.09557522 0.61946903 0.1100885 
 0.1759292  0.31681416 0.13238938 0.37486726
 0.14230088 0.2120354  0.21734513 0.42831858

MOTIF SThuman_l3_f_77
letter-probability matrix: alength= 4 w= 9 
 0.39699571 0.24463519 0.06223176 0.29613734
 0.472103   0.11373391 0.10944206 0.30472103
 0.00214592 0.21459227 0.00214592 0.78111588
 0.08154506 0.00214592 0.46351931 0.4527897 
 0.61587983 0.07939914 0.00214592 0.30257511
 0.60085837 0.1888412  0.06866953 0.1416309 
 0.00858369 0.32832618 0.00214592 0.66094421
 0.00214592 0.17381974 0.8111588  0.01287554
 0.31759657 0.20815451 0.09227468 0.38197425

MOTIF SThuman_l3_f_78
letter-probability matrix: alength= 4 w= 9 
 0.20672437 0.19540613 0.13648469 0.46138482
 0.13448735 0.04527297 0.04960053 0.77063915
 0.03561917 0.00499334 0.05625832 0.90312916
 0.30858855 0.00233023 0.54161119 0.14747004
 1.56125166e-01 3.32889481e-04 3.32889481e-04 8.43209055e-01
 0.01564581 0.28195739 0.02496671 0.67743009
 3.32889481e-04 3.32889481e-04 5.82889481e-01 4.16444740e-01
 0.17909454 0.28328895 0.31890812 0.21870839
 0.3195739  0.10918775 0.27896138 0.29227696

MOTIF SThuman_l3_f_79
letter-probability matrix: alength= 4 w= 9 
 0.05952381 0.20903361 0.30217087 0.42927171
 3.27731092e-01 3.50140056e-04 6.71218487e-01 7.00280112e-04
 0.75385154 0.14635854 0.03046218 0.06932773
 0.35959384 0.10819328 0.36379552 0.16841737
 4.06162465e-01 1.50560224e-02 3.50140056e-04 5.78431373e-01
 0.15091036 0.05217087 0.07948179 0.71743697
 0.03536415 0.19362745 0.51715686 0.25385154
 0.24019608 0.39880952 0.16316527 0.19782913
 0.33298319 0.30917367 0.19012605 0.16771709

MOTIF SThuman_l3_f_80
letter-probability matrix: alength= 4 w= 9 
 0.19973369 0.27796272 0.21005326 0.31225033
 0.27929427 0.15878828 0.41411451 0.14780293
 0.64846871 0.10286285 0.02296937 0.22569907
 0.09420772 0.0316245  0.20339547 0.6707723 
 3.32889481e-04 1.99733688e-03 9.54061252e-01 4.36085220e-02
 0.47636485 0.37183755 0.13715047 0.01464714
 0.1930759  0.37283622 0.35019973 0.08388815
 0.30359521 0.1454727  0.24034621 0.31058589
 0.38115846 0.22969374 0.2563249  0.1328229 

MOTIF SThuman_l3_f_81
letter-probability matrix: alength= 4 w= 9 
 0.04803341 0.64775496 0.10093978 0.20327184
 0.01809955 0.69369997 0.28750435 0.00069614
 0.26139923 0.50365472 0.22137139 0.01357466
