MEME version 5.3.0

ALPHABET= ACGT

strands: + -

Background letter frequencies
A 0.25 C 0.25 G 0.25 T 0.25

MOTIF SThuman_l3_f_0
letter-probability matrix: alength= 4 w= 9 
 0.50669078 0.08535262 0.26618445 0.14177215
 0.12260398 0.279566   0.21374322 0.3840868 
 0.2755877  0.17540687 0.21084991 0.33815552
 9.59855335e-01 4.33996383e-03 3.54430380e-02 3.61663653e-04
 0.01084991 0.02640145 0.0039783  0.95877034
 0.00289331 0.00650995 0.92405063 0.06654611
 0.19240506 0.04882459 0.46943942 0.28933092
 0.09801085 0.18915009 0.28933092 0.42350814
 0.18119349 0.2119349  0.24086799 0.36600362

MOTIF SThuman_l3_f_1
letter-probability matrix: alength= 4 w= 9 
 0.25443131 0.32274742 0.17651403 0.24630724
 0.18980798 0.39771049 0.10893648 0.30354505
 0.29246677 0.31314623 0.26624815 0.12813885
 3.69276219e-04 3.69276219e-04 3.69276219e-04 9.98892171e-01
 6.58419498e-01 3.69276219e-04 3.40841950e-01 3.69276219e-04
 6.39217134e-01 3.69276219e-04 3.60044313e-01 3.69276219e-04
 0.26994092 0.11964549 0.30612999 0.3042836 
 0.04874446 0.14475628 0.71196455 0.09453471
 0.21935007 0.21048744 0.32902511 0.24113737

MOTIF SThuman_l3_f_2
letter-probability matrix: alength= 4 w= 9 
 0.16014711 0.11200267 0.33901705 0.38883317
 0.37278502 0.22367101 0.14376463 0.25977934
 0.00100301 0.00267469 0.00334336 0.99297894
 3.67769977e-03 4.04546974e-02 3.34336342e-04 9.55533266e-01
 0.67235038 0.26880642 0.00300903 0.05583417
 7.02106319e-03 5.88097626e-01 3.34336342e-04 4.04546974e-01
 0.56569709 0.08324975 0.24406553 0.10698763
 0.02039452 0.23905048 0.2116349  0.52892009
 0.16850552 0.20461384 0.11935807 0.50752257

MOTIF SThuman_l3_f_3
letter-probability matrix: alength= 4 w= 9 
 0.7037037  0.05021368 0.23896011 0.00712251
 0.26887464 0.14636752 0.11253561 0.47222222
 0.04237892 0.13069801 0.56766382 0.25925926
 0.37998575 0.04558405 0.46901709 0.10541311
 0.09935897 0.10185185 0.17735043 0.62143875
 0.0519943  0.12571225 0.54059829 0.28169516
 0.20904558 0.24821937 0.2542735  0.28846154
 0.08618234 0.64280627 0.1474359  0.1235755 
 0.23646724 0.35933048 0.22649573 0.17770655

MOTIF SThuman_l3_f_4
letter-probability matrix: alength= 4 w= 9 
 0.2079533  0.24808464 0.18168552 0.36227654
 0.22911346 0.23130244 0.28821598 0.25136811
 0.1514046  0.26815031 0.16052536 0.41991974
 9.59139000e-01 2.44436337e-02 3.64830354e-04 1.60525356e-02
 1.93360088e-02 3.64830354e-04 2.11601605e-02 9.59139000e-01
 3.64830354e-04 7.29660708e-04 9.98175848e-01 7.29660708e-04
 0.31594309 0.02298431 0.26048887 0.40058373
 0.19700839 0.25063845 0.05581904 0.49653411
 0.12404232 0.31083546 0.24370668 0.32141554

MOTIF SThuman_l3_f_5
letter-probability matrix: alength= 4 w= 9 
 0.68417486 0.01287699 0.22738055 0.0755676 
 0.22500847 0.05421891 0.16435107 0.55642155
 0.09861064 0.25618434 0.28227719 0.36292782
 0.62521179 0.07116232 0.11521518 0.18841071
 3.38868180e-04 2.50762453e-02 7.89562860e-02 8.95628600e-01
 0.22161979 0.04778041 0.00203321 0.72856659
 0.0084717  0.01999322 0.83226025 0.13927482
 0.17011183 0.00203321 0.20603185 0.62182311
 0.28193833 0.1118265  0.22941376 0.37682142

MOTIF SThuman_l3_f_6
letter-probability matrix: alength= 4 w= 9 
 0.34767305 0.1990614  0.18341807 0.26984748
 0.12240907 0.29135706 0.09464216 0.49159171
 0.04106375 0.17989832 0.08095424 0.69808369
 9.21392257e-01 3.91083301e-04 7.78255768e-02 3.91083301e-04
 5.16229957e-02 3.87172468e-02 9.09268674e-01 3.91083301e-04
 0.03441533 0.13844349 0.2107939  0.61634728
 0.03402425 0.19788815 0.07704341 0.69104419
 0.01486117 0.22995698 0.4004693  0.35471255
 0.14470082 0.28822839 0.3488463  0.21822448

MOTIF SThuman_l3_f_7
letter-probability matrix: alength= 4 w= 9 
 0.04087507 0.06793322 0.07196315 0.81922855
 0.57915947 0.00345423 0.3517559  0.0656304 
 6.69545193e-01 2.76338515e-02 3.02245250e-01 5.75705239e-04
 0.1427749  0.34945308 0.36787565 0.13989637
 0.42256765 0.05987334 0.04260219 0.47495682
 0.0218768  0.0875072  0.39666091 0.49395509
 0.20667818 0.06966033 0.2861255  0.43753598
 0.59182499 0.04778353 0.33736327 0.02302821
 0.25446172 0.15544041 0.25964306 0.33045481

MOTIF SThuman_l3_f_8
letter-probability matrix: alength= 4 w= 9 
 0.21172861 0.00511422 0.25093761 0.53221957
 3.40947835e-04 3.75042618e-03 3.06853051e-01 6.89055574e-01
 3.40947835e-04 3.06853051e-02 2.63211729e-01 7.05762018e-01
 0.41356972 0.26048415 0.05659734 0.26934879
 3.40947835e-04 1.20695534e-01 5.11421752e-03 8.73849301e-01
 0.0071599  0.51073986 0.00204569 0.48005455
 2.43095806e-01 3.60040914e-01 3.40947835e-04 3.96522332e-01
 0.04364132 0.1725196  0.08285032 0.70098875
 0.14490283 0.22502557 0.04295943 0.58711217

MOTIF SThuman_l3_f_9
letter-probability matrix: alength= 4 w= 9 
 0.07797858 0.57095047 0.27543507 0.07563588
 0.23226238 0.38253012 0.34136546 0.04384203
 0.062249   0.03279786 0.84103079 0.06392236
 0.00769746 0.61077644 0.34136546 0.04016064
 3.34672021e-04 8.09571620e-01 1.89759036e-01 3.34672021e-04
 0.17135207 0.60876841 0.2188755  0.00100402
 3.34672021e-04 5.32797858e-01 1.42904953e-01 3.23962517e-01
 0.10341365 0.25       0.54986613 0.09672021
 0.09002677 0.03313253 0.8457162  0.0311245 

MOTIF SThuman_l3_f_10
letter-probability matrix: alength= 4 w= 9 
 0.7421088  0.07588986 0.17360645 0.0083949 
 0.59234385 0.11685695 0.03895232 0.25184688
 0.45030222 0.02182673 0.31262592 0.21524513
 0.21155138 0.24546676 0.19543318 0.34754869
 4.70114171e-03 3.35795836e-04 1.71591672e-01 8.23371390e-01
 0.7740094  0.04398925 0.05842848 0.12357287
 0.41336467 0.09603761 0.4600403  0.03055742
 0.05238415 0.09503022 0.33915379 0.51343183
 0.45332438 0.07588986 0.17562122 0.29516454

MOTIF SThuman_l3_f_11
letter-probability matrix: alength= 4 w= 9 
 0.06625892 0.31022766 0.0733945  0.55011893
 0.83792049 0.0030581  0.09004417 0.06897723
 0.3533809  0.10023785 0.46856949 0.07781176
 0.3472647  0.16649677 0.11009174 0.37614679
 0.60652396 0.07237513 0.15086646 0.17023445
 0.51444105 0.14610941 0.10465511 0.23479443
 0.04077472 0.17125382 0.23921169 0.54875977
 0.08188923 0.11586816 0.48386001 0.3183826 
 0.21678559 0.20421339 0.25042474 0.32857628

MOTIF SThuman_l3_f_12
letter-probability matrix: alength= 4 w= 9 
 0.20568852 0.1207076  0.44294138 0.2306625 
 0.29240375 0.38362817 0.08706209 0.236906  
 2.37946583e-01 3.46860909e-04 1.76899063e-01 5.84807492e-01
 0.02532085 0.03433923 0.41692681 0.52341311
 3.46860909e-04 1.06833160e-01 8.75823795e-01 1.69961845e-02
 0.38501561 0.01144641 0.32639612 0.27714187
 6.97190427e-02 5.28269164e-01 4.01664932e-01 3.46860909e-04
 0.51335414 0.07145335 0.3673257  0.04786681
 0.52896289 0.19736386 0.12937912 0.14429414

MOTIF SThuman_l3_f_13
letter-probability matrix: alength= 4 w= 9 
 0.11318408 0.44589552 0.06218905 0.37873134
 0.03358209 0.26741294 0.04415423 0.65485075
 0.01803483 0.05845771 0.25124378 0.67226368
 0.06156716 0.3619403  0.57587065 0.00062189
 6.55472637e-01 6.21890547e-04 3.43283582e-01 6.21890547e-04
 0.28482587 0.60447761 0.10447761 0.00621891
 0.49689055 0.43097015 0.0391791  0.0329602 
 0.71206468 0.18594527 0.01741294 0.08457711
 0.24564677 0.23569652 0.07027363 0.44838308

MOTIF SThuman_l3_f_14
letter-probability matrix: alength= 4 w= 9 
 0.184573   0.23071625 0.07162534 0.5130854 
 0.08677686 0.06473829 0.75516529 0.09331956
 0.62224518 0.15461433 0.0334022  0.18973829
 0.17768595 0.01790634 0.00275482 0.80165289
 0.16838843 0.01618457 0.5327135  0.2827135 
 0.64290634 0.13739669 0.07713499 0.14256198
 0.07024793 0.25757576 0.05199725 0.62017906
 0.17183196 0.19524793 0.40082645 0.23209366
 0.35640496 0.26928375 0.18112948 0.19318182

MOTIF SThuman_l3_f_15
letter-probability matrix: alength= 4 w= 9 
 0.13667348 0.34662577 0.11690525 0.3997955 
 0.14962509 0.55044308 0.15030675 0.14962509
 0.44648943 0.1465576  0.2791411  0.12781186
 0.17620995 0.04601227 0.1206544  0.65712338
 7.60054533e-02 6.06680300e-02 8.62985685e-01 3.40831629e-04
 0.81458759 0.05078391 0.0473756  0.0872529 
 0.78595774 0.08895706 0.04703476 0.07805044
 0.29209271 0.532379   0.12985685 0.04567144
 0.42638037 0.10770279 0.18507157 0.28084526

MOTIF SThuman_l3_f_16
letter-probability matrix: alength= 4 w= 9 
 0.45417591 0.12564671 0.30635625 0.11382114
 0.31374723 0.1947524  0.32668145 0.16481892
 0.22431633 0.20103474 0.54101996 0.03362897
 1.56319290e-01 3.69549150e-04 8.42941611e-01 3.69549150e-04
 0.00221729 0.06577975 0.77235772 0.15964523
 0.00110865 0.28713969 0.70694752 0.00480414
 3.69549150e-04 5.97191426e-01 2.55728012e-01 1.46711013e-01
 0.25498891 0.31559497 0.10199557 0.32742055
 0.12971175 0.09164819 0.6736881  0.10495196

MOTIF SThuman_l3_f_17
letter-probability matrix: alength= 4 w= 9 
 0.3723301  0.19563107 0.21213592 0.21990291
 0.25825243 0.01067961 0.22038835 0.51067961
 8.65533981e-01 6.35922330e-02 7.03883495e-02 4.85436893e-04
 0.17135922 0.01796117 0.79805825 0.01262136
 0.54126214 0.0092233  0.11650485 0.33300971
 8.06796117e-01 1.90776699e-01 1.94174757e-03 4.85436893e-04
 2.36893204e-01 1.18446602e-01 6.44174757e-01 4.85436893e-04
 0.14854369 0.12038835 0.63932039 0.09174757
 0.30825243 0.26941748 0.26601942 0.15631068

MOTIF SThuman_l3_f_18
letter-probability matrix: alength= 4 w= 9 
 0.36213558 0.20723569 0.30874605 0.12188268
 0.10502283 0.3368458  0.02669477 0.5314366 
 0.30979979 0.08078679 0.23252547 0.37688795
 0.31822972 0.11275026 0.24200913 0.32701089
 5.79206182e-01 3.51246927e-04 5.76044960e-02 3.62838075e-01
 3.51246927e-04 1.15911486e-02 2.22339305e-01 7.65718300e-01
 0.08465051 0.06498068 0.64629434 0.20407446
 0.18194591 0.1654373  0.17316473 0.47945205
 0.25886898 0.19704953 0.24657534 0.29750615

MOTIF SThuman_l3_f_19
letter-probability matrix: alength= 4 w= 9 
 0.30082988 0.15518672 0.15892116 0.38506224
 0.09087137 0.38962656 0.006639   0.51286307
 6.60580913e-01 3.31535270e-01 4.14937759e-04 7.46887967e-03
 0.00124481 0.07053942 0.76970954 0.15850622
 0.15352697 0.01120332 0.31742739 0.51784232
 0.04356846 0.45394191 0.29460581 0.20788382
 0.00871369 0.28547718 0.68755187 0.01825726
 0.13070539 0.40622407 0.24107884 0.2219917 
 0.23609959 0.41161826 0.24564315 0.106639  

MOTIF SThuman_l3_f_20
letter-probability matrix: alength= 4 w= 9 
 0.41948718 0.06188034 0.43794872 0.08068376
 0.27350427 0.23076923 0.27076923 0.22495726
 0.33948718 0.24820513 0.25128205 0.16102564
 8.12307692e-01 2.08547009e-02 1.66495726e-01 3.41880342e-04
 0.2625641  0.09162393 0.03042735 0.61538462
 0.11863248 0.22119658 0.41880342 0.24136752
 0.70119658 0.01709402 0.25299145 0.02871795
 0.01675214 0.20273504 0.05025641 0.73025641
 0.01641026 0.07863248 0.81401709 0.09094017

MOTIF SThuman_l3_f_21
letter-probability matrix: alength= 4 w= 9 
 0.30093209 0.19141145 0.26498003 0.24267643
 0.27962716 0.00466045 0.52962716 0.18608522
 3.32889481e-04 3.34553928e-01 3.32889481e-03 6.61784288e-01
 0.02063915 0.28195739 0.44041278 0.25699068
 0.48535286 0.01697736 0.41211718 0.0855526 
 1.18175766e-01 6.03861518e-01 3.32889481e-04 2.77629827e-01
 0.07223702 0.7942743  0.01131824 0.12217044
 0.17310253 0.41544607 0.22969374 0.18175766
 0.21171771 0.44007989 0.11850866 0.22969374

MOTIF SThuman_l3_f_22
letter-probability matrix: alength= 4 w= 9 
 0.34434294 0.15214336 0.2607168  0.24279691
 0.21468728 0.30428672 0.19395643 0.28706957
 8.20449754e-01 7.02740689e-04 1.24033732e-01 5.48137737e-02
 0.43148278 0.10751933 0.00878426 0.45221363
 0.44940267 0.0544624  0.00773015 0.48840478
 0.94799719 0.00105411 0.00316233 0.04778637
 3.51370344e-04 3.51370344e-04 4.21644413e-03 9.95080815e-01
 0.05375966 0.37456079 0.05305692 0.51862263
 0.3246662  0.1528461  0.40021082 0.12227688

MOTIF SThuman_l3_f_23
letter-probability matrix: alength= 4 w= 9 
 0.23273381 0.35503597 0.23561151 0.17661871
 0.29172662 0.46942446 0.00251799 0.23633094
 0.56834532 0.28093525 0.0471223  0.10359712
 2.94964029e-01 5.02158273e-01 3.59712230e-04 2.02517986e-01
 0.07805755 0.08776978 0.53920863 0.29496403
 2.37050360e-01 3.59712230e-04 7.60791367e-01 1.79856115e-03
 0.00107914 0.05863309 0.29172662 0.64856115
 0.07014388 0.01079137 0.50683453 0.41223022
 0.13884892 0.14964029 0.38741007 0.32410072

MOTIF SThuman_l3_f_24
letter-probability matrix: alength= 4 w= 9 
 0.33225389 0.12564767 0.42487047 0.11722798
 6.47668394e-04 3.08937824e-01 6.47668394e-04 6.89766839e-01
 0.0388601  0.11398964 0.78238342 0.06476684
 0.16321244 0.78367876 0.03367876 0.01943005
 0.15090674 0.64248705 0.0861399  0.12046632
 6.47668394e-04 8.18005181e-01 2.33160622e-02 1.58031088e-01
 0.21049223 0.00712435 0.55051813 0.23186528
 0.0492228  0.33743523 0.35751295 0.25582902
 0.11722798 0.36917098 0.36658031 0.14702073

MOTIF SThuman_l3_f_25
letter-probability matrix: alength= 4 w= 9 
 0.49600533 0.26331558 0.08521971 0.15545939
 1.34820240e-01 4.92676431e-02 3.32889481e-04 8.15579228e-01
 0.28328895 0.13548602 0.35552597 0.22569907
 0.1424767  0.50798935 0.00266312 0.34687084
 0.13581891 0.06890812 0.26231691 0.53295606
 0.01131824 0.31724368 0.09221039 0.5792277 
 5.84886818e-01 3.32889481e-04 4.14447403e-01 3.32889481e-04
 0.38415446 0.08122503 0.41511318 0.11950732
 0.41011984 0.15845539 0.20805593 0.22336884

MOTIF SThuman_l3_f_26
letter-probability matrix: alength= 4 w= 9 
 0.28709677 0.23225806 0.21774194 0.26290323
 0.1983871  0.06451613 0.63387097 0.10322581
 0.98387097 0.00645161 0.00806452 0.0016129 
 0.0016129  0.01290323 0.0016129  0.98387097
 0.0016129  0.0016129  0.98387097 0.01290323
 0.00645161 0.11935484 0.43870968 0.43548387
 0.0483871  0.28387097 0.43064516 0.23709677
 0.00645161 0.21774194 0.34354839 0.43225806
 0.10806452 0.20322581 0.61290323 0.07580645

MOTIF SThuman_l3_f_27
letter-probability matrix: alength= 4 w= 9 
 0.28376471 0.06870588 0.49929412 0.14823529
 0.67247059 0.08141176 0.00847059 0.23764706
 0.28235294 0.02541176 0.08       0.61223529
 4.59294118e-01 4.70588235e-04 4.70588235e-04 5.39764706e-01
 0.43858824 0.05317647 0.016      0.49223529
 0.016      0.55717647 0.37176471 0.05505882
 0.17317647 0.37317647 0.312      0.14164706
 0.53317647 0.02635294 0.18211765 0.25835294
 0.26117647 0.08894118 0.28658824 0.36329412

MOTIF SThuman_l3_f_28
letter-probability matrix: alength= 4 w= 9 
 0.50699068 0.15013316 0.06624501 0.27663116
 0.38415446 0.14114514 0.06724368 0.40745672
 0.01364847 0.63981358 0.00199734 0.34454061
 4.08122503e-01 9.98668442e-04 3.32889481e-04 5.90545939e-01
 0.12683089 0.01231691 0.60086551 0.25998668
 0.73535286 0.16045273 0.10219707 0.00199734
 0.75099867 0.04161119 0.00199734 0.20539281
 0.44241012 0.14280959 0.22403462 0.19074567
 0.15645806 0.40346205 0.16611185 0.27396804

MOTIF SThuman_l3_f_29
letter-probability matrix: alength= 4 w= 9 
 0.27069834 0.19654428 0.21238301 0.32037437
 0.07919366 0.15406767 0.65766739 0.10907127
 0.29337653 0.23110151 0.39848812 0.07703384
 0.11699064 0.09359251 0.08567315 0.7037437 
 0.0050396  0.00179986 0.41792657 0.57523398
 0.02735781 0.00827934 0.8912887  0.07307415
 1.07991361e-03 8.49532037e-02 9.13606911e-01 3.59971202e-04
 0.07847372 0.13354932 0.2937365  0.49424046
 0.35601152 0.28581713 0.21562275 0.1425486 

MOTIF SThuman_l3_f_30
letter-probability matrix: alength= 4 w= 9 
 0.34583484 0.25748287 0.23728814 0.15939416
 0.2989542  0.30544537 0.12910206 0.26649838
 0.52758745 0.12585647 0.26253155 0.08402452
 0.50775334 0.17778579 0.18644068 0.12802019
 0.10421926 0.29065994 0.22791201 0.3772088 
 9.79805265e-01 3.60620267e-04 1.94734944e-02 3.60620267e-04
 1.76703931e-02 3.60620267e-04 2.52434187e-03 9.79444645e-01
 3.60620267e-04 2.52434187e-03 9.79444645e-01 1.76703931e-02
 0.16696718 0.06563289 0.41687703 0.3505229 

MOTIF SThuman_l3_f_31
letter-probability matrix: alength= 4 w= 9 
 0.03365718 0.14469119 0.09888966 0.72276197
 0.09195003 0.09021513 0.16655101 0.65128383
 0.50589868 0.05065926 0.34108258 0.10235947
 1.43303262e-01 1.11380985e-01 3.46981263e-04 7.44968772e-01
 0.14781402 0.0648855  0.20957668 0.5777238 
 0.29042332 0.52081888 0.14399722 0.04476058
 0.21825121 0.06315059 0.35045108 0.36814712
 0.06280361 0.36884108 0.02463567 0.54371964
 0.22137405 0.23455933 0.30395559 0.24011103

MOTIF SThuman_l3_f_32
letter-probability matrix: alength= 4 w= 9 
 0.54307639 0.15277293 0.22462504 0.07952564
 3.48796652e-04 8.61527729e-02 1.32542728e-02 9.00244158e-01
 4.33205441e-01 5.23194977e-03 5.61213812e-01 3.48796652e-04
 0.59260551 0.08719916 0.30589466 0.01430066
 0.31880014 0.39658179 0.14021625 0.14440181
 0.24206488 0.30973143 0.39483781 0.05336589
 0.17509592 0.21311475 0.10219742 0.50959191
 0.05685385 0.20718521 0.45378444 0.28217649
 0.16149285 0.19637251 0.44087897 0.20125567

MOTIF SThuman_l3_f_33
letter-probability matrix: alength= 4 w= 9 
 0.22703063 0.03229028 0.24733688 0.49334221
 0.22003995 0.06191744 0.01997337 0.69806924
 3.32889481e-04 1.00532623e-01 3.32889481e-04 8.98801598e-01
 3.32889481e-04 9.98668442e-04 5.32623169e-03 9.93342210e-01
 0.00366178 0.03295606 0.04194407 0.92143808
 3.32889481e-04 3.32889481e-04 3.32889481e-04 9.99001332e-01
 7.05725699e-02 3.32889481e-04 7.65645806e-03 9.21438083e-01
 0.03628495 0.06757656 0.08089214 0.81524634
 0.04460719 0.03528628 0.05659121 0.86351531

MOTIF SThuman_l3_f_34
letter-probability matrix: alength= 4 w= 9 
 0.13448276 0.36       0.13793103 0.36758621
 0.35862069 0.19896552 0.1262069  0.3162069 
 0.02206897 0.03517241 0.20517241 0.73758621
 0.26655172 0.13275862 0.59758621 0.00310345
 3.44827586e-04 6.88965517e-01 2.22413793e-01 8.82758621e-02
 3.44827586e-04 5.72068966e-01 5.00000000e-02 3.77586207e-01
 0.14103448 0.22206897 0.25586207 0.38103448
 0.14241379 0.15034483 0.48689655 0.22034483
 0.49689655 0.0762069  0.15689655 0.27      

MOTIF SThuman_l3_f_35
letter-probability matrix: alength= 4 w= 9 
 0.31065292 0.25601375 0.19484536 0.23848797
 0.3161512  0.28453608 0.13161512 0.26769759
 0.34261168 0.11134021 0.18591065 0.36013746
 9.56701031e-01 1.20274914e-02 3.09278351e-02 3.43642612e-04
 4.08934708e-02 2.74914089e-03 3.43642612e-04 9.56013746e-01
 4.26116838e-02 3.43642612e-04 9.56701031e-01 3.43642612e-04
 0.2556701  0.48006873 0.1024055  0.16185567
 0.18316151 0.13127148 0.21546392 0.47010309
 0.27560137 0.22405498 0.17113402 0.32920962

MOTIF SThuman_l3_f_36
letter-probability matrix: alength= 4 w= 9 
 0.05858855 0.0476032  0.13715047 0.75665779
 0.01165113 0.01964048 0.24101198 0.7276964 
 7.88948069e-02 3.32889481e-04 1.49467377e-01 7.71304927e-01
 3.32889481e-04 3.32889481e-04 1.41145140e-01 8.58189081e-01
 3.32889481e-04 3.32889481e-04 2.28029294e-01 7.71304927e-01
 3.32889481e-04 4.59387483e-02 1.17842876e-01 8.35885486e-01
 0.11018642 0.0442743  0.06091877 0.78462051
 0.30559254 0.18075899 0.21238349 0.30126498
 0.51930759 0.17743009 0.06291611 0.24034621

MOTIF SThuman_l3_f_37
letter-probability matrix: alength= 4 w= 9 
 0.28440987 0.14710856 0.26614812 0.30233345
 0.02130538 0.06357795 0.01251268 0.90260399
 0.65640852 0.05309435 0.24957727 0.04091985
 5.54954346e-01 3.04362530e-03 4.41663848e-01 3.38180588e-04
 0.09976327 0.10246872 0.05512344 0.74264457
 0.50219817 0.02468718 0.42948935 0.0436253 
 0.60568143 0.00270544 0.36117687 0.03043625
 0.10415962 0.1829557  0.15116672 0.56171796
 0.28982076 0.08961786 0.31281704 0.30774434

MOTIF SThuman_l3_f_38
letter-probability matrix: alength= 4 w= 9 
 0.29304574 0.09743399 0.38267014 0.22685013
 0.18743027 0.1636296  0.24990703 0.3990331 
 0.11082187 0.45146895 0.11974712 0.31796207
 0.33358126 0.15991075 0.18482707 0.32168092
 9.59836370e-01 3.94198587e-02 3.71885459e-04 3.71885459e-04
 2.38006694e-02 3.71885459e-04 1.33878765e-02 9.62439569e-01
 3.71885459e-03 3.71885459e-04 9.95537374e-01 3.71885459e-04
 0.29341763 0.18966158 0.06507996 0.45184083
 0.16400149 0.09148382 0.40200818 0.34250651

MOTIF SThuman_l3_f_39
letter-probability matrix: alength= 4 w= 9 
 0.20306258 0.06924101 0.27663116 0.45106525
 3.32889481e-04 8.22237017e-02 3.32889481e-04 9.17110519e-01
 0.0189747  0.00499334 0.92276964 0.05326232
 0.01364847 0.15645806 0.14081225 0.68908123
 0.21271638 0.00266312 0.20106525 0.58355526
 0.09354194 0.15679095 0.00099867 0.74866844
 2.95938748e-01 3.32889481e-04 1.76098535e-01 5.27629827e-01
 0.04027963 0.06724368 0.10386152 0.78861518
 0.10785619 0.09454061 0.18608522 0.61151798

MOTIF SThuman_l3_f_40
letter-probability matrix: alength= 4 w= 9 
 0.29026549 0.14469027 0.30707965 0.2579646 
 0.32477876 0.2        0.34292035 0.13230088
 0.11814159 0.06681416 0.53053097 0.28451327
 0.03141593 0.02300885 0.38584071 0.55973451
 4.42477876e-04 4.42477876e-04 4.42477876e-04 9.98672566e-01
 5.80973451e-01 4.42477876e-04 4.18141593e-01 4.42477876e-04
 7.38938053e-01 4.42477876e-04 2.60176991e-01 4.42477876e-04
 0.38362832 0.2159292  0.30530973 0.09513274
 0.26283186 0.22876106 0.2039823  0.30442478

MOTIF SThuman_l3_f_41
letter-probability matrix: alength= 4 w= 9 
 0.07390146 0.03229028 0.06291611 0.83089214
 3.32889481e-04 2.31358189e-01 2.29693742e-02 7.45339547e-01
 0.07856192 0.00166445 0.3861518  0.53362184
 3.32889481e-04 4.82689747e-02 3.32889481e-04 9.51065246e-01
 0.14414115 0.05525965 0.04194407 0.75865513
 0.00665779 0.00366178 0.04593875 0.94374168
 0.05459387 0.00133156 0.02829561 0.91577896
 3.32889481e-04 4.66045273e-03 3.32889481e-04 9.94673768e-01
 0.03828229 0.03362184 0.01331558 0.91478029

MOTIF SThuman_l3_f_42
letter-probability matrix: alength= 4 w= 9 
 0.26183844 0.01671309 0.30083565 0.42061281
 0.04178273 0.12256267 0.18941504 0.64623955
 0.71309192 0.00278552 0.13370474 0.15041783
 0.00278552 0.00278552 0.00278552 0.99164345
 0.96657382 0.00278552 0.01949861 0.01114206
 0.00278552 0.00278552 0.01114206 0.98328691
 0.12534819 0.00278552 0.51810585 0.35376045
 0.02506964 0.06685237 0.04735376 0.86072423
 0.1810585  0.02785515 0.58774373 0.20334262

MOTIF SThuman_l3_f_43
letter-probability matrix: alength= 4 w= 9 
 0.38492598 0.30820996 0.24057873 0.06628533
 0.1884253  0.16823688 0.41251682 0.230821  
 0.00942127 0.17530283 0.58647376 0.22880215
 0.2294751  0.0013459  0.74461642 0.02456258
 0.13122476 0.5602288  0.07234186 0.23620458
 0.00672948 0.46197847 0.47106326 0.0602288 
 0.11641992 0.32570659 0.29340511 0.26446837
 0.15242261 0.3307537  0.35531629 0.1615074 
 0.20356662 0.28129206 0.45726783 0.05787349

MOTIF SThuman_l3_f_44
letter-probability matrix: alength= 4 w= 9 
 0.35762224 0.09971237 0.2253116  0.31735379
 0.15819751 0.20901246 0.50527325 0.12751678
 5.34036433e-01 3.06807287e-02 4.34803452e-01 4.79386385e-04
 4.79386385e-04 4.50623202e-02 5.32598274e-01 4.21860019e-01
 3.92138063e-01 1.10258869e-02 4.79386385e-04 5.96356663e-01
 0.34563758 0.01629914 0.0493768  0.58868648
 4.84180249e-02 9.92329818e-02 4.79386385e-04 8.51869607e-01
 0.41994247 0.28235858 0.24352828 0.05417066
 0.42569511 0.20901246 0.19654842 0.16874401

MOTIF SThuman_l3_f_45
letter-probability matrix: alength= 4 w= 9 
 0.28139535 0.20503876 0.14496124 0.36860465
 0.36162791 0.05387597 0.27713178 0.30736434
 0.18914729 0.24573643 0.17403101 0.39108527
 0.44922481 0.25852713 0.16434109 0.12790698
 0.27674419 0.21937984 0.24457364 0.25930233
 9.72868217e-01 3.87596899e-04 2.63565891e-02 3.87596899e-04
 0.0255814  0.02286822 0.00155039 0.95      
 0.01085271 0.00310078 0.9503876  0.03565891
 0.32286822 0.21782946 0.13139535 0.32790698

MOTIF SThuman_l3_f_46
letter-probability matrix: alength= 4 w= 9 
 0.10517359 0.10040844 0.06024506 0.73417291
 0.13308373 0.05411845 0.26855003 0.54424779
 3.40367597e-04 6.80735194e-04 6.16746086e-01 3.82232811e-01
 2.82505106e-02 8.13478557e-02 3.40367597e-04 8.90061266e-01
 0.54016338 0.01531654 0.37066031 0.07385977
 1.36147039e-03 3.40367597e-03 3.40367597e-04 9.94894486e-01
 4.43158611e-01 1.70183799e-01 3.40367597e-04 3.86317223e-01
 0.00987066 0.30530973 0.34853642 0.33628319
 0.18141593 0.09802587 0.10517359 0.61538462

MOTIF SThuman_l3_f_47
letter-probability matrix: alength= 4 w= 9 
 0.37024353 0.18949772 0.18340944 0.25684932
 0.44901065 0.03652968 0.05593607 0.45852359
 0.23896499 0.14840183 0.38203957 0.23059361
 3.80517504e-04 5.47945205e-01 1.62100457e-01 2.89573820e-01
 0.65334855 0.3390411  0.00532725 0.00228311
 0.56316591 0.28805175 0.14726027 0.00152207
 0.59322679 0.02739726 0.19292237 0.18645358
 0.91324201 0.05022831 0.02092846 0.01560122
 0.64079148 0.08066971 0.07191781 0.206621  

MOTIF SThuman_l3_f_48
letter-probability matrix: alength= 4 w= 9 
 0.28928929 0.0363697  0.27427427 0.40006673
 0.33099766 0.1294628  0.03970637 0.49983317
 0.01768435 0.01501502 0.78211545 0.18518519
 1.23456790e-02 1.00100100e-03 3.33667000e-04 9.86319653e-01
 1.73506840e-02 3.33667000e-04 6.00600601e-03 9.76309643e-01
 0.00133467 0.01601602 0.01568235 0.96696697
 0.15281949 0.04137471 0.31831832 0.48748749
 0.1021021  0.11845179 0.04571238 0.73373373
 0.11544878 0.08274942 0.16316316 0.63863864

MOTIF SThuman_l3_f_49
letter-probability matrix: alength= 4 w= 9 
 0.14072727 0.19927273 0.29890909 0.36109091
 0.068      0.17127273 0.35636364 0.40436364
 0.28363636 0.12290909 0.02545455 0.568     
 0.08145455 0.03127273 0.31490909 0.57236364
 0.02036364 0.15636364 0.008      0.81527273
 0.55054545 0.05818182 0.37454545 0.01672727
 0.03054545 0.00654545 0.39272727 0.57018182
 0.34072727 0.07345455 0.58363636 0.00218182
 0.28945455 0.108      0.35418182 0.24836364

MOTIF SThuman_l3_f_50
letter-probability matrix: alength= 4 w= 9 
 0.46422214 0.11000356 0.25489498 0.17087932
 0.3499466  0.35777857 0.08401566 0.20825917
 0.24172303 0.09433962 0.1007476  0.56318975
 9.86116056e-01 1.31719473e-02 3.55998576e-04 3.55998576e-04
 1.31719473e-02 3.55998576e-04 3.55998576e-04 9.86116056e-01
 3.55998576e-04 3.55998576e-04 9.86116056e-01 1.31719473e-02
 0.17835529 0.00569598 0.44606622 0.36988252
 0.15913136 0.26949092 0.18191527 0.38946244
 0.14168743 0.19864721 0.19259523 0.46707013

MOTIF SThuman_l3_f_51
letter-probability matrix: alength= 4 w= 9 
 0.17012448 0.35156545 0.07582045 0.40248963
 0.1097699  0.26593738 0.34175783 0.28253489
 0.05318748 0.49415315 0.0863825  0.36627688
 6.18257261e-01 2.30101848e-02 3.58355338e-01 3.77216145e-04
 0.28668427 0.41757827 0.27913995 0.01659751
 0.82685779 0.01357978 0.14221049 0.01735194
 0.4835911  0.35458318 0.00528103 0.1565447 
 0.10071671 0.56393814 0.01999246 0.3153527 
 0.22293474 0.23500566 0.27499057 0.26706903

MOTIF SThuman_l3_f_52
letter-probability matrix: alength= 4 w= 9 
 0.78637413 0.01789838 0.18591224 0.00981524
 0.4965358  0.0669746  0.0669746  0.36951501
 5.77367206e-04 4.15704388e-02 1.66281755e-01 7.91570439e-01
 0.04734411 0.04849885 0.08429561 0.81986143
 5.77367206e-04 1.32794457e-02 5.77367206e-04 9.85565820e-01
 0.60334873 0.27829099 0.03117783 0.08718245
 0.32332564 0.03983834 0.04272517 0.59411085
 0.25808314 0.18187067 0.18475751 0.37528868
 0.26732102 0.12528868 0.06004619 0.54734411

MOTIF SThuman_l3_f_53
letter-probability matrix: alength= 4 w= 9 
 0.31184799 0.20678092 0.40983607 0.07153502
 0.44113264 0.18852459 0.03874814 0.33159463
 3.72578241e-04 9.90685544e-01 8.56929955e-03 3.72578241e-04
 0.46944858 0.02719821 0.09090909 0.41244411
 3.39046200e-01 6.38226528e-01 3.72578241e-04 2.23546945e-02
 1.10655738e-01 7.94336811e-01 9.46348733e-02 3.72578241e-04
 0.22242921 0.1609538  0.53464978 0.08196721
 0.20268256 0.32861401 0.39456036 0.07414307
 0.48397914 0.14791356 0.23584203 0.13226528

MOTIF SThuman_l3_f_54
letter-probability matrix: alength= 4 w= 9 
 0.28742938 0.28778249 0.11193503 0.31285311
 0.53283898 0.13771186 0.19632768 0.13312147
 0.78778249 0.02224576 0.05932203 0.13064972
 4.04661017e-01 3.53107345e-04 3.53107345e-04 5.94632768e-01
 3.53107345e-04 3.53107345e-04 5.94632768e-01 4.04661017e-01
 0.21398305 0.01200565 0.53177966 0.24223164
 0.09851695 0.2980226  0.14548023 0.45798023
 0.1730226  0.21398305 0.5190678  0.09392655
 0.2115113  0.20939266 0.21716102 0.36193503

MOTIF SThuman_l3_f_55
letter-probability matrix: alength= 4 w= 9 
 0.79327563 0.02097204 0.17643142 0.00932091
 0.32090546 0.17776298 0.07523302 0.42609854
 0.18142477 0.1707723  0.35885486 0.28894807
 0.59687084 0.00066578 0.16877497 0.23368842
 0.04727031 0.10818908 0.13348868 0.71105193
 0.02929427 0.0063249  0.74001332 0.22436751
 0.22969374 0.25233023 0.2247004  0.29327563
 0.13249001 0.37383489 0.1994008  0.2942743 
 0.12583222 0.26864181 0.42210386 0.1834221 

MOTIF SThuman_l3_f_56
letter-probability matrix: alength= 4 w= 9 
 0.02074689 0.06016598 0.05394191 0.86514523
 3.45781466e-04 3.80359613e-03 2.00207469e-01 7.95643154e-01
 3.45781466e-04 3.45781466e-04 3.45781466e-04 9.98962656e-01
 3.45781466e-04 3.45781466e-04 4.43291840e-01 5.56016598e-01
 3.45781466e-04 1.10650069e-02 3.45781466e-04 9.88243430e-01
 0.0224758  0.02455048 0.03077455 0.92219917
 0.0131397  0.02109267 0.01417704 0.95159059
 0.00414938 0.00138313 0.02558783 0.96887967
 0.00276625 0.03215768 0.00207469 0.96300138

MOTIF SThuman_l3_f_57
letter-probability matrix: alength= 4 w= 9 
 0.20425532 0.17021277 0.24255319 0.38297872
 0.22978723 0.13191489 0.02553191 0.61276596
 0.00425532 0.00425532 0.00425532 0.98723404
 0.00425532 0.00425532 0.51489362 0.47659574
 0.28085106 0.30212766 0.00425532 0.41276596
 0.88510638 0.00425532 0.03829787 0.07234043
 0.00425532 0.04680851 0.08085106 0.86808511
 0.00425532 0.12765957 0.86382979 0.00425532
 0.20425532 0.16595745 0.19148936 0.43829787

MOTIF SThuman_l3_f_58
letter-probability matrix: alength= 4 w= 9 
 0.2465358  0.25       0.30138568 0.20207852
 0.12817552 0.3960739  0.38741339 0.08833718
 7.74249423e-01 5.77367206e-04 2.24595843e-01 5.77367206e-04
 0.07909931 0.19745958 0.09468822 0.62875289
 0.01963048 0.2147806  0.70150115 0.06408776
 0.58025404 0.04561201 0.323903   0.05023095
 0.03406467 0.01270208 0.42147806 0.5317552 
 0.07967667 0.10277136 0.77251732 0.04503464
 0.17667436 0.147806   0.45381062 0.22170901

MOTIF SThuman_l3_f_59
letter-probability matrix: alength= 4 w= 9 
 0.24705435 0.14747244 0.37970353 0.22576967
 0.02964652 0.1322691  0.59939187 0.23869251
 0.57430635 0.06993539 0.02736602 0.32839225
 0.02052452 0.05207146 0.23869251 0.68871152
 0.05587229 0.22082858 0.72063854 0.00266059
 0.31812999 0.27632079 0.04294945 0.36259977
 0.03268719 0.41429114 0.12694793 0.42607374
 0.06575447 0.16077537 0.37096161 0.40250855
 0.3595591  0.19802357 0.19612315 0.24629418

MOTIF SThuman_l3_f_60
letter-probability matrix: alength= 4 w= 9 
 0.28876307 0.15200348 0.18379791 0.37543554
 0.23083624 0.14372822 0.12456446 0.50087108
 0.46036585 0.13414634 0.19817073 0.20731707
 0.0195993  0.02221254 0.12761324 0.83057491
 0.12891986 0.10365854 0.04050523 0.72691638
 0.40069686 0.00087108 0.00261324 0.59581882
 5.95818815e-01 4.35540070e-04 4.35540070e-04 4.03310105e-01
 0.02134146 0.05226481 0.59581882 0.33057491
 0.39764808 0.10627178 0.29442509 0.20165505

MOTIF SThuman_l3_f_61
letter-probability matrix: alength= 4 w= 9 
 0.25582479 0.12395154 0.14911463 0.47110904
 0.1304753  0.03541473 0.09226468 0.74184529
 0.71295433 0.01910531 0.25955266 0.0083877 
 0.66775396 0.02376514 0.26607642 0.04240447
 0.01537745 0.02842498 0.01770736 0.93849021
 9.81826654e-01 4.65983225e-04 1.39794967e-02 3.72786580e-03
 0.4916123  0.01025163 0.48974837 0.0083877 
 0.3000932  0.138863   0.11463187 0.44641193
 0.35647717 0.0862069  0.17847158 0.37884436

MOTIF SThuman_l3_f_62
letter-probability matrix: alength= 4 w= 9 
 0.1177163  0.28899353 0.20364921 0.38964097
 0.18834609 0.22836963 0.21188935 0.37139494
 0.56150677 0.14243673 0.29546792 0.00058858
 0.01236021 0.241907   0.2230724  0.52266039
 0.07416127 0.29017069 0.40258976 0.23307828
 5.88581519e-04 5.88581519e-04 5.88581519e-04 9.98234255e-01
 0.50029429 0.00058858 0.41965862 0.07945851
 8.66391995e-01 5.88581519e-04 1.32430842e-01 5.88581519e-04
 0.18599176 0.42848735 0.19305474 0.19246616

MOTIF SThuman_l3_f_63
letter-probability matrix: alength= 4 w= 9 
 0.59534884 0.0744186  0.24651163 0.08372093
 0.00465116 0.73953488 0.25116279 0.00465116
 0.46511628 0.00465116 0.12093023 0.40930233
 0.00930233 0.00465116 0.01395349 0.97209302
 0.01860465 0.00465116 0.00465116 0.97209302
 0.00465116 0.00465116 0.00465116 0.98604651
 0.4744186  0.39069767 0.09767442 0.0372093 
 0.18604651 0.33488372 0.0744186  0.40465116
 0.73953488 0.00930233 0.24651163 0.00465116

MOTIF SThuman_l3_f_64
letter-probability matrix: alength= 4 w= 9 
 0.46220527 0.15325936 0.2739251  0.11061026
 0.51803051 0.27669903 0.03536755 0.16990291
 0.38973648 0.09188627 0.37170596 0.14667129
 0.5665742  0.01525659 0.18377254 0.23439667
 0.00381415 0.00762829 0.36615811 0.62239945
 0.07558946 0.00693481 0.84500693 0.07246879
 0.02115118 0.17371706 0.24202497 0.5631068 
 0.09916782 0.27981969 0.45700416 0.16400832
 0.12135922 0.2389043  0.32558946 0.31414702

MOTIF SThuman_l3_f_65
letter-probability matrix: alength= 4 w= 9 
 0.14613848 0.01564581 0.07556591 0.7626498 
 0.23435419 0.01098535 0.26431425 0.49034621
 0.00332889 0.00099867 0.05492676 0.94074567
 3.32889481e-04 2.66311585e-03 3.32889481e-04 9.96671105e-01
 0.08322237 0.01364847 0.05592543 0.84720373
 3.32889481e-04 1.66444740e-02 1.96404794e-02 9.63382157e-01
 9.15446072e-02 3.32889481e-04 9.98668442e-03 8.98135819e-01
 0.00466045 0.01198402 0.04094541 0.94241012
 0.01131824 0.02296937 0.05259654 0.91311585

MOTIF SThuman_l3_f_66
letter-probability matrix: alength= 4 w= 9 
 0.25345794 0.06168224 0.19514019 0.48971963
 0.13084112 0.09046729 0.19514019 0.5835514 
 0.29981308 0.02766355 0.25869159 0.41383178
 3.73831776e-04 3.02803738e-02 3.73831776e-04 9.68971963e-01
 3.73831776e-04 3.73831776e-04 3.73831776e-04 9.98878505e-01
 3.73831776e-04 3.73831776e-04 9.98878505e-01 3.73831776e-04
 5.23364486e-03 8.22429907e-03 3.73831776e-04 9.86168224e-01
 0.16485981 0.01308411 0.23140187 0.59065421
 0.0482243  0.0071028  0.06056075 0.88411215

MOTIF SThuman_l3_f_67
letter-probability matrix: alength= 4 w= 9 
 0.34427374 0.20006983 0.26222067 0.19343575
 0.29434358 0.2747905  0.2224162  0.20844972
 0.04713687 0.01152235 0.14106145 0.80027933
 7.39525140e-01 3.49162011e-04 2.59078212e-01 1.04748603e-03
 3.85474860e-01 3.49162011e-04 6.13826816e-01 3.49162011e-04
 0.05796089 0.04434358 0.87465084 0.02304469
 0.02618715 0.33205307 0.49057263 0.15118715
 0.1222067  0.23289106 0.2398743  0.40502793
 0.30342179 0.20530726 0.27723464 0.21403631

MOTIF SThuman_l3_f_68
letter-probability matrix: alength= 4 w= 9 
 0.10479705 0.30405904 0.35940959 0.23173432
 3.69003690e-04 5.14022140e-01 4.05904059e-03 4.81549815e-01
 0.00922509 0.00553506 0.13542435 0.8498155 
 0.01586716 0.199631   0.59594096 0.18856089
 0.39889299 0.00922509 0.48081181 0.11107011
 3.69003690e-04 4.76014760e-01 5.57195572e-02 4.67896679e-01
 3.69003690e-04 1.31365314e-01 6.61992620e-01 2.06273063e-01
 0.05793358 0.2800738  0.21918819 0.44280443
 0.09815498 0.24132841 0.28118081 0.37933579

MOTIF SThuman_l3_f_69
letter-probability matrix: alength= 4 w= 9 
 0.19626168 0.13655244 0.5430945  0.12409138
 0.08307373 0.79387331 0.02959502 0.09345794
 0.11111111 0.201973   0.47507788 0.21183801
 5.19210800e-04 8.75389408e-01 6.12668744e-02 6.28245067e-02
 5.19210800e-04 7.07684320e-01 7.00934579e-02 2.21703011e-01
 5.19210800e-04 6.04880582e-01 5.39979232e-02 3.40602285e-01
 0.00519211 0.44963655 0.54049844 0.0046729 
 0.02336449 0.8894081  0.02751817 0.05970924
 0.19937695 0.56957425 0.15316719 0.07788162

MOTIF SThuman_l3_f_70
letter-probability matrix: alength= 4 w= 9 
 0.35858586 0.03232323 0.23888889 0.37020202
 0.10808081 0.01616162 0.17878788 0.6969697 
 0.30757576 0.09191919 0.29141414 0.30909091
 8.08080808e-03 6.16161616e-02 5.05050505e-04 9.29797980e-01
 8.37878788e-01 1.51515152e-02 1.46464646e-01 5.05050505e-04
 0.97373737 0.00353535 0.02070707 0.0020202 
 0.3520202  0.0030303  0.08333333 0.56161616
 0.31414141 0.07979798 0.07777778 0.52828283
 0.28080808 0.07929293 0.03383838 0.60606061

MOTIF SThuman_l3_f_71
letter-probability matrix: alength= 4 w= 9 
 0.14950166 0.5282392  0.28903654 0.03322259
 0.92026578 0.00332226 0.0730897  0.00332226
 0.39202658 0.00996678 0.59468439 0.00332226
 0.92358804 0.01993355 0.00332226 0.05315615
 0.50830565 0.04651163 0.44186047 0.00332226
 0.68438538 0.01328904 0.10299003 0.19933555
 0.6013289  0.27242525 0.00332226 0.12292359
 0.00332226 0.00332226 0.33554817 0.65780731
 0.84385382 0.04651163 0.089701   0.01993355

MOTIF SThuman_l3_f_72
letter-probability matrix: alength= 4 w= 9 
 3.33000333e-04 4.49550450e-02 1.23210123e-02 9.42390942e-01
 0.05960706 0.07292707 0.26140526 0.60606061
 0.02497502 0.06327006 0.02331002 0.88844489
 3.76956377e-01 2.66400266e-03 3.33000333e-04 6.20046620e-01
 0.003663   0.03330003 0.002664   0.96037296
 0.04628705 0.001665   0.37229437 0.57975358
 0.11222111 0.06293706 0.06060606 0.76423576
 0.01764902 0.01698302 0.15084915 0.81451881
 0.04462204 0.04329004 0.14452214 0.76756577

MOTIF SThuman_l3_f_73
letter-probability matrix: alength= 4 w= 9 
 0.14943369 0.2484472  0.51552795 0.08659116
 0.05590062 0.12970406 0.66021191 0.15418341
 0.07197662 0.18414322 0.49177932 0.25210084
 0.1052247  0.52612349 0.21081476 0.15783705
 0.19473877 0.66386555 0.13481915 0.00657654
 3.65363537e-04 9.91231275e-01 8.03799781e-03 3.65363537e-04
 2.62331019e-01 7.28169529e-01 9.13408842e-03 3.65363537e-04
 0.05224699 0.87321885 0.0661308  0.00840336
 0.03434417 0.67226891 0.19327731 0.10010961

MOTIF SThuman_l3_f_74
letter-probability matrix: alength= 4 w= 9 
 0.12097953 0.20650585 0.40679825 0.26571637
 0.35343567 0.22587719 0.18603801 0.23464912
 0.63559942 0.00219298 0.0877193  0.2744883 
 1.32675439e-01 3.65497076e-04 5.99415205e-02 8.07017544e-01
 9.86842105e-03 4.25073099e-01 3.65497076e-04 5.64692982e-01
 0.00877193 0.12902047 0.74305556 0.11915205
 0.09685673 0.09831871 0.02668129 0.77814327
 0.4879386  0.16154971 0.00548246 0.34502924
 0.06432749 0.13633041 0.02156433 0.77777778

MOTIF SThuman_l3_f_75
letter-probability matrix: alength= 4 w= 9 
 0.07231405 0.0922865  0.19490358 0.64049587
 0.57438017 0.05853994 0.19972452 0.16735537
 0.46384298 0.12293388 0.1911157  0.22210744
 0.5268595  0.04097796 0.00757576 0.42458678
 0.13464187 0.02892562 0.31301653 0.52341598
 0.44352617 0.11880165 0.00550964 0.43216253
 0.14600551 0.00137741 0.05785124 0.79476584
 0.68560606 0.14359504 0.06852617 0.10227273
 0.46487603 0.20316804 0.2761708  0.05578512

MOTIF SThuman_l3_f_76
letter-probability matrix: alength= 4 w= 9 
 0.0782504  0.40168539 0.13001605 0.39004815
 0.39566613 0.20024077 0.34309791 0.06099518
 0.18980738 0.23635634 0.28972713 0.28410915
 0.07985554 0.19341894 0.60553772 0.1211878 
 4.01284109e-04 6.60112360e-01 4.01284109e-04 3.39085072e-01
 0.0252809  0.01966292 0.52688604 0.42817014
 0.01966292 0.68659711 0.16613162 0.12760835
 0.19903692 0.25601926 0.13081862 0.4141252 
 0.30457464 0.35232745 0.19422151 0.1488764 

MOTIF SThuman_l3_f_77
letter-probability matrix: alength= 4 w= 9 
 0.35265866 0.12590051 0.41166381 0.10977702
 0.1457976  0.16089194 0.23670669 0.45660377
 3.31389365e-01 5.24871355e-01 3.43053173e-04 1.43396226e-01
 0.11801029 0.02572899 0.4483705  0.40789022
 0.11423671 0.21680961 0.54545455 0.12349914
 0.5516295  0.30051458 0.00171527 0.14614065
 0.09536878 0.18867925 0.19176672 0.52418525
 0.39554031 0.16157804 0.3245283  0.11835334
 0.31629503 0.30668954 0.19554031 0.18147513

MOTIF SThuman_l3_f_78
letter-probability matrix: alength= 4 w= 9 
 0.30678571 0.07821429 0.13607143 0.47892857
 0.2275     0.06571429 0.075      0.63178571
 0.12964286 0.025      0.6275     0.21785714
 3.57142857e-04 9.75000000e-02 1.88214286e-01 7.13928571e-01
 0.03       0.03464286 0.235      0.70035714
 0.00107143 0.17142857 0.38107143 0.44642857
 0.22178571 0.07428571 0.00571429 0.69821429
 4.64285714e-03 3.57142857e-04 1.41071429e-01 8.53928571e-01
 0.03571429 0.07107143 0.11142857 0.78178571

MOTIF SThuman_l3_f_79
letter-probability matrix: alength= 4 w= 9 
 0.48556942 0.12363495 0.18876755 0.20202808
 0.05148206 0.39196568 0.02301092 0.53354134
 0.27925117 0.34555382 0.11934477 0.25585023
 3.90015601e-04 5.34321373e-02 2.84711388e-02 9.17706708e-01
 0.10764431 0.62090484 0.05616225 0.21528861
 0.01872075 0.04641186 0.42277691 0.51209048
 0.34828393 0.18096724 0.4024961  0.06825273
