MEME version 5.3.0

ALPHABET= ACGT

strands: + -

Background letter frequencies
A 0.25 C 0.25 G 0.25 T 0.25

MOTIF SThuman_l3_f_0
letter-probability matrix: alength= 4 w= 9 
 0.31729055 0.38562092 0.14022579 0.15686275
 0.71657754 0.05228758 0.01604278 0.2150921 
 9.98217469e-01 5.94177065e-04 5.94177065e-04 5.94177065e-04
 7.60546643e-02 5.94177065e-04 5.94177065e-04 9.22756982e-01
 5.94177065e-04 1.18835413e-03 9.13250149e-01 8.49673203e-02
 0.32501485 0.07605466 0.33868093 0.26024955
 0.14913844 0.16280452 0.12893642 0.55912062
 0.12596554 0.14022579 0.50683304 0.22697564
 0.20023767 0.24301842 0.17171717 0.38502674

MOTIF SThuman_l3_f_1
letter-probability matrix: alength= 4 w= 9 
 0.4205991  0.13254001 0.14895363 0.29790726
 0.22773902 0.283135   0.21378744 0.27533853
 0.00779647 0.07098892 0.0151826  0.90603201
 0.52154288 0.0545753  0.28600739 0.13787444
 0.57611818 0.02051703 0.30406237 0.09930242
 0.13295035 0.03323759 0.04267542 0.79113664
 0.79893311 0.00533443 0.11940911 0.07632335
 0.49076734 0.00451375 0.49487074 0.00984817
 0.33894132 0.14443989 0.17521543 0.34140336

MOTIF SThuman_l3_f_2
letter-probability matrix: alength= 4 w= 9 
 0.3843109  0.08492263 0.24973012 0.28103634
 0.18207988 0.08456279 0.06657071 0.66678661
 0.15940986 0.15797049 0.19647355 0.4861461 
 3.59841670e-04 3.59841670e-04 3.59841670e-04 9.98920475e-01
 8.71536524e-01 3.59841670e-04 1.27743793e-01 3.59841670e-04
 5.66390788e-01 3.59841670e-04 4.32889529e-01 3.59841670e-04
 0.15689097 0.043181   0.39942425 0.40050378
 0.57790572 0.20403023 0.09679741 0.12126664
 0.31198273 0.10147535 0.24325297 0.34328895

MOTIF SThuman_l3_f_3
letter-probability matrix: alength= 4 w= 9 
 0.41996497 0.14956217 0.32364273 0.10683012
 0.23502627 0.31313485 0.1502627  0.30157618
 0.40700525 0.25674256 0.19404553 0.14220665
 9.05429072e-01 5.35901926e-02 4.06304729e-02 3.50262697e-04
 0.05218914 0.03782837 0.00455342 0.90542907
 0.03607706 0.0525394  0.91033275 0.00105079
 0.28581436 0.1793345  0.44203152 0.09281961
 0.11558669 0.37758319 0.1915937  0.31523643
 0.21716287 0.18774081 0.43782837 0.15726795

MOTIF SThuman_l3_f_4
letter-probability matrix: alength= 4 w= 9 
 0.26097973 0.34839527 0.06461149 0.32601351
 0.10388514 0.22846284 0.35515203 0.3125    
 0.11021959 0.34966216 0.25886824 0.28125   
 2.92652027e-01 5.34628378e-01 1.72297297e-01 4.22297297e-04
 0.37753378 0.46790541 0.14822635 0.00633446
 9.95354730e-01 4.22297297e-04 3.80067568e-03 4.22297297e-04
 9.95354730e-01 3.80067568e-03 4.22297297e-04 4.22297297e-04
 0.11317568 0.12711149 0.08741554 0.6722973 
 0.44467905 0.09121622 0.01393581 0.45016892

MOTIF SThuman_l3_f_5
letter-probability matrix: alength= 4 w= 9 
 0.4358209  0.1880597  0.24029851 0.1358209 
 0.40149254 0.30895522 0.05074627 0.23880597
 0.4761194  0.00597015 0.21044776 0.30746269
 0.11343284 0.00149254 0.37761194 0.50746269
 0.00149254 0.34776119 0.33432836 0.31641791
 0.25223881 0.20746269 0.36567164 0.17462687
 0.16119403 0.36865672 0.29552239 0.17462687
 0.09253731 0.0238806  0.61940299 0.2641791 
 0.11641791 0.1641791  0.44925373 0.27014925

MOTIF SThuman_l3_f_6
letter-probability matrix: alength= 4 w= 9 
 0.26497533 0.39852008 0.12614517 0.21035941
 0.34073291 0.31959126 0.30162086 0.03805497
 8.57998591e-01 4.05214940e-02 1.00775194e-01 7.04721635e-04
 0.00739958 0.12684989 0.00493305 0.86081748
 9.05567301e-02 4.79210712e-02 8.61169838e-01 3.52360817e-04
 0.40204369 0.12649753 0.3372093  0.13424947
 0.22410148 0.30021142 0.24312896 0.23255814
 0.13883016 0.18428471 0.55461593 0.1222692 
 0.11451727 0.3111346  0.31606765 0.25828048

MOTIF SThuman_l3_f_7
letter-probability matrix: alength= 4 w= 9 
 0.62028986 0.2        0.03478261 0.14492754
 0.45507246 0.00289855 0.09275362 0.44927536
 0.16231884 0.05217391 0.68985507 0.09565217
 0.00289855 0.2173913  0.00289855 0.77681159
 0.30724638 0.1942029  0.08405797 0.41449275
 0.03478261 0.16811594 0.02608696 0.77101449
 0.99130435 0.00289855 0.00289855 0.00289855
 0.00289855 0.00289855 0.00289855 0.99130435
 0.00289855 0.00289855 0.99130435 0.00289855

MOTIF SThuman_l3_f_8
letter-probability matrix: alength= 4 w= 9 
 0.24991125 0.14944977 0.08910188 0.5115371 
 0.06105786 0.32303869 0.13063543 0.48526802
 0.16045438 0.27369542 0.02165424 0.54419595
 3.54987575e-04 8.05821796e-02 3.66702165e-01 5.52360667e-01
 0.12105076 0.00780973 0.01810437 0.85303514
 2.19027334e-01 3.54987575e-04 2.30741924e-02 7.57543486e-01
 2.21867235e-01 2.48491303e-03 3.54987575e-04 7.75292865e-01
 0.04046858 0.20198793 0.00638978 0.75115371
 0.10330138 0.13028044 0.02697906 0.73943912

MOTIF SThuman_l3_f_9
letter-probability matrix: alength= 4 w= 9 
 0.26031957 0.05159787 0.01165113 0.67643142
 1.49467377e-01 3.32889481e-04 6.65778961e-04 8.49533955e-01
 3.32889481e-04 1.33155792e-03 1.06524634e-02 9.87683089e-01
 3.32889481e-04 3.32889481e-04 1.51464714e-01 8.47869507e-01
 0.04360852 0.06424767 0.02063915 0.87150466
 0.02463382 0.04294274 0.02829561 0.90412783
 0.00166445 0.06524634 0.03528628 0.89780293
 0.04993342 0.02663116 0.04227696 0.88115846
 0.14480692 0.1328229  0.20372836 0.51864181

MOTIF SThuman_l3_f_10
letter-probability matrix: alength= 4 w= 9 
 0.28561917 0.17509987 0.24067909 0.29860186
 0.20139814 0.04627164 0.17576565 0.57656458
 5.42942743e-01 3.32889481e-04 2.33022636e-02 4.33422104e-01
 0.3355526  0.00233023 0.15246338 0.50965379
 0.23701731 0.25199734 0.21238349 0.29860186
 0.65412783 0.12683089 0.21438083 0.00466045
 0.17443409 0.16877497 0.22636485 0.4304261 
 0.45073236 0.01697736 0.07556591 0.45672437
 0.17443409 0.07623169 0.1454727  0.60386152

MOTIF SThuman_l3_f_11
letter-probability matrix: alength= 4 w= 9 
 1.36484687e-01 3.32889481e-04 7.32356858e-03 8.55858855e-01
 3.32889481e-04 3.32889481e-04 3.32889481e-04 9.99001332e-01
 3.32889481e-04 3.32889481e-04 9.98668442e-04 9.98335553e-01
 3.32889481e-04 3.32889481e-04 9.98668442e-04 9.98335553e-01
 3.32889481e-04 9.98668442e-04 3.32889481e-04 9.98335553e-01
 3.32889481e-04 3.32889481e-04 4.66045273e-03 9.94673768e-01
 3.32889481e-04 3.32889481e-04 3.32889481e-04 9.99001332e-01
 0.25432756 0.09520639 0.5286285  0.12183755
 0.31924101 0.06924101 0.08821571 0.52330226

MOTIF SThuman_l3_f_12
letter-probability matrix: alength= 4 w= 9 
 0.44703022 0.05314345 0.21743661 0.28238972
 0.32163946 0.06252171 0.01007294 0.60576589
 0.45119833 0.01111497 0.0267454  0.5109413 
 0.01667246 0.2108371  0.09586662 0.67662383
 0.00590483 0.54637027 0.18131296 0.26641195
 3.47342827e-04 3.33449114e-02 5.10246613e-01 4.56061132e-01
 0.01389371 0.0267454  0.0048628  0.95449809
 0.1135811  0.01840917 0.04793331 0.82007642
 0.04445988 0.08266759 0.01840917 0.85446336

MOTIF SThuman_l3_f_13
letter-probability matrix: alength= 4 w= 9 
 0.29957148 0.11842618 0.22984028 0.35216206
 0.4137125  0.06388781 0.32489287 0.19750682
 0.01947799 0.06856252 0.07518504 0.83677444
 3.89559797e-04 2.34125438e-01 1.85820023e-01 5.79664979e-01
 0.14881184 0.05492793 0.17569147 0.62056876
 0.02804831 0.01597195 0.45149981 0.50447994
 8.45344760e-02 2.92169848e-02 3.89559797e-04 8.85858979e-01
 0.01207635 0.00740164 0.04090378 0.93961823
 3.89559797e-04 3.89559797e-04 1.09855863e-01 8.89365018e-01

MOTIF SThuman_l3_f_14
letter-probability matrix: alength= 4 w= 9 
 0.26317545 0.19246164 0.23782522 0.30653769
 0.10507005 0.19012675 0.42461641 0.28018679
 8.67911941e-01 3.33555704e-04 8.33889260e-03 1.23415610e-01
 1.00066711e-03 3.33555704e-04 1.84122748e-01 8.14543029e-01
 3.33555704e-04 3.33555704e-04 8.90593729e-01 1.08739159e-01
 0.2718479  0.40827218 0.27451634 0.04536358
 0.08305537 0.15910607 0.44296197 0.31487658
 0.12408272 0.36991328 0.32321548 0.18278853
 0.15643763 0.33188793 0.254503   0.25717145

MOTIF SThuman_l3_f_15
letter-probability matrix: alength= 4 w= 9 
 0.03477589 0.39258114 0.20170015 0.37094281
 0.0007728  0.25811437 0.02627512 0.71483771
 0.0007728  0.0007728  0.56568779 0.43276662
 0.04250386 0.3763524  0.5324575  0.04868624
 0.24265842 0.32998454 0.19474498 0.23261206
 0.13523957 0.81066461 0.00231839 0.05177743
 1.70015456e-02 9.01081917e-01 8.11437403e-02 7.72797527e-04
 0.23261206 0.57727975 0.1251932  0.06491499
 0.22797527 0.3755796  0.27820711 0.11823802

MOTIF SThuman_l3_f_16
letter-probability matrix: alength= 4 w= 9 
 0.35273492 0.08485273 0.1812763  0.38113604
 0.25946704 0.03366059 0.4943899  0.21248247
 0.00841515 0.03471248 0.06241234 0.89446003
 0.08625526 0.02279102 0.79102384 0.09992987
 0.27945302 0.09396914 0.18408135 0.44249649
 6.09046283e-01 4.59326788e-02 3.50631136e-04 3.44670407e-01
 3.50631136e-04 1.99859748e-02 3.72720898e-01 6.06942496e-01
 0.22510519 0.12237027 0.36816269 0.28436185
 0.41760168 0.20441795 0.20897616 0.16900421

MOTIF SThuman_l3_f_17
letter-probability matrix: alength= 4 w= 9 
 0.05607477 0.18691589 0.06542056 0.69158879
 0.52855659 0.04569055 0.36344756 0.0623053 
 0.44029076 0.21703011 0.21495327 0.12772586
 0.50882658 0.29075805 0.10799585 0.09241952
 0.58982347 0.06957425 0.00311526 0.33748702
 0.00103842 0.00103842 0.37071651 0.62720665
 0.18483904 0.14537902 0.64382139 0.02596054
 0.60228453 0.09657321 0.12253375 0.17860852
 0.38733126 0.27725857 0.14953271 0.18587747

MOTIF SThuman_l3_f_18
letter-probability matrix: alength= 4 w= 9 
 0.12834891 0.20560748 0.13395639 0.53208723
 0.53021807 0.11152648 0.34454829 0.01370717
 0.37196262 0.01682243 0.6105919  0.00062305
 0.04859813 0.15015576 0.78753894 0.01370717
 0.01495327 0.07538941 0.85856698 0.05109034
 0.15825545 0.1682243  0.65233645 0.0211838 
 0.20436137 0.18629283 0.36323988 0.24610592
 0.20747664 0.20872274 0.52149533 0.0623053 
 0.1894081  0.21183801 0.38566978 0.21308411

MOTIF SThuman_l3_f_19
letter-probability matrix: alength= 4 w= 9 
 0.45851383 0.1272909  0.21792736 0.19626791
 0.34121959 0.10963012 0.11062979 0.43852049
 0.13895368 0.36954349 0.03532156 0.45618127
 8.53048984e-01 3.33222259e-04 1.33288904e-03 1.45284905e-01
 0.26891036 0.05698101 0.1556148  0.51849384
 0.05731423 0.14295235 0.00133289 0.79840053
 0.37454182 0.05898034 0.45118294 0.1152949 
 0.39953349 0.14961679 0.16827724 0.28257248
 0.34855048 0.08763745 0.44251916 0.1212929 

MOTIF SThuman_l3_f_20
letter-probability matrix: alength= 4 w= 9 
 0.19791149 0.32869219 0.05469915 0.41869717
 1.44704127e-01 1.86971656e-01 4.97265042e-04 6.67826952e-01
 0.13625062 0.57384386 0.0014918  0.28841372
 6.48433615e-01 4.97265042e-04 4.97265042e-04 3.50571855e-01
 0.16260567 0.28841372 0.27647936 0.27250124
 0.11188463 0.81949279 0.00198906 0.06663352
 0.65141721 0.17454003 0.12332173 0.05072103
 0.68075584 0.23818996 0.05420189 0.02685231
 0.35803083 0.29338637 0.1621084  0.18647439

MOTIF SThuman_l3_f_21
letter-probability matrix: alength= 4 w= 9 
 0.98502994 0.00798403 0.00399202 0.00299401
 0.00698603 0.00998004 0.000998   0.98203593
 0.01596806 0.000998   0.98203593 0.000998  
 0.36227545 0.11477046 0.0239521  0.499002  
 0.11277445 0.00598802 0.25449102 0.62674651
 0.02095808 0.32734531 0.21956088 0.43213573
 0.1996008  0.08982036 0.33233533 0.37824351
 0.20459082 0.24051896 0.15369261 0.4011976 
 0.26946108 0.26646707 0.1237525  0.34031936

MOTIF SThuman_l3_f_22
letter-probability matrix: alength= 4 w= 9 
 0.21038251 0.05027322 0.71584699 0.02349727
 0.00655738 0.26284153 0.47213115 0.25846995
 0.01639344 0.60218579 0.01038251 0.37103825
 5.46448087e-03 5.46448087e-04 8.79234973e-01 1.14754098e-01
 0.11639344 0.38852459 0.39398907 0.1010929 
 0.42240437 0.02459016 0.44043716 0.11256831
 5.46448087e-04 2.89617486e-01 5.97814208e-01 1.12021858e-01
 0.27486339 0.1863388  0.38961749 0.14918033
 0.16502732 0.30163934 0.33224044 0.2010929 

MOTIF SThuman_l3_f_23
letter-probability matrix: alength= 4 w= 9 
 0.56739496 0.08302521 0.23092437 0.11865546
 0.41176471 0.25042017 0.06655462 0.2712605 
 0.52739496 0.02016807 0.4292437  0.02319328
 0.38991597 0.13445378 0.18689076 0.2887395 
 0.33008403 0.06689076 0.44436975 0.15865546
 6.12100840e-01 3.36134454e-04 3.84873950e-01 2.68907563e-03
 0.18957983 0.10991597 0.1112605  0.5892437 
 0.07260504 0.09445378 0.76235294 0.07058824
 0.24134454 0.25310924 0.22756303 0.27798319

MOTIF SThuman_l3_f_24
letter-probability matrix: alength= 4 w= 9 
 0.15079893 0.17243675 0.12882823 0.54793609
 3.32889481e-04 8.45539281e-02 3.02929427e-02 8.84820240e-01
 0.00432756 0.00399467 0.04660453 0.94507324
 3.56191744e-02 3.32889481e-04 9.20106525e-01 4.39414115e-02
 2.66311585e-03 3.32889481e-04 3.32889481e-04 9.96671105e-01
 0.00898802 0.19374168 0.25865513 0.53861518
 0.04993342 0.1834221  0.00965379 0.75699068
 0.25299601 0.23968043 0.18275632 0.32456724
 0.06824234 0.33488682 0.04727031 0.54960053

MOTIF SThuman_l3_f_25
letter-probability matrix: alength= 4 w= 9 
 0.27829561 0.29027963 0.18209055 0.24933422
 0.2659787  0.26464714 0.25998668 0.20938748
 8.63515313e-01 3.32889481e-04 5.99201065e-03 1.30159787e-01
 5.99201065e-03 3.32889481e-04 1.30159787e-01 8.63515313e-01
 0.01764314 0.04327563 0.86351531 0.07556591
 0.15712383 0.13948069 0.39480692 0.30858855
 0.19241012 0.47237017 0.31757656 0.01764314
 0.37916112 0.1361518  0.17343542 0.31125166
 0.42143808 0.16810919 0.17177097 0.23868176

MOTIF SThuman_l3_f_26
letter-probability matrix: alength= 4 w= 9 
 0.03937824 0.10984456 0.0970639  0.7537133 
 0.01139896 0.27841105 0.30949914 0.40069085
 0.25423143 0.01727116 0.28048359 0.44801382
 0.06908463 0.04905009 0.00379965 0.87806563
 0.01761658 0.02556131 0.08946459 0.86735751
 0.04697755 0.02867012 0.21278066 0.71157168
 0.52504318 0.00069085 0.03765112 0.43661485
 4.42141623e-02 4.62867012e-02 3.45423143e-04 9.09153713e-01
 0.02003454 0.08670121 0.26908463 0.62417962

MOTIF SThuman_l3_f_27
letter-probability matrix: alength= 4 w= 9 
 0.27641731 0.17645086 0.2167058  0.33042603
 0.11439114 0.34384435 0.04830594 0.49345857
 0.32572962 0.19691379 0.15162697 0.32572962
 0.72291177 0.06172425 0.03287487 0.1824891 
 0.5585374  0.02415297 0.06574975 0.35155988
 7.71553170e-03 1.00637370e-03 3.35457900e-04 9.90942637e-01
 0.86548138 0.10298558 0.00670916 0.02482388
 0.56189198 0.03388125 0.39349212 0.01073465
 0.4119423  0.14189869 0.22375042 0.22240859

MOTIF SThuman_l3_f_28
letter-probability matrix: alength= 4 w= 9 
 0.18419244 0.23024055 0.34364261 0.2419244 
 0.37525773 0.1347079  0.36941581 0.12061856
 0.01408935 0.15017182 0.704811   0.13092784
 3.43642612e-04 3.43642612e-04 3.43642612e-04 9.98969072e-01
 5.93814433e-01 3.43642612e-04 4.05498282e-01 3.43642612e-04
 8.63917526e-01 3.43642612e-04 1.35395189e-01 3.43642612e-04
 0.42130584 0.38694158 0.17113402 0.02061856
 0.11512027 0.25292096 0.2862543  0.34570447
 0.35292096 0.24089347 0.08591065 0.32027491

MOTIF SThuman_l3_f_29
letter-probability matrix: alength= 4 w= 9 
 0.5013947  0.14400279 0.20083682 0.15376569
 0.06485356 0.16771269 0.16213389 0.60529986
 0.11471409 0.2946304  0.48640167 0.10425384
 0.10983264 0.01150628 0.59100418 0.2876569 
 0.16352859 0.67364017 0.03242678 0.13040446
 0.05578801 0.28138075 0.09449093 0.56834031
 0.43235704 0.11610879 0.08821478 0.36331939
 0.12308229 0.39958159 0.03661088 0.44072524
 0.15620642 0.14818689 0.50941423 0.18619247

MOTIF SThuman_l3_f_30
letter-probability matrix: alength= 4 w= 9 
 0.28073916 0.33866382 0.23418621 0.1464108 
 0.35074627 0.23454158 0.23809524 0.17661692
 0.54299929 0.15955935 0.24093817 0.0565032 
 0.58955224 0.00710732 0.26759062 0.13574982
 7.42714996e-02 3.55366027e-04 3.53589197e-01 5.71783937e-01
 3.55366027e-04 5.33049041e-03 9.20042644e-01 7.42714996e-02
 0.01954513 0.31556503 0.4424307  0.22245913
 0.00604122 0.01918977 0.60092395 0.37384506
 0.19687278 0.35110163 0.13219616 0.31982942

MOTIF SThuman_l3_f_31
letter-probability matrix: alength= 4 w= 9 
 0.26613211 0.25238641 0.35395189 0.12752959
 5.63192058e-01 9.46926308e-02 3.41733486e-01 3.81825124e-04
 0.45666285 0.27033219 0.21229477 0.06071019
 0.27644139 0.29705995 0.35624284 0.07025582
 8.69415808e-01 5.34555174e-03 1.24856816e-01 3.81825124e-04
 5.34555174e-03 3.81825124e-04 7.63650248e-04 9.93508973e-01
 3.81825124e-04 3.81825124e-04 9.93890798e-01 5.34555174e-03
 0.20656739 0.21611302 0.52615502 0.05116457
 0.22527682 0.25200458 0.26995036 0.25276823

MOTIF SThuman_l3_f_32
letter-probability matrix: alength= 4 w= 9 
 0.1764486  0.24261682 0.2411215  0.33981308
 0.35738318 0.23476636 0.13345794 0.27439252
 0.28336449 0.36971963 0.07700935 0.26990654
 9.53644860e-01 3.73831776e-04 4.56074766e-02 3.73831776e-04
 0.25084112 0.00859813 0.00971963 0.73084112
 0.09906542 0.03663551 0.76971963 0.09457944
 0.46953271 0.06504673 0.15962617 0.30579439
 0.13271028 0.14654206 0.05121495 0.66953271
 0.05420561 0.1188785  0.55364486 0.27327103

MOTIF SThuman_l3_f_33
letter-probability matrix: alength= 4 w= 9 
 0.35016587 0.32841872 0.12274235 0.19867306
 0.33689642 0.18835238 0.11647623 0.35827497
 0.42535938 0.23811279 0.26465168 0.07187615
 9.98894213e-01 3.68595651e-04 3.68595651e-04 3.68595651e-04
 3.68595651e-04 3.68595651e-04 3.68595651e-04 9.98894213e-01
 3.68595651e-04 3.68595651e-04 9.98894213e-01 3.68595651e-04
 0.1691854  0.35716919 0.16549945 0.30814596
 0.29929967 0.19793586 0.16439366 0.33837081
 0.36675267 0.19793586 0.12053078 0.31478069

MOTIF SThuman_l3_f_34
letter-probability matrix: alength= 4 w= 9 
 0.07868852 0.35737705 0.00327869 0.56065574
 0.06885246 0.16065574 0.01311475 0.75737705
 0.2295082  0.00327869 0.31147541 0.4557377 
 0.14754098 0.84590164 0.00327869 0.00327869
 0.01639344 0.00327869 0.96393443 0.01639344
 0.56721311 0.35081967 0.01639344 0.06557377
 0.79016393 0.00983607 0.17377049 0.02622951
 0.54754098 0.00983607 0.32459016 0.11803279
 0.74098361 0.13770492 0.11803279 0.00327869

MOTIF SThuman_l3_f_35
letter-probability matrix: alength= 4 w= 9 
 0.06506725 0.30025445 0.11450382 0.52017448
 0.29298437 0.03853144 0.40966921 0.25881498
 0.2519084  0.46419484 0.0956016  0.18829517
 0.58814976 0.36314068 0.00945111 0.03925845
 0.42493639 0.12431843 0.44892766 0.00181752
 0.00436205 0.0090876  0.09342057 0.89312977
 1.07597237e-01 3.63504180e-04 3.63504180e-04 8.91675754e-01
 0.12395493 0.1046892  0.73318793 0.03816794
 0.12031988 0.217739   0.12940749 0.53253362

MOTIF SThuman_l3_f_36
letter-probability matrix: alength= 4 w= 9 
 0.58139535 0.19222384 0.19258721 0.0337936 
 0.75       0.11119186 0.12972384 0.0090843 
 0.28997093 0.15661337 0.26598837 0.28742733
 0.72020349 0.06468023 0.16351744 0.05159884
 2.86337209e-01 3.63372093e-04 5.66860465e-02 6.56613372e-01
 5.41424419e-02 3.63372093e-04 6.59156977e-01 2.86337209e-01
 0.20494186 0.05014535 0.50508721 0.23982558
 0.234375   0.20603198 0.27906977 0.28052326
 0.21184593 0.24382267 0.38190407 0.16242733

MOTIF SThuman_l3_f_37
letter-probability matrix: alength= 4 w= 9 
 0.24699496 0.1108957  0.06785576 0.57425359
 0.38813494 0.10158976 0.03140752 0.47886778
 0.24272974 0.09344707 0.03101978 0.63280341
 0.3105855  0.37378829 0.00038775 0.31523846
 0.51958123 0.00193874 0.04381543 0.4346646 
 2.83055448e-02 1.16324157e-03 3.87747189e-04 9.70143466e-01
 1.55098876e-03 8.14269097e-03 3.87747189e-04 9.89918573e-01
 3.87747189e-03 8.14269097e-03 3.87747189e-04 9.87592090e-01
 0.00155099 0.03412175 0.01977511 0.94455215

MOTIF SThuman_l3_f_38
letter-probability matrix: alength= 4 w= 9 
 0.26770364 0.40646746 0.18665575 0.13917315
 0.9238641  0.00532133 0.06958657 0.001228  
 0.25665166 0.12320917 0.05853459 0.56160458
 0.08432255 0.06876791 0.74048301 0.10642652
 0.54564061 0.03315596 0.39459681 0.02660663
 0.03438395 0.17314777 0.14367581 0.64879247
 0.06672124 0.16577978 0.70978305 0.05771592
 0.20957839 0.19320508 0.43512075 0.16209578
 0.25010233 0.29103561 0.26238232 0.19647974

MOTIF SThuman_l3_f_39
letter-probability matrix: alength= 4 w= 9 
 0.12483356 0.14813582 0.61351531 0.11351531
 0.42243675 0.01331558 0.53828229 0.02596538
 0.0252996  0.02097204 0.5885486  0.36517976
 0.2373502  0.13748336 0.37450067 0.25066578
 1.99733688e-02 3.32889481e-04 6.87083888e-01 2.92609854e-01
 0.01031957 0.36185087 0.31691079 0.31091877
 0.02030626 0.34420772 0.62549933 0.00998668
 0.24900133 0.11850866 0.51431425 0.11817577
 0.1045273  0.27296937 0.34221039 0.28029294

MOTIF SThuman_l3_f_40
letter-probability matrix: alength= 4 w= 9 
 0.09371782 0.27703399 0.15413663 0.47511157
 0.03570203 0.11019567 0.25986955 0.59423275
 3.19258496e-02 3.43288706e-04 7.18846550e-01 2.48884312e-01
 3.43288706e-04 3.43288706e-04 9.66700996e-01 3.26124271e-02
 4.16409200e-01 3.43288706e-03 5.79814624e-01 3.43288706e-04
 7.31548232e-01 3.43288706e-04 2.66735324e-01 1.37315482e-03
 0.67902506 0.06762788 0.14761414 0.10573292
 0.1671816  0.25643666 0.2492276  0.32715414
 0.24064538 0.16477858 0.14864401 0.44593203

MOTIF SThuman_l3_f_41
letter-probability matrix: alength= 4 w= 9 
 0.16142558 0.23969252 0.18937806 0.40950384
 0.21593291 0.34171908 0.20265549 0.23969252
 0.89937107 0.01956674 0.01537386 0.06568833
 0.6862334  0.00069881 0.29979036 0.01327743
 0.14046122 0.00069881 0.28301887 0.5758211 
 2.39692523e-01 6.98812020e-04 6.98812020e-04 7.58909853e-01
 0.0293501  0.10552061 0.15234102 0.71278826
 0.22501747 0.11390636 0.66037736 0.00069881
 0.24178896 0.13906359 0.32844165 0.2907058 

MOTIF SThuman_l3_f_42
letter-probability matrix: alength= 4 w= 9 
 0.42245614 0.1477193  0.24877193 0.18105263
 0.30210526 0.14666667 0.22526316 0.32596491
 0.31964912 0.09192982 0.25263158 0.33578947
 0.01508772 0.01719298 0.2045614  0.76315789
 0.51789474 0.1722807  0.14035088 0.16947368
 0.00175439 0.19894737 0.00596491 0.79333333
 0.2554386  0.00385965 0.6        0.14070175
 0.50210526 0.06210526 0.12210526 0.31368421
 0.24807018 0.16175439 0.33438596 0.25578947

MOTIF SThuman_l3_f_43
letter-probability matrix: alength= 4 w= 9 
 0.00266312 0.00466045 0.00366178 0.98901465
 3.32889481e-04 3.32889481e-04 1.43142477e-02 9.85019973e-01
 3.32889481e-04 3.32889481e-04 1.43142477e-02 9.85019973e-01
 3.32889481e-04 3.32889481e-04 1.43142477e-02 9.85019973e-01
 3.32889481e-04 3.32889481e-04 3.66178429e-03 9.95672437e-01
 3.32889481e-04 3.66178429e-03 3.32889481e-04 9.95672437e-01
 3.66178429e-03 3.32889481e-04 1.09853529e-02 9.85019973e-01
 0.21737683 0.07656458 0.44274301 0.26331558
 0.30825566 0.0442743  0.02197071 0.62549933

MOTIF SThuman_l3_f_44
letter-probability matrix: alength= 4 w= 9 
 0.30732425 0.27346338 0.21126242 0.20794994
 0.0250276  0.05520795 0.12881855 0.7909459 
 0.21972764 0.26426205 0.01656238 0.49944792
 1.54582260e-02 8.25174825e-01 1.58998896e-01 3.68053000e-04
 5.96981965e-01 2.97386824e-01 1.05263158e-01 3.68053000e-04
 7.29481045e-01 2.68678690e-01 1.47221200e-03 3.68053000e-04
 0.20390136 0.59587781 0.15752668 0.04269415
 0.32535885 0.4228929  0.06588149 0.18586676
 0.1166728  0.40007361 0.36400442 0.11924917

MOTIF SThuman_l3_f_45
letter-probability matrix: alength= 4 w= 9 
 0.32012195 0.1570122  0.51333841 0.00952744
 0.14596037 0.43025915 0.0304878  0.39329268
 0.22484756 0.00381098 0.75228659 0.01905488
 0.07126524 0.11966463 0.75266768 0.05640244
 3.81097561e-04 6.98932927e-01 1.24237805e-01 1.76448171e-01
 0.07126524 0.20655488 0.55716463 0.16501524
 3.81097561e-04 5.06097561e-01 4.86280488e-01 7.24085366e-03
 0.05945122 0.44512195 0.38948171 0.10594512
 0.12271341 0.2023628  0.59717988 0.0777439 

MOTIF SThuman_l3_f_46
letter-probability matrix: alength= 4 w= 9 
 0.12297393 0.11099366 0.13601128 0.63002114
 0.00775194 0.18393235 0.20789288 0.60042283
 0.14235377 0.11980268 0.14728682 0.59055673
 0.06060606 0.11134602 0.00387597 0.82417195
 0.32135307 0.1744186  0.01198027 0.49224806
 0.00211416 0.79422128 0.01479915 0.1888654 
 0.40662438 0.23396758 0.19556025 0.16384778
 0.56131078 0.3534179  0.01479915 0.07047216
 0.45243129 0.11663143 0.0503876  0.38054968

MOTIF SThuman_l3_f_47
letter-probability matrix: alength= 4 w= 9 
 0.01474719 0.03441011 0.04564607 0.90519663
 0.18995787 0.02984551 0.23384831 0.54634831
 2.65098315e-01 3.51123596e-04 2.14185393e-02 7.13132022e-01
 3.51123596e-04 2.14185393e-02 3.51123596e-04 9.77879213e-01
 3.51123596e-04 2.14185393e-02 3.51123596e-04 9.77879213e-01
 3.51123596e-04 2.14185393e-02 3.51123596e-04 9.77879213e-01
 3.51123596e-04 2.14185393e-02 3.51123596e-04 9.77879213e-01
 3.51123596e-04 7.02247191e-03 1.75561798e-02 9.75070225e-01
 3.51123596e-04 5.96910112e-03 1.86095506e-02 9.75070225e-01

MOTIF SThuman_l3_f_48
letter-probability matrix: alength= 4 w= 9 
 0.0989899  0.09427609 0.23636364 0.57037037
 0.13333333 0.17239057 0.06397306 0.63030303
 1.45454545e-01 3.50168350e-02 8.18855219e-01 6.73400673e-04
 0.00875421 0.04309764 0.02626263 0.92188552
 6.73400673e-04 6.73400673e-04 6.73400673e-04 9.97979798e-01
 6.73400673e-04 6.73400673e-04 6.73400673e-04 9.97979798e-01
 6.73400673e-04 6.73400673e-04 6.73400673e-04 9.97979798e-01
 0.53804714 0.01616162 0.44511785 0.0006734 
 0.04646465 0.05656566 0.00808081 0.88888889

MOTIF SThuman_l3_f_49
letter-probability matrix: alength= 4 w= 9 
 0.05936073 0.09589041 0.1369863  0.70776256
 0.03196347 0.09589041 0.01826484 0.85388128
 0.35616438 0.05936073 0.39269406 0.19178082
 0.05479452 0.10958904 0.23744292 0.59817352
 0.68949772 0.06849315 0.17351598 0.06849315
 0.02739726 0.47945205 0.19178082 0.30136986
 0.73059361 0.00456621 0.26027397 0.00456621
 0.00456621 0.2283105  0.04109589 0.7260274 
 0.02283105 0.08675799 0.78995434 0.10045662

MOTIF SThuman_l3_f_50
letter-probability matrix: alength= 4 w= 9 
 0.5486367  0.22402358 0.11495947 0.11238025
 0.55747973 0.04789978 0.09616802 0.29845247
 0.25718497 0.15106853 0.03095063 0.56079587
 0.11643331 0.21702284 0.28002948 0.38651437
 7.56816507e-01 3.68459838e-04 3.68459838e-04 2.42446573e-01
 1.84229919e-03 3.68459838e-04 3.68459838e-04 9.97420781e-01
 1.10537951e-02 3.68459838e-04 7.46499632e-01 2.42078113e-01
 0.30103169 0.04274134 0.25681651 0.39941046
 0.25350037 0.15954311 0.20781135 0.37914517

MOTIF SThuman_l3_f_51
letter-probability matrix: alength= 4 w= 9 
 0.03238866 0.19601889 0.11032389 0.66126856
 0.01248313 0.09379217 0.02867746 0.86504723
 0.00539811 0.02192982 0.96491228 0.00775978
 0.03137652 0.09210526 0.07051282 0.8060054 
 0.27968961 0.02968961 0.52327935 0.16734143
 0.00337382 0.04959514 0.01012146 0.93690958
 0.08805668 0.00168691 0.02395412 0.88630229
 0.00775978 0.04082321 0.29453441 0.65688259
 0.22300945 0.18960864 0.17273954 0.41464238

MOTIF SThuman_l3_f_52
letter-probability matrix: alength= 4 w= 9 
 4.63382157e-01 3.32889481e-04 1.69773635e-02 5.19307590e-01
 0.04893475 0.0286285  0.00399467 0.91844208
 0.02729694 0.01498003 0.30359521 0.65412783
 0.12117177 0.0349534  0.08355526 0.76031957
 0.01398136 0.09720373 0.00832224 0.88049268
 0.02962716 0.02596538 0.1770972  0.76731025
 0.03062583 0.00732357 0.21038615 0.75166445
 0.04294274 0.13448735 0.06724368 0.75532623
 0.06491345 0.07323569 0.22370173 0.63814913

MOTIF SThuman_l3_f_53
letter-probability matrix: alength= 4 w= 9 
 0.23006248 0.15361999 0.21058434 0.40573319
 0.59904447 0.09702315 0.04373392 0.26019846
 0.06357957 0.06578464 0.0091878  0.861448  
 0.08599779 0.00735024 0.6861448  0.22050717
 7.21058434e-01 2.42557883e-02 3.67511944e-04 2.54318265e-01
 0.10547593 0.05255421 0.06982727 0.77214259
 0.00955531 0.05328923 0.67364939 0.26350606
 0.23778023 0.23410511 0.21940463 0.30871003
 0.14957736 0.16244028 0.28849688 0.39948548

MOTIF SThuman_l3_f_54
letter-probability matrix: alength= 4 w= 9 
 0.40853445 0.20286814 0.28611403 0.10248339
 0.70444211 0.08744316 0.07380203 0.1343127 
 0.62364463 0.07345226 0.13885974 0.16404337
 0.57852396 0.02098636 0.05036726 0.35012242
 0.15110178 0.03952431 0.20531654 0.60405736
 0.45540399 0.01469045 0.46274921 0.06715635
 0.34102833 0.14515565 0.16124519 0.35257083
 0.10563134 0.12346974 0.45050717 0.32039175
 0.13990906 0.10038475 0.50052466 0.25918153

MOTIF SThuman_l3_f_55
letter-probability matrix: alength= 4 w= 9 
 0.14727891 0.33163265 0.25306122 0.26802721
 0.37380952 0.05204082 0.23401361 0.34013605
 0.06530612 0.12619048 0.21088435 0.59761905
 0.01666667 0.19557823 0.3462585  0.4414966 
 0.06088435 0.07619048 0.21598639 0.64693878
 0.2744898  0.02176871 0.66496599 0.03877551
 0.1792517  0.00136054 0.60680272 0.21258503
 0.05612245 0.17993197 0.57993197 0.18401361
 0.22482993 0.22482993 0.39829932 0.15204082

MOTIF SThuman_l3_f_56
letter-probability matrix: alength= 4 w= 9 
 0.51835853 0.0950324  0.30381569 0.08279338
 0.21778258 0.37688985 0.10151188 0.30381569
 0.27537797 0.31389489 0.28293737 0.12778978
 0.78545716 0.12167027 0.06587473 0.02699784
 0.03959683 0.09071274 0.10691145 0.76277898
 0.04463643 0.07991361 0.8574514  0.01799856
 0.38192945 0.05399568 0.41072714 0.15334773
 0.09287257 0.26061915 0.18574514 0.46076314
 0.15802736 0.16810655 0.56443485 0.10943125

MOTIF SThuman_l3_f_57
letter-probability matrix: alength= 4 w= 9 
 0.24048096 0.14161657 0.2758851  0.34201737
 0.05678023 0.06412826 0.16833667 0.71075484
 0.02204409 0.05377422 0.07014028 0.85404142
 0.0240481  0.02004008 0.10287241 0.85303941
 0.17267869 0.01002004 0.62959252 0.18770875
 5.87842351e-02 3.34001336e-04 7.74883100e-02 8.63393454e-01
 0.33233133 0.00300601 0.06479626 0.5998664 
 0.18303273 0.01135605 0.499666   0.30594522
 0.23881096 0.07782231 0.31195725 0.37140949

MOTIF SThuman_l3_f_58
letter-probability matrix: alength= 4 w= 9 
 0.05248899 0.18692855 0.03928209 0.72130037
 0.31865899 0.13410091 0.32170674 0.22553336
 0.24822215 0.07991873 0.06603454 0.60582459
 0.67389096 0.02201151 0.03487978 0.26921774
 0.06366407 0.11886217 0.25533356 0.5621402 
 0.28648832 0.00237047 0.68134101 0.0298002 
 0.18354216 0.24923806 0.13105317 0.43616661
 0.17880122 0.18625127 0.17473756 0.46020996
 0.30274297 0.2285811  0.10497799 0.36369793

MOTIF SThuman_l3_f_59
letter-probability matrix: alength= 4 w= 9 
 0.05880231 0.21067821 0.52272727 0.20779221
 0.13492063 0.47907648 0.3524531  0.03354978
 0.19155844 0.23556999 0.56818182 0.00468975
 0.09920635 0.56204906 0.2536075  0.08513709
 1.08225108e-03 6.81096681e-01 3.17460317e-01 3.60750361e-04
 2.89321789e-01 4.79437229e-01 2.30880231e-01 3.60750361e-04
 3.60750361e-04 6.23015873e-01 4.94227994e-02 3.27200577e-01
 0.03246753 0.57972583 0.36904762 0.01875902
 0.17279942 0.49422799 0.23881674 0.09415584

MOTIF SThuman_l3_f_60
letter-probability matrix: alength= 4 w= 9 
 0.19027027 0.39315315 0.36792793 0.04864865
 0.09261261 0.49477477 0.39099099 0.02162162
 0.11423423 0.54774775 0.24288288 0.09513514
 1.10990991e-01 3.11351351e-01 5.77297297e-01 3.60360360e-04
 0.0436036  0.67855856 0.23243243 0.04540541
 4.50450450e-02 9.07747748e-01 4.68468468e-02 3.60360360e-04
 0.07207207 0.86990991 0.02414414 0.03387387
 0.02774775 0.85369369 0.03927928 0.07927928
 0.15207207 0.37081081 0.42486486 0.05225225

MOTIF SThuman_l3_f_61
letter-probability matrix: alength= 4 w= 9 
 0.11323376 0.14657867 0.39215005 0.34803751
 0.04932268 0.42341091 0.09621396 0.43105245
 0.42549496 0.01319903 0.53004515 0.03126085
 0.40048628 0.11705453 0.32476554 0.15769364
 0.38937131 0.09482459 0.38172977 0.13407433
 9.95137200e-01 3.47342827e-04 3.47342827e-03 1.04202848e-03
 0.19590135 0.09864536 0.06773185 0.63772143
 0.06946857 0.15283084 0.60090309 0.1767975 
 0.59465092 0.13442167 0.10559222 0.16533519

MOTIF SThuman_l3_f_62
letter-probability matrix: alength= 4 w= 9 
 0.51578561 0.16262849 0.17804699 0.14353891
 0.26468429 0.13839941 0.07782673 0.51908957
 0.16152717 0.19970631 0.30249633 0.33627019
 0.71182085 0.1989721  0.07085169 0.01835536
 9.54478708e-03 1.83553598e-03 3.67107195e-04 9.88252570e-01
 4.57415565e-01 3.67107195e-04 5.41850220e-01 3.67107195e-04
 0.52349486 0.01395007 0.46108664 0.00146843
 0.21512482 0.18906021 0.18906021 0.40675477
 0.60462555 0.07048458 0.06277533 0.26211454

MOTIF SThuman_l3_f_63
letter-probability matrix: alength= 4 w= 9 
 0.31306778 0.13626834 0.05031447 0.50034941
 0.07337526 0.12858141 0.3955276  0.40251572
 0.02375961 0.5059399  0.00978337 0.46051712
 0.22781272 0.27952481 0.00069881 0.49196366
 2.04053110e-01 7.67994410e-01 6.98812020e-04 2.72536688e-02
 0.18169113 0.64570231 0.00069881 0.17190776
 0.85534591 0.02026555 0.12159329 0.00279525
 0.01886792 0.22921034 0.40810622 0.34381551
 0.3200559  0.41229909 0.09853249 0.16911251

MOTIF SThuman_l3_f_64
letter-probability matrix: alength= 4 w= 9 
 0.20344711 0.18283204 0.31091585 0.302805  
 0.25853329 0.17877661 0.16796215 0.39472795
 0.01960122 0.13957418 0.05711389 0.78371071
 2.66982089e-02 1.92632646e-02 3.37952011e-04 9.53700575e-01
 0.18992903 0.00304157 0.79384927 0.01318013
 9.12808381e-01 3.37952011e-04 3.78506252e-02 4.90030416e-02
 0.3957418  0.17336938 0.04866509 0.38222372
 0.52247381 0.14802298 0.13349104 0.19601217
 0.34572491 0.16728625 0.34876648 0.13822237

MOTIF SThuman_l3_f_65
letter-probability matrix: alength= 4 w= 9 
 0.41707488 0.23303009 0.22428272 0.12561232
 0.4083275  0.10741777 0.46641008 0.01784465
 0.54163751 0.24807558 0.20363891 0.00664801
 0.48005598 0.0776767  0.19629111 0.24597621
 0.46571029 0.14590623 0.08117565 0.30720784
 0.20013996 0.33974808 0.02274318 0.43736879
 0.37368789 0.00629811 0.42652204 0.19349195
 3.49895031e-04 4.26871938e-02 4.41217635e-01 5.15745276e-01
 0.15010497 0.14485654 0.55563331 0.14940518

MOTIF SThuman_l3_f_66
letter-probability matrix: alength= 4 w= 9 
 0.04274702 0.04344779 0.24597057 0.66783462
 0.28241065 0.08689559 0.24316748 0.38752628
 0.3125438  0.28871759 0.39803784 0.00070077
 0.57182901 0.00070077 0.0119131  0.41555711
 2.45269797e-02 7.00770848e-04 1.70287316e-01 8.04484933e-01
 7.00770848e-04 3.15346882e-02 7.00770848e-04 9.67063770e-01
 0.03644008 0.20953048 0.46040645 0.29362299
 0.40434478 0.32235459 0.01611773 0.2571829 
 0.70847933 0.08199019 0.100911   0.10861948

MOTIF SThuman_l3_f_67
letter-probability matrix: alength= 4 w= 9 
 0.48766816 0.11397608 0.18647235 0.21188341
 0.30605381 0.25261584 0.09043348 0.35089686
 0.28961136 0.12967115 0.30455904 0.27615845
 0.52765321 0.00710015 0.46001495 0.00523169
 0.56165919 0.16330344 0.03101644 0.24402093
 0.05754858 0.24813154 0.22234679 0.47197309
 0.35762332 0.01943199 0.53550075 0.08744395
 0.16218236 0.09977578 0.2264574  0.51158445
 0.18423019 0.14910314 0.45515695 0.21150972

MOTIF SThuman_l3_f_68
letter-probability matrix: alength= 4 w= 9 
 0.85504775 0.01296044 0.053206   0.07878581
 3.41064120e-03 2.48976808e-02 3.41064120e-04 9.71350614e-01
 0.09754434 0.00989086 0.47203274 0.42053206
 0.420191   0.36971351 0.08321965 0.12687585
 4.82946794e-01 3.41064120e-04 4.05866303e-02 4.76125512e-01
 0.11903138 0.16678035 0.07025921 0.64392906
 0.23328786 0.24590723 0.35061392 0.170191  
 0.21691678 0.26500682 0.2728513  0.2452251 
 0.29263302 0.18042292 0.22407913 0.30286494

MOTIF SThuman_l3_f_69
letter-probability matrix: alength= 4 w= 9 
 0.24658027 0.30345572 0.24550036 0.20446364
 0.01547876 0.14722822 0.05687545 0.78041757
 0.77141829 0.08279338 0.0475162  0.09827214
 2.99856012e-01 3.59971202e-04 6.99424046e-01 3.59971202e-04
 0.11483081 0.30777538 0.52591793 0.05147588
 0.17674586 0.137509   0.0899928  0.59575234
 0.4575234  0.08099352 0.06263499 0.39884809
 0.23686105 0.37652988 0.06659467 0.3200144 
 0.13714903 0.24226062 0.23398128 0.38660907

MOTIF SThuman_l3_f_70
letter-probability matrix: alength= 4 w= 9 
 0.00188324 0.26365348 0.00753296 0.72693032
 0.24482109 0.30508475 0.25800377 0.1920904 
 0.56120527 0.09416196 0.05461394 0.29001883
 0.97363465 0.00188324 0.02071563 0.00376648
 0.00188324 0.10357815 0.00188324 0.89265537
 0.00188324 0.00188324 0.93408663 0.06214689
 0.29943503 0.36158192 0.00376648 0.33521657
 0.07532957 0.16760829 0.69303202 0.06403013
 0.16760829 0.27118644 0.16760829 0.39359699

MOTIF SThuman_l3_f_71
letter-probability matrix: alength= 4 w= 9 
 0.17849967 0.06262559 0.10951105 0.6493637 
 0.02712659 0.15137307 0.16309444 0.65840589
 0.1319491  0.35565975 0.12860013 0.38379102
 0.14701942 0.03047555 0.14266577 0.67983925
 0.14132619 0.01205626 0.06229069 0.78432686
 0.64132619 0.07367716 0.02210315 0.2628935 
 0.31513731 0.00669792 0.08606832 0.59209645
 0.0525787  0.05559277 0.32083054 0.57099799
 0.12558607 0.06430007 0.60917616 0.20093771

MOTIF SThuman_l3_f_72
letter-probability matrix: alength= 4 w= 9 
 0.29094541 0.21804261 0.25432756 0.23668442
 0.27496671 0.27097204 0.35019973 0.10386152
 9.12782956e-01 3.32889481e-04 8.65512650e-02 3.32889481e-04
 3.32889481e-04 6.52463382e-02 5.65912117e-03 9.28761651e-01
 3.32889481e-04 4.66045273e-02 9.52729694e-01 3.32889481e-04
 0.13149134 0.18808256 0.58322237 0.09720373
 0.21404794 0.38049268 0.31125166 0.09420772
 0.14347537 0.16178429 0.47969374 0.2150466 
 0.19007989 0.2340213  0.35652463 0.21937417

MOTIF SThuman_l3_f_73
letter-probability matrix: alength= 4 w= 9 
 6.17953166e-01 8.67302689e-04 3.80745880e-01 4.33651344e-04
 0.02038161 0.14830876 0.25368604 0.57762359
 4.33651344e-04 3.86383348e-01 6.06244579e-01 6.93842151e-03
 0.25151778 0.07328708 0.55507372 0.12012142
 0.04683435 0.7584562  0.05724198 0.13746748
 0.05030356 0.47051171 0.34692108 0.13226366
 0.18950564 0.14353859 0.55333912 0.11361665
 0.15394623 0.30182134 0.27710321 0.26712923
 0.30008673 0.32480486 0.25888985 0.11621856

MOTIF SThuman_l3_f_74
letter-probability matrix: alength= 4 w= 9 
 0.34641148 0.20526316 0.15454545 0.2937799 
 0.41196172 0.2215311  0.1215311  0.24497608
 0.6784689  0.2291866  0.08803828 0.00430622
 0.55645933 0.06076555 0.00143541 0.38133971
 0.44258373 0.00669856 0.29712919 0.25358852
 7.57416268e-01 3.82775120e-03 4.78468900e-04 2.38277512e-01
 7.17703349e-03 4.78468900e-04 2.38277512e-01 7.54066986e-01
 0.01483254 0.09952153 0.76172249 0.12392344
 0.21626794 0.11961722 0.28755981 0.37655502

MOTIF SThuman_l3_f_75
letter-probability matrix: alength= 4 w= 9 
 0.11042439 0.33127318 0.23568191 0.32262052
 0.13885455 0.29707458 0.26658426 0.29748661
 0.04408735 0.27441286 0.26699629 0.4145035 
 0.11742892 0.34445818 0.5236918  0.0144211 
 4.12031314e-04 4.12031314e-04 4.12031314e-04 9.98763906e-01
 9.14297487e-01 4.12031314e-04 8.48784508e-02 4.12031314e-04
 2.83477544e-01 4.12031314e-04 7.15698393e-01 4.12031314e-04
 0.15286362 0.15533581 0.22332097 0.4684796 
 0.17140503 0.24145035 0.28224145 0.30490317

MOTIF SThuman_l3_f_76
letter-probability matrix: alength= 4 w= 9 
 0.20197044 0.22112753 0.25725233 0.3196497 
 0.57033388 0.06677614 0.20470717 0.15818281
 0.61466886 0.1122058  0.26600985 0.00711549
 0.030104   0.06841817 0.00164204 0.8998358 
 0.13464696 0.34209086 0.0892173  0.43404488
 5.47345375e-04 5.47345375e-04 5.47345375e-04 9.98357964e-01
 7.07170224e-01 5.47345375e-04 2.91735085e-01 5.47345375e-04
 6.09195402e-01 5.47345375e-04 3.89709907e-01 5.47345375e-04
 0.24356869 0.16584565 0.25779967 0.33278599

MOTIF SThuman_l3_f_77
letter-probability matrix: alength= 4 w= 9 
 0.51277372 0.1379562  0.28576642 0.06350365
 0.35547445 0.15729927 0.07189781 0.41532847
 0.26131387 0.10291971 0.38722628 0.24854015
 0.35583942 0.08321168 0.37737226 0.18357664
 0.78138686 0.01970803 0.00474453 0.19416058
 0.00985401 0.0080292  0.13540146 0.84671533
 0.12481752 0.01167883 0.78941606 0.07408759
 0.15364964 0.19817518 0.25145985 0.39671533
 0.35109489 0.14708029 0.29525547 0.20656934

MOTIF SThuman_l3_f_78
letter-probability matrix: alength= 4 w= 9 
 0.25746895 0.13360188 0.42094663 0.18798254
 0.03457536 0.30144344 0.00100705 0.66297415
 0.00503525 0.09365559 0.22356495 0.67774421
 0.10238335 0.05203088 0.5605908  0.28499496
 0.24102048 0.31957033 0.2564619  0.1829473 
 0.06344411 0.0040282  0.01007049 0.9224572 
 0.52635112 0.05303793 0.12420275 0.29640819
 0.11446794 0.19771735 0.04934542 0.63846928
 0.24437731 0.17791205 0.13460893 0.44310171

MOTIF SThuman_l3_f_79
letter-probability matrix: alength= 4 w= 9 
 0.3461808  0.20812894 0.23020322 0.21548704
 0.64540995 0.04344779 0.09039944 0.22074282
 0.23861247 0.07883672 0.05571128 0.62683952
 0.12158374 0.07813595 0.47477225 0.32550806
 0.54484933 0.0553609  0.13629993 0.26348984
 0.13735109 0.04344779 0.067274   0.75192712
 0.01892081 0.04730203 0.65416959 0.27960757
 0.13805186 0.06657323 0.26909601 0.52627891
 0.4110021  0.08093903 0.24877365 0.25928521

MOTIF SThuman_l3_f_80
