MEME version 5.3.0

ALPHABET= ACGT

strands: + -

Background letter frequencies
A 0.25 C 0.25 G 0.25 T 0.25

MOTIF SThuman_l3_f_0
letter-probability matrix: alength= 4 w= 9 
 0.17815126 0.23193277 0.2802521  0.30966387
 0.12016807 0.30546218 0.08865546 0.48571429
 5.94117647e-01 2.51260504e-01 1.54201681e-01 4.20168067e-04
 0.01470588 0.01260504 0.8289916  0.14369748
 0.00084034 0.26596639 0.00420168 0.7289916 
 0.74243697 0.03403361 0.06428571 0.1592437 
 1.61344538e-01 4.20168067e-04 7.36554622e-01 1.01680672e-01
 0.41680672 0.15672269 0.18865546 0.23781513
 0.31260504 0.16134454 0.13613445 0.38991597

MOTIF SThuman_l3_f_1
letter-probability matrix: alength= 4 w= 9 
 0.2103148  0.30475553 0.1232418  0.36168788
 0.50167448 0.03985265 0.19758875 0.26088413
 0.23342264 0.28600134 0.12625586 0.35432016
 0.66845278 0.18151373 0.01507033 0.13496316
 0.17950435 0.00301407 0.11989283 0.69758875
 3.34896182e-04 1.67448091e-03 9.64501005e-02 9.01540522e-01
 3.34896182e-04 1.77494977e-02 1.54052244e-02 9.66510382e-01
 6.02813128e-03 3.34896182e-04 9.77561956e-01 1.60750167e-02
 0.18050904 0.15706631 0.20931011 0.45311453

MOTIF SThuman_l3_f_2
letter-probability matrix: alength= 4 w= 9 
 0.3593985  0.21691729 0.22932331 0.1943609 
 0.05451128 0.36315789 0.29097744 0.29135338
 0.06165414 0.05827068 0.04586466 0.83421053
 7.60150376e-01 3.75939850e-04 1.65789474e-01 7.36842105e-02
 0.16052632 0.08947368 0.74887218 0.00112782
 0.1018797  0.48157895 0.20075188 0.21578947
 0.02706767 0.68082707 0.05413534 0.23796992
 0.10902256 0.28909774 0.21804511 0.38383459
 0.16804511 0.25488722 0.33909774 0.23796992

MOTIF SThuman_l3_f_3
letter-probability matrix: alength= 4 w= 9 
 0.16344874 0.0855526  0.4334221  0.31757656
 2.50332889e-01 3.32889481e-04 7.23368842e-01 2.59653795e-02
 0.00199734 0.00865513 0.69640479 0.29294274
 0.11185087 0.14980027 0.73535286 0.00299601
 0.36651132 0.18109188 0.44474035 0.00765646
 0.41111851 0.27796272 0.14980027 0.16111851
 0.30426099 0.47336884 0.0159787  0.20639148
 0.18109188 0.58055925 0.0948735  0.14347537
 0.10286285 0.57756325 0.10286285 0.21671105

MOTIF SThuman_l3_f_4
letter-probability matrix: alength= 4 w= 9 
 0.3394935  0.1670089  0.27173169 0.22176591
 0.2652293  0.28302533 0.08418891 0.36755647
 0.09103354 0.06570842 0.7467488  0.09650924
 3.42231348e-04 3.42231348e-04 3.42231348e-04 9.98973306e-01
 7.06365503e-01 3.42231348e-04 2.92950034e-01 3.42231348e-04
 7.93634497e-01 3.42231348e-04 2.05681040e-01 3.42231348e-04
 0.40520192 0.20465435 0.13244353 0.25770021
 0.39014374 0.22279261 0.11054073 0.27652293
 0.2926078  0.12183436 0.4017796  0.18377823

MOTIF SThuman_l3_f_5
letter-probability matrix: alength= 4 w= 9 
 0.10193024 0.14696918 0.17372164 0.57737894
 0.06975957 0.16491703 0.69556383 0.06975957
 0.03217067 0.09177108 0.0314934  0.84456485
 0.26109042 0.03657298 0.33863867 0.36369793
 3.79275313e-02 4.74094142e-03 3.38638673e-04 9.56992889e-01
 9.14663055e-01 6.77277345e-03 7.82255334e-02 3.38638673e-04
 5.47917372e-01 3.38638673e-04 1.50355571e-01 3.01388419e-01
 0.13173044 0.22722655 0.22621063 0.41483237
 0.40264138 0.12360312 0.28411785 0.18963766

MOTIF SThuman_l3_f_6
letter-probability matrix: alength= 4 w= 9 
 0.19621158 0.16869192 0.20050036 0.43459614
 0.3277341  0.19656898 0.19621158 0.27948535
 3.57398142e-04 3.57398142e-04 3.57398142e-04 9.98927806e-01
 9.05289492e-01 3.57398142e-04 9.39957112e-02 3.57398142e-04
 8.44174410e-01 3.57398142e-04 1.55110793e-01 3.57398142e-04
 0.03145104 0.02108649 0.01322373 0.93423874
 0.35954253 0.12866333 0.2108649  0.30092924
 0.41636883 0.16583274 0.18012866 0.23766976
 0.23766976 0.13045032 0.16583274 0.46604718

MOTIF SThuman_l3_f_7
letter-probability matrix: alength= 4 w= 9 
 0.41375585 0.18545193 0.23838675 0.16240547
 0.58048254 0.10370904 0.27547713 0.04033129
 0.26359381 0.16420598 0.10839035 0.46380987
 0.06229744 0.07129996 0.5657184  0.30068419
 0.47389269 0.02628736 0.41123515 0.0885848 
 3.60100828e-04 8.46236946e-02 4.28519986e-01 4.86496219e-01
 0.16024487 0.07670148 0.61181131 0.15124235
 0.14043932 0.33273317 0.23766655 0.28916097
 0.15700396 0.23190493 0.24522866 0.36586244

MOTIF SThuman_l3_f_8
letter-probability matrix: alength= 4 w= 9 
 0.10542477 0.20709655 0.1801433  0.50733538
 3.41180484e-04 2.52473559e-01 1.10883657e-01 6.36301604e-01
 0.07949505 0.06925964 0.34971    0.50153531
 0.37700444 0.00238826 0.00989423 0.61071307
 0.49880587 0.01774139 0.02115319 0.46229956
 1.34425111e-01 6.82360969e-04 4.91299898e-02 8.15762538e-01
 0.18901399 0.03548277 0.21869669 0.55680655
 0.06550665 0.05834186 0.01705902 0.85909246
 0.25110884 0.14193108 0.34254521 0.26441488

MOTIF SThuman_l3_f_9
letter-probability matrix: alength= 4 w= 9 
 0.25307377 0.22677596 0.21892077 0.30122951
 0.21448087 0.0659153  0.05703552 0.66256831
 0.79713115 0.02698087 0.12431694 0.05157104
 0.63319672 0.00409836 0.34733607 0.01536885
 0.0385929  0.1045082  0.01195355 0.84494536
 0.63968579 0.01468579 0.33538251 0.0102459 
 0.63661202 0.01946721 0.28312842 0.06079235
 0.26263661 0.19842896 0.22848361 0.31045082
 0.13831967 0.16256831 0.3647541  0.33435792

MOTIF SThuman_l3_f_10
letter-probability matrix: alength= 4 w= 9 
 0.2391077  0.1836877  0.44545138 0.13175322
 0.54304636 0.29696758 0.1341931  0.02579296
 0.2286511  0.40711049 0.23597072 0.12826769
 0.39735099 0.11014291 0.40920181 0.08330429
 0.80968979 0.01673057 0.00906239 0.16451725
 3.48553503e-04 9.41094458e-03 1.63123039e-01 8.27117463e-01
 0.10561171 0.00418264 0.86441269 0.02579296
 0.17636807 0.14674102 0.42976647 0.24712443
 0.15022656 0.25653538 0.30742419 0.28581387

MOTIF SThuman_l3_f_11
letter-probability matrix: alength= 4 w= 9 
 0.03953573 0.07943417 0.1356547  0.74537541
 0.68915488 0.03627131 0.20928546 0.06528836
 8.60718172e-01 8.08850199e-02 5.80340950e-02 3.62713094e-04
 0.43235401 0.00108814 0.35872325 0.2078346 
 0.55749003 0.03735945 0.40406239 0.00108814
 0.28182807 0.00616612 0.64780559 0.06420022
 0.53282554 0.23721436 0.16503446 0.06492564
 0.35509612 0.1356547  0.37794704 0.13130214
 0.36742836 0.21508886 0.18208197 0.2354008 

MOTIF SThuman_l3_f_12
letter-probability matrix: alength= 4 w= 9 
 0.53984782 0.19623548 0.22426912 0.03964758
 0.43852623 0.04245094 0.10772928 0.41129355
 0.31678014 0.25510613 0.35082099 0.07729275
 0.10172207 0.62314778 0.27072487 0.00440529
 4.00480577e-04 4.00480577e-04 4.00480577e-04 9.98798558e-01
 7.91750100e-01 4.00480577e-04 2.07448939e-01 4.00480577e-04
 7.50100120e-01 4.00480577e-04 2.49098919e-01 4.00480577e-04
 0.19983981 0.28073688 0.17460953 0.34481378
 0.25110132 0.15298358 0.31798158 0.27793352

MOTIF SThuman_l3_f_13
letter-probability matrix: alength= 4 w= 9 
 0.37832771 0.07386577 0.25684289 0.29096363
 0.31983502 0.07311586 0.58155231 0.02549681
 0.05811774 0.14098238 0.27709036 0.52380952
 0.01312336 0.08698913 0.25909261 0.6407949 
 0.6167979  0.13235846 0.0359955  0.21484814
 0.023997   0.02212223 0.00712411 0.94675666
 0.26546682 0.07911511 0.02999625 0.62542182
 0.0423697  0.05774278 0.12710911 0.7727784 
 0.07911511 0.04686914 0.30896138 0.56505437

MOTIF SThuman_l3_f_14
letter-probability matrix: alength= 4 w= 9 
 0.4361586  0.13823208 0.23172063 0.19388869
 0.47617315 0.06074936 0.12440888 0.33866861
 0.35649327 0.06875227 0.21898872 0.35576573
 0.18224809 0.05856675 0.01673336 0.7424518 
 0.10294653 0.25100036 0.07639142 0.5696617 
 3.63768643e-04 3.63768643e-04 7.27537286e-04 9.98544925e-01
 7.36267734e-01 3.63768643e-04 1.77519098e-01 8.58493998e-02
 0.64241542 0.00072754 0.27100764 0.0858494 
 0.22189887 0.13714078 0.17606402 0.46489633

MOTIF SThuman_l3_f_15
letter-probability matrix: alength= 4 w= 9 
 0.27959959 0.21884708 0.28270625 0.21884708
 0.08629617 0.08526061 0.03797031 0.7904729 
 0.67828788 0.17673455 0.13565758 0.00931999
 0.49637556 0.03072144 0.35312392 0.11977908
 0.01622368 0.09492579 0.22091819 0.66793234
 0.62340352 0.27545737 0.09803245 0.00310666
 0.4818778  0.01553331 0.32688989 0.175699  
 0.25129444 0.18087677 0.36796686 0.19986193
 0.10217466 0.36555057 0.12702796 0.40524681

MOTIF SThuman_l3_f_16
letter-probability matrix: alength= 4 w= 9 
 0.17528543 0.27468099 0.15715245 0.39288113
 0.07353929 0.03089322 0.33915379 0.5564137 
 0.49126931 0.19543318 0.0322364  0.28106111
 1.18535930e-01 3.35795836e-04 4.23774345e-01 4.57353929e-01
 0.00335796 0.07118872 0.73472129 0.19073203
 0.03828073 0.21927468 0.11853593 0.62390866
 0.12323707 0.38616521 0.11182001 0.3787777 
 0.29113499 0.3146407  0.08999328 0.30423103
 0.42646071 0.29684352 0.03727334 0.23942243

MOTIF SThuman_l3_f_17
letter-probability matrix: alength= 4 w= 9 
 0.31962482 0.21861472 0.22655123 0.23520924
 0.31962482 0.26226551 0.15584416 0.26226551
 0.52200577 0.12987013 0.28499278 0.06313131
 9.90620491e-01 3.60750361e-04 3.60750361e-04 8.65800866e-03
 3.60750361e-04 3.60750361e-04 8.65800866e-03 9.90620491e-01
 3.60750361e-04 3.60750361e-04 9.98917749e-01 3.60750361e-04
 0.5007215  0.03499278 0.28282828 0.18145743
 0.23484848 0.24963925 0.19588745 0.31962482
 0.16125541 0.19264069 0.31746032 0.32864358

MOTIF SThuman_l3_f_18
letter-probability matrix: alength= 4 w= 9 
 0.26402975 0.12812711 0.46112238 0.14672076
 0.1142664  0.01183232 0.05172414 0.82217715
 0.43171062 0.01487492 0.11359026 0.43982421
 0.00608519 0.112238   0.04225828 0.83941853
 0.4969574  0.22379986 0.11933739 0.15990534
 0.61933739 0.056119   0.13860717 0.18593644
 0.36950642 0.32150101 0.26132522 0.04766734
 0.5862069  0.02298851 0.01960784 0.37119675
 0.67207573 0.08823529 0.08282623 0.15686275

MOTIF SThuman_l3_f_19
letter-probability matrix: alength= 4 w= 9 
 0.7211094 0.0624037 0.1540832 0.0624037
 0.0146379  0.07627119 0.09784284 0.81124807
 6.08628659e-02 7.70416025e-04 9.37596302e-01 7.70416025e-04
 7.70416025e-04 4.46841294e-02 7.70416025e-04 9.53775039e-01
 0.06779661 0.18489985 0.00847458 0.73882897
 0.08551618 0.09244992 0.11479199 0.70724191
 0.23189522 0.16872111 0.16795069 0.43143297
 0.27812018 0.10323575 0.27503852 0.34360555
 0.01155624 0.12711864 0.27503852 0.58628659

MOTIF SThuman_l3_f_20
letter-probability matrix: alength= 4 w= 9 
 0.6446615  0.0023577  0.24856854 0.10441226
 0.22094981 0.00269451 0.04816437 0.72819131
 0.0613001  0.03704951 0.01886157 0.88278882
 0.21993937 0.12091613 0.06871    0.59043449
 2.41495453e-01 2.10171775e-01 3.36813742e-04 5.47995958e-01
 0.51532503 0.23509599 0.11653755 0.13304143
 0.02795554 0.10508589 0.61098013 0.25597844
 0.13607275 0.25698889 0.27955541 0.32738296
 0.117548   0.17278545 0.42202762 0.28763894

MOTIF SThuman_l3_f_21
letter-probability matrix: alength= 4 w= 9 
 0.29464286 0.11178571 0.43178571 0.16178571
 0.01321429 0.00464286 0.72428571 0.25785714
 1.44642857e-01 3.57142857e-04 8.54642857e-01 3.57142857e-04
 0.00142857 0.41714286 0.40142857 0.18      
 0.065      0.1125     0.57785714 0.24464286
 0.16464286 0.27071429 0.475      0.08964286
 0.15535714 0.025      0.50107143 0.31857143
 0.00535714 0.08       0.57464286 0.34      
 0.13392857 0.22571429 0.34392857 0.29642857

MOTIF SThuman_l3_f_22
letter-probability matrix: alength= 4 w= 9 
 0.40790743 0.22179364 0.13307618 0.23722276
 0.64995178 0.10125362 0.04725169 0.20154291
 0.93635487 0.00096432 0.06171649 0.00096432
 0.04532305 0.1243973  0.024108   0.80617165
 0.05303761 0.1533269  0.45515911 0.33847637
 0.75216972 0.00096432 0.24590164 0.00096432
 0.00096432 0.25554484 0.00096432 0.74252652
 0.03182257 0.01253616 0.89585342 0.05978785
 0.18611379 0.1147541  0.30279653 0.39633558

MOTIF SThuman_l3_f_23
letter-probability matrix: alength= 4 w= 9 
 0.21695761 0.27182045 0.36408978 0.14713217
 0.53865337 0.16957606 0.24688279 0.04488778
 0.9201995  0.00249377 0.07481297 0.00249377
 0.00249377 0.00249377 0.04488778 0.95012469
 0.00249377 0.75311721 0.00249377 0.24189526
 0.44139651 0.55361596 0.00249377 0.00249377
 0.26932668 0.00249377 0.28678304 0.44139651
 0.00249377 0.01496259 0.96009975 0.02244389
 0.18703242 0.20947631 0.35162095 0.25187032

MOTIF SThuman_l3_f_24
letter-probability matrix: alength= 4 w= 9 
 0.11427603 0.29128518 0.1356392  0.45879959
 0.32485588 0.25669719 0.29026789 0.12817904
 0.02475415 0.14886402 0.0671414  0.75924042
 0.33265514 0.1532723  0.06307223 0.45100034
 3.39097999e-04 4.40827399e-03 2.03458800e-03 9.93218040e-01
 0.39471007 0.00169549 0.53848762 0.06510682
 9.32858596e-01 3.39097999e-04 2.06849780e-02 4.61173279e-02
 0.19260766 0.2197355  0.24008138 0.34757545
 0.24686334 0.16208884 0.45913869 0.13190912

MOTIF SThuman_l3_f_25
letter-probability matrix: alength= 4 w= 9 
 0.08915663 0.22811245 0.3        0.38273092
 0.01606426 0.25582329 0.06184739 0.66626506
 0.17751004 0.27630522 0.03895582 0.50722892
 0.0188755  0.72248996 0.22369478 0.03493976
 2.65060241e-01 7.20080321e-01 1.44578313e-02 4.01606426e-04
 0.00080321 0.49678715 0.00401606 0.49839357
 4.01606426e-04 5.91566265e-01 6.02409639e-03 4.02008032e-01
 0.05421687 0.4188755  0.07871486 0.44819277
 0.16465863 0.40883534 0.14337349 0.28313253

MOTIF SThuman_l3_f_26
letter-probability matrix: alength= 4 w= 9 
 0.10836438 0.1374873  0.16864206 0.58550626
 0.01117508 0.11039621 0.21198781 0.66644091
 0.72841178 0.01015916 0.15103285 0.11039621
 0.45614629 0.01286827 0.4991534  0.03183204
 6.43413478e-02 3.38638673e-04 1.19539451e-01 8.15780562e-01
 0.68269556 0.04707078 0.26684727 0.00338639
 0.46596681 0.00778869 0.52387403 0.00237047
 0.41652557 0.05587538 0.15441923 0.37317982
 0.35760244 0.14561463 0.11953945 0.37724348

MOTIF SThuman_l3_f_27
letter-probability matrix: alength= 4 w= 9 
 0.22969374 0.08288948 0.11817577 0.56924101
 0.28661784 0.04394141 0.23701731 0.43242344
 3.32889481e-04 3.12916112e-02 3.32889481e-04 9.68042610e-01
 2.99600533e-03 3.32889481e-04 6.62782956e-01 3.33888149e-01
 3.62849534e-02 1.18508655e-01 3.32889481e-04 8.44873502e-01
 0.2373502  0.31391478 0.07956059 0.36917443
 3.32889481e-04 5.32623169e-03 3.32889481e-04 9.94007989e-01
 0.52796272 0.02430093 0.27430093 0.17343542
 0.04860186 0.04027963 0.02330226 0.88781625

MOTIF SThuman_l3_f_28
letter-probability matrix: alength= 4 w= 9 
 0.19838872 0.1312521  0.23699228 0.4333669 
 0.19738167 0.30480027 0.18126888 0.31654918
 0.4890903  0.00872776 0.1530715  0.34911044
 0.42799597 0.06478684 0.13192346 0.37529372
 5.29707956e-01 1.79590467e-01 2.90365895e-01 3.35683115e-04
 0.52601544 0.12218865 0.02249077 0.32930514
 0.02819738 0.00537093 0.04531722 0.92111447
 0.17959047 0.01477006 0.4850621  0.32057737
 0.21517288 0.1054045  0.17086271 0.50855992

MOTIF SThuman_l3_f_29
letter-probability matrix: alength= 4 w= 9 
 0.28062583 0.02496671 0.0665779  0.62782956
 1.43142477e-01 3.32889481e-04 3.99467377e-02 8.16577896e-01
 3.32889481e-04 3.32889481e-04 3.32889481e-04 9.99001332e-01
 3.32889481e-04 3.32889481e-04 7.05725699e-02 9.28761651e-01
 0.0189747  0.00532623 0.00665779 0.96904128
 3.62849534e-02 3.32889481e-04 5.86218375e-01 3.77163782e-01
 3.32889481e-04 5.65912117e-03 6.65778961e-04 9.93342210e-01
 3.32889481e-04 3.32889481e-04 1.57789614e-01 8.41544607e-01
 0.02929427 0.01065246 0.19107856 0.7689747 

MOTIF SThuman_l3_f_30
letter-probability matrix: alength= 4 w= 9 
 0.06447964 0.60350679 0.08427602 0.24773756
 0.50565611 0.22850679 0.08540724 0.18042986
 0.05429864 0.23925339 0.01074661 0.69570136
 0.27714932 0.49886878 0.00904977 0.21493213
 0.01074661 0.78223982 0.07579186 0.13122172
 0.14366516 0.27997738 0.0260181  0.55033937
 9.68325792e-01 2.77149321e-02 5.65610860e-04 3.39366516e-03
 0.49434389 0.16911765 0.10520362 0.23133484
 0.13687783 0.25056561 0.02149321 0.59106335

MOTIF SThuman_l3_f_31
letter-probability matrix: alength= 4 w= 9 
 0.35630424 0.24298111 0.16743236 0.23328229
 0.3338438  0.16436958 0.36855539 0.13323124
 8.68810618e-01 5.10464523e-04 5.10464523e-04 1.30168453e-01
 5.10464523e-04 6.12557427e-03 1.24553344e-01 8.68810618e-01
 1.30168453e-01 5.10464523e-04 8.68810618e-01 5.10464523e-04
 0.32976008 0.08677897 0.29811128 0.28534967
 0.59928535 0.05002552 0.27003573 0.08065339
 0.27207759 0.143951   0.32669729 0.25727412
 0.24706483 0.28075549 0.2776927  0.19448698

MOTIF SThuman_l3_f_32
letter-probability matrix: alength= 4 w= 9 
 0.34670822 0.12465914 0.16478379 0.36384885
 0.153097   0.23178808 0.08920919 0.52590573
 0.1589404  0.16595247 0.17841839 0.49668874
 0.88975458 0.00233736 0.09271523 0.01519283
 0.39735099 0.04129334 0.03856642 0.52278925
 0.16244644 0.01519283 0.56992598 0.25243475
 0.66848461 0.06505649 0.07051032 0.19594858
 0.13946241 0.06583561 0.03622906 0.75847293
 0.04402026 0.05648617 0.74990261 0.14959096

MOTIF SThuman_l3_f_33
letter-probability matrix: alength= 4 w= 9 
 0.3566814  0.06766406 0.18565114 0.3900034 
 0.00272016 0.64195852 0.18701122 0.1683101 
 0.3233594  0.08874532 0.16082965 0.42706562
 0.7650459  0.01530092 0.0867052  0.13294798
 3.18259096e-01 3.40020401e-04 3.40020401e-04 6.81060864e-01
 8.50051003e-03 2.63175791e-01 3.40020401e-04 7.27983679e-01
 0.06222373 0.00544033 0.54369262 0.38864332
 0.03536212 0.27099626 0.08602516 0.60761646
 0.40224413 0.14756885 0.36790207 0.08228494

MOTIF SThuman_l3_f_34
letter-probability matrix: alength= 4 w= 9 
 0.39936102 0.17526244 0.26061159 0.16476495
 0.21451392 0.15518028 0.55225924 0.07804655
 0.06846189 0.10086718 0.0762209  0.75445002
 1.14103149e-02 9.34276586e-01 5.38566864e-02 4.56412597e-04
 0.18986764 0.03286171 0.57416705 0.20310361
 0.44637152 0.01506162 0.39342766 0.14513921
 0.30990415 0.02282063 0.1884984  0.47877681
 0.14148791 0.0506618  0.49977179 0.3080785 
 0.25102693 0.18986764 0.36056595 0.19853948

MOTIF SThuman_l3_f_35
letter-probability matrix: alength= 4 w= 9 
 0.19769557 0.12916919 0.13826562 0.53486962
 0.65858096 0.18859915 0.11158278 0.04123711
 0.28684051 0.12553062 0.54275318 0.04487568
 0.00667071 0.02183141 0.07398423 0.89751364
 0.53305033 0.00181928 0.46209824 0.00303214
 6.38568830e-01 6.06428138e-04 3.59005458e-01 1.81928441e-03
 0.40327471 0.24802911 0.30321407 0.04548211
 0.35961189 0.15403275 0.19951486 0.28684051
 0.19284415 0.12977562 0.5409339  0.13644633

MOTIF SThuman_l3_f_36
letter-probability matrix: alength= 4 w= 9 
 0.01966605 0.28831169 0.30500928 0.38701299
 0.78033395 0.05046382 0.12541744 0.04378479
 0.52430427 0.28979592 0.04935065 0.13654917
 0.43413729 0.08274583 0.46011132 0.02300557
 3.71057514e-04 6.11873840e-01 2.87940631e-01 9.98144712e-02
 0.27940631 0.00111317 0.3877551  0.33172542
 0.37847866 0.5606679  0.02189239 0.03896104
 0.50055659 0.18107607 0.14508349 0.17328386
 0.59814471 0.26419295 0.0419295  0.09573284

MOTIF SThuman_l3_f_37
letter-probability matrix: alength= 4 w= 9 
 0.17117804 0.13724743 0.20853984 0.48303469
 0.13534121 0.46930995 0.22874571 0.16660313
 0.19405261 0.06328631 0.37361799 0.36904308
 2.10827297e-01 3.81242852e-04 1.23141441e-01 6.65650019e-01
 9.18795273e-02 3.82386580e-01 3.81242852e-04 5.25352650e-01
 0.59054518 0.27182615 0.05261151 0.08501716
 0.00686237 0.08844834 0.02287457 0.88181472
 5.10865421e-02 2.13495997e-02 3.81242852e-04 9.27182615e-01
 0.47502859 0.0773923  0.40602364 0.04155547

MOTIF SThuman_l3_f_38
letter-probability matrix: alength= 4 w= 9 
 0.3982718  0.15946583 0.26197958 0.1802828 
 0.56637863 0.08955224 0.16653574 0.17753339
 0.34917518 0.03692066 0.34681854 0.26708562
 0.08051846 0.18499607 0.28672427 0.44776119
 0.0188531  0.35860173 0.60369207 0.0188531 
 3.92772977e-04 1.14689709e-01 1.53181461e-02 8.69599372e-01
 0.34406913 0.15828751 0.13472113 0.36292223
 0.00864101 0.00706991 0.01531815 0.96897093
 0.5930872  0.0538099  0.12097408 0.23212883

MOTIF SThuman_l3_f_39
letter-probability matrix: alength= 4 w= 9 
 0.30401924 0.43146685 0.14050155 0.12401237
 0.33905874 0.54723463 0.08244589 0.03126074
 6.75025764e-01 9.96221230e-03 3.14668499e-01 3.43524562e-04
 0.07763655 0.36344899 0.34627276 0.2126417 
 0.09137753 0.69563724 0.20783236 0.00515287
 0.31638612 0.33459292 0.34627276 0.0027482 
 0.01580213 0.67674339 0.05771213 0.24974236
 0.13122638 0.4531089  0.23016146 0.18550326
 0.24836826 0.31260735 0.29027825 0.14874614

MOTIF SThuman_l3_f_40
letter-probability matrix: alength= 4 w= 9 
 0.30566582 0.25189462 0.19415374 0.24828582
 0.41573439 0.18152292 0.1021292  0.3006135 
 8.52038975e-01 4.65535908e-02 3.60880549e-04 1.01046554e-01
 2.81486828e-01 3.60880549e-04 7.25369903e-02 6.45615301e-01
 1.33525803e-01 1.72861783e-01 3.60880549e-04 6.93251534e-01
 0.00252616 0.85131721 0.01660051 0.12955612
 0.92493685 0.0111873  0.06279322 0.00108264
 0.29916997 0.40021653 0.22663298 0.07398051
 0.44821364 0.10285096 0.22555034 0.22338506

MOTIF SThuman_l3_f_41
letter-probability matrix: alength= 4 w= 9 
 0.12168309 0.29833207 0.21266111 0.36732373
 0.31046247 0.26686884 0.171721   0.25094769
 0.39802881 0.29226687 0.16982563 0.1398787 
 9.98862775e-01 3.79075057e-04 3.79075057e-04 3.79075057e-04
 3.79075057e-04 3.79075057e-04 3.79075057e-04 9.98862775e-01
 3.79075057e-04 3.79075057e-04 9.98862775e-01 3.79075057e-04
 0.40181956 0.16527672 0.11448067 0.31842305
 0.15769522 0.13608795 0.3358605  0.37035633
 0.14859742 0.21341926 0.39727066 0.24071266

MOTIF SThuman_l3_f_42
letter-probability matrix: alength= 4 w= 9 
 0.01398136 0.10352863 0.09354194 0.78894807
 0.54693742 0.00066578 0.29227696 0.16011984
 0.84087883 0.06624501 0.0442743  0.04860186
 0.33754993 0.00998668 0.16977364 0.48268975
 1.64114514e-01 2.72969374e-02 3.32889481e-04 8.08255659e-01
 0.05858855 0.35386152 0.22703063 0.36051931
 0.12416778 0.30159787 0.36218375 0.2120506 
 0.1328229  0.16910786 0.16011984 0.5379494 
 0.26298269 0.06890812 0.21304927 0.45505992

MOTIF SThuman_l3_f_43
letter-probability matrix: alength= 4 w= 9 
 0.68808256 0.03695073 0.24733688 0.02762983
 0.63115846 0.16078562 0.15312916 0.05492676
 6.22170439e-01 1.01531292e-01 2.75965379e-01 3.32889481e-04
 6.31824234e-01 3.32889481e-04 1.00532623e-01 2.67310253e-01
 0.09587217 0.0412783  0.05625832 0.80659121
 0.09254328 0.00565912 0.01664447 0.88515313
 0.38814913 0.11318242 0.36884154 0.1298269 
 0.47003995 0.03129161 0.40079893 0.09786951
 0.24567244 0.10652463 0.27896138 0.36884154

MOTIF SThuman_l3_f_44
letter-probability matrix: alength= 4 w= 9 
 0.28812199 0.21348315 0.3105939  0.18780096
 0.49398074 0.2423756  0.20826645 0.05537721
 4.01284109e-04 4.01284109e-04 4.01284109e-04 9.98796148e-01
 6.90609952e-01 4.01284109e-04 3.08587480e-01 4.01284109e-04
 7.93338684e-01 4.01284109e-04 2.05858748e-01 4.01284109e-04
 0.3611557  0.13081862 0.49317817 0.01484751
 0.18459069 0.30216693 0.41131621 0.10192616
 0.02407705 0.12560193 0.44462279 0.40569823
 0.42014446 0.17014446 0.20666132 0.20304976

MOTIF SThuman_l3_f_45
letter-probability matrix: alength= 4 w= 9 
 0.42917998 0.06638268 0.30883919 0.19559815
 0.11608094 0.17962371 0.06212283 0.64217252
 0.10969116 0.38161164 0.16755414 0.34114306
 8.19666312e-01 4.93432730e-02 1.30635428e-01 3.54987575e-04
 0.19772808 0.07845225 0.00674476 0.7170749 
 0.13347533 0.04330848 0.78168264 0.04153355
 0.42917998 0.10898119 0.12424565 0.33759318
 0.13454029 0.13489528 0.13738019 0.59318424
 0.13844515 0.20127796 0.51828186 0.14199503

MOTIF SThuman_l3_f_46
letter-probability matrix: alength= 4 w= 9 
 0.00981836 0.00392734 0.05841924 0.92783505
 4.90918017e-04 4.90918017e-04 7.60922926e-02 9.22925871e-01
 4.90918017e-04 4.90918017e-04 7.65832106e-02 9.22434953e-01
 4.90918017e-04 1.96367207e-03 2.45459008e-03 9.95090820e-01
 4.90918017e-04 4.90918017e-04 1.10456554e-01 8.88561610e-01
 4.90918017e-04 1.05547374e-01 4.90918017e-04 8.93470790e-01
 5.54737359e-02 3.87825233e-02 4.90918017e-04 9.05252823e-01
 4.90918017e-04 1.12911144e-02 1.94403535e-01 7.93814433e-01
 0.31369661 0.02847324 0.02700049 0.63082965

MOTIF SThuman_l3_f_47
letter-probability matrix: alength= 4 w= 9 
 0.30295297 0.13124316 0.31352534 0.25227853
 0.036821   0.13488881 0.198323   0.62996719
 0.3251914  0.26941305 0.30040102 0.10499453
 0.85854903 0.00437477 0.08603719 0.05103901
 0.4028436  0.04301859 0.05067444 0.50346336
 0.12103536 0.02114473 0.45971564 0.39810427
 0.53627415 0.11884798 0.29602625 0.04885162
 0.08348524 0.24826832 0.06379876 0.60444769
 0.18155304 0.07801677 0.51950419 0.22092599

MOTIF SThuman_l3_f_48
letter-probability matrix: alength= 4 w= 9 
 0.43867539 0.31888798 0.13736713 0.1050695 
 0.91373671 0.01839738 0.04210957 0.02575634
 0.4215045  0.20278005 0.18029436 0.1954211 
 0.16148814 0.60302535 0.02534751 0.210139  
 0.66680294 0.0572363  0.20278005 0.0731807 
 0.04742437 0.27473426 0.16026165 0.51757972
 0.97914963 0.00695012 0.00940311 0.00449714
 0.22649223 0.0678659  0.6941946  0.01144726
 0.27800491 0.23712183 0.19869174 0.28618152

MOTIF SThuman_l3_f_49
letter-probability matrix: alength= 4 w= 9 
 0.1138482  0.41544607 0.3039281  0.16677763
 0.01198402 0.08422104 0.75299601 0.15079893
 3.92809587e-02 3.32889481e-04 9.60053262e-01 3.32889481e-04
 3.32889481e-04 1.25499334e-01 8.41211718e-01 3.29560586e-02
 0.08921438 0.18774967 0.59221039 0.13082557
 0.01431425 0.32523302 0.40446072 0.25599201
 0.27729694 0.00166445 0.24267643 0.47836218
 0.13515313 0.1741012  0.43408788 0.25665779
 0.11817577 0.33089214 0.27729694 0.27363515

MOTIF SThuman_l3_f_50
letter-probability matrix: alength= 4 w= 9 
 0.30211893 0.0758715  0.19241285 0.42959672
 0.02768284 0.08920027 0.03485988 0.84825701
 3.41763500e-04 1.27477785e-01 9.19343814e-02 7.80246070e-01
 5.91250854e-02 3.41763500e-04 9.07382092e-01 3.31510595e-02
 0.2696514  0.43609023 0.2406015  0.05365687
 8.76281613e-01 3.28092960e-02 3.41763500e-04 9.05673274e-02
 0.82433356 0.00341763 0.06390977 0.10833903
 0.35919344 0.11825017 0.24094327 0.28161312
 0.33151059 0.08714969 0.15379357 0.42754614

MOTIF SThuman_l3_f_51
letter-probability matrix: alength= 4 w= 9 
 0.42279793 0.16753022 0.30500864 0.10466321
 0.51744387 0.1015544  0.24041451 0.14058722
 0.09084629 0.16407599 0.33022453 0.4148532 
 0.38100173 0.09360967 0.51606218 0.00932642
 0.03177893 0.1716753  0.09913644 0.69740933
 0.07184801 0.15474957 0.48082902 0.2925734 
 0.14645941 0.18860104 0.64110535 0.0238342 
 0.51537133 0.08842832 0.27288428 0.12331606
 0.31571675 0.25595855 0.23385147 0.19447323

MOTIF SThuman_l3_f_52
letter-probability matrix: alength= 4 w= 9 
 0.39269912 0.05014749 0.09402655 0.46312684
 0.12168142 0.06674041 0.10656342 0.70501475
 0.23525074 0.03871681 0.12979351 0.59623894
 0.39011799 0.00258112 0.00589971 0.60140118
 1.80678466e-02 3.68731563e-04 4.09292035e-02 9.40634218e-01
 3.68731563e-04 3.68731563e-04 3.94911504e-01 6.04351032e-01
 0.14048673 0.14896755 0.12573746 0.58480826
 0.054941   0.09292035 0.15228614 0.69985251
 0.19764012 0.03834808 0.05752212 0.70648968

MOTIF SThuman_l3_f_53
letter-probability matrix: alength= 4 w= 9 
 0.13849004 0.18156554 0.12227883 0.55766559
 0.54701251 0.04168597 0.02130616 0.38999537
 0.16350162 0.11208893 0.00324224 0.72116721
 0.00648448 0.06160259 0.44233441 0.48957851
 0.4590088  0.05419176 0.08985642 0.39694303
 0.02037981 0.05558129 0.04446503 0.87957388
 4.63177397e-04 4.63177397e-04 6.36405743e-01 3.62667902e-01
 0.03751737 0.07364521 0.22417786 0.66465956
 0.08383511 0.20565076 0.15145901 0.55905512

MOTIF SThuman_l3_f_54
letter-probability matrix: alength= 4 w= 9 
 0.36625  0.233125 0.179375 0.22125 
 0.660625 0.1025   0.235    0.001875
 8.14375e-01 3.37500e-02 1.51250e-01 6.25000e-04
 0.205625 0.1175   0.314375 0.3625  
 0.735625 0.05125  0.08     0.133125
 2.49375e-01 6.25000e-04 1.50000e-02 7.35000e-01
 0.008125 0.0075   0.735    0.249375
 0.1525   0.019375 0.635    0.193125
 0.216875 0.253125 0.276875 0.253125

MOTIF SThuman_l3_f_55
letter-probability matrix: alength= 4 w= 9 
 0.08361544 0.1069736  0.16079892 0.64861205
 0.02301963 0.1310088  0.13744076 0.70853081
 0.42010833 0.01489506 0.32498307 0.24001354
 1.83818551e-01 3.41909276e-02 3.38524035e-04 7.81651997e-01
 4.00135410e-01 3.38524035e-04 2.65741368e-01 3.33784699e-01
 0.2633717  0.19465132 0.007109   0.53486798
 0.12559242 0.11577522 0.20920785 0.54942451
 0.26675694 0.48442789 0.03419093 0.21462424
 0.09546378 0.26777251 0.26404875 0.37271496

MOTIF SThuman_l3_f_56
letter-probability matrix: alength= 4 w= 9 
 0.48560542 0.2557155  0.14055885 0.11812024
 0.72777307 0.09695174 0.1680779  0.00719729
 0.56054191 0.10160881 0.13547841 0.20237087
 0.1257409  0.042337   0.40093141 0.43099069
 5.87214225e-01 4.23370025e-04 3.75529213e-01 3.68331922e-02
 4.23370025e-04 8.59441152e-02 2.09991533e-01 7.03640982e-01
 0.07790008 0.09864522 0.80355631 0.01989839
 0.20491109 0.29847587 0.19602032 0.30059272
 0.12320068 0.26629975 0.3065199  0.30397968

MOTIF SThuman_l3_f_57
letter-probability matrix: alength= 4 w= 9 
 0.14089951 0.20484891 0.29234013 0.36191145
 0.04954322 0.0734364  0.05200281 0.82501757
 0.57905833 0.0154603  0.16092762 0.24455376
 3.51370344e-04 2.02037948e-01 3.51370344e-04 7.97259311e-01
 0.27125791 0.09873507 0.21187632 0.41813071
 0.0154603  0.04954322 0.59486999 0.34012649
 0.36823612 0.06605762 0.04884048 0.51686578
 0.02178496 0.14757554 0.37385805 0.45678145
 0.07765285 0.09732959 0.37947997 0.4455376 

MOTIF SThuman_l3_f_58
letter-probability matrix: alength= 4 w= 9 
 0.37414384 0.20205479 0.20462329 0.21917808
 0.52996575 0.17893836 0.15582192 0.13527397
 0.77568493 0.04023973 0.16609589 0.01797945
 0.22773973 0.00085616 0.04366438 0.72773973
 0.00085616 0.00085616 0.77054795 0.22773973
 0.00085616 0.00085616 0.85359589 0.14469178
 0.05907534 0.12756849 0.44691781 0.36643836
 0.11044521 0.11215753 0.42037671 0.35702055
 0.09417808 0.25342466 0.51712329 0.13527397

MOTIF SThuman_l3_f_59
letter-probability matrix: alength= 4 w= 9 
 0.51020408 0.12349555 0.28623757 0.08006279
 0.04761905 0.01098901 0.15384615 0.78754579
 6.07535322e-01 2.04081633e-02 3.71533229e-01 5.23286238e-04
 4.67294610e-01 5.23286238e-04 5.31658817e-01 5.23286238e-04
 0.19099948 0.03349032 0.60753532 0.16797488
 0.01203558 0.24385139 0.57090529 0.17320774
 0.23443223 0.0533752  0.44583987 0.26635269
 0.15803244 0.22867609 0.25954997 0.3537415 
 0.1826269  0.28990058 0.32967033 0.1978022 

MOTIF SThuman_l3_f_60
letter-probability matrix: alength= 4 w= 9 
 0.06842737 0.28451381 0.04081633 0.6062425 
 0.00480192 0.00120048 0.3637455  0.6302521 
 0.45978391 0.03961585 0.49939976 0.00120048
 0.02521008 0.49219688 0.47779112 0.00480192
 0.28811525 0.53661465 0.17406963 0.00120048
 0.00120048 0.39735894 0.34333733 0.25810324
 0.00120048 0.2304922  0.33973589 0.42857143
 0.00120048 0.06362545 0.71788715 0.21728691
 0.1212485  0.03361345 0.77190876 0.07322929

MOTIF SThuman_l3_f_61
letter-probability matrix: alength= 4 w= 9 
 0.19550409 0.39168937 0.17098093 0.24182561
 9.32901907e-01 3.40599455e-04 6.64168937e-02 3.40599455e-04
 0.22138965 0.0616485  0.00442779 0.71253406
 0.14475477 0.09502725 0.75       0.01021798
 0.45333787 0.05892371 0.23092643 0.25681199
 0.13658038 0.11035422 0.07288828 0.68017711
 0.10558583 0.0606267  0.58889646 0.24489101
 0.19482289 0.17302452 0.32765668 0.30449591
 0.20299728 0.27792916 0.21355586 0.30551771

MOTIF SThuman_l3_f_62
letter-probability matrix: alength= 4 w= 9 
 0.52097204 0.13948069 0.00332889 0.33621838
 0.45805593 0.00099867 0.00199734 0.53894807
 1.06524634e-02 9.75366178e-02 3.32889481e-04 8.91478029e-01
 3.32889481e-04 1.75099867e-01 3.32889481e-04 8.24234354e-01
 0.10186418 0.14613848 0.03728362 0.71471372
 0.22569907 0.43142477 0.2276964  0.11517976
 0.75033289 0.09221039 0.07390146 0.08355526
 0.60053262 0.05559254 0.1075233  0.23635153
 0.46005326 0.1834221  0.14780293 0.2087217 

MOTIF SThuman_l3_f_63
letter-probability matrix: alength= 4 w= 9 
 0.67175573 0.02290076 0.1221374  0.18320611
 0.32824427 0.00763359 0.65648855 0.00763359
 0.65648855 0.09160305 0.00763359 0.24427481
 0.00763359 0.00763359 0.97709924 0.00763359
 0.72519084 0.25954198 0.00763359 0.00763359
 0.08396947 0.00763359 0.80916031 0.09923664
 0.64122137 0.00763359 0.00763359 0.34351145
 0.32824427 0.00763359 0.61068702 0.05343511
 0.71755725 0.00763359 0.22900763 0.04580153

MOTIF SThuman_l3_f_64
letter-probability matrix: alength= 4 w= 9 
 0.2504363  0.15794066 0.23385689 0.35776614
 0.45811518 0.09336824 0.12390925 0.32460733
 0.60122164 0.0008726  0.32111693 0.07678883
 9.42408377e-01 8.72600349e-04 8.72600349e-04 5.58464223e-02
 0.23211169 0.03752182 0.59773124 0.13263525
 0.12565445 0.06980803 0.7425829  0.06195462
 0.81675393 0.08027923 0.10209424 0.0008726 
 0.2443281  0.11518325 0.26788831 0.37260035
 0.88656195 0.004363   0.05322862 0.05584642

MOTIF SThuman_l3_f_65
letter-probability matrix: alength= 4 w= 9 
 0.4187643  0.14569031 0.1784897  0.25705568
 0.24485126 0.21128909 0.13729977 0.40655988
 0.34706331 0.2921434  0.13577422 0.22501907
 0.84591915 0.0907704  0.02974828 0.03356217
 1.52555301e-01 7.62776506e-04 7.62776506e-04 8.45919146e-01
 7.62776506e-04 7.62776506e-04 8.45919146e-01 1.52555301e-01
 0.60183066 0.0747521  0.31045004 0.0129672 
 0.54385965 0.3409611  0.08695652 0.02822273
 0.29366895 0.2791762  0.28680397 0.14035088

MOTIF SThuman_l3_f_66
letter-probability matrix: alength= 4 w= 9 
 0.02031979 0.12458361 0.38341106 0.47168554
 0.00966023 0.11459027 0.01565623 0.86009327
 3.33111259e-04 7.86142572e-02 5.83944037e-01 3.37108594e-01
 3.33111259e-04 1.19920053e-02 3.33111259e-04 9.87341772e-01
 7.66155896e-03 3.33111259e-04 6.12924717e-02 9.30712858e-01
 0.0502998  0.00099933 0.00433045 0.94437042
 8.52764823e-02 3.33111259e-04 3.33111259e-04 9.14057295e-01
 0.16788807 0.11392405 0.00233178 0.7158561 
 0.00433045 0.05363091 0.07794803 0.86409061

MOTIF SThuman_l3_f_67
letter-probability matrix: alength= 4 w= 9 
 0.18523878 0.36107091 0.17691751 0.27677279
 0.53364689 0.06041968 0.29558611 0.11034732
 0.27026049 0.12879884 0.31150507 0.2894356 
 3.61794501e-04 4.24746744e-01 2.27930535e-02 5.52098408e-01
 0.07163531 0.0260492  0.27821997 0.62409551
 0.07127352 0.27206946 0.57091172 0.0857453 
 2.23950796e-01 3.61794501e-04 7.70622287e-01 5.06512301e-03
 0.32778582 0.29920405 0.14037627 0.23263386
 0.18089725 0.17257598 0.47141823 0.17510854

MOTIF SThuman_l3_f_68
letter-probability matrix: alength= 4 w= 9 
 0.19099849 0.04954614 0.3827534  0.37670197
 0.19402421 0.1327534  0.10816944 0.56505295
 4.09228442e-01 3.78214826e-04 2.70423601e-01 3.19969743e-01
 3.78214826e-04 1.05900151e-02 3.78214826e-04 9.88653555e-01
 4.76550681e-02 3.78214826e-04 1.28214826e-01 8.23751891e-01
 0.00605144 0.03139183 0.01512859 0.94742814
 5.29500756e-02 3.78214826e-04 1.89107413e-02 9.27760968e-01
 3.78214826e-04 5.29500756e-03 1.51285930e-02 9.79198185e-01
 3.78214826e-04 9.07715582e-03 6.20272315e-02 9.28517398e-01

MOTIF SThuman_l3_f_69
letter-probability matrix: alength= 4 w= 9 
 0.06659729 0.21748179 0.08636837 0.62955255
 0.29552549 0.41415193 0.09191814 0.19840444
 0.22199098 0.24349636 0.5119667  0.02254596
 0.52341311 0.26777662 0.01768991 0.19112036
 0.07596254 0.00416233 0.08498092 0.83489421
 4.16233091e-03 3.36455082e-02 3.46860909e-04 9.61845300e-01
 3.46860909e-04 3.46860909e-04 3.05237600e-02 9.68782518e-01
 0.19840444 0.03780784 0.47173084 0.29205689
 0.28720083 0.21089143 0.13076656 0.37114117

MOTIF SThuman_l3_f_70
letter-probability matrix: alength= 4 w= 9 
 0.65269461 0.01197605 0.19161677 0.14371257
 0.16766467 0.00598802 0.11976048 0.70658683
 0.34131737 0.00598802 0.00598802 0.64670659
 0.00598802 0.00598802 0.00598802 0.98203593
 0.00598802 0.00598802 0.34131737 0.64670659
 0.31137725 0.01796407 0.00598802 0.66467066
 0.03592814 0.00598802 0.31137725 0.64670659
 0.22754491 0.08982036 0.03592814 0.64670659
 0.10179641 0.1257485  0.74850299 0.0239521 

MOTIF SThuman_l3_f_71
letter-probability matrix: alength= 4 w= 9 
 0.43526942 0.21658502 0.32260322 0.02554234
 0.4293212  0.15990203 0.39888034 0.01189643
 0.42337299 0.2603219  0.28516445 0.03114066
 0.33310007 0.26102169 0.26242127 0.14345696
 0.20503849 0.10286914 0.05423373 0.63785864
 0.41252624 0.13086074 0.20853744 0.24807558
 0.14275717 0.09727082 0.67844647 0.08152554
 0.01224633 0.36843947 0.35479356 0.26452064
 0.18544437 0.24982505 0.42617215 0.13855843

MOTIF SThuman_l3_f_72
letter-probability matrix: alength= 4 w= 9 
 0.07125545 0.07755696 0.49248667 0.35870092
 0.11827436 0.12263694 0.38923897 0.36984973
 0.25496849 0.24963645 0.22297625 0.27241881
 4.84730974e-04 4.79883665e-02 4.84730974e-04 9.51042172e-01
 0.40814348 0.33785749 0.00824043 0.2457586 
 4.84730974e-04 9.26805623e-01 4.84730974e-04 7.22249152e-02
 2.15705284e-01 5.25933107e-01 2.57876878e-01 4.84730974e-04
 0.83179835 0.04217159 0.07464857 0.05138148
 0.47018905 0.17450315 0.06689287 0.28841493

MOTIF SThuman_l3_f_73
letter-probability matrix: alength= 4 w= 9 
 0.22096956 0.25629463 0.19541526 0.32732056
 0.21533258 0.1311537  0.38143555 0.27207817
 0.86396092 0.00526118 0.06313416 0.06764374
 3.75798572e-04 3.08530628e-01 3.75798572e-03 6.87335588e-01
 1.16497557e-02 3.75798572e-04 9.58662157e-01 2.93122886e-02
 0.24689966 0.36452461 0.00864337 0.37993236
 0.08380308 0.69973694 0.1326569  0.08380308
 0.21984216 0.24539647 0.14956783 0.38519354
 0.52386321 0.18639609 0.17023675 0.11950395

MOTIF SThuman_l3_f_74
letter-probability matrix: alength= 4 w= 9 
 0.0196319  0.41186094 0.34683027 0.22167689
 4.08997955e-04 5.41104294e-01 4.08997955e-04 4.58077710e-01
 0.08466258 0.56114519 0.1194274  0.23476483
 0.04212679 0.74151329 0.09447853 0.12188139
 2.94887526e-01 6.89570552e-01 4.08997955e-04 1.51329243e-02
 4.08997955e-04 6.20449898e-01 7.89366053e-02 3.00204499e-01
 0.00981595 0.53660532 0.45194274 0.00163599
 0.18323108 0.29243354 0.24335378 0.2809816 
 0.16237219 0.26543967 0.33251534 0.2396728 

MOTIF SThuman_l3_f_75
letter-probability matrix: alength= 4 w= 9 
 0.06612184 0.60698366 0.09881129 0.22808321
 0.47771174 0.15453195 0.10624071 0.2615156 
 0.08023774 0.1961367  0.69539376 0.0282318 
 0.00520059 0.92124814 0.00594354 0.06760773
 7.42942051e-04 1.06983655e-01 7.42942051e-04 8.91530461e-01
 7.42942051e-04 3.78900446e-02 9.20505201e-01 4.08618128e-02
 3.93759287e-02 7.47399703e-01 7.42942051e-04 2.12481426e-01
 0.41010401 0.10698366 0.15007429 0.33283804
 0.1731055  0.2013373  0.50074294 0.12481426

MOTIF SThuman_l3_f_76
letter-probability matrix: alength= 4 w= 9 
 0.12342312 0.12001364 0.0869417  0.66962155
 0.21922946 0.03614047 0.039209   0.70542107
 1.33992499e-01 3.75042618e-03 3.40947835e-04 8.61916127e-01
 2.45141493e-01 3.40947835e-04 2.82986703e-01 4.71530856e-01
 4.50051142e-02 8.28503239e-02 3.40947835e-04 8.71803614e-01
 0.09307876 0.20593249 0.14047051 0.56051824
 0.09921582 0.00443232 0.34026594 0.55608592
 0.20593249 0.08966928 0.06375725 0.64064098
 0.05523355 0.04568701 0.1810433  0.71803614

MOTIF SThuman_l3_f_77
letter-probability matrix: alength= 4 w= 9 
 0.25  0.125 0.5   0.125
 0.125 0.5   0.125 0.25 
 0.125 0.5   0.25  0.125
 0.125 0.125 0.125 0.625
 0.625 0.125 0.125 0.125
 0.125 0.125 0.125 0.625
 0.125 0.125 0.625 0.125
 0.125 0.625 0.125 0.125
 0.125 0.125 0.625 0.125

MOTIF SThuman_l3_f_78
letter-probability matrix: alength= 4 w= 9 
 0.26882264 0.1677615  0.12531582 0.43810005
 3.28448711e-02 5.05305710e-04 5.05305710e-04 9.66144517e-01
 6.89236988e-01 5.05305710e-04 2.08691258e-01 1.01566448e-01
 0.50176857 0.05204649 0.42748863 0.01869631
 5.05305710e-04 5.05305710e-04 5.05305710e-04 9.98484083e-01
 7.64527539e-01 5.05305710e-04 2.34461849e-01 5.05305710e-04
 6.39211723e-01 5.05305710e-04 3.59777665e-01 5.05305710e-04
 0.34461849 0.12683173 0.12683173 0.40171804
 0.22334512 0.14653866 0.16371905 0.46639717

MOTIF SThuman_l3_f_79
letter-probability matrix: alength= 4 w= 9 
 0.27497276 0.30148928 0.16454777 0.25899019
 0.86124228 0.0642935  0.04576825 0.02869597
 0.24373411 0.05012713 0.01561932 0.69051943
 0.24264439 0.03378133 0.7228478  0.00072648
 0.68942971 0.0715583  0.06029786 0.17871413
 0.08354522 0.04903741 0.05557574 0.81184163
 0.08463494 0.07845986 0.45840901 0.37849619
 0.17181257 0.18706865 0.33091173 0.31020705
 0.20123502 0.29131856 0.16018888 0.34725754

MOTIF SThuman_l3_f_80
letter-probability matrix: alength= 4 w= 9 
 0.35852197 0.13182423 0.06358189 0.4460719 
 0.43708389 0.07223702 0.02363515 0.46704394
