MEME version 5.3.0

ALPHABET= ACGT

strands: + -

Background letter frequencies
A 0.25 C 0.25 G 0.25 T 0.25

MOTIF SThuman_l3_f_0
letter-probability matrix: alength= 4 w= 9 
 0.27304227 0.08801109 0.12716563 0.51178101
 0.11642412 0.10637561 0.17082467 0.60637561
 0.1036036  0.05613306 0.15627166 0.68399168
 0.08419958 0.02806653 0.07796258 0.80977131
 0.63998614 0.001386   0.23042273 0.12820513
 0.44421344 0.04088704 0.38461538 0.13028413
 0.12543313 0.06756757 0.06375606 0.74324324
 0.78343728 0.05370755 0.1036036  0.05925156
 0.54747055 0.04469854 0.31670132 0.09112959

MOTIF SThuman_l3_f_1
letter-probability matrix: alength= 4 w= 9 
 0.60401722 0.05738881 0.32317073 0.01542324
 0.4713056  0.07604017 0.07352941 0.37912482
 0.3454089  0.16427547 0.45552367 0.03479197
 9.80989957e-01 3.58680057e-04 3.58680057e-04 1.82926829e-02
 0.0035868  0.0017934  0.09684362 0.89777618
 4.04591105e-01 4.03515065e-01 3.58680057e-04 1.91535151e-01
 0.05416069 0.35473458 0.35473458 0.23637016
 0.09791966 0.18830703 0.19655667 0.51721664
 0.20408895 0.16857963 0.16750359 0.45982783

MOTIF SThuman_l3_f_2
letter-probability matrix: alength= 4 w= 9 
 0.34534161 0.18302277 0.25838509 0.21325052
 0.08985507 0.08944099 0.08861284 0.7320911 
 9.73084886e-01 4.55486542e-03 2.19461698e-02 4.14078675e-04
 0.15031056 0.02774327 0.74741201 0.07453416
 0.20828157 0.07204969 0.1184265  0.60124224
 0.77391304 0.03561077 0.18757764 0.00289855
 0.18136646 0.28530021 0.45838509 0.07494824
 0.11428571 0.18095238 0.42857143 0.27619048
 0.31594203 0.23643892 0.15072464 0.29689441

MOTIF SThuman_l3_f_3
letter-probability matrix: alength= 4 w= 9 
 0.36294504 0.19426201 0.24403733 0.19875562
 0.65330107 0.22502592 0.05461459 0.06705842
 0.61354995 0.08641549 0.24472866 0.05530591
 0.32319392 0.25924646 0.23228483 0.1852748 
 0.16695472 0.10231594 0.4313861  0.29934324
 0.41755963 0.04424473 0.53059108 0.00760456
 0.35948842 0.00864155 0.35257518 0.27929485
 0.03110957 0.12512962 0.45558244 0.38817836
 0.05703422 0.12478396 0.64016592 0.1780159 

MOTIF SThuman_l3_f_4
letter-probability matrix: alength= 4 w= 9 
 0.45926435 0.10862839 0.20419388 0.22791337
 0.52389137 0.03746992 0.02921966 0.40941904
 0.29322791 0.17325541 0.06634582 0.46717085
 0.31454108 0.36988656 0.06187693 0.25369543
 0.71914747 0.0367824  0.11515985 0.12891028
 0.06772087 0.02921966 0.11550361 0.78755586
 0.5166724  0.0481265  0.18872465 0.24647645
 0.07493984 0.03059471 0.87074596 0.02371949
 0.30216569 0.09247164 0.41285665 0.19250602

MOTIF SThuman_l3_f_5
letter-probability matrix: alength= 4 w= 9 
 0.29132691 0.19199407 0.14788732 0.3687917 
 0.10859896 0.05040771 0.01445515 0.82653818
 0.551149   0.18050408 0.08895478 0.17939214
 0.29392142 0.14566345 0.45774648 0.10266864
 4.85544848e-02 4.07709414e-03 3.70644922e-04 9.46997776e-01
 8.34321720e-01 2.03854707e-02 1.44922165e-01 3.70644922e-04
 0.69903632 0.00778354 0.28243143 0.0107487 
 0.28724981 0.26686434 0.16456635 0.2813195 
 0.19347665 0.14121572 0.27983692 0.38547072

MOTIF SThuman_l3_f_6
letter-probability matrix: alength= 4 w= 9 
 0.1426025  0.14367201 0.12905526 0.58467023
 0.21960784 0.05276292 0.4912656  0.23636364
 3.56506239e-04 3.66844920e-01 3.56506239e-04 6.32442068e-01
 0.49019608 0.13654189 0.28805704 0.08520499
 0.07950089 0.0745098  0.13440285 0.71158645
 4.80213904e-01 3.56506239e-04 3.56506239e-04 5.19073084e-01
 0.04242424 0.0402852  0.03030303 0.88698752
 8.55614973e-03 3.56506239e-04 4.71657754e-01 5.19429590e-01
 0.32228164 0.13404635 0.12727273 0.41639929

MOTIF SThuman_l3_f_7
letter-probability matrix: alength= 4 w= 9 
 0.57188498 0.20219078 0.16248288 0.06344135
 0.70013692 0.08534916 0.159288   0.05522592
 0.420356   0.1268827  0.15335463 0.29940666
 0.37699681 0.02373346 0.18712916 0.41214058
 0.20766773 0.01323597 0.40985851 0.36923779
 4.51848471e-02 4.56412597e-04 6.90552259e-01 2.63806481e-01
 0.3587403  0.25924236 0.24920128 0.13281607
 0.28662711 0.10816979 0.29027841 0.31492469
 0.1848471  0.33911456 0.22774989 0.24828845

MOTIF SThuman_l3_f_8
letter-probability matrix: alength= 4 w= 9 
 0.44773109 0.13008403 0.28504202 0.13714286
 0.32638655 0.28336134 0.14084034 0.24941176
 0.47798319 0.0712605  0.14789916 0.30285714
 1.96638655e-01 3.36134454e-04 1.74117647e-01 6.28907563e-01
 0.19394958 0.36067227 0.00571429 0.43966387
 0.71428571 0.10957983 0.02319328 0.15294118
 3.36134454e-04 1.92268908e-01 4.35630252e-01 3.71764706e-01
 0.06453782 0.14218487 0.07529412 0.71798319
 0.37512605 0.30386555 0.14689076 0.17411765

MOTIF SThuman_l3_f_9
letter-probability matrix: alength= 4 w= 9 
 0.27318548 0.24966398 0.38608871 0.09106183
 0.59375    0.0453629  0.32426075 0.03662634
 2.00604839e-01 3.36021505e-04 2.87634409e-01 5.11424731e-01
 0.64180108 0.00403226 0.33938172 0.01478495
 0.60047043 0.01579301 0.33232527 0.05141129
 0.06686828 0.08198925 0.11290323 0.73823925
 0.08467742 0.03864247 0.27049731 0.6061828 
 0.52016129 0.32056452 0.04401882 0.11525538
 0.29637097 0.25604839 0.1297043  0.31787634

MOTIF SThuman_l3_f_10
letter-probability matrix: alength= 4 w= 9 
 0.35828877 0.34912147 0.23071047 0.0618793 
 0.12146677 0.61955691 0.22689076 0.03208556
 0.06875477 0.81283422 0.10160428 0.01680672
 0.45836516 0.26737968 0.27349121 0.00076394
 0.12987013 0.3223835  0.289534   0.25821238
 0.03132162 0.59893048 0.28113063 0.08861727
 0.44308633 0.12987013 0.21161192 0.21543163
 0.04965623 0.09090909 0.08174179 0.7776929 
 0.04583652 0.09931245 0.76394194 0.09090909

MOTIF SThuman_l3_f_11
letter-probability matrix: alength= 4 w= 9 
 0.07810894 0.25625214 0.31277835 0.35286057
 0.05241521 0.19664269 0.20554985 0.54539226
 0.21240151 0.01062008 0.76327509 0.01370332
 1.67865707e-02 6.85166153e-04 9.82185680e-01 3.42583076e-04
 0.10003426 0.00479616 0.89379925 0.00137033
 0.36861939 0.08598835 0.41623844 0.12915382
 0.1781432  0.16032888 0.28160329 0.37992463
 0.1599863  0.05275779 0.46728332 0.31997259
 0.23295649 0.24357657 0.19184652 0.33162042

MOTIF SThuman_l3_f_12
letter-probability matrix: alength= 4 w= 9 
 0.3972372  0.10781671 0.21597035 0.27897574
 0.00572776 0.62297844 0.00235849 0.36893531
 0.05795148 0.25707547 0.39892183 0.28605121
 0.00842318 0.125      0.00336927 0.86320755
 1.20283019e-01 3.36927224e-04 8.19070081e-01 6.03099730e-02
 0.01179245 0.29481132 0.47136119 0.22203504
 0.65936658 0.01886792 0.31772237 0.00404313
 0.42419137 0.23989218 0.19642857 0.13948787
 0.27459569 0.2722372  0.32210243 0.13106469

MOTIF SThuman_l3_f_13
letter-probability matrix: alength= 4 w= 9 
 0.61414141 0.17616162 0.09818182 0.11151515
 0.41333333 0.07111111 0.11676768 0.39878788
 0.33818182 0.03393939 0.51838384 0.10949495
 4.04040404e-04 2.07676768e-01 8.08080808e-04 7.91111111e-01
 0.05616162 0.24484848 0.06424242 0.63474747
 0.10424242 0.12565657 0.12686869 0.64323232
 0.67353535 0.07111111 0.06222222 0.19313131
 0.30343434 0.05858586 0.30707071 0.33090909
 0.1010101  0.09333333 0.40565657 0.4       

MOTIF SThuman_l3_f_14
letter-probability matrix: alength= 4 w= 9 
 0.301      0.14633333 0.43033333 0.12233333
 0.17333333 0.37766667 0.102      0.347     
 0.24166667 0.01833333 0.50533333 0.23466667
 0.24866667 0.033      0.42266667 0.29566667
 0.179      0.002      0.81133333 0.00766667
 2.30000000e-02 3.33333333e-04 9.69000000e-01 7.66666667e-03
 0.05866667 0.01333333 0.918      0.01      
 0.208      0.18866667 0.49333333 0.11      
 0.201      0.17066667 0.42833333 0.2       

MOTIF SThuman_l3_f_15
letter-probability matrix: alength= 4 w= 9 
 0.22754491 0.20676294 0.31313843 0.25255372
 0.42092286 0.33532934 0.13032758 0.11342022
 0.45438535 0.29200423 0.23740754 0.01620289
 0.76364917 0.01655513 0.18985558 0.02994012
 6.72772103e-01 3.52236703e-04 3.52236703e-04 3.26523424e-01
 3.52236703e-04 3.52236703e-04 3.26523424e-01 6.72772103e-01
 6.69249736e-02 3.52236703e-04 8.25290595e-01 1.07432194e-01
 0.31842198 0.28777739 0.08277563 0.31102501
 0.21451215 0.19337795 0.32264882 0.26946108

MOTIF SThuman_l3_f_16
letter-probability matrix: alength= 4 w= 9 
 0.59940653 0.04451039 0.08605341 0.27002967
 1.24629080e-01 7.41839763e-04 7.41839763e-04 8.73887240e-01
 0.35830861 0.04376855 0.10163205 0.4962908 
 0.19362018 0.19065282 0.00593472 0.60979228
 0.89169139 0.0111276  0.05341246 0.04376855
 0.41988131 0.04747774 0.26928783 0.26335312
 5.19287834e-03 7.41839763e-04 1.78041543e-02 9.76261128e-01
 0.15652819 0.00074184 0.3189911  0.52373887
 0.31454006 0.07344214 0.1810089  0.4310089 

MOTIF SThuman_l3_f_17
letter-probability matrix: alength= 4 w= 9 
 0.00936455 0.14080268 0.10602007 0.74381271
 0.01672241 0.36220736 0.13177258 0.48929766
 0.47892977 0.02943144 0.21705686 0.27458194
 0.41237458 0.03979933 0.0722408  0.47558528
 3.70568562e-01 3.74581940e-02 3.34448161e-04 5.91638796e-01
 3.34448161e-04 3.34448161e-04 3.39464883e-01 6.59866221e-01
 0.1187291  0.08227425 0.38361204 0.41538462
 0.21538462 0.14615385 0.14180602 0.49665552
 0.28494983 0.12943144 0.10468227 0.48093645

MOTIF SThuman_l3_f_18
letter-probability matrix: alength= 4 w= 9 
 0.30630961 0.29200293 0.1647102  0.23697726
 0.26008804 0.1947909  0.19002201 0.35509905
 0.63462949 0.0619956  0.14306676 0.16030814
 7.77329420e-01 7.33675715e-04 2.05429200e-02 2.01393984e-01
 0.0077036  0.00550257 0.24431401 0.74247982
 0.33492296 0.00660308 0.62802641 0.03044754
 0.42076302 0.07079971 0.17278063 0.33565664
 0.29530448 0.06346295 0.36610418 0.27512839
 0.27659574 0.1192223  0.26228907 0.34189288

MOTIF SThuman_l3_f_19
letter-probability matrix: alength= 4 w= 9 
 0.13181818 0.25545455 0.23181818 0.38090909
 0.00727273 0.67181818 0.16818182 0.15272727
 0.00090909 0.36181818 0.27636364 0.36090909
 0.00090909 0.09818182 0.00090909 0.9       
 0.66454545 0.04363636 0.29090909 0.00090909
 0.30454545 0.00363636 0.63272727 0.05909091
 0.00636364 0.55727273 0.34181818 0.09454545
 0.23909091 0.31818182 0.34636364 0.09636364
 0.09545455 0.27545455 0.27636364 0.35272727

MOTIF SThuman_l3_f_20
letter-probability matrix: alength= 4 w= 9 
 0.27108014 0.2358885  0.26515679 0.22787456
 0.25714286 0.11986063 0.36341463 0.25958188
 0.31567944 0.07351916 0.14041812 0.47038328
 0.77595819 0.00209059 0.14390244 0.07804878
 0.52229965 0.07351916 0.14808362 0.25609756
 0.08327526 0.00766551 0.00522648 0.90383275
 9.57839721e-01 3.48432056e-04 1.88153310e-02 2.29965157e-02
 0.43310105 0.00592334 0.55296167 0.00801394
 0.27317073 0.15609756 0.33902439 0.23170732

MOTIF SThuman_l3_f_21
letter-probability matrix: alength= 4 w= 9 
 0.26231691 0.09420772 0.30858855 0.33488682
 0.01031957 0.18175766 0.3891478  0.41877497
 0.00732357 0.51964048 0.03661784 0.43641811
 0.00299601 0.46271638 0.00732357 0.52696405
 0.01031957 0.51864181 0.03661784 0.43442077
 0.45006658 0.40013316 0.00998668 0.13981358
 0.13448735 0.439747   0.00133156 0.42443409
 0.060253   0.22802929 0.04227696 0.66944075
 0.2120506  0.38215712 0.11418109 0.29161119

MOTIF SThuman_l3_f_22
letter-probability matrix: alength= 4 w= 9 
 0.001321   0.20739762 0.001321   0.78996037
 0.11756935 0.09379128 0.58256275 0.20607662
 0.22060766 0.24438573 0.28929987 0.24570674
 0.84544254 0.0317041  0.00660502 0.11624835
 0.001321   0.001321   0.001321   0.99603699
 0.03698811 0.001321   0.84544254 0.11624835
 0.12021136 0.31043593 0.15455746 0.41479524
 0.09643329 0.18097754 0.04755614 0.67503303
 0.19418758 0.26420079 0.30515192 0.23645971

MOTIF SThuman_l3_f_23
letter-probability matrix: alength= 4 w= 9 
 0.32433345 0.21025987 0.29868377 0.16672292
 0.09348633 0.32534593 0.36078299 0.22038475
 0.26999663 0.06614917 0.61829227 0.04556193
 3.71920351e-01 3.37495781e-04 6.11879852e-01 1.58623017e-02
 3.37495781e-04 2.83496456e-02 5.99392508e-01 3.71920351e-01
 0.00134998 0.11036112 0.84103949 0.04724941
 0.37158286 0.44211947 0.09821127 0.0880864 
 0.09011137 0.24265947 0.28383395 0.38339521
 0.07559906 0.23759703 0.40229497 0.28450894

MOTIF SThuman_l3_f_24
letter-probability matrix: alength= 4 w= 9 
 0.19837508 0.05077861 0.20853081 0.5423155 
 0.20582261 0.1394719  0.58395396 0.07075152
 0.0098172  0.01557211 0.11442112 0.86018957
 0.07413676 0.16249154 0.0182803  0.7450914 
 0.00304672 0.02403521 0.29620853 0.67670955
 0.56973595 0.05450237 0.00440081 0.37136087
 1.53012864e-01 2.23425863e-02 3.38524035e-04 8.24306026e-01
 0.08970887 0.00101557 0.0013541  0.90792146
 0.21868653 0.14488829 0.20785376 0.42857143

MOTIF SThuman_l3_f_25
letter-probability matrix: alength= 4 w= 9 
 0.10985353 0.05459387 0.23268975 0.60286285
 0.18209055 0.02929427 0.01997337 0.76864181
 2.66311585e-03 3.32889481e-04 4.99334221e-03 9.92010652e-01
 3.32889481e-04 3.32889481e-04 6.65778961e-04 9.98668442e-01
 3.32889481e-04 6.65778961e-04 3.32889481e-04 9.98668442e-01
 3.32889481e-04 3.32889481e-04 3.32889481e-04 9.99001332e-01
 6.69107856e-02 3.32889481e-04 3.32889481e-04 9.32423435e-01
 3.32889481e-04 3.32889481e-04 3.82822903e-02 9.61051931e-01
 0.01065246 0.00466045 0.13149134 0.85319574

MOTIF SThuman_l3_f_26
letter-probability matrix: alength= 4 w= 9 
 0.21229818 0.04843696 0.11439368 0.62487118
 0.10133975 0.09240811 0.05393336 0.75231879
 0.14118859 0.09618688 0.07591893 0.6867056 
 3.44211611e-01 3.43524562e-04 3.43524562e-04 6.55101340e-01
 3.43524562e-04 3.43524562e-04 3.43524562e-04 9.98969426e-01
 3.43524562e-04 3.43524562e-04 3.44211611e-01 6.55101340e-01
 0.2335967  0.01751975 0.04465819 0.70422535
 0.20748884 0.00377877 0.16454827 0.62418413
 0.14702851 0.05530745 0.34936448 0.44829955

MOTIF SThuman_l3_f_27
letter-probability matrix: alength= 4 w= 9 
 0.48751687 0.07928475 0.2034413  0.22975709
 0.15418354 0.24595142 0.10661269 0.49325236
 0.02327935 0.00168691 0.25033738 0.72469636
 8.64709852e-01 1.13022942e-01 3.37381916e-04 2.19298246e-02
 1.37989204e-01 3.37381916e-04 8.21524966e-01 4.01484480e-02
 0.27260459 0.08906883 0.31106613 0.32726046
 0.10863698 0.07489879 0.75472335 0.06174089
 0.49763833 0.1791498  0.14676113 0.17645074
 0.26383266 0.16363023 0.14338731 0.4291498 

MOTIF SThuman_l3_f_28
letter-probability matrix: alength= 4 w= 9 
 0.28462051 0.25898802 0.17177097 0.28462051
 0.14513981 0.09387483 0.42909454 0.33189081
 3.32889481e-04 4.69374168e-02 6.87083888e-01 2.65645806e-01
 3.32889481e-04 3.66178429e-03 6.99067909e-03 9.89014647e-01
 1.59786951e-01 3.32889481e-04 8.28561917e-01 1.13182423e-02
 0.92576565 0.03528628 0.03628495 0.00266312
 0.36617843 0.18508655 0.16977364 0.27896138
 0.13182423 0.14713715 0.19207723 0.52896138
 0.1614514  0.2276964  0.23468708 0.37616511

MOTIF SThuman_l3_f_29
letter-probability matrix: alength= 4 w= 9 
 0.11138879 0.1813638  0.08889682 0.61835059
 2.53480900e-02 3.57015352e-04 6.06926098e-03 9.68225634e-01
 0.2024277  0.04391289 0.21456623 0.53909318
 0.14923242 0.08961085 0.21028204 0.55087469
 0.03677258 0.19278829 0.24776865 0.52267047
 3.57015352e-04 5.49803642e-01 3.57015352e-04 4.49482328e-01
 0.09960728 0.02070689 0.22634773 0.65333809
 0.325598   0.09710818 0.00571225 0.57158158
 0.17065334 0.16101392 0.03677258 0.63156016

MOTIF SThuman_l3_f_30
letter-probability matrix: alength= 4 w= 9 
 0.25710853 0.18822587 0.05847016 0.49619543
 0.22587105 0.18702443 0.33880657 0.24829796
 0.8185823  0.01561874 0.10452543 0.06127353
 7.80937125e-02 3.12374850e-02 4.00480577e-04 8.90268322e-01
 0.00160192 0.01161394 0.88305967 0.10372447
 0.0144173  0.12214658 0.42611133 0.43732479
 0.44853825 0.01161394 0.00280336 0.53704445
 0.10572687 0.16179415 0.14056868 0.59191029
 0.24549459 0.16339608 0.22627153 0.36483781

MOTIF SThuman_l3_f_31
letter-probability matrix: alength= 4 w= 9 
 0.05324849 0.07099799 0.25385131 0.62190221
 3.34896182e-04 1.76155392e-01 4.45411922e-02 7.78968520e-01
 0.14735432 0.11788346 0.52377763 0.21098459
 0.08204956 0.05760214 0.21768252 0.64266577
 0.88647019 0.02980576 0.00200938 0.08171467
 1.60080375e-01 3.34896182e-04 3.34896182e-04 8.39249833e-01
 0.19624916 0.11922304 0.29604823 0.38847957
 0.02980576 0.27427997 0.4738781  0.22203617
 0.28466175 0.23308774 0.16409913 0.31815137

MOTIF SThuman_l3_f_32
letter-probability matrix: alength= 4 w= 9 
 0.72043011 0.06174124 0.08810267 0.12972598
 0.43947277 0.00277489 0.02636143 0.53139091
 0.01491502 0.0142213  0.52514742 0.44571627
 0.24661811 0.18765175 0.49011446 0.07561568
 0.24731183 0.09399931 0.20776968 0.45091918
 0.07665626 0.00693722 0.17724592 0.7391606 
 0.44814429 0.06347555 0.22684703 0.26153313
 0.1508845  0.11203607 0.14602844 0.59105099
 0.41727367 0.08463406 0.14186611 0.35622615

MOTIF SThuman_l3_f_33
letter-probability matrix: alength= 4 w= 9 
 0.27821229 0.18808194 0.22234637 0.3113594 
 0.16759777 0.28566108 0.21787709 0.32886406
 0.20819367 0.11471136 0.13780261 0.53929236
 9.84357542e-01 7.44878957e-04 6.70391061e-03 8.19366853e-03
 0.01266294 0.02271881 0.00558659 0.95903166
 0.0141527  0.01675978 0.91769088 0.05139665
 0.30614525 0.16610801 0.11024209 0.41750466
 0.20558659 0.07337058 0.1735568  0.54748603
 0.13184358 0.20744879 0.27597765 0.38472998

MOTIF SThuman_l3_f_34
letter-probability matrix: alength= 4 w= 9 
 0.21204188 0.2582897  0.17888307 0.35078534
 0.85514834 0.01832461 0.0008726  0.12565445
 0.29406632 0.11343805 0.0008726  0.59162304
 0.0008726  0.59685864 0.0008726  0.40139616
 8.72600349e-04 8.72600349e-04 8.72600349e-04 9.97382199e-01
 0.7460733  0.22862129 0.01483421 0.0104712 
 9.34554974e-01 5.84642234e-02 6.10820244e-03 8.72600349e-04
 0.26876091 0.11256545 0.52094241 0.09773124
 0.41361257 0.19109948 0.20331588 0.19197208

MOTIF SThuman_l3_f_35
letter-probability matrix: alength= 4 w= 9 
 0.28237347 0.12705061 0.16788831 0.42268761
 0.12809773 0.08272251 0.07574171 0.71343805
 0.5574171  0.0425829  0.07260035 0.32739965
 0.38045375 0.26038394 0.23246073 0.12670157
 8.72600349e-03 9.77312391e-03 3.49040140e-04 9.81151832e-01
 9.17975567e-01 3.49040140e-04 3.14136126e-03 7.85340314e-02
 6.14659686e-01 3.49040140e-04 3.52879581e-01 3.21116928e-02
 0.19336824 0.15811518 0.0600349  0.58848168
 0.30750436 0.14624782 0.13472949 0.41151832

MOTIF SThuman_l3_f_36
letter-probability matrix: alength= 4 w= 9 
 0.55034895 0.08075773 0.24127617 0.12761715
 0.00099701 0.02991027 0.14057827 0.82851446
 0.16749751 0.00099701 0.83050847 0.00099701
 0.19142572 0.12163509 0.63908275 0.04785643
 0.03888335 0.77467597 0.14656032 0.03988036
 0.00697906 0.14356929 0.77168495 0.0777667 
 0.01694915 0.13659023 0.7996012  0.04685942
 0.02492522 0.45762712 0.50348953 0.01395813
 0.18644068 0.26919242 0.42971087 0.11465603

MOTIF SThuman_l3_f_37
letter-probability matrix: alength= 4 w= 9 
 0.02618328 0.37932192 0.03021148 0.56428332
 0.36488755 0.00906344 0.39241356 0.23363545
 0.15777106 0.12588117 0.44578718 0.27056059
 8.73111782e-01 3.35683115e-04 3.35683115e-04 1.26216851e-01
 0.0198053  0.08627056 0.3380329  0.55589124
 0.51225243 0.46156428 0.02551192 0.00067137
 0.00067137 0.06143001 0.30547163 0.63242699
 0.38435717 0.09566969 0.0278617  0.49211145
 0.2883518  0.15172877 0.10439745 0.45552199

MOTIF SThuman_l3_f_38
letter-probability matrix: alength= 4 w= 9 
 0.4099115  0.33911504 0.21734513 0.03362832
 0.7759292  0.15575221 0.0580531  0.01026549
 0.24035398 0.25628319 0.33522124 0.16814159
 0.37026549 0.20353982 0.36920354 0.05699115
 0.34902655 0.21911504 0.16106195 0.27079646
 0.28672566 0.26336283 0.20672566 0.24318584
 0.1440708  0.01840708 0.48955752 0.3479646 
 0.09486726 0.14159292 0.63823009 0.12530973
 0.19185841 0.19433628 0.51964602 0.09415929

MOTIF SThuman_l3_f_39
letter-probability matrix: alength= 4 w= 9 
 0.11918506 0.2295416  0.24889643 0.40237691
 0.00237691 0.12529711 0.0655348  0.80679117
 0.24584041 0.03259762 0.14363328 0.57792869
 3.39558574e-04 2.21392190e-01 3.39558574e-04 7.77928693e-01
 0.15687606 0.09202037 0.53820034 0.21290323
 0.09541596 0.05942275 0.04516129 0.8       
 0.59219015 0.00747029 0.13412564 0.26621392
 0.18336163 0.17996604 0.16774194 0.46893039
 0.2237691  0.11443124 0.4336163  0.22818336

MOTIF SThuman_l3_f_40
letter-probability matrix: alength= 4 w= 9 
 0.37148014 0.19458484 0.16498195 0.26895307
 0.26859206 0.17111913 0.24296029 0.31732852
 8.48736462e-01 3.61010830e-04 1.28880866e-01 2.20216606e-02
 3.61010830e-04 6.67870036e-02 5.84837545e-02 8.74368231e-01
 1.08303249e-02 4.87364621e-02 9.40072202e-01 3.61010830e-04
 0.16209386 0.03212996 0.50541516 0.30036101
 0.42057762 0.24259928 0.2133574  0.1234657 
 0.06931408 0.33249097 0.35198556 0.24620939
 0.266787   0.21913357 0.24043321 0.27364621

MOTIF SThuman_l3_f_41
letter-probability matrix: alength= 4 w= 9 
 0.00619408 0.17928424 0.04301445 0.77150723
 0.04267034 0.38644184 0.08121129 0.48967653
 0.09359945 0.25533379 0.2487956  0.40227116
 0.64487268 0.0705437  0.28079835 0.00378527
 0.04886442 0.23193393 0.29215416 0.42704749
 0.27288369 0.03234687 0.64693737 0.04783207
 0.10598761 0.02959394 0.34342739 0.52099105
 0.55024088 0.0880936  0.12422574 0.23743978
 0.21094288 0.19924295 0.1476256  0.44218858

MOTIF SThuman_l3_f_42
letter-probability matrix: alength= 4 w= 9 
 0.00210379 0.01542777 0.02103787 0.96143058
 0.34361851 0.01192146 0.62973352 0.01472651
 9.04628331e-01 7.01262272e-04 9.39691445e-02 7.01262272e-04
 0.51262272 0.24123422 0.07784011 0.16830295
 0.07784011 0.02244039 0.11430575 0.78541374
 0.04207574 0.18653576 0.0687237  0.7026648 
 0.01051893 0.128331   0.10869565 0.75245442
 0.40673212 0.13814867 0.38779804 0.06732118
 0.36956522 0.08064516 0.3457223  0.20406732

MOTIF SThuman_l3_f_43
letter-probability matrix: alength= 4 w= 9 
 0.34161074 0.12550336 0.36409396 0.16879195
 0.1409396  0.05167785 0.14362416 0.66375839
 0.05604027 0.05973154 0.15       0.73422819
 3.35570470e-04 3.35570470e-04 2.43288591e-01 7.56040268e-01
 3.35570470e-04 1.14429530e-01 1.63758389e-01 7.21476510e-01
 3.35570470e-04 3.35570470e-04 3.35570470e-04 9.98993289e-01
 7.31543624e-02 3.35570470e-04 2.80872483e-01 6.45637584e-01
 2.31543624e-01 3.35570470e-04 2.12751678e-01 5.55369128e-01
 0.11342282 0.17885906 0.33255034 0.37516779

MOTIF SThuman_l3_f_44
letter-probability matrix: alength= 4 w= 9 
 0.12683089 0.06458056 0.18774967 0.62083888
 0.59054594 0.02197071 0.01964048 0.36784288
 0.0063249  0.02696405 0.38548602 0.58122503
 0.25865513 0.04627164 0.45539281 0.23968043
 0.53828229 0.00765646 0.0063249  0.44773635
 0.22902796 0.07822903 0.0316245  0.66111851
 0.36817577 0.14314248 0.11218375 0.376498  
 0.54460719 0.26797603 0.16611185 0.02130493
 0.24766977 0.09054594 0.11651132 0.54527297

MOTIF SThuman_l3_f_45
letter-probability matrix: alength= 4 w= 9 
 0.51782946 0.18294574 0.17093023 0.12829457
 0.41550388 0.08255814 0.16434109 0.3375969 
 8.65891473e-01 3.87596899e-04 2.63565891e-02 1.07364341e-01
 0.00658915 0.01395349 0.11317829 0.86627907
 0.13294574 0.00426357 0.86124031 0.00155039
 0.34806202 0.00697674 0.26550388 0.37945736
 0.10271318 0.24883721 0.38062016 0.26782946
 0.13255814 0.19224806 0.35775194 0.31744186
 0.21976744 0.19379845 0.3003876  0.28604651

MOTIF SThuman_l3_f_46
letter-probability matrix: alength= 4 w= 9 
 0.21357217 0.19841543 0.26799862 0.32001378
 0.02549087 0.31691354 0.1508784  0.50671719
 0.25766449 0.23320703 0.49844988 0.01067861
 1.13675508e-02 3.44471237e-04 4.13365484e-03 9.84154323e-01
 6.52428522e-01 3.44471237e-04 3.43437823e-01 3.78918360e-03
 0.94281777 0.00172236 0.05167069 0.00378918
 0.28728901 0.23768515 0.0730279  0.40199793
 0.22356183 0.17671374 0.24526352 0.3544609 
 0.4274888  0.16603514 0.25766449 0.14881157

MOTIF SThuman_l3_f_47
letter-probability matrix: alength= 4 w= 9 
 0.02030626 0.03761651 0.2816245  0.66045273
 3.32889481e-04 2.49667111e-02 3.32889481e-04 9.74367510e-01
 3.32889481e-04 8.32223702e-03 3.37549933e-01 6.53794940e-01
 3.32889481e-04 6.42476698e-02 5.45938748e-02 8.80825566e-01
 0.04494008 0.01065246 0.42243675 0.52197071
 3.32889481e-04 1.53129161e-01 1.59786951e-02 8.30559254e-01
 5.72569907e-02 3.32889481e-04 4.42743009e-02 8.98135819e-01
 0.04593875 0.07123835 0.02563249 0.85719041
 0.07856192 0.07090546 0.02396804 0.82656458

MOTIF SThuman_l3_f_48
letter-probability matrix: alength= 4 w= 9 
 0.29916898 0.25207756 0.21883657 0.2299169 
 0.03047091 0.28254848 0.64542936 0.04155125
 0.81717452 0.03601108 0.11911357 0.02770083
 0.00277008 0.00277008 0.28254848 0.71191136
 0.26315789 0.00277008 0.00277008 0.73130194
 0.00277008 0.00277008 0.00277008 0.99168975
 0.00277008 0.00277008 0.00277008 0.99168975
 0.05817175 0.00277008 0.93628809 0.00277008
 0.29085873 0.14127424 0.23545706 0.33240997

MOTIF SThuman_l3_f_49
letter-probability matrix: alength= 4 w= 9 
 0.31014493 0.06376812 0.48985507 0.13623188
 0.04057971 0.42898551 0.09275362 0.43768116
 0.02898551 0.22608696 0.42028986 0.32463768
 0.02318841 0.46376812 0.15072464 0.36231884
 0.01449275 0.4        0.09565217 0.48985507
 0.00289855 0.00289855 0.06956522 0.92463768
 0.00289855 0.02608696 0.0057971  0.96521739
 0.13913043 0.82608696 0.02898551 0.0057971 
 0.24637681 0.06376812 0.66376812 0.02608696

MOTIF SThuman_l3_f_50
letter-probability matrix: alength= 4 w= 9 
 9.37709310e-03 2.47823175e-02 6.69792364e-04 9.65170797e-01
 1.54052244e-02 6.69792364e-04 6.69792364e-04 9.83255191e-01
 6.69792364e-04 6.69792364e-04 6.69792364e-04 9.97990623e-01
 6.69792364e-04 9.57803081e-02 3.34896182e-03 9.00200938e-01
 0.00133958 0.01875419 0.00200938 0.97789685
 7.83657066e-02 6.69792364e-04 6.69792364e-04 9.20294709e-01
 6.69792364e-04 6.69792364e-04 6.69792364e-04 9.97990623e-01
 6.69792364e-04 6.69792364e-04 7.83657066e-02 9.20294709e-01
 0.01674481 0.01339585 0.00200938 0.96784997

MOTIF SThuman_l3_f_51
letter-probability matrix: alength= 4 w= 9 
 0.01973929 0.40297952 0.16126629 0.4160149 
 0.03165736 0.12104283 0.49795158 0.34934823
 0.26405959 0.0264432  0.67411546 0.03538175
 4.06331471e-01 5.92923650e-01 3.72439479e-04 3.72439479e-04
 0.07337058 0.02346369 0.60744879 0.29571695
 0.14860335 0.04171322 0.2461825  0.56350093
 0.02271881 0.20670391 0.07932961 0.69124767
 0.00074488 0.16722533 0.63054004 0.20148976
 0.09757914 0.21713222 0.31024209 0.37504655

MOTIF SThuman_l3_f_52
letter-probability matrix: alength= 4 w= 9 
 0.27136182 0.28304406 0.2670227  0.17857143
 0.28170895 0.10781041 0.09145527 0.51902537
 0.01869159 0.03271028 0.4552737  0.49332443
 3.33778371e-04 6.67556742e-04 3.33778371e-04 9.98664887e-01
 1.58210948e-01 3.33778371e-04 8.41121495e-01 3.33778371e-04
 9.76635514e-01 3.33778371e-04 1.96929239e-02 3.33778371e-03
 0.53805073 0.18891856 0.15687583 0.11615487
 0.29706275 0.12049399 0.28004005 0.3024032 
 0.24299065 0.11515354 0.26301736 0.37883845

MOTIF SThuman_l3_f_53
letter-probability matrix: alength= 4 w= 9 
 0.11215933 0.13277428 0.10587002 0.64919637
 0.19426974 0.06813417 0.09468903 0.64290706
 0.07127883 0.08455625 0.25366876 0.59049616
 0.09678546 0.4479385  0.00244584 0.45283019
 0.14430468 0.05101328 0.70719776 0.09748428
 3.49406010e-04 3.49406010e-04 9.67854647e-02 9.02515723e-01
 2.00209644e-01 2.51572327e-02 3.49406010e-04 7.74283718e-01
 0.01118099 0.06778477 0.59014675 0.33088749
 0.15618449 0.12159329 0.25611461 0.46610762

MOTIF SThuman_l3_f_55
letter-probability matrix: alength= 4 w= 9 
 0.06363636 0.02916667 0.04962121 0.85757576
 0.01174242 0.01022727 0.22613636 0.75189394
 0.03939394 0.00719697 0.16477273 0.78863636
 3.78787879e-04 6.59090909e-02 6.43939394e-03 9.27272727e-01
 0.05871212 0.01136364 0.0905303  0.83939394
 0.01628788 0.06742424 0.15757576 0.75871212
 4.01515152e-01 4.58333333e-02 3.78787879e-04 5.52272727e-01
 3.78787879e-04 3.78787879e-04 1.78030303e-02 9.81439394e-01
 0.01439394 0.01818182 0.21931818 0.74810606

MOTIF SThuman_l3_f_56
letter-probability matrix: alength= 4 w= 9 
 0.36760125 0.24210058 0.26168224 0.12861593
 0.21940365 0.17935024 0.55585225 0.04539386
 0.42901647 0.24076547 0.32977303 0.00044504
 8.86960392e-01 4.45037828e-02 6.80907877e-02 4.45037828e-04
 9.19448153e-01 4.45037828e-04 7.96617713e-02 4.45037828e-04
 0.73386738 0.13395639 0.01513129 0.11704495
 0.541166   0.38317757 0.0623053  0.01335113
 0.66889186 0.01824655 0.01869159 0.29417   
 0.03115265 0.08144192 0.13796173 0.7494437 

MOTIF SThuman_l3_f_57
letter-probability matrix: alength= 4 w= 9 
 0.10230548 0.25936599 0.54755043 0.0907781 
 0.38616715 0.45244957 0.04899135 0.11239193
 0.01008646 0.07348703 0.8443804  0.07204611
 0.03458213 0.58069164 0.3832853  0.00144092
 0.00144092 0.97262248 0.00144092 0.02449568
 0.00144092 0.91930836 0.07348703 0.00576369
 0.00144092 0.98559078 0.01152738 0.00144092
 0.02017291 0.64697406 0.14697406 0.18587896
 0.1167147  0.77665706 0.06340058 0.04322767

MOTIF SThuman_l3_f_58
letter-probability matrix: alength= 4 w= 9 
 0.00391459 0.17117438 0.13096085 0.69395018
 0.0024911  0.32064057 0.1227758  0.55409253
 0.14697509 0.01209964 0.47224199 0.36868327
 0.46263345 0.03558719 0.13736655 0.36441281
 3.87900356e-01 3.55871886e-04 1.95373665e-01 4.16370107e-01
 0.08434164 0.07793594 0.19501779 0.64270463
 0.06654804 0.15017794 0.39928826 0.38398577
 0.06654804 0.22633452 0.02953737 0.67758007
 0.09466192 0.21814947 0.36085409 0.32633452

MOTIF SThuman_l3_f_59
letter-probability matrix: alength= 4 w= 9 
 0.36906377 0.16316147 0.421981   0.04579376
 0.17469471 0.35922659 0.44097693 0.02510176
 0.21743555 0.32259159 0.1770692  0.28290366
 0.45420624 0.00101764 0.52679783 0.01797829
 0.05393487 0.02645862 0.55902307 0.36058345
 0.02035278 0.09090909 0.8436228  0.04511533
 1.96404342e-01 3.39213026e-04 8.02917232e-01 3.39213026e-04
 0.02204885 0.28527815 0.46302578 0.22964722
 0.05359566 0.29206242 0.55563094 0.09871099

MOTIF SThuman_l3_f_60
letter-probability matrix: alength= 4 w= 9 
 0.60145682 0.04370447 0.31425598 0.04058273
 0.30315643 0.20326049 0.07075963 0.42282345
 0.30280957 0.15469997 0.17169615 0.37079431
 9.98959417e-01 3.46860909e-04 3.46860909e-04 3.46860909e-04
 3.46860909e-04 3.46860909e-04 3.46860909e-04 9.98959417e-01
 3.46860909e-04 2.08116545e-03 9.87859868e-01 9.71210545e-03
 0.28546653 0.24696497 0.2448838  0.2226847 
 0.11966701 0.17551162 0.25598335 0.44883802
 0.17204301 0.17828651 0.27956989 0.37010059

MOTIF SThuman_l3_f_61
letter-probability matrix: alength= 4 w= 9 
 0.02929427 0.04727031 0.05259654 0.87083888
 0.09454061 0.01331558 0.44806924 0.44407457
 0.0982024  0.01231691 0.10652463 0.78295606
 0.34653795 0.05858855 0.40046605 0.19440746
 0.0189747  0.02396804 0.12383489 0.83322237
 4.00466045e-01 5.09320905e-02 3.32889481e-04 5.48268975e-01
 8.82157124e-02 2.29693742e-02 3.32889481e-04 8.88482024e-01
 0.03928096 0.20805593 0.00366178 0.74900133
 0.39280959 0.31391478 0.2659787  0.02729694

MOTIF SThuman_l3_f_62
letter-probability matrix: alength= 4 w= 9 
 0.03954424 0.06668901 0.14678284 0.74698391
 3.35120643e-04 3.63605898e-01 2.64745308e-02 6.09584450e-01
 0.40482574 0.019437   0.22352547 0.3522118 
 0.16621984 0.06199732 0.32607239 0.44571046
 3.13672922e-01 3.35120643e-04 3.35120643e-04 6.85656836e-01
 0.21514745 0.00670241 0.1266756  0.65147453
 0.19135389 0.00234584 0.32741287 0.4788874 
 0.37198391 0.09651475 0.03016086 0.50134048
 0.18096515 0.12567024 0.17995979 0.51340483

MOTIF SThuman_l3_f_63
letter-probability matrix: alength= 4 w= 9 
 0.06477733 0.09615385 0.09008097 0.74898785
 0.01012146 0.06376518 0.07995951 0.84615385
 0.74291498 0.04453441 0.02327935 0.18927126
 0.2257085  0.04048583 0.00101215 0.73279352
 0.11336032 0.00404858 0.00101215 0.88157895
 0.00101215 0.00101215 0.34919028 0.64878543
 0.01417004 0.04554656 0.00303644 0.93724696
 0.31983806 0.01012146 0.55566802 0.11437247
 0.01315789 0.04959514 0.01315789 0.92408907

MOTIF SThuman_l3_f_64
letter-probability matrix: alength= 4 w= 9 
 0.03580034 0.52771084 0.08502582 0.35146299
 6.11015491e-01 4.13080895e-03 3.84509466e-01 3.44234079e-04
 0.18726334 0.08364888 0.4475043  0.28158348
 0.28881239 0.64234079 0.03614458 0.03270224
 4.44061962e-02 3.44234079e-04 6.66437177e-01 2.88812392e-01
 0.05197935 0.18519793 0.71841652 0.0444062 
 0.00413081 0.64475043 0.16592083 0.18519793
 0.16729776 0.2313253  0.41273666 0.18864028
 0.10636833 0.34870912 0.27607573 0.26884682

MOTIF SThuman_l3_f_65
letter-probability matrix: alength= 4 w= 9 
 0.7886969  0.05399568 0.09359251 0.0637149 
 4.31965443e-03 4.10367171e-02 3.59971202e-04 9.54283657e-01
 0.16198704 0.00791937 0.82865371 0.00143988
 0.54139669 0.04535637 0.40028798 0.01295896
 0.28653708 0.38516919 0.15190785 0.17638589
 0.25917927 0.22606192 0.39308855 0.12167027
 0.25989921 0.16018719 0.22930166 0.35061195
 0.187545   0.16198704 0.36357091 0.28689705
 0.33297336 0.18142549 0.28977682 0.19582433

MOTIF SThuman_l3_f_66
letter-probability matrix: alength= 4 w= 9 
 0.21150855 0.23250389 0.32892691 0.22706065
 0.36702955 0.18856921 0.05404355 0.3903577 
 0.29976672 0.41485226 0.04432348 0.24105754
 0.03693624 0.27604977 0.26905132 0.41796267
 9.70062208e-01 3.88802488e-04 2.91601866e-02 3.88802488e-04
 4.66562986e-02 1.94401244e-03 3.88802488e-04 9.51010886e-01
 3.88802488e-04 3.92690513e-02 9.51010886e-01 9.33125972e-03
 0.35419907 0.18390358 0.25       0.21189736
 0.19440124 0.27410575 0.16562986 0.36586314

MOTIF SThuman_l3_f_67
letter-probability matrix: alength= 4 w= 9 
 0.20778761 0.23858407 0.17699115 0.37663717
 0.36814159 0.10973451 0.34123894 0.18088496
 0.48389381 0.05522124 0.16884956 0.2920354 
 0.06761062 0.09097345 0.15256637 0.68884956
 0.0739823  0.08318584 0.62088496 0.2219469 
 0.84353982 0.03716814 0.08176991 0.03752212
 0.12106195 0.05699115 0.16       0.6619469 
 0.08743363 0.05132743 0.70017699 0.16106195
 0.35964602 0.24070796 0.18973451 0.2099115 

MOTIF SThuman_l3_f_68
letter-probability matrix: alength= 4 w= 9 
 0.1529688  0.24287152 0.38309292 0.22106676
 0.19892653 0.78530694 0.00369004 0.01207648
 0.09896008 0.05300235 0.61791345 0.23012412
 0.05132506 0.06172425 0.7601476  0.12680309
 0.28413284 0.60986246 0.04998323 0.05602147
 0.08118081 0.01039919 0.50016773 0.40825226
 0.17678631 0.06440792 0.43575981 0.32304596
 0.0741362  0.51224421 0.06205971 0.35155988
 0.07715532 0.16135525 0.61623616 0.14525327

MOTIF SThuman_l3_f_69
letter-probability matrix: alength= 4 w= 9 
 0.4040404  0.1976912  0.22414622 0.17412217
 0.02645503 0.01058201 0.003848   0.95911496
 9.97594998e-01 4.81000481e-04 1.44300144e-03 4.81000481e-04
 9.37469937e-01 4.81000481e-04 6.15680616e-02 4.81000481e-04
 0.30639731 0.06108706 0.04232804 0.59018759
 0.04280904 0.30784031 0.24675325 0.4025974 
 0.06830207 0.23424723 0.25108225 0.44636845
 0.2005772  0.12794613 0.23809524 0.43338143
 0.39105339 0.15921116 0.22558923 0.22414622

MOTIF SThuman_l3_f_70
letter-probability matrix: alength= 4 w= 9 
 0.15545939 0.17376831 0.3608522  0.30992011
 6.65778961e-04 6.19174434e-02 3.32889481e-04 9.37083888e-01
 0.03761651 0.18142477 0.27197071 0.50898802
 0.1328229  0.1201731  0.21171771 0.53528628
 2.70972037e-01 3.32889481e-04 6.90079893e-01 3.86151798e-02
 3.32889481e-04 4.66045273e-03 6.80758988e-01 3.14247670e-01
 0.36418109 0.09354194 0.50366178 0.03861518
 0.22536618 0.23635153 0.29161119 0.24667111
 0.33022636 0.34021305 0.1551265  0.17443409

MOTIF SThuman_l3_f_71
letter-probability matrix: alength= 4 w= 9 
 0.25561313 0.26632124 0.16511226 0.31295337
 0.2148532  0.0835924  0.31088083 0.39067358
 0.04697755 0.38756477 0.00379965 0.56165803
 0.0328152  0.38894646 0.35302245 0.22521589
 0.09879102 0.43626943 0.13989637 0.32504318
 0.16960276 0.40863558 0.41830743 0.00345423
 5.14680484e-02 8.38341969e-01 3.45423143e-04 1.09844560e-01
 0.4224525  0.53126079 0.03696028 0.00932642
 0.23316062 0.56234888 0.05837651 0.14611399

MOTIF SThuman_l3_f_72
letter-probability matrix: alength= 4 w= 9 
 0.30160692 0.49196539 0.00618047 0.20024722
 0.28059333 0.0815822  0.62299135 0.01483313
 0.00123609 0.00123609 0.96538937 0.03213844
 0.00123609 0.20889988 0.00123609 0.78862794
 0.05191595 0.10506799 0.83807169 0.00494438
 0.00370828 0.32385661 0.00370828 0.66872682
 0.29419036 0.01854141 0.50556242 0.18170581
 0.00618047 0.4907293  0.11124845 0.39184178
 0.15080346 0.32509271 0.44746601 0.07663782

MOTIF SThuman_l3_f_73
letter-probability matrix: alength= 4 w= 9 
 0.26198515 0.14753545 0.21607022 0.37440918
 0.27042539 0.09756921 0.14821067 0.48379473
 1.68804862e-03 3.37609723e-04 2.67386901e-01 7.30587441e-01
 0.65124916 0.24780554 0.07494936 0.02599595
 2.15395003e-01 1.06684673e-01 6.77582714e-01 3.37609723e-04
 0.38284943 0.01586766 0.541526   0.05975692
 0.4409183  0.07900068 0.27143822 0.20864281
 0.26603646 0.1249156  0.27110061 0.33794733
 0.43281567 0.11647535 0.13403106 0.31667792

MOTIF SThuman_l3_f_74
letter-probability matrix: alength= 4 w= 9 
 0.19081391 0.13238771 0.27220534 0.40459304
 3.37723742e-04 3.37723742e-04 3.37723742e-04 9.98986829e-01
 3.37723742e-04 3.37723742e-04 9.98986829e-01 3.37723742e-04
 0.07700101 0.00472813 0.30901722 0.60925363
 0.10199257 0.01722391 0.13542722 0.7453563 
 4.05268490e-02 1.36440392e-01 3.37723742e-04 8.22695035e-01
 0.29753462 0.0128335  0.55825735 0.13137454
 0.1806822  0.10604525 0.08004053 0.63323202
 0.25329281 0.08713273 0.08645728 0.57311719

MOTIF SThuman_l3_f_75
letter-probability matrix: alength= 4 w= 9 
 0.50501672 0.05016722 0.18963211 0.25518395
 0.12073579 0.06287625 0.0090301  0.80735786
 0.00702341 0.07157191 0.04548495 0.87591973
 0.49531773 0.00434783 0.21906355 0.2812709 
 2.40133779e-01 4.34782609e-03 3.34448161e-04 7.55183946e-01
 2.34113712e-02 5.01672241e-03 3.34448161e-04 9.71237458e-01
 0.06254181 0.03645485 0.85752508 0.04347826
 0.0006689  0.33277592 0.0451505  0.62140468
 0.20869565 0.1361204  0.2548495  0.40033445

MOTIF SThuman_l3_f_76
letter-probability matrix: alength= 4 w= 9 
 0.25803311 0.06621227 0.13631938 0.53943525
 0.406037   0.00097371 0.59201558 0.00097371
 0.21032132 0.00584226 0.75851996 0.02531646
 0.34274586 0.08081792 0.29795521 0.27848101
 0.25511198 0.48685492 0.20642648 0.05160662
 0.00778968 0.01752678 0.41090555 0.56377799
 0.24440117 0.35053554 0.35443038 0.05063291
 0.09542356 0.48685492 0.31742941 0.10029211
 0.36416748 0.24050633 0.15384615 0.24148004

MOTIF SThuman_l3_f_77
letter-probability matrix: alength= 4 w= 9 
 0.43381843 0.09286209 0.16528067 0.30803881
 0.4015939  0.21483021 0.05024255 0.33333333
 0.15835066 0.11746362 0.12058212 0.6036036 
 6.53153153e-01 3.46500347e-04 3.46500347e-04 3.46153846e-01
 3.46500347e-04 3.46500347e-04 3.46500347e-04 9.98960499e-01
 3.46500347e-04 3.46500347e-04 6.53153153e-01 3.46153846e-01
 1.27858628e-01 3.46500347e-04 4.84753985e-01 3.87040887e-01
 0.16077616 0.1985447  0.13894664 0.5017325 
 0.13513514 0.12785863 0.25675676 0.48024948

MOTIF SThuman_l3_f_78
letter-probability matrix: alength= 4 w= 9 
 0.23066577 0.36348352 0.27740417 0.12844654
 0.06489576 0.63887021 0.27908541 0.01714862
 0.23839946 0.11533289 0.61365165 0.03261601
 0.2394082  0.34465367 0.34868863 0.0672495 
 0.08473436 0.533961   0.14761264 0.233692  
 0.21687962 0.39441829 0.35205111 0.03665098
 0.59078682 0.2599193  0.02017485 0.12911903
 0.0070612  0.19670477 0.41526564 0.38096839
 0.0403497  0.24277068 0.65870881 0.05817081

MOTIF SThuman_l3_f_79
letter-probability matrix: alength= 4 w= 9 
 0.22703063 0.02263648 0.34687084 0.40346205
 3.32889481e-04 2.46338216e-02 3.32889481e-04 9.74700399e-01
 0.00432756 0.08521971 0.00965379 0.90079893
 0.01697736 0.06624501 0.02796272 0.88881491
 0.09287617 0.06691079 0.02629827 0.81391478
 0.0063249  0.07223702 0.00832224 0.91311585
 0.01664447 0.22703063 0.09087883 0.66544607
 0.09320905 0.22536618 0.03029294 0.65113182
 0.35885486 0.13748336 0.05625832 0.44740346

MOTIF SThuman_l3_f_80
letter-probability matrix: alength= 4 w= 9 
 0.4096161  0.07379799 0.48527767 0.03130824
 0.33432725 0.1721953  0.32799105 0.1654864 
 0.06820723 0.29146478 0.50838613 0.13194186
 3.98434588e-01 6.52254939e-02 5.35967201e-01 3.72717108e-04
 0.06149832 0.62541931 0.00857249 0.30450988
 0.00633619 0.58255684 0.32202758 0.08907939
 0.11703317 0.57398435 0.29519195 0.01379053
 0.05553485 0.59746552 0.16325009 0.18374953
 0.11889676 0.40812523 0.37830786 0.09467015

MOTIF SThuman_l3_f_81
letter-probability matrix: alength= 4 w= 9 
 0.42048323 0.12657771 0.15109989 0.30183916
 0.62062748 0.00973675 0.13415074 0.23548503
