MEME version 5.3.0

ALPHABET= ACGT

strands: + -

Background letter frequencies
A 0.25 C 0.25 G 0.25 T 0.25

MOTIF SThuman_l3_f_0
letter-probability matrix: alength= 4 w= 9 
 0.14491064 0.36013986 0.21328671 0.28166278
 0.17016317 0.2956488  0.18414918 0.35003885
 0.3982129  0.0998446  0.37373737 0.12820513
 0.01126651 0.502331   0.01087801 0.47552448
 7.45920746e-01 3.88500389e-04 1.98912199e-01 5.47785548e-02
 3.88500389e-04 3.88500389e-04 8.49650350e-01 1.49572650e-01
 0.00582751 0.03379953 0.32090132 0.63947164
 0.16122766 0.10606061 0.52097902 0.21173271
 0.21756022 0.14413364 0.23931624 0.3989899 

MOTIF SThuman_l3_f_1
letter-probability matrix: alength= 4 w= 9 
 0.55525606 0.04081633 0.2941856  0.10974201
 0.31728918 0.1509434  0.0993454  0.43242203
 0.33769734 0.11859838 0.2941856  0.24951868
 0.85791298 0.1012707  0.00308048 0.03773585
 5.46399692e-01 3.85059684e-04 3.85059684e-04 4.52830189e-01
 0.43011167 0.01925298 0.4690027  0.08163265
 0.12822487 0.0935695  0.29187524 0.48633038
 0.25144397 0.25452445 0.0296496  0.46438198
 0.10088564 0.10088564 0.37235271 0.42587601

MOTIF SThuman_l3_f_2
letter-probability matrix: alength= 4 w= 9 
 0.0625 0.125  0.0625 0.75  
 0.0625 0.1875 0.0625 0.6875
 0.0625 0.0625 0.375  0.5   
 0.0625 0.0625 0.0625 0.8125
 0.8125 0.0625 0.0625 0.0625
 0.0625 0.1875 0.0625 0.6875
 0.8125 0.0625 0.0625 0.0625
 0.0625 0.0625 0.0625 0.8125
 0.0625 0.0625 0.8125 0.0625

MOTIF SThuman_l3_f_3
letter-probability matrix: alength= 4 w= 9 
 0.19333097 0.28307911 0.23341611 0.29017382
 0.21816247 0.25044342 0.39694927 0.13444484
 0.13018801 0.23802767 0.02731465 0.60446967
 0.80418588 0.07094714 0.05285562 0.07201135
 4.78893225e-02 1.67435261e-01 3.54735722e-04 7.84320681e-01
 1.07130188e-01 3.54735722e-04 7.39623980e-01 1.52891096e-01
 0.56544874 0.25895708 0.05356509 0.12202909
 0.3763746  0.28095069 0.09826179 0.24441291
 0.32103583 0.31358638 0.16140475 0.20397304

MOTIF SThuman_l3_f_4
letter-probability matrix: alength= 4 w= 9 
 0.31101957 0.03810505 0.01750772 0.63336766
 0.34912461 0.00789564 0.0212839  0.62169585
 5.32097494e-02 3.43288706e-04 4.32543769e-02 9.03192585e-01
 0.00343289 0.0638517  0.0789564  0.85375901
 3.43288706e-04 3.43288706e-04 3.43288706e-04 9.98970134e-01
 2.67421902e-01 3.43288706e-04 2.05629935e-01 5.26604875e-01
 4.66529351e-01 3.43288706e-04 6.52248541e-03 5.26604875e-01
 0.14864401 0.01544799 0.13903193 0.69687607
 0.1733608  0.03776176 0.05217988 0.73669756

MOTIF SThuman_l3_f_5
letter-probability matrix: alength= 4 w= 9 
 0.37195994 0.36194564 0.08834049 0.17775393
 0.58726753 0.11981402 0.12160229 0.17131617
 0.42453505 0.10622318 0.16309013 0.30615165
 0.45207439 0.14914163 0.26180258 0.1369814 
 6.13018598e-01 3.57653791e-04 7.86838340e-03 3.78755365e-01
 7.86838340e-03 3.57653791e-04 3.78755365e-01 6.13018598e-01
 0.03683834 0.00786838 0.63376252 0.32153076
 0.30937053 0.1369814  0.23390558 0.31974249
 0.22567954 0.14341917 0.21888412 0.41201717

MOTIF SThuman_l3_f_6
letter-probability matrix: alength= 4 w= 9 
 0.48558952 0.10043668 0.30305677 0.11091703
 0.21310044 0.29170306 0.30218341 0.1930131 
 0.87161572 0.00611354 0.11353712 0.00873362
 0.23318777 0.02882096 0.00087336 0.7371179 
 0.00087336 0.00611354 0.73886463 0.25414847
 0.35633188 0.39126638 0.19650655 0.0558952 
 0.18515284 0.06812227 0.3930131  0.35371179
 0.07248908 0.30043668 0.54497817 0.08209607
 0.11091703 0.17379913 0.47772926 0.23755459

MOTIF SThuman_l3_f_7
letter-probability matrix: alength= 4 w= 9 
 0.17823229 0.32249817 0.15120526 0.34806428
 0.06866326 0.34623813 0.05332359 0.53177502
 0.81994156 0.00657414 0.0376187  0.1358656 
 0.29766253 0.02885318 0.00292184 0.67056245
 0.10482104 0.00913075 0.08363769 0.80241052
 0.3155588  0.21037253 0.03871439 0.43535427
 2.53104456e-01 1.35135135e-02 7.33016801e-01 3.65230095e-04
 0.20416362 0.04821037 0.4138057  0.33382031
 0.50292184 0.06610665 0.1953981  0.23557341

MOTIF SThuman_l3_f_8
letter-probability matrix: alength= 4 w= 9 
 0.01283547 0.13418903 0.59276546 0.26021004
 0.00116686 0.00116686 0.00116686 0.99649942
 0.34072345 0.00116686 0.65694282 0.00116686
 0.73978996 0.00116686 0.25787631 0.00116686
 0.42590432 0.02800467 0.46324387 0.08284714
 0.43407235 0.3033839  0.06884481 0.19369895
 0.23220537 0.03733956 0.32672112 0.40373396
 0.30105018 0.19486581 0.15869312 0.3453909 
 0.20886814 0.08518086 0.13418903 0.57176196

MOTIF SThuman_l3_f_9
letter-probability matrix: alength= 4 w= 9 
 0.23600746 0.27145522 0.24626866 0.24626866
 0.15578358 0.51026119 0.1744403  0.15951493
 0.51865672 0.00093284 0.47947761 0.00093284
 0.03731343 0.21268657 0.23320896 0.51679104
 0.03731343 0.26958955 0.39365672 0.2994403 
 0.6875     0.00093284 0.31063433 0.00093284
 0.00093284 0.06436567 0.24720149 0.6875    
 0.00279851 0.09514925 0.88992537 0.01212687
 0.06902985 0.22481343 0.43656716 0.26958955

MOTIF SThuman_l3_f_10
letter-probability matrix: alength= 4 w= 9 
 0.28409091 0.34420821 0.25256598 0.1191349 
 0.56524927 0.1851173  0.21517595 0.03445748
 5.13196481e-03 7.77126100e-02 3.66568915e-04 9.16788856e-01
 1.42961877e-02 7.36803519e-02 9.11656891e-01 3.66568915e-04
 0.25843109 0.05095308 0.67741935 0.01319648
 0.08504399 0.54765396 0.05791789 0.30938416
 0.07844575 0.39699413 0.46407625 0.06048387
 0.12829912 0.2888563  0.19868035 0.38416422
 0.24853372 0.33431085 0.19758065 0.21957478

MOTIF SThuman_l3_f_11
letter-probability matrix: alength= 4 w= 9 
 0.08988016 0.44707057 0.35885486 0.10419441
 3.32889481e-04 5.74900133e-01 4.16777630e-01 7.98934754e-03
 3.32889481e-04 3.09587217e-02 9.68375499e-01 3.32889481e-04
 3.32889481e-04 6.65113182e-01 3.34221039e-01 3.32889481e-04
 3.32889481e-04 9.58721704e-01 3.86151798e-02 2.33022636e-03
 3.32889481e-04 9.57723036e-01 2.96271638e-02 1.23169108e-02
 0.05725699 0.55159787 0.31524634 0.0758988 
 0.10552597 0.34454061 0.4683755  0.08155792
 0.09587217 0.1994008  0.5822237  0.12250333

MOTIF SThuman_l3_f_12
letter-probability matrix: alength= 4 w= 9 
 0.10852197 0.01930759 0.05093209 0.82123835
 0.03295606 0.01398136 0.23701731 0.71604527
 0.00166445 0.07523302 0.0223036  0.90079893
 0.03661784 0.05292943 0.00266312 0.90778961
 0.13881491 0.04660453 0.01331558 0.80126498
 4.62383489e-01 4.72370173e-01 3.32889481e-04 6.49134487e-02
 0.26298269 0.06857523 0.10186418 0.5665779 
 0.06391478 0.15679095 0.25798935 0.52130493
 0.29560586 0.08122503 0.30925433 0.31391478

MOTIF SThuman_l3_f_13
letter-probability matrix: alength= 4 w= 9 
 0.00271003 0.12737127 0.00271003 0.86720867
 0.05149051 0.00271003 0.02168022 0.92411924
 0.00271003 0.14363144 0.00271003 0.85094851
 0.91327913 0.00271003 0.00271003 0.08130081
 0.23306233 0.00271003 0.00271003 0.76151762
 0.08943089 0.05149051 0.00271003 0.85636856
 0.00271003 0.86449864 0.1300813  0.00271003
 0.2303523  0.26558266 0.38482385 0.11924119
 0.66124661 0.08943089 0.2303523  0.01897019

MOTIF SThuman_l3_f_14
letter-probability matrix: alength= 4 w= 9 
 0.35540541 0.06587838 0.09493243 0.48378378
 0.20574324 0.03445946 0.03783784 0.72195946
 0.14864865 0.08243243 0.06790541 0.70101351
 0.28986486 0.02533784 0.02466216 0.66013514
 6.68918919e-02 3.37837838e-04 1.28716216e-01 8.04054054e-01
 0.09628378 0.00608108 0.28108108 0.61655405
 1.20608108e-01 3.37837838e-04 1.01351351e-01 7.77702703e-01
 0.02094595 0.01621622 0.22871622 0.73412162
 0.08006757 0.05844595 0.16418919 0.6972973 

MOTIF SThuman_l3_f_15
letter-probability matrix: alength= 4 w= 9 
 0.002002   0.01601602 0.00266934 0.97931265
 0.00667334 0.00166834 0.02435769 0.96730063
 0.03903904 0.004004   0.003003   0.95395395
 4.5378712e-02 3.3366700e-04 1.0010010e-03 9.5328662e-01
 1.00100100e-03 3.33667000e-04 3.33667000e-04 9.98331665e-01
 3.33667000e-04 3.33667000e-04 4.53787120e-02 9.53953954e-01
 1.86853520e-02 6.67334001e-04 1.36803470e-02 9.66966967e-01
 3.16983650e-02 3.33667000e-04 3.84384384e-01 5.83583584e-01
 0.12412412 0.00567234 0.15682349 0.71338005

MOTIF SThuman_l3_f_16
letter-probability matrix: alength= 4 w= 9 
 0.25255537 0.14821124 0.17844974 0.42078365
 0.07197615 0.11413969 0.06984668 0.74403748
 0.45059625 0.0907155  0.16354344 0.2951448 
 4.25894378e-04 4.25894378e-04 4.25894378e-04 9.98722317e-01
 9.98722317e-01 4.25894378e-04 4.25894378e-04 4.25894378e-04
 3.64139693e-01 4.25894378e-04 6.35008518e-01 4.25894378e-04
 0.16141397 0.22402044 0.0681431  0.54642249
 0.27683135 0.09454855 0.21805792 0.41056218
 0.26149915 0.14352641 0.17674617 0.41822828

MOTIF SThuman_l3_f_17
letter-probability matrix: alength= 4 w= 9 
 0.17679325 0.12827004 0.27383966 0.42109705
 0.2021097  0.10590717 0.64472574 0.04725738
 0.73459916 0.007173   0.18734177 0.07088608
 0.35527426 0.04219409 0.16751055 0.4350211 
 0.38734177 0.10126582 0.07172996 0.43966245
 0.51687764 0.22109705 0.06371308 0.19831224
 1.54852321e-01 4.21940928e-04 1.26582278e-03 8.43459916e-01
 0.74050633 0.13670886 0.05780591 0.0649789 
 0.47594937 0.08649789 0.3835443  0.05400844

MOTIF SThuman_l3_f_18
letter-probability matrix: alength= 4 w= 9 
 0.23834887 0.1677763  0.24933422 0.34454061
 8.35552597e-01 3.32889481e-04 1.63781625e-01 3.32889481e-04
 0.14747004 0.02929427 0.05892144 0.76431425
 3.32889481e-04 7.29027963e-02 8.28561917e-01 9.82023968e-02
 0.37150466 0.12117177 0.2659787  0.24134487
 0.05226365 0.13448735 0.10019973 0.71304927
 0.06857523 0.07356858 0.43308921 0.42476698
 0.14447403 0.03695073 0.2689747  0.54960053
 0.16611185 0.20772304 0.23968043 0.38648469

MOTIF SThuman_l3_f_19
letter-probability matrix: alength= 4 w= 9 
 0.11111111 0.17901235 0.03703704 0.67283951
 0.01234568 0.00617284 0.00617284 0.97530864
 0.88271605 0.00617284 0.10493827 0.00617284
 0.20987654 0.01851852 0.01851852 0.75308642
 0.04320988 0.94444444 0.00617284 0.00617284
 0.01851852 0.61111111 0.00617284 0.36419753
 0.00617284 0.00617284 0.79012346 0.19753086
 0.00617284 0.2037037  0.11111111 0.67901235
 0.34567901 0.08641975 0.2962963  0.27160494

MOTIF SThuman_l3_f_20
letter-probability matrix: alength= 4 w= 9 
 0.33953304 0.28175702 0.23981005 0.13889988
 0.63909774 0.05461021 0.28175702 0.02453502
 0.0273051  0.29996043 0.56509695 0.10763751
 3.95726157e-04 9.86149584e-01 2.77008310e-03 1.06846063e-02
 0.28808864 0.16660071 0.25128611 0.29402454
 0.18163831 0.05421448 0.24139296 0.52275425
 0.16818362 0.15354175 0.18124258 0.49703205
 0.07637515 0.19074001 0.12504947 0.60783538
 0.12148793 0.18084685 0.18796992 0.50969529

MOTIF SThuman_l3_f_21
letter-probability matrix: alength= 4 w= 9 
 0.08444593 0.29138852 0.11748999 0.50667557
 0.04606142 0.2052737  0.12249666 0.62616822
 3.93858478e-01 3.33778371e-04 5.93457944e-01 1.23497997e-02
 0.02169559 0.0076769  0.96562083 0.00500668
 0.21895861 0.01835781 0.75634179 0.00634179
 0.33110814 0.07977303 0.13851802 0.4506008 
 0.0493992  0.33110814 0.03805073 0.58144192
 0.12249666 0.50100134 0.02202937 0.35447263
 0.24198932 0.33711615 0.123498   0.29739653

MOTIF SThuman_l3_f_22
letter-probability matrix: alength= 4 w= 9 
 0.13896366 0.13156124 0.1295424  0.59993271
 0.03196501 0.0935397  0.05652759 0.8179677 
 0.39703903 0.19380888 0.11843876 0.29071332
 0.006393   0.01884253 0.13189771 0.84286676
 3.36473755e-04 3.36473755e-04 5.28263795e-02 9.46500673e-01
 0.24663526 0.00100942 0.54508748 0.20726783
 0.02153432 0.0077389  0.00471063 0.96601615
 0.01211306 0.02254374 0.15309556 0.81224764
 0.15208614 0.09084791 0.43371467 0.32335128

MOTIF SThuman_l3_f_23
letter-probability matrix: alength= 4 w= 9 
 0.23169108 0.16577896 0.3482024  0.25432756
 3.32889481e-04 8.75499334e-02 3.32889481e-04 9.11784288e-01
 0.060253   0.4557257  0.05725699 0.42676431
 0.11850866 0.71537949 0.05359521 0.11251664
 0.5126498  0.33721704 0.09387483 0.05625832
 0.21138482 0.29960053 0.15679095 0.3322237 
 3.32889481e-04 4.55392810e-01 4.12117177e-01 1.32157124e-01
 0.20039947 0.33189081 0.13581891 0.33189081
 0.12916112 0.22303595 0.38115846 0.26664447

MOTIF SThuman_l3_f_24
letter-probability matrix: alength= 4 w= 9 
 0.24859111 0.26487163 0.18659987 0.29993738
 0.43268629 0.12961803 0.15153413 0.28616155
 0.20976832 0.323732   0.03819662 0.42830307
 0.74326863 0.05948654 0.01127113 0.1859737 
 9.98121478e-01 6.26174076e-04 6.26174076e-04 6.26174076e-04
 1.12085160e-01 6.26174076e-04 6.26174076e-04 8.86662492e-01
 6.26174076e-04 6.26174076e-04 8.07764559e-01 1.90983093e-01
 0.42830307 0.09705698 0.1352536  0.33938635
 0.18722605 0.15028178 0.2730119  0.38948028

MOTIF SThuman_l3_f_25
letter-probability matrix: alength= 4 w= 9 
 0.17942743 0.16411451 0.09387483 0.56258322
 4.70039947e-01 3.32889481e-04 1.09853529e-02 5.18641811e-01
 0.05426099 0.20206391 0.02929427 0.71438083
 3.32889481e-04 3.33222370e-01 4.24434088e-01 2.42010652e-01
 0.04360852 0.38249001 0.09420772 0.47969374
 0.02396804 0.20406125 0.5223036  0.24966711
 0.00499334 0.34320905 0.04394141 0.60785619
 0.06924101 0.34553928 0.01631158 0.56890812
 0.09387483 0.16677763 0.1011984  0.63814913

MOTIF SThuman_l3_f_26
letter-probability matrix: alength= 4 w= 9 
 0.05230432 0.0544989  0.02633504 0.86686174
 0.16569129 0.03401609 0.03255304 0.76773958
 2.03365033e-01 3.65764448e-04 1.46305779e-03 7.94806145e-01
 3.65764448e-04 3.65764448e-04 1.46305779e-03 9.97805413e-01
 1.46305779e-03 3.65764448e-04 2.03365033e-01 7.94806145e-01
 1.56912948e-01 3.65764448e-04 4.97439649e-02 7.92977323e-01
 0.09765911 0.0102414  0.00475494 0.88734455
 9.50987564e-02 3.65764448e-04 1.08632041e-01 7.95903438e-01
 0.20190198 0.03255304 0.13752743 0.62801756

MOTIF SThuman_l3_f_27
letter-probability matrix: alength= 4 w= 9 
 0.12561061 0.20830426 0.02547104 0.6406141 
 0.16643405 0.04919749 0.27285415 0.51151431
 0.45987439 0.05792045 0.40997906 0.0722261 
 5.60013957e-01 3.48918353e-04 1.02930914e-01 3.36706211e-01
 0.06140963 0.00279135 0.35310537 0.58269365
 0.21144452 0.10327983 0.54221912 0.14305652
 0.29064899 0.33775297 0.26552687 0.10607118
 0.40614096 0.09769714 0.23272854 0.26343336
 0.20062805 0.25785066 0.15073273 0.39078856

MOTIF SThuman_l3_f_28
letter-probability matrix: alength= 4 w= 9 
 0.11185087 0.15279627 0.10319574 0.63215712
 0.06557923 0.05292943 0.3292277  0.55226365
 0.84620506 0.02030626 0.06225033 0.07123835
 0.11517976 0.02796272 0.38748336 0.46937417
 4.48069241e-01 3.32889481e-04 2.30692410e-01 3.20905459e-01
 0.50998668 0.12050599 0.30359521 0.06591212
 0.27330226 0.00166445 0.57956059 0.1454727 
 0.4873502  0.1994008  0.09886818 0.21438083
 0.31524634 0.17842876 0.26098535 0.24533955

MOTIF SThuman_l3_f_29
letter-probability matrix: alength= 4 w= 9 
 0.30456682 0.25319006 0.15916723 0.28307589
 0.35829416 0.21591672 0.09301545 0.33277367
 9.58361316e-01 3.35795836e-04 4.09670920e-02 3.35795836e-04
 0.01074547 0.01309604 0.0077233  0.96843519
 0.00940228 0.00671592 0.9674278  0.016454  
 0.30758899 0.00302216 0.35661518 0.33277367
 0.28811283 0.15446608 0.15547347 0.40194762
 0.19811954 0.12558764 0.35258563 0.32370719
 0.25621222 0.20047011 0.24781733 0.29550034

MOTIF SThuman_l3_f_30
letter-probability matrix: alength= 4 w= 9 
 0.33298898 0.28512397 0.16701102 0.21487603
 0.23450413 0.3546832  0.14152893 0.26928375
 0.18663912 0.08230028 0.30027548 0.43078512
 7.98898072e-01 3.44352617e-04 1.79063361e-01 2.16942149e-02
 3.44352617e-04 3.44352617e-04 2.00068871e-01 7.99242424e-01
 0.02272727 0.00688705 0.9672865  0.00309917
 0.12844353 0.0792011  0.54201102 0.25034435
 0.05853994 0.21625344 0.4869146  0.23829201
 0.08402204 0.18078512 0.4018595  0.33333333

MOTIF SThuman_l3_f_31
letter-probability matrix: alength= 4 w= 9 
 0.34839204 0.15543645 0.43721286 0.05895865
 0.26033691 0.17457887 0.36485452 0.20022971
 0.20941807 0.00803982 0.71094946 0.07159265
 1.31699847e-01 7.27411945e-03 8.60643185e-01 3.82848392e-04
 3.82848392e-04 6.12557427e-03 9.39509954e-01 5.39816233e-02
 3.82848392e-04 7.58039816e-02 9.08499234e-01 1.53139357e-02
 0.18453292 0.00995406 0.58001531 0.2254977 
 0.05283308 0.18453292 0.42304747 0.33958652
 0.23392037 0.29364472 0.23621746 0.23621746

MOTIF SThuman_l3_f_32
letter-probability matrix: alength= 4 w= 9 
 0.24149408 0.29215976 0.21856509 0.24778107
 0.02773669 0.34800296 0.40273669 0.22152367
 0.3602071  0.10983728 0.1579142  0.37204142
 3.69822485e-04 3.69822485e-04 8.94600592e-01 1.04659763e-01
 3.69822485e-04 3.69822485e-04 1.25739645e-02 9.86686391e-01
 6.71227811e-01 3.69822485e-04 3.28032544e-01 3.69822485e-04
 5.19970414e-01 3.69822485e-04 3.69082840e-01 1.10576923e-01
 0.18823964 0.21412722 0.28809172 0.30954142
 0.25739645 0.26183432 0.24260355 0.23816568

MOTIF SThuman_l3_f_33
letter-probability matrix: alength= 4 w= 9 
 0.39480692 0.22037284 0.24766977 0.13715047
 0.10019973 0.28029294 0.43641811 0.18308921
 0.94107856 0.00599201 0.04294274 0.00998668
 0.01531292 0.00732357 0.02363515 0.95372836
 3.32889481e-04 2.79627164e-02 9.46737683e-01 2.49667111e-02
 0.13182423 0.26065246 0.44840213 0.15912117
 0.29527297 0.34587217 0.24700399 0.11185087
 0.34553928 0.19806924 0.40778961 0.04860186
 0.30925433 0.22836218 0.28095872 0.18142477

MOTIF SThuman_l3_f_34
letter-probability matrix: alength= 4 w= 9 
 0.20199931 0.28369528 0.24026198 0.27404343
 0.38883144 0.2330231  0.19855222 0.17959324
 0.17614616 0.17959324 0.11237504 0.53188556
 0.86349535 0.08962427 0.00172354 0.04515684
 2.58531541e-02 3.44708721e-04 3.44708721e-04 9.73457428e-01
 0.01413306 0.0041365  0.92450879 0.05722165
 0.21923475 0.08514305 0.61771803 0.07790417
 0.17097553 0.13650465 0.34160634 0.35091348
 0.28162703 0.18855567 0.30679076 0.22302654

MOTIF SThuman_l3_f_35
letter-probability matrix: alength= 4 w= 9 
 0.18838623 0.04996624 0.19885213 0.56279541
 3.37609723e-04 1.21877110e-01 5.50303849e-02 8.22754895e-01
 0.02228224 0.0347738  0.06853477 0.87440918
 3.37609723e-04 1.85685348e-02 8.30519919e-01 1.50573937e-01
 0.14078325 0.15665091 0.05165429 0.65091155
 2.36326806e-03 6.41458474e-03 3.37609723e-04 9.90884537e-01
 1.00945307e-01 3.37609723e-04 3.37609723e-04 8.98379473e-01
 0.16171506 0.0243079  0.00168805 0.81228899
 3.37609723e-04 2.36326806e-03 1.00945307e-01 8.96353815e-01

MOTIF SThuman_l3_f_36
letter-probability matrix: alength= 4 w= 9 
 0.05254179 0.23575571 0.17366087 0.53804162
 0.1835551  0.06925964 0.0402593  0.70692596
 5.44865234e-01 6.14124872e-03 4.48652337e-01 3.41180484e-04
 3.97134084e-01 8.63186626e-02 3.41180484e-04 5.16206073e-01
 0.12794268 0.06516547 0.02831798 0.77857387
 0.1258956  0.00614125 0.01774139 0.85022177
 0.00750597 0.01432958 0.0576595  0.92050495
 0.00887069 0.00238826 0.93108154 0.0576595 
 0.19242579 0.02149437 0.22006141 0.56601842

MOTIF SThuman_l3_f_37
letter-probability matrix: alength= 4 w= 9 
 0.28702446 0.13722826 0.43817935 0.13756793
 3.39673913e-04 1.56589674e-01 1.15149457e-01 7.27921196e-01
 0.08831522 0.03158967 0.67459239 0.20550272
 0.0234375  0.38383152 0.48845109 0.10427989
 0.16576087 0.21671196 0.43444293 0.18308424
 3.39673913e-04 6.31793478e-01 2.03125000e-01 1.64741848e-01
 0.01834239 0.63077446 0.3451087  0.00577446
 0.10733696 0.50985054 0.36379076 0.01902174
 0.14504076 0.6263587  0.09918478 0.12941576

MOTIF SThuman_l3_f_38
letter-probability matrix: alength= 4 w= 9 
 0.44464676 0.20757465 0.31828114 0.02949745
 0.82774945 0.06955572 0.07392571 0.02876912
 0.22032047 0.26474873 0.16642389 0.34850692
 0.40604516 0.14675892 0.32774945 0.11944647
 0.45484341 0.01310998 0.17225055 0.35979607
 0.08339403 0.04879825 0.38346686 0.48434086
 0.00182083 0.05717407 0.70211216 0.23889294
 0.13328478 0.24071377 0.28441369 0.34158776
 0.17844137 0.31172615 0.33758194 0.17225055

MOTIF SThuman_l3_f_39
letter-probability matrix: alength= 4 w= 9 
 0.20384615 0.17307692 0.10664336 0.51643357
 0.3548951  0.11783217 0.27867133 0.2486014 
 0.58146853 0.02867133 0.26258741 0.12727273
 2.44755245e-03 3.49650350e-04 1.39860140e-03 9.95804196e-01
 2.43006993e-01 3.49650350e-04 7.53146853e-01 3.49650350e-03
 8.28321678e-01 3.49650350e-04 1.69580420e-01 1.74825175e-03
 0.26958042 0.21328671 0.31433566 0.2027972 
 0.47167832 0.08391608 0.19475524 0.24965035
 0.39475524 0.19265734 0.22097902 0.19160839

MOTIF SThuman_l3_f_40
letter-probability matrix: alength= 4 w= 9 
 0.25033289 0.02829561 0.16644474 0.55492676
 0.00266312 0.03994674 0.1328229  0.82456724
 2.16378162e-02 2.06391478e-02 3.32889481e-04 9.57390146e-01
 3.32889481e-04 3.32889481e-04 7.51664447e-01 2.47669774e-01
 3.32889481e-04 4.66045273e-03 3.32889481e-04 9.94673768e-01
 3.32889481e-04 1.03195739e-02 7.32356858e-03 9.82023968e-01
 0.0189747  0.2912783  0.62882823 0.06091877
 3.32889481e-04 6.12516644e-02 2.10053262e-01 7.28362184e-01
 0.06458056 0.08388815 0.14480692 0.70672437

MOTIF SThuman_l3_f_41
letter-probability matrix: alength= 4 w= 9 
 0.28295042 0.2140266  0.09068924 0.41233374
 0.14933495 0.1668682  0.01451028 0.66928658
 0.36577993 0.01451028 0.16928658 0.45042322
 9.98186215e-01 6.04594921e-04 6.04594921e-04 6.04594921e-04
 0.09613059 0.09673519 0.0471584  0.75997582
 6.04594921e-04 2.79927449e-01 6.04594921e-04 7.18863362e-01
 0.06952842 0.12696493 0.76602177 0.03748489
 0.22551391 0.20616687 0.06650544 0.50181378
 0.85126965 0.02781137 0.0598549  0.06106409

MOTIF SThuman_l3_f_42
letter-probability matrix: alength= 4 w= 9 
 0.25050201 0.17218876 0.13052209 0.44678715
 0.05120482 0.14508032 0.59638554 0.20732932
 0.39608434 0.24046185 0.07078313 0.29267068
 5.02008032e-04 5.26104418e-01 2.20883534e-01 2.52510040e-01
 0.30371486 0.39558233 0.27409639 0.02660643
 5.02008032e-04 1.08433735e-01 7.37951807e-02 8.17269076e-01
 0.00100402 0.02359438 0.00200803 0.97339357
 0.02761044 0.02208835 0.42419679 0.52610442
 0.15210843 0.07178715 0.21937751 0.55672691

MOTIF SThuman_l3_f_43
letter-probability matrix: alength= 4 w= 9 
 0.68108108 0.01891892 0.29662162 0.00337838
 0.36756757 0.15506757 0.18648649 0.29087838
 0.17837838 0.12162162 0.5847973  0.1152027 
 0.52398649 0.00337838 0.32837838 0.14425676
 0.1875     0.07331081 0.18817568 0.55101351
 0.03412162 0.01486486 0.6        0.35101351
 0.11351351 0.30067568 0.49560811 0.0902027 
 0.23412162 0.33783784 0.32905405 0.09898649
 0.11182432 0.29256757 0.30472973 0.29087838

MOTIF SThuman_l3_f_44
letter-probability matrix: alength= 4 w= 9 
 0.21774194 0.20564516 0.41532258 0.16129032
 0.10483871 0.04032258 0.30645161 0.5483871 
 0.69758065 0.00403226 0.29435484 0.00403226
 0.00403226 0.23790323 0.70967742 0.0483871 
 0.00403226 0.00403226 0.00403226 0.98790323
 0.00403226 0.00403226 0.98790323 0.00403226
 0.90725806 0.08467742 0.00403226 0.00403226
 0.85887097 0.08870968 0.0483871  0.00403226
 0.04435484 0.18548387 0.21774194 0.55241935

MOTIF SThuman_l3_f_45
letter-probability matrix: alength= 4 w= 9 
 0.07579462 0.16625917 0.0195599  0.73838631
 0.40831296 0.26161369 0.19559902 0.13447433
 0.86308068 0.00244499 0.13202934 0.00244499
 0.05623472 0.16625917 0.02444988 0.75305623
 0.00244499 0.01222494 0.22249389 0.76283619
 0.82396088 0.05867971 0.11491443 0.00244499
 0.11491443 0.00244499 0.00244499 0.8801956 
 0.09290954 0.02689487 0.83129584 0.04889976
 0.21760391 0.12713936 0.27628362 0.37897311

MOTIF SThuman_l3_f_46
letter-probability matrix: alength= 4 w= 9 
 0.23132184 0.36494253 0.20977011 0.19396552
 0.45402299 0.05316092 0.17241379 0.3204023 
 0.62068966 0.20258621 0.00431034 0.17241379
 0.00143678 0.72270115 0.24856322 0.02729885
 0.99568966 0.00143678 0.00143678 0.00143678
 0.00143678 0.00143678 0.00143678 0.99568966
 0.00143678 0.00143678 0.99568966 0.00143678
 0.26436782 0.00143678 0.69827586 0.03591954
 0.1408046  0.43103448 0.21264368 0.21551724

MOTIF SThuman_l3_f_47
letter-probability matrix: alength= 4 w= 9 
 0.26797603 0.04993342 0.13648469 0.54560586
 0.12583222 0.00965379 0.02330226 0.84121172
 2.38348868e-01 3.32889481e-04 3.32889481e-04 7.60985353e-01
 3.32889481e-04 3.32889481e-04 3.32889481e-04 9.99001332e-01
 3.32889481e-04 3.32889481e-04 2.38348868e-01 7.60985353e-01
 1.81757656e-01 1.99733688e-03 3.32889481e-04 8.15912117e-01
 0.03029294 0.02296937 0.04460719 0.90213049
 0.01664447 0.01364847 0.12250333 0.84720373
 0.08788282 0.04094541 0.07822903 0.79294274

MOTIF SThuman_l3_f_48
letter-probability matrix: alength= 4 w= 9 
 0.11703651 0.12491052 0.02899069 0.72906228
 1.00930565e-01 8.80458125e-02 3.57909807e-04 8.10665712e-01
 0.04617037 0.12705798 0.03829635 0.7884753 
 0.07551897 0.13636364 0.10272011 0.68539728
 3.36077309e-01 3.57909807e-04 3.57909807e-04 6.63206872e-01
 3.57909807e-04 3.57909807e-04 5.72655691e-03 9.93557623e-01
 3.57909807e-04 3.57909807e-04 3.41445956e-01 6.57838225e-01
 0.10522548 0.08267717 0.14030064 0.67179671
 0.14817466 0.11202577 0.16642806 0.57337151

MOTIF SThuman_l3_f_49
letter-probability matrix: alength= 4 w= 9 
 0.21265723 0.22759434 0.35927673 0.2004717 
 0.57193396 0.09316038 0.10377358 0.23113208
 0.0086478  0.05227987 0.19889937 0.74017296
 4.16666667e-02 5.77830189e-02 9.00157233e-01 3.93081761e-04
 3.93081761e-04 6.54481132e-01 2.29952830e-01 1.15172956e-01
 0.03970126 0.24095912 0.02358491 0.69575472
 0.01965409 0.69536164 0.16823899 0.11674528
 0.3211478  0.19261006 0.06328616 0.42295597
 0.32311321 0.15290881 0.44850629 0.0754717 

MOTIF SThuman_l3_f_50
letter-probability matrix: alength= 4 w= 9 
 0.03220161 0.29856493 0.03360168 0.63563178
 0.24536227 0.02380119 0.72033602 0.01050053
 0.36296815 0.1260063  0.02415121 0.48687434
 0.7679384  0.00105005 0.08155408 0.14945747
 0.09275464 0.03780189 0.10675534 0.76268813
 0.22366118 0.30311516 0.22261113 0.25061253
 0.08785439 0.1519076  0.19915996 0.56107805
 0.22296115 0.05705285 0.42842142 0.29156458
 0.51907595 0.13825691 0.14070704 0.2019601 

MOTIF SThuman_l3_f_51
letter-probability matrix: alength= 4 w= 9 
 0.75479744 0.039801   0.18585643 0.01954513
 0.32338308 0.2050462  0.07178394 0.39978678
 0.44705046 0.17803838 0.31130064 0.06361052
 0.87526652 0.00639659 0.1108742  0.00746269
 0.0554371  0.0931059  0.01457001 0.83688699
 0.00959488 0.09239517 0.78997868 0.10803127
 0.31130064 0.1840796  0.37775409 0.12686567
 0.15138593 0.2583511  0.12082445 0.46943852
 0.20717839 0.17697228 0.39765458 0.21819474

MOTIF SThuman_l3_f_52
letter-probability matrix: alength= 4 w= 9 
 0.00127551 0.34311224 0.19770408 0.45790816
 0.00127551 0.03571429 0.59566327 0.36734694
 0.10459184 0.00127551 0.53954082 0.35459184
 0.4247449  0.27168367 0.00127551 0.30229592
 0.36989796 0.10586735 0.52295918 0.00127551
 0.00127551 0.07780612 0.91964286 0.00127551
 0.01530612 0.67602041 0.30739796 0.00127551
 0.14285714 0.30357143 0.34056122 0.2130102 
 0.23086735 0.26785714 0.40943878 0.09183673

MOTIF SThuman_l3_f_53
letter-probability matrix: alength= 4 w= 9 
 0.30753836 0.17078052 0.32555037 0.19613075
 0.54569713 0.08038692 0.21247498 0.16144096
 6.63775851e-02 3.33555704e-04 4.66644430e-01 4.66644430e-01
 0.20280187 0.09239493 0.55203469 0.15276851
 0.02468312 0.3275517  0.55937292 0.08839226
 0.03669113 0.21781187 0.06771181 0.67778519
 0.27284857 0.18378919 0.09706471 0.44629753
 0.07638426 0.30787191 0.45430287 0.16144096
 0.22548366 0.16244163 0.32955304 0.28252168

MOTIF SThuman_l3_f_54
letter-probability matrix: alength= 4 w= 9 
 0.05187416 0.11981258 0.17771084 0.65060241
 2.77777778e-02 1.11780455e-01 3.34672021e-04 8.60107095e-01
 9.71887550e-01 3.34672021e-04 5.02008032e-03 2.27576975e-02
 0.09069612 0.01639893 0.00568942 0.88721553
 4.14993307e-02 1.14457831e-01 3.34672021e-04 8.43708166e-01
 3.31994645e-01 1.07429719e-01 3.34672021e-04 5.60240964e-01
 0.00167336 0.02376171 0.2392905  0.73527443
 0.1101071  0.09538153 0.20147256 0.59303882
 0.21318608 0.08601071 0.35140562 0.34939759

MOTIF SThuman_l3_f_55
letter-probability matrix: alength= 4 w= 9 
 0.63866763 0.09594497 0.21397538 0.05141202
 0.31788559 0.17342505 0.12997828 0.37871108
 0.44388125 0.00651702 0.49348298 0.05611875
 2.67921796e-01 2.51629254e-01 3.62056481e-04 4.80086894e-01
 0.07168718 0.18754526 0.31679942 0.42396814
 3.62056481e-04 3.00506879e-02 3.62056481e-04 9.69225199e-01
 0.80014482 0.03874004 0.08001448 0.08110065
 0.02208545 0.09449674 0.01194786 0.87146995
 0.5224475  0.23244026 0.1006517  0.14446054

MOTIF SThuman_l3_f_56
letter-probability matrix: alength= 4 w= 9 
 0.39220421 0.13211452 0.21283201 0.26284926
 0.32390479 0.17316316 0.45705416 0.04587789
 0.57433598 0.20972749 0.07761297 0.13832356
 0.18075198 0.14246292 0.56157296 0.11521214
 0.6819593  0.03690928 0.06381511 0.21731632
 0.09520524 0.08623663 0.31735081 0.50120731
 0.11383236 0.00379441 0.21490169 0.66747154
 0.5522594  0.12763022 0.12211107 0.19799931
 0.09727492 0.04173853 0.0800276  0.78095895

MOTIF SThuman_l3_f_57
letter-probability matrix: alength= 4 w= 9 
 0.2004111  0.15005139 0.31551901 0.3340185 
 0.22507708 0.34635149 0.19527235 0.23329908
 0.36896197 0.2672148  0.34737924 0.01644399
 0.02672148 0.0061665  0.0020555  0.96505653
 0.91778006 0.00102775 0.00102775 0.08016444
 0.00102775 0.00102775 0.07605344 0.92189106
 0.00308325 0.00102775 0.98766701 0.00822199
 0.43987667 0.13052415 0.24254882 0.18705036
 0.19218911 0.15519013 0.17985612 0.47276465

MOTIF SThuman_l3_f_58
letter-probability matrix: alength= 4 w= 9 
 0.44905521 0.10781771 0.12523157 0.31789552
 0.31122638 0.12745461 0.06298629 0.49833272
 0.3171545  0.02111893 0.10522416 0.55650241
 0.08373472 0.03482771 0.29195999 0.58947758
 0.34271953 0.03556873 0.2730641  0.34864765
 3.11226380e-02 3.70507595e-04 6.59503520e-02 9.02556502e-01
 0.07484253 0.02111893 0.54057058 0.36346795
 0.13486476 0.13486476 0.14412745 0.58614302
 0.25898481 0.13745832 0.40459429 0.19896258

MOTIF SThuman_l3_f_59
letter-probability matrix: alength= 4 w= 9 
 0.17784137 0.27187244 0.26819297 0.28209321
 0.18192968 0.19215045 0.38593622 0.23998365
 0.07931316 0.23916599 0.50613246 0.17538839
 0.21054783 0.17375307 0.4427637  0.1729354 
 9.98773508e-01 4.08830744e-04 4.08830744e-04 4.08830744e-04
 4.08830744e-04 4.08830744e-04 4.08830744e-04 9.98773508e-01
 4.08830744e-04 4.08830744e-04 9.98773508e-01 4.08830744e-04
 0.17457073 0.16107931 0.2739166  0.39043336
 0.22117743 0.22322159 0.24816026 0.30744072

MOTIF SThuman_l3_f_60
letter-probability matrix: alength= 4 w= 9 
 0.13914807 0.18985801 0.12941176 0.54158215
 0.26855984 0.0020284  0.57565923 0.15375254
 4.68965517e-01 2.37728195e-01 2.92900609e-01 4.05679513e-04
 0.29614604 0.0158215  0.62839757 0.05963489
 0.00446247 0.32210953 0.6474645  0.02596349
 7.07099391e-01 4.05679513e-04 2.88032454e-01 4.46247465e-03
 0.72413793 0.02312373 0.19959432 0.05314402
 0.55131846 0.0673428  0.29127789 0.09006085
 0.52576065 0.10831643 0.21622718 0.14969574

MOTIF SThuman_l3_f_61
letter-probability matrix: alength= 4 w= 9 
 0.35285848 0.28772259 0.08575445 0.27366448
 0.34723524 0.19634489 0.19493908 0.26148079
 0.44845361 0.28491097 0.1190253  0.14761012
 0.00234302 0.42736645 0.47563261 0.09465792
 4.68603561e-04 3.75820056e-01 4.68603561e-04 6.23242737e-01
 0.13074039 0.38519213 0.08200562 0.40206186
 0.29896907 0.03561387 0.07825679 0.58716026
 0.66166823 0.01171509 0.24461106 0.08200562
 0.16119963 0.12699157 0.0262418  0.68556701

MOTIF SThuman_l3_f_62
letter-probability matrix: alength= 4 w= 9 
 3.91621829e-01 2.38278248e-02 5.84166026e-01 3.84319754e-04
 0.12720984 0.24865488 0.30169101 0.32244427
 0.08685626 0.19331284 0.59877018 0.12106072
 0.42006149 0.00999231 0.56495004 0.00499616
 3.84319754e-04 4.53497310e-02 4.72328978e-01 4.81936972e-01
 0.0019216  0.11913912 0.74250576 0.13643351
 0.0914681  0.18946964 0.71637202 0.00269024
 0.25864719 0.25172944 0.26979247 0.2198309 
 0.15680246 0.23289777 0.47963105 0.13066872

MOTIF SThuman_l3_f_63
letter-probability matrix: alength= 4 w= 9 
 0.00133156 0.07356858 0.02663116 0.89846871
 0.03828229 0.20406125 0.09420772 0.66344874
 0.03661784 0.00599201 0.03062583 0.92676431
 0.84121172 0.03462051 0.0792277  0.04494008
 0.08688415 0.01298269 0.00599201 0.89414115
 3.32889481e-04 3.32889481e-04 2.53328895e-01 7.46005326e-01
 0.04094541 0.03661784 0.60252996 0.31990679
 0.01664447 0.08288948 0.31058589 0.58988016
 0.33089214 0.1108522  0.09687084 0.46138482

MOTIF SThuman_l3_f_64
letter-probability matrix: alength= 4 w= 9 
 0.11019971 0.16583452 0.36947218 0.35449358
 0.2211127  0.04885877 0.42974322 0.30028531
 0.00606277 0.30028531 0.04885877 0.64479315
 0.30955777 0.36447932 0.30670471 0.0192582 
 7.13266762e-04 1.89728959e-01 3.56633381e-04 8.09201141e-01
 0.07203994 0.00071327 0.23359486 0.69365193
 3.56633381e-04 2.67475036e-02 2.07203994e-01 7.65691869e-01
 0.20613409 0.00784593 0.75927247 0.0267475 
 0.20934379 0.04065621 0.30206847 0.44793153

MOTIF SThuman_l3_f_65
letter-probability matrix: alength= 4 w= 9 
 0.58731219 0.08781302 0.10550918 0.21936561
 0.69048414 0.0293823  0.21101836 0.06911519
 3.33889816e-04 3.50584307e-02 9.78297162e-02 8.66777963e-01
 0.2851419  0.01502504 0.3475793  0.35225376
 0.28013356 0.01335559 0.48580968 0.22070117
 0.13088481 0.02671119 0.00300501 0.839399  
 0.34624374 0.00100167 0.31953255 0.33322204
 0.32954925 0.01502504 0.21669449 0.43873122
 0.27679466 0.0524207  0.11819699 0.55258765

MOTIF SThuman_l3_f_66
letter-probability matrix: alength= 4 w= 9 
 0.23029046 0.15352697 0.28879668 0.32738589
 0.0153527  0.06390041 0.03651452 0.88423237
 0.71742739 0.03900415 0.22821577 0.0153527 
 0.393361   0.04149378 0.56431535 0.00082988
 0.01991701 0.09253112 0.00622407 0.8813278 
 0.60995851 0.06680498 0.31078838 0.01244813
 0.65103734 0.0253112  0.29543568 0.02821577
 0.26639004 0.27261411 0.1406639  0.32033195
 0.22033195 0.20705394 0.1879668  0.3846473 

MOTIF SThuman_l3_f_67
letter-probability matrix: alength= 4 w= 9 
 0.49615807 0.16465423 0.21587999 0.12330772
 3.65898280e-04 1.56238566e-01 8.70837907e-02 7.56311745e-01
 3.84924991e-01 1.09769484e-02 6.03732162e-01 3.65898280e-04
 0.56970362 0.11672155 0.15111599 0.16245884
 0.1053787  0.04683498 0.10354921 0.7442371 
 0.30332967 0.09879254 0.54738383 0.05049396
 0.64251738 0.04793267 0.24588364 0.0636663 
 0.38675448 0.212221   0.15989755 0.24112697
 0.41236736 0.19465789 0.11086718 0.28210757

MOTIF SThuman_l3_f_68
letter-probability matrix: alength= 4 w= 9 
 0.17762049 0.10144928 0.30367374 0.41725649
 3.37040782e-04 2.39973037e-01 2.35928547e-03 7.57330637e-01
 0.00202224 0.04415234 0.46781261 0.48601281
 0.0182002  0.04111898 0.01516684 0.92551399
 1.61442535e-01 3.37040782e-04 5.81395349e-01 2.56825076e-01
 0.00202224 0.03943377 0.26491405 0.69362993
 5.41624537e-01 3.37040782e-04 1.60094371e-01 2.97944051e-01
 0.12571621 0.17155376 0.04044489 0.66228514
 0.20357263 0.16211662 0.15739805 0.47691271

MOTIF SThuman_l3_f_69
letter-probability matrix: alength= 4 w= 9 
 0.05965147 0.04691689 0.13706434 0.75636729
 0.12801609 0.06467828 0.01508043 0.7922252 
 0.00536193 0.03518767 0.33579088 0.62365952
 3.57573727e-01 3.18364611e-02 3.35120643e-04 6.10254692e-01
 0.24296247 0.00569705 0.02446381 0.72687668
 9.01474531e-02 1.77949062e-01 3.35120643e-04 7.31568365e-01
 0.58612601 0.00770777 0.11226542 0.2939008 
 0.19034853 0.23726542 0.05831099 0.51407507
 0.0827748  0.03418231 0.18766756 0.69537534

MOTIF SThuman_l3_f_70
letter-probability matrix: alength= 4 w= 9 
 0.27479675 0.02113821 0.51707317 0.18699187
 0.57235772 0.22764228 0.01788618 0.18211382
 0.80813008 0.1300813  0.00162602 0.0601626 
 0.76097561 0.00813008 0.00162602 0.22926829
 0.14146341 0.00650407 0.00162602 0.8504065 
 0.14308943 0.30731707 0.01300813 0.53658537
 0.10569106 0.08130081 0.14146341 0.67154472
 0.51219512 0.17723577 0.10569106 0.20487805
 0.35609756 0.06341463 0.56097561 0.0195122 

MOTIF SThuman_l3_f_71
letter-probability matrix: alength= 4 w= 9 
 0.52724196 0.07241963 0.30253807 0.09780034
 0.13536379 0.21455161 0.18984772 0.46023689
 0.26700508 0.16920474 0.29915398 0.26463621
 9.98984772e-01 3.38409475e-04 3.38409475e-04 3.38409475e-04
 3.38409475e-04 3.38409475e-04 3.38409475e-04 9.98984772e-01
 4.06091371e-03 3.38409475e-04 9.90524535e-01 5.07614213e-03
 0.34957699 0.15566836 0.17766497 0.31708968
 0.2893401  0.21387479 0.13434856 0.36243655
 0.21522843 0.22605753 0.11641286 0.44230118

MOTIF SThuman_l3_f_72
letter-probability matrix: alength= 4 w= 9 
 0.01830892 0.10785619 0.11484687 0.75898802
 3.32889481e-04 3.76165113e-02 4.98002663e-01 4.64047936e-01
 3.32889481e-04 3.32889481e-04 3.32889481e-04 9.99001332e-01
 0.06358189 0.01331558 0.50133156 0.42177097
 0.02296937 0.00233023 0.13115846 0.84354194
 0.07822903 0.00266312 0.00266312 0.91644474
 1.63115846e-02 3.32889481e-04 3.32889481e-04 9.83022636e-01
 3.32889481e-04 6.65778961e-04 7.12383489e-02 9.27762983e-01
 0.10486019 0.09953395 0.06458056 0.7310253 

MOTIF SThuman_l3_f_73
letter-probability matrix: alength= 4 w= 9 
 0.28024502 0.30627871 0.25306279 0.16041348
 0.71630934 0.11447167 0.1194487  0.04977029
 0.05245023 0.26837672 0.0237366  0.65543645
 0.01569678 0.07580398 0.9050536  0.00344564
 0.34226646 0.13820827 0.42036753 0.09915773
 0.03522205 0.08728943 0.59992343 0.27756508
 0.04785605 0.27143951 0.58805513 0.09264931
 0.10451761 0.12212864 0.31776417 0.45558959
 0.14165391 0.38514548 0.30666156 0.16653905

MOTIF SThuman_l3_f_74
letter-probability matrix: alength= 4 w= 9 
 0.19408975 0.16125502 0.33819774 0.3064575 
 0.6851514  0.00693178 0.30207953 0.00583729
 0.01605254 0.01167457 0.71506749 0.2572054 
 3.46588836e-01 3.95840934e-01 2.57205399e-01 3.64830354e-04
 0.03028092 0.42356804 0.44399854 0.1021525 
 0.02480846 0.35425027 0.07770887 0.5432324 
 0.22181686 0.3797884  0.1105436  0.28785115
 0.10361182 0.23385626 0.24990879 0.41262313
 0.18350967 0.28310835 0.06712879 0.46625319

MOTIF SThuman_l3_f_75
letter-probability matrix: alength= 4 w= 9 
 0.44029588 0.11623811 0.32581895 0.11764706
 0.10884114 0.35822473 0.17365269 0.35928144
 0.28742515 0.23529412 0.27932371 0.19795703
 0.68756604 0.03980275 0.26065516 0.01197605
 0.07185629 0.19725255 0.04262064 0.68827052
 0.01620289 0.11623811 0.64142304 0.22613596
 0.51215217 0.13349771 0.05107432 0.3032758 
 0.10003522 0.24163438 0.0211342  0.6371962 
 0.09616062 0.16660796 0.57308912 0.1641423 

MOTIF SThuman_l3_f_76
letter-probability matrix: alength= 4 w= 9 
 0.27773925 0.10332871 0.17094313 0.4479889 
 0.22260749 0.12135922 0.1092233  0.54680999
 0.22988904 0.01421637 0.2628294  0.49306519
 3.46740638e-04 8.70319001e-02 8.32177531e-03 9.04299584e-01
 0.87621359 0.009362   0.02843273 0.08599168
 3.46740638e-04 2.94729542e-02 3.46740638e-04 9.69833564e-01
 3.18307906e-01 1.45631068e-02 3.46740638e-04 6.66782247e-01
 3.46740638e-04 5.33980583e-02 3.46740638e-04 9.45908460e-01
 0.04160888 0.12482663 0.39632455 0.43723994

MOTIF SThuman_l3_f_77
letter-probability matrix: alength= 4 w= 9 
 0.15873016 0.23890924 0.47578348 0.12657713
 0.01790802 0.07326007 0.76556777 0.14326414
 0.01098901 0.06267806 0.8954009  0.03093203
 1.66463166e-01 1.13146113e-01 7.19983720e-01 4.07000407e-04
 0.05128205 0.06552707 0.87871388 0.004477  
 0.06878307 0.27187627 0.56654457 0.09279609
 0.24704925 0.28937729 0.00569801 0.45787546
 0.21937322 0.64713065 0.05901506 0.07448107
 0.1025641  0.51973952 0.1994302  0.17826618

MOTIF SThuman_l3_f_78
letter-probability matrix: alength= 4 w= 9 
 0.44939271 0.14439946 0.11808367 0.28812416
 0.62820513 0.04251012 0.11875843 0.21052632
 0.02834008 0.06072874 0.13596491 0.77496626
 3.37381916e-04 1.49797571e-01 6.74763833e-03 8.43117409e-01
 0.25877193 0.01923077 0.70276653 0.01923077
 0.0148448  0.16464238 0.00877193 0.81174089
 0.67037787 0.00101215 0.19568151 0.13292848
 0.01417004 0.02699055 0.21491228 0.74392713
 0.37820513 0.07152497 0.22402159 0.32624831

MOTIF SThuman_l3_f_79
letter-probability matrix: alength= 4 w= 9 
 0.30905378 0.13682777 0.1449966  0.40912185
 0.44111641 0.13682777 0.18141593 0.24063989
 3.40367597e-04 3.40367597e-04 3.40367597e-04 9.98978897e-01
 8.22668482e-01 3.40367597e-04 1.76650783e-01 3.40367597e-04
 3.25391423e-01 3.40367597e-04 6.73247107e-01 1.02110279e-03
 0.06603131 0.15929204 0.30769231 0.46698434
 0.38155208 0.04118448 0.30973451 0.26752893
 0.17086453 0.24812798 0.11742682 0.46358067
 0.22328114 0.21136828 0.2573179  0.30803268

MOTIF SThuman_l3_f_80
letter-probability matrix: alength= 4 w= 9 
