MEME version 5.3.0

ALPHABET= ACGT

strands: + -

Background letter frequencies
A 0.25 C 0.25 G 0.25 T 0.25

MOTIF SThuman_l3_f_0
letter-probability matrix: alength= 4 w= 9 
 0.0517722  0.62285942 0.11867782 0.20669056
 0.16726404 0.18717642 0.00398248 0.64157706
 3.98247710e-04 9.60573477e-01 2.86738351e-02 1.03544405e-02
 0.29271207 0.43170052 0.05217045 0.22341697
 1.30227001e-01 7.73795301e-01 9.55794504e-02 3.98247710e-04
 3.98247710e-04 9.88849064e-01 1.03544405e-02 3.98247710e-04
 0.15531661 0.31660693 0.10872162 0.41935484
 0.14058144 0.22819594 0.43170052 0.1995221 
 0.35205098 0.27319793 0.27917164 0.09557945

MOTIF SThuman_l3_f_1
letter-probability matrix: alength= 4 w= 9 
 0.1459854  0.21423358 0.15729927 0.48248175
 0.66751825 0.00364964 0.32773723 0.00109489
 0.18722628 0.03978102 0.14051095 0.63248175
 0.07408759 0.07992701 0.13211679 0.71386861
 0.30145985 0.01970803 0.04562044 0.63321168
 3.64963504e-04 6.49635036e-02 4.74452555e-03 9.29927007e-01
 2.29927007e-02 3.64963504e-04 3.47810219e-01 6.28832117e-01
 0.00547445 0.03394161 0.39525547 0.56532847
 0.11131387 0.14854015 0.14781022 0.59233577

MOTIF SThuman_l3_f_2
letter-probability matrix: alength= 4 w= 9 
 0.40857255 0.28706252 0.13684624 0.16751868
 0.75344082 0.03381832 0.17538341 0.03735745
 0.74046402 0.13684624 0.00157295 0.12111679
 0.15178923 0.09516319 0.10892646 0.64412112
 3.74360991e-01 3.93236335e-04 6.24852536e-01 3.93236335e-04
 0.23908769 0.00904444 0.24419976 0.50766811
 0.11679119 0.09594967 0.49469131 0.29256783
 0.21077468 0.13763272 0.27369249 0.37790012
 0.16044042 0.17734959 0.21234762 0.44986237

MOTIF SThuman_l3_f_3
letter-probability matrix: alength= 4 w= 9 
 0.42018496 0.14475271 0.28427825 0.15078408
 0.40168878 0.1540008  0.15480499 0.28950543
 0.39324487 0.10977081 0.42943305 0.06755127
 0.030961   0.23441898 0.14032971 0.59429031
 0.01809409 0.39445115 0.39485324 0.19260153
 3.61881785e-03 4.02090873e-04 7.23763571e-03 9.88741456e-01
 5.32770406e-01 1.08564536e-02 4.55971049e-01 4.02090873e-04
 8.58061922e-01 4.02090873e-04 1.41133896e-01 4.02090873e-04
 0.26537998 0.23964616 0.32891033 0.16606353

MOTIF SThuman_l3_f_4
letter-probability matrix: alength= 4 w= 9 
 0.29129129 0.20645646 0.32207207 0.18018018
 0.10998498 0.04316817 0.23123123 0.61561562
 0.45007508 0.10998498 0.01388889 0.42605105
 0.07282282 0.0015015  0.64039039 0.28528529
 0.03753754 0.06756757 0.04091592 0.85397898
 0.33746246 0.15578078 0.48761261 0.01914414
 0.03453453 0.00675676 0.64527027 0.31343844
 0.72372372 0.03866366 0.11674174 0.12087087
 0.21096096 0.12837838 0.13701201 0.52364865

MOTIF SThuman_l3_f_5
letter-probability matrix: alength= 4 w= 9 
 0.25177665 0.17732657 0.13604061 0.43485618
 0.05989848 0.44027073 0.06632826 0.43350254
 1.31979695e-02 3.38409475e-04 3.38409475e-04 9.86125212e-01
 3.72927242e-01 3.38409475e-04 6.26395939e-01 3.38409475e-04
 9.52284264e-01 3.38409475e-04 4.70389171e-02 3.38409475e-04
 0.00203046 0.20913706 0.48291032 0.30592217
 0.58071066 0.13671743 0.20439932 0.07817259
 0.26632826 0.4358714  0.18375635 0.11404399
 0.33773266 0.23824027 0.19187817 0.2321489 

MOTIF SThuman_l3_f_6
letter-probability matrix: alength= 4 w= 9 
 0.51346563 0.20056697 0.20340184 0.08256556
 0.14847626 0.50177179 0.15379164 0.19596031
 0.67257264 0.01417434 0.28384125 0.02941176
 0.51063076 0.29411765 0.0205528  0.1746988 
 0.02267895 0.25407512 0.57583274 0.14741318
 0.0042523  0.3621545  0.00992204 0.62367116
 0.45995748 0.16832034 0.25265769 0.11906449
 0.03756201 0.01098512 0.03968816 0.91176471
 0.43869596 0.12402551 0.16158753 0.275691  

MOTIF SThuman_l3_f_7
letter-probability matrix: alength= 4 w= 9 
 0.3919319  0.07994078 0.21909697 0.30903035
 0.3819393  0.13915618 0.00074019 0.47816432
 0.38971132 0.13027387 0.1173205  0.3626943 
 0.00851221 0.11991118 0.05810511 0.8134715 
 0.08771281 0.25240563 0.05810511 0.60177646
 3.70096225e-04 3.70096225e-04 3.70096225e-04 9.98889711e-01
 6.54330126e-01 3.70096225e-04 3.44929682e-01 3.70096225e-04
 7.76831976e-01 3.70096225e-04 2.22427831e-01 3.70096225e-04
 0.25647668 0.17986677 0.23982235 0.3238342 

MOTIF SThuman_l3_f_8
letter-probability matrix: alength= 4 w= 9 
 0.35736677 0.25113201 0.17102055 0.22048067
 0.41901776 0.18634622 0.16649251 0.2281435 
 0.61024033 0.06548241 0.15290839 0.17136886
 0.84395681 0.10170672 0.04667363 0.00766284
 0.43747823 0.14350401 0.09648206 0.3225357 
 0.74712644 0.01219087 0.20759317 0.03308952
 0.32497388 0.02368513 0.04980843 0.60153257
 0.02751654 0.04005573 0.60048763 0.33194009
 0.12434692 0.04946012 0.56809474 0.25809822

MOTIF SThuman_l3_f_9
letter-probability matrix: alength= 4 w= 9 
 0.12837068 0.29586024 0.18420053 0.39156855
 0.38853019 0.27952905 0.18571971 0.14622104
 0.03987847 0.30117736 0.23433346 0.42461071
 0.19939233 0.13672617 0.1868591  0.47702241
 0.43524497 0.4033422  0.06646411 0.09494873
 3.79794911e-04 2.27876946e-03 3.79794911e-02 9.59361945e-01
 9.89745537e-01 1.51917964e-03 7.97569313e-03 7.59589821e-04
 0.3509305  0.0524117  0.59134068 0.00531713
 0.33497911 0.16103304 0.12001519 0.38397265

MOTIF SThuman_l3_f_10
letter-probability matrix: alength= 4 w= 9 
 0.38236296 0.05549881 0.48791284 0.0742254 
 3.40483487e-04 3.64998298e-01 3.40483487e-04 6.34320735e-01
 0.02928158 0.24310521 0.02008853 0.70752469
 0.00136193 0.3237998  0.6227443  0.05209397
 0.08478039 0.54239019 0.07116105 0.30166837
 3.40483487e-04 4.70888662e-01 2.04290092e-03 5.26727954e-01
 0.0020429  0.35886959 0.28089888 0.35818863
 0.07558733 0.13585291 0.21314266 0.57541709
 0.22812394 0.16649642 0.25706503 0.34831461

MOTIF SThuman_l3_f_11
letter-probability matrix: alength= 4 w= 9 
 0.11743253 0.23304158 0.38366156 0.26586433
 0.05506929 0.08023341 0.27461707 0.59008023
 0.06892779 0.19839533 0.36652079 0.36615609
 0.27279358 0.16119621 0.24762947 0.31838074
 0.28555799 0.07622174 0.47191831 0.16630197
 0.04814004 0.02407002 0.88439096 0.04339898
 3.64697301e-04 7.69511306e-02 1.75419402e-01 7.47264770e-01
 0.00547046 0.01932896 0.79066375 0.18453683
 0.23851204 0.07111597 0.47191831 0.21845368

MOTIF SThuman_l3_f_12
letter-probability matrix: alength= 4 w= 9 
 0.45439414 0.27729694 0.18242344 0.08588549
 8.75832224e-01 1.83089214e-02 1.05525965e-01 3.32889481e-04
 0.33954727 0.13548602 0.17809587 0.34687084
 0.44973369 0.12450067 0.30992011 0.11584554
 0.56824234 0.00732357 0.09387483 0.33055925
 0.08988016 0.02596538 0.28994674 0.59420772
 0.14813582 0.01964048 0.74600533 0.08621838
 0.19707057 0.21704394 0.26764314 0.31824234
 0.23069241 0.2659787  0.34454061 0.15878828

MOTIF SThuman_l3_f_13
letter-probability matrix: alength= 4 w= 9 
 0.08254717 0.26617251 0.11590296 0.53537736
 0.14656334 0.05222372 0.10040431 0.70080863
 0.30222372 0.00471698 0.40128032 0.29177898
 0.78133423 0.01347709 0.106469   0.09871968
 0.22270889 0.05491914 0.59602426 0.12634771
 0.03234501 0.0296496  0.08524259 0.8527628 
 0.16846361 0.08322102 0.31469003 0.43362534
 0.26516173 0.0902965  0.28234501 0.36219677
 0.32816712 0.22169811 0.06940701 0.38072776

MOTIF SThuman_l3_f_14
letter-probability matrix: alength= 4 w= 9 
 0.02881356 0.37389831 0.05050847 0.54677966
 0.43355932 0.13762712 0.31118644 0.11762712
 0.02372881 0.54644068 0.01288136 0.41694915
 0.27152542 0.03966102 0.03186441 0.65694915
 0.10169492 0.25220339 0.57389831 0.07220339
 9.57627119e-01 3.38983051e-04 3.72881356e-03 3.83050847e-02
 0.25118644 0.25525424 0.08305085 0.41050847
 0.40610169 0.06881356 0.39220339 0.13288136
 0.29016949 0.18915254 0.16135593 0.35932203

MOTIF SThuman_l3_f_15
letter-probability matrix: alength= 4 w= 9 
 0.13962264 0.44459691 0.36432247 0.05145798
 0.27409949 0.5186964  0.00548885 0.20171527
 0.23396226 0.14682676 0.6161235  0.00308748
 0.00068611 0.46792453 0.51457976 0.01680961
 0.2432247  0.0703259  0.67787307 0.00857633
 0.16638079 0.54716981 0.00137221 0.28507719
 0.36843911 0.16946827 0.10120069 0.36089194
 0.66380789 0.2380789  0.05660377 0.04150943
 0.28096055 0.44391081 0.14476844 0.13036021

MOTIF SThuman_l3_f_16
letter-probability matrix: alength= 4 w= 9 
 0.45864132 0.08482929 0.31080605 0.14572334
 0.43083421 0.20802534 0.19324182 0.16789863
 2.75607181e-01 2.01337557e-01 3.51988736e-04 5.22703273e-01
 0.1531151  0.00105597 0.77930306 0.06652587
 0.02604717 0.79197466 0.00879972 0.17317846
 0.06898979 0.29778247 0.41182682 0.22140092
 0.07532559 0.26962337 0.01971137 0.63533967
 0.29426258 0.02675114 0.30693418 0.37205209
 0.17282647 0.26927138 0.06370996 0.49419219

MOTIF SThuman_l3_f_17
letter-probability matrix: alength= 4 w= 9 
 0.00300702 0.26194454 0.02505847 0.70998998
 0.14032743 0.19345139 0.41530237 0.25091881
 0.4781156  0.09722686 0.29168059 0.13297695
 0.88807217 0.02338791 0.00100234 0.08753759
 0.77881724 0.0103575  0.00601403 0.20481123
 0.1009021  0.04042766 0.31072503 0.54794521
 0.27697962 0.44336786 0.02104911 0.25860341
 0.28767123 0.10758436 0.44938189 0.15536251
 0.30671567 0.08486468 0.09923154 0.50918811

MOTIF SThuman_l3_f_18
letter-probability matrix: alength= 4 w= 9 
 0.42676431 0.20672437 0.33621838 0.03029294
 0.33688415 0.12882823 0.46970706 0.06458056
 0.2626498  0.05825566 0.5855526  0.09354194
 0.33521971 0.126498   0.31191744 0.22636485
 0.02197071 0.0758988  0.38415446 0.51797603
 0.07190413 0.30992011 0.39647137 0.22170439
 0.17976032 0.12716378 0.25133156 0.44174434
 0.21737683 0.24434088 0.32356858 0.21471372
 0.15645806 0.3258988  0.23801598 0.27962716

MOTIF SThuman_l3_f_19
letter-probability matrix: alength= 4 w= 9 
 0.1241734  0.42505511 0.18442322 0.26634827
 3.54151359e-01 2.38795004e-02 6.21601763e-01 3.67376929e-04
 4.07788391e-02 5.14327700e-02 9.07053637e-01 7.34753857e-04
 0.01322557 0.07788391 0.80933137 0.09955915
 0.07825129 0.15099192 0.68883174 0.08192506
 0.14474651 0.03159442 0.738795   0.08486407
 0.20242469 0.19801616 0.41366642 0.18589273
 0.04518736 0.19985305 0.58486407 0.17009552
 0.15025716 0.26524614 0.45775165 0.12674504

MOTIF SThuman_l3_f_20
letter-probability matrix: alength= 4 w= 9 
 0.12427114 0.30721574 0.23979592 0.3287172 
 0.12062682 0.14978134 0.72886297 0.00072886
 0.18440233 0.13301749 0.55867347 0.12390671
 0.20444606 0.42492711 0.29737609 0.07325073
 0.5648688  0.39103499 0.03389213 0.01020408
 0.12609329 0.11953353 0.14868805 0.60568513
 0.05174927 0.0266035  0.77223032 0.14941691
 0.14650146 0.01494169 0.78061224 0.05794461
 0.17201166 0.21392128 0.45262391 0.16144315

MOTIF SThuman_l3_f_21
letter-probability matrix: alength= 4 w= 9 
 0.65378094 0.06408952 0.25025432 0.03187521
 0.18107833 0.32892506 0.24550695 0.24448966
 0.32892506 0.13903018 0.43608003 0.09596473
 0.04272635 0.02611055 0.69616819 0.23499491
 3.39097999e-04 3.39097999e-04 6.73109529e-01 3.26212275e-01
 0.00101729 0.00271278 0.69074262 0.3055273 
 0.06205493 0.11054595 0.75788403 0.06951509
 0.25635809 0.18989488 0.41709054 0.13665649
 0.22177009 0.32621228 0.3048491  0.14716853

MOTIF SThuman_l3_f_22
letter-probability matrix: alength= 4 w= 9 
 0.66498195 0.14981949 0.13501805 0.05018051
 0.49855596 0.13285199 0.2801444  0.08844765
 0.29386282 0.31624549 0.11949458 0.27039711
 0.63501805 0.04440433 0.14693141 0.17364621
 0.29277978 0.00180505 0.11371841 0.59169675
 0.00180505 0.01407942 0.68267148 0.30144404
 0.16931408 0.06895307 0.64043321 0.12129964
 0.13826715 0.15270758 0.45234657 0.2566787 
 0.17978339 0.30866426 0.31841155 0.19314079

MOTIF SThuman_l3_f_23
letter-probability matrix: alength= 4 w= 9 
 0.18672986 0.06492891 0.22369668 0.52464455
 0.06018957 0.2        0.31848341 0.42132701
 0.71563981 0.02085308 0.22227488 0.04123223
 4.73933649e-04 1.04265403e-02 4.73933649e-04 9.88625592e-01
 9.00473934e-02 3.31753555e-03 4.73933649e-04 9.06161137e-01
 1.30331754e-01 1.41232227e-01 4.73933649e-04 7.27962085e-01
 2.16587678e-01 1.01421801e-01 4.73933649e-04 6.81516588e-01
 0.55023697 0.27914692 0.00236967 0.16824645
 0.48293839 0.27630332 0.02606635 0.21469194

MOTIF SThuman_l3_f_24
letter-probability matrix: alength= 4 w= 9 
 0.02469136 0.29938272 0.41289438 0.26303155
 0.25445816 0.23319616 0.12174211 0.39060357
 0.01851852 0.04252401 0.93278464 0.00617284
 8.36762689e-02 3.42935528e-04 9.07064472e-01 8.91632373e-03
 3.42935528e-04 5.03086420e-01 3.00068587e-01 1.96502058e-01
 0.24348422 0.13134431 0.52503429 0.10013717
 0.15740741 0.21399177 0.20541838 0.42318244
 0.33367627 0.0877915  0.48834019 0.09019204
 0.29355281 0.22668038 0.40192044 0.07784636

MOTIF SThuman_l3_f_25
letter-probability matrix: alength= 4 w= 9 
 0.35025042 0.09215359 0.36661102 0.19098497
 0.2687813  0.33722871 0.08414023 0.30984975
 4.23706177e-01 3.33889816e-04 5.47913189e-01 2.80467446e-02
 0.3245409  0.17896494 0.49449082 0.00200334
 0.57328881 0.01502504 0.3966611  0.01502504
 0.97629382 0.00300501 0.01469115 0.00601002
 0.57462437 0.13722871 0.1572621  0.13088481
 0.14524207 0.07178631 0.03906511 0.74390651
 0.32687813 0.05642738 0.2096828  0.40701169

MOTIF SThuman_l3_f_26
letter-probability matrix: alength= 4 w= 9 
 0.14035088 0.26315789 0.15245009 0.44404114
 0.41258318 0.23049002 0.18330309 0.17362371
 0.35208711 0.09981851 0.49243799 0.05565638
 6.04960678e-04 6.04960678e-04 4.23472474e-03 9.94555354e-01
 9.73986691e-01 6.04960678e-04 2.11736237e-02 4.23472474e-03
 3.15184513e-01 6.04960678e-04 6.83605566e-01 6.04960678e-04
 0.52510587 0.11191773 0.34361766 0.01935874
 0.22141561 0.11796733 0.55716878 0.10344828
 0.16636419 0.26678766 0.36842105 0.1984271 

MOTIF SThuman_l3_f_27
letter-probability matrix: alength= 4 w= 9 
 0.27396804 0.23968043 0.25099867 0.23535286
 2.69973369e-01 6.65778961e-04 7.65645806e-03 7.21704394e-01
 0.57323569 0.01065246 0.2213715  0.19474035
 6.86085220e-01 3.32889481e-04 1.68442077e-01 1.45139814e-01
 0.03761651 0.13415446 0.1644474  0.66378162
 0.61517976 0.31225033 0.05925433 0.01331558
 0.07190413 0.09720373 0.53628495 0.29460719
 0.20173103 0.08455393 0.09287617 0.62083888
 0.33721704 0.16644474 0.23568575 0.26065246

MOTIF SThuman_l3_f_28
letter-probability matrix: alength= 4 w= 9 
 0.19948849 0.37486299 0.23237121 0.19327731
 0.3657289  0.27183047 0.12203142 0.24040921
 0.49324077 0.20058458 0.1983924  0.10778224
 0.47606869 0.19802704 0.23602484 0.08987943
 0.18268177 0.17829741 0.2455243  0.39349653
 7.35111436e-01 5.84581659e-02 2.06065035e-01 3.65363537e-04
 0.20460358 0.00109609 0.05991962 0.73438071
 0.03251735 0.04092072 0.81585678 0.11070515
 0.14724151 0.09572525 0.48922178 0.26781147

MOTIF SThuman_l3_f_29
letter-probability matrix: alength= 4 w= 9 
 0.45806452 0.23064516 0.07741935 0.23387097
 0.44435484 0.25887097 0.08709677 0.20967742
 8.24193548e-01 8.06451613e-04 4.35483871e-02 1.31451613e-01
 2.82258065e-02 8.06451613e-04 7.25806452e-02 8.98387097e-01
 1.03225806e-01 8.06451613e-04 8.21774194e-01 7.41935484e-02
 0.64112903 0.00241935 0.03870968 0.31774194
 0.1483871  0.00967742 0.22016129 0.62177419
 0.15887097 0.07983871 0.34516129 0.41612903
 0.20967742 0.1233871  0.20483871 0.46209677

MOTIF SThuman_l3_f_30
letter-probability matrix: alength= 4 w= 9 
 0.54061625 0.03081232 0.02135854 0.40721289
 0.05777311 0.01260504 0.04341737 0.88620448
 0.04936975 0.01155462 0.47338936 0.46568627
 0.01785714 0.04936975 0.36029412 0.57247899
 0.23704482 0.02731092 0.07422969 0.66141457
 0.37640056 0.06967787 0.05007003 0.50385154
 0.17261905 0.04586835 0.13095238 0.65056022
 0.01295518 0.07387955 0.04446779 0.86869748
 0.17822129 0.06057423 0.1477591  0.61344538

MOTIF SThuman_l3_f_31
letter-probability matrix: alength= 4 w= 9 
 0.05189153 0.6009374  0.25309675 0.09407432
 0.21794443 0.53900234 0.20488785 0.03816538
 0.00133914 0.32407097 0.45262805 0.22196183
 1.70739873e-02 2.31335788e-01 7.51255440e-01 3.34784064e-04
 0.00133914 0.69266823 0.29092735 0.01506528
 0.00535655 0.90860395 0.07465685 0.01138266
 0.03649146 0.34884499 0.33344493 0.28121861
 0.09005691 0.21861399 0.5587546  0.13257449
 0.32607968 0.15366589 0.41345832 0.10679612

MOTIF SThuman_l3_f_32
letter-probability matrix: alength= 4 w= 9 
 0.06232092 0.32234957 0.36998567 0.24534384
 0.22707736 0.10888252 0.45809456 0.20594556
 0.04405444 0.10601719 0.53402579 0.31590258
 1.43266476e-03 3.04441261e-02 9.67765043e-01 3.58166189e-04
 0.00787966 0.18875358 0.73674785 0.06661891
 6.71561605e-01 2.22063037e-01 1.06017192e-01 3.58166189e-04
 0.06876791 0.45164756 0.16762178 0.31196275
 0.14040115 0.28724928 0.02829513 0.54405444
 0.14756447 0.30766476 0.127149   0.41762178

MOTIF SThuman_l3_f_33
letter-probability matrix: alength= 4 w= 9 
 0.02347418 0.37323944 0.45305164 0.15023474
 0.00234742 0.7629108  0.00234742 0.23239437
 0.24178404 0.00234742 0.74178404 0.01408451
 0.09389671 0.29812207 0.57511737 0.03286385
 0.157277   0.83333333 0.00234742 0.00704225
 0.00234742 0.86619718 0.00234742 0.12910798
 0.01877934 0.87089202 0.10798122 0.00234742
 0.09389671 0.82629108 0.07511737 0.00469484
 0.10798122 0.82394366 0.0657277  0.00234742

MOTIF SThuman_l3_f_34
letter-probability matrix: alength= 4 w= 9 
 0.04234079 0.29776248 0.37796902 0.28192771
 3.44234079e-04 6.60929432e-01 3.10843373e-01 2.78829604e-02
 0.06333907 0.71290878 0.18967298 0.03407917
 0.22340792 0.26815835 0.16247849 0.34595525
 0.18450947 0.05783133 0.6605852  0.09707401
 0.17418244 0.38313253 0.03442341 0.40826162
 3.22547332e-01 3.44234079e-04 1.88984509e-01 4.88123924e-01
 0.02650602 0.4151463  0.55765921 0.00068847
 0.0616179  0.26746988 0.33459552 0.3363167 

MOTIF SThuman_l3_f_35
letter-probability matrix: alength= 4 w= 9 
 0.25299601 0.10985353 0.09287617 0.5442743 
 0.49400799 0.00233023 0.12749667 0.37616511
 9.72037284e-02 3.32889481e-04 3.32889481e-04 9.02130493e-01
 1.38149134e-01 3.32889481e-04 2.95938748e-01 5.65579228e-01
 1.03528628e-01 6.45805593e-02 3.32889481e-04 8.31557923e-01
 0.05326232 0.64347537 0.28029294 0.02296937
 0.17043941 0.12516644 0.15679095 0.5476032 
 0.15113182 0.04027963 0.07190413 0.73668442
 0.29294274 0.09953395 0.17210386 0.43541944

MOTIF SThuman_l3_f_36
letter-probability matrix: alength= 4 w= 9 
 0.0035461  0.19858156 0.0035461  0.79432624
 0.44680851 0.08510638 0.35106383 0.11702128
 0.63120567 0.07092199 0.06028369 0.23758865
 0.9893617 0.0035461 0.0035461 0.0035461
 0.0035461 0.0035461 0.0035461 0.9893617
 0.0035461 0.0035461 0.9893617 0.0035461
 0.59574468 0.13829787 0.06028369 0.20567376
 0.12411348 0.25177305 0.16312057 0.46099291
 0.33333333 0.11347518 0.46453901 0.08865248

MOTIF SThuman_l3_f_37
letter-probability matrix: alength= 4 w= 9 
 0.35735938 0.14179859 0.11215898 0.38868306
 0.52643988 0.07443584 0.21791849 0.18120579
 0.09228697 0.07376221 0.12563153 0.7083193 
 0.30111149 0.04445941 0.63859885 0.01583025
 0.02324015 0.42034355 0.43280566 0.12361064
 3.36813742e-04 5.32165712e-02 1.68406871e-02 9.29605928e-01
 0.24115864 0.220613   0.14112496 0.3971034 
 0.18726844 0.43718424 0.11485349 0.26069384
 0.54698552 0.19131021 0.13304143 0.12866285

MOTIF SThuman_l3_f_38
letter-probability matrix: alength= 4 w= 9 
 0.38401625 0.07009821 0.16153065 0.38435489
 0.09854385 0.13918049 0.08635286 0.67592279
 0.00169319 0.08940061 0.00372503 0.90518117
 6.54249915e-01 4.40230274e-03 3.41009143e-01 3.38638673e-04
 0.53708093 0.00406366 0.39586861 0.06298679
 0.52184219 0.00982052 0.45919404 0.00914324
 0.51100576 0.04537758 0.36098882 0.08262784
 0.21300373 0.16017609 0.28310193 0.34371825
 0.21639011 0.31798171 0.27192685 0.19370132

MOTIF SThuman_l3_f_39
letter-probability matrix: alength= 4 w= 9 
 0.09920107 0.15146471 0.25266312 0.49667111
 0.35719041 0.10619174 0.47170439 0.06491345
 5.97536618e-01 3.32889481e-04 5.65912117e-03 3.96471372e-01
 0.23668442 0.23468708 0.02996005 0.49866844
 0.00133156 0.63049268 0.07057257 0.2976032 
 0.04893475 0.33754993 0.26498003 0.34853529
 3.32889481e-04 9.98668442e-04 3.32889481e-04 9.98335553e-01
 0.25       0.11018642 0.03029294 0.60952064
 0.14480692 0.11817577 0.16511318 0.57190413

MOTIF SThuman_l3_f_40
letter-probability matrix: alength= 4 w= 9 
 0.43004996 0.02391149 0.03961456 0.50642398
 0.24197002 0.0028551  0.01249108 0.7426838 
 3.56887937e-04 6.92362598e-02 1.85581727e-02 9.11848680e-01
 0.05460385 0.05888651 0.7309065  0.15560314
 0.00571021 0.24910778 0.16416845 0.58101356
 1.32048537e-02 2.60528194e-02 3.56887937e-04 9.60385439e-01
 1.07066381e-03 7.13775874e-04 3.56887937e-04 9.97858672e-01
 0.0206995  0.08815132 0.48929336 0.40185582
 0.18022841 0.2544611  0.27337616 0.29193433

MOTIF SThuman_l3_f_41
letter-probability matrix: alength= 4 w= 9 
 0.11545988 0.41917808 0.41956947 0.04579256
 0.00234834 0.01330724 0.94637965 0.03796477
 0.04696673 0.00273973 0.91428571 0.03600783
 0.03365949 0.04148728 0.8630137  0.06183953
 0.16986301 0.43796477 0.38943249 0.00273973
 0.32133072 0.56712329 0.10645793 0.00508806
 0.31819961 0.43052838 0.07671233 0.17455969
 0.02935421 0.30254403 0.27553816 0.3925636 
 0.09902153 0.4035225  0.15264188 0.34481409

MOTIF SThuman_l3_f_42
letter-probability matrix: alength= 4 w= 9 
 0.13149134 0.09520639 0.08155792 0.69174434
 0.00832224 0.13382157 0.13482024 0.72303595
 0.26131824 0.03262317 0.00399467 0.70206391
 3.32889481e-04 3.62849534e-02 3.32889481e-04 9.63049268e-01
 0.00366178 0.01431425 0.26131824 0.72070573
 0.01098535 0.00499334 0.07190413 0.91211718
 0.0792277  0.04727031 0.10719041 0.76631158
 0.22336884 0.22503329 0.47569907 0.0758988 
 0.10252996 0.09054594 0.16644474 0.64047936

MOTIF SThuman_l3_f_43
letter-probability matrix: alength= 4 w= 9 
 0.011107   0.33246946 0.23954091 0.41688264
 0.23917068 0.25620141 0.43835616 0.06627175
 5.39059608e-01 2.79526101e-01 1.81044058e-01 3.70233247e-04
 0.47056646 0.35209182 0.14735283 0.02998889
 0.09552018 0.61199556 0.08811551 0.20436875
 0.25249907 0.61384672 0.00703443 0.12661977
 0.17289893 0.48722695 0.04183636 0.29803776
 0.0188819  0.48981859 0.25990374 0.23139578
 0.1636431  0.4376157  0.2795261  0.11921511

MOTIF SThuman_l3_f_44
letter-probability matrix: alength= 4 w= 9 
 0.00195848 0.35174305 0.05287897 0.59341951
 0.46024285 0.20916569 0.11359185 0.21699961
 0.37289463 0.42068155 0.09165687 0.11476694
 0.96944771 0.01488445 0.01135919 0.00430866
 0.33137485 0.35879358 0.02467685 0.28515472
 0.28515472 0.20172346 0.02820212 0.4849197 
 0.36545241 0.00470035 0.01762632 0.61222092
 0.24128476 0.0689385  0.62945554 0.06032119
 0.17743831 0.25225225 0.34038386 0.22992558

MOTIF SThuman_l3_f_45
letter-probability matrix: alength= 4 w= 9 
 0.02316076 0.10183924 0.07833787 0.79666213
 0.02792916 0.14986376 0.64202997 0.18017711
 0.01668937 0.05722071 0.10183924 0.82425068
 4.25749319e-02 3.40599455e-04 8.51498638e-03 9.48569482e-01
 2.97343324e-01 3.40599455e-04 3.06539510e-03 6.99250681e-01
 2.29904632e-01 7.49318801e-03 3.40599455e-04 7.62261580e-01
 0.01668937 0.04666213 0.04189373 0.89475477
 0.10422343 0.39713896 0.01089918 0.48773842
 0.2493188  0.17813351 0.1849455  0.38760218

MOTIF SThuman_l3_f_46
letter-probability matrix: alength= 4 w= 9 
 0.28775895 0.19020716 0.25235405 0.26967985
 0.16610169 0.21054614 0.43917137 0.18418079
 0.11751412 0.08813559 0.34689266 0.44745763
 3.76647834e-04 3.76647834e-04 2.10922787e-02 9.78154426e-01
 5.38606403e-02 3.76647834e-04 9.39736347e-01 6.02636535e-03
 9.77777778e-01 3.76647834e-04 2.14689266e-02 3.76647834e-04
 0.22335217 0.09453861 0.23163842 0.45047081
 0.41167608 0.13596987 0.28022599 0.17212806
 0.30847458 0.16798493 0.3386064  0.18493409

MOTIF SThuman_l3_f_47
letter-probability matrix: alength= 4 w= 9 
 0.50683561 0.14704902 0.14204735 0.20406802
 0.02900967 0.25108369 0.30443481 0.41547182
 3.33444481e-04 1.57052351e-01 3.00100033e-03 8.39613204e-01
 0.00100033 0.09036345 0.55018339 0.35845282
 0.01300433 0.25408469 0.5681894  0.16472157
 0.49683228 0.09836612 0.00466822 0.40013338
 0.49116372 0.37712571 0.07202401 0.05968656
 0.45348449 0.13637879 0.24074692 0.1693898 
 0.56152051 0.15138379 0.19506502 0.09203068

MOTIF SThuman_l3_f_48
letter-probability matrix: alength= 4 w= 9 
 0.21675042 0.23417085 0.2358459  0.31323283
 0.00201005 0.44120603 0.00603015 0.55075377
 0.05896147 0.00167504 0.18358459 0.75577889
 0.00971524 0.29514238 0.65695142 0.03819095
 0.02613065 0.06432161 0.6318258  0.27772194
 3.35008375e-04 2.37520938e-01 1.11557789e-01 6.50586265e-01
 0.3681742  0.05360134 0.56984925 0.00837521
 0.04958124 0.09279732 0.58023451 0.27738693
 0.48944724 0.18425461 0.10720268 0.21909548

MOTIF SThuman_l3_f_49
letter-probability matrix: alength= 4 w= 9 
 0.16411936 0.10298399 0.41302766 0.319869  
 3.63901019e-04 2.19796215e-01 3.63901019e-04 7.79475983e-01
 0.2856623  0.02074236 0.59752547 0.09606987
 0.12845706 0.30822416 0.03857351 0.52474527
 0.80203785 0.00181951 0.00436681 0.19177584
 3.08951965e-01 8.07860262e-02 3.63901019e-04 6.09898108e-01
 0.04257642 0.13173217 0.46033479 0.36535662
 0.11535662 0.34788937 0.02510917 0.51164483
 0.13755459 0.26419214 0.53384279 0.06441048

MOTIF SThuman_l3_f_50
letter-probability matrix: alength= 4 w= 9 
 0.1344364  0.38435022 0.1816615  0.29955188
 0.43398828 0.28921062 0.12685281 0.14994829
 0.11892451 0.05480869 0.45880731 0.3674595 
 0.9803516  0.00654947 0.00551534 0.00758359
 5.02240607e-01 3.44708721e-04 3.05067218e-01 1.92347466e-01
 0.36435712 0.4901758  0.1144433  0.03102378
 0.00999655 0.04515684 0.7824888  0.16235781
 0.23474664 0.05584281 0.12409514 0.58531541
 0.45811789 0.08410893 0.28679766 0.17097553

MOTIF SThuman_l3_f_51
letter-probability matrix: alength= 4 w= 9 
 0.13955071 0.19264806 0.35772634 0.31007488
 0.15452689 0.22430225 0.04390742 0.57726344
 0.46017699 0.13818924 0.17801225 0.22362151
 0.94315861 0.00170184 0.04322668 0.01191287
 0.64125255 0.00714772 0.07045609 0.28114364
 0.28556841 0.00612662 0.01599728 0.69230769
 0.66507828 0.08304969 0.19707284 0.05479918
 0.24880871 0.03029272 0.70353982 0.01735875
 0.17631042 0.19809394 0.36929884 0.2562968 

MOTIF SThuman_l3_f_52
letter-probability matrix: alength= 4 w= 9 
 0.23174102 0.19068298 0.45124358 0.12633241
 0.13422819 0.12830636 0.1125148  0.62495065
 0.35807343 0.33201737 0.18357679 0.12633241
 0.50059218 0.01579155 0.21752862 0.26608764
 0.3557047  0.43110936 0.20686932 0.00631662
 0.04540071 0.82866167 0.10777734 0.01816028
 0.03553099 0.7816818  0.10264508 0.08014212
 0.11172523 0.49901303 0.2041058  0.18515594
 0.18120805 0.39992104 0.32017371 0.0986972 

MOTIF SThuman_l3_f_53
letter-probability matrix: alength= 4 w= 9 
 0.54655029 0.05901912 0.30964256 0.08478803
 0.38029925 0.03906899 0.09310058 0.48753117
 0.04239401 0.04447215 0.08104738 0.83208645
 0.37240233 0.54945968 0.04114713 0.03699086
 0.06317539 0.06234414 0.40108063 0.47339983
 0.18911056 0.07107232 0.0527847  0.68703242
 0.61346633 0.01704073 0.08021613 0.28927681
 0.00540316 0.02285952 0.20906068 0.76267664
 0.17206983 0.07772236 0.06109726 0.68911056

MOTIF SThuman_l3_f_54
letter-probability matrix: alength= 4 w= 9 
 0.36526718 0.2        0.14503817 0.28969466
 0.32519084 0.06984733 0.12633588 0.47862595
 0.25877863 0.19694656 0.02328244 0.52099237
 0.15954198 0.2370229  0.19847328 0.40496183
 7.10687023e-01 3.81679389e-04 3.81679389e-04 2.88549618e-01
 3.81679389e-04 3.81679389e-04 3.81679389e-04 9.98854962e-01
 3.81679389e-04 3.81679389e-04 7.10687023e-01 2.88549618e-01
 0.30343511 0.0389313  0.30381679 0.35381679
 0.24427481 0.2278626  0.3370229  0.19083969

MOTIF SThuman_l3_f_55
letter-probability matrix: alength= 4 w= 9 
 0.29260985 0.03595206 0.03528628 0.6361518 
 0.00699068 0.01231691 0.22569907 0.75499334
 0.00565912 0.00499334 0.05259654 0.936751  
 0.09254328 0.06091877 0.28062583 0.56591212
 3.32889481e-04 3.32889481e-04 3.32889481e-04 9.99001332e-01
 1.75099867e-01 5.16644474e-01 3.32889481e-04 3.07922770e-01
 0.00266312 0.54593875 0.02130493 0.43009321
 0.19740346 0.09054594 0.45805593 0.25399467
 0.03828229 0.10552597 0.09021305 0.7659787 

MOTIF SThuman_l3_f_56
letter-probability matrix: alength= 4 w= 9 
 8.71504660e-01 3.32889481e-04 1.05858855e-01 2.23035952e-02
 0.06924101 0.13448735 0.03595206 0.76031957
 0.04660453 0.10585885 0.78428762 0.063249  
 0.36617843 0.13182423 0.33588549 0.16611185
 0.11517976 0.23568575 0.12616511 0.52296937
 0.09753662 0.0885486  0.5665779  0.24733688
 0.2786285  0.15213049 0.44773635 0.12150466
 0.26797603 0.30892144 0.26697736 0.15612517
 0.34320905 0.24800266 0.2723036  0.13648469

MOTIF SThuman_l3_f_57
letter-probability matrix: alength= 4 w= 9 
 0.04572098 0.20164127 0.05041032 0.70222743
 0.04103165 0.05978898 0.59554513 0.30363423
 0.3915592  0.01641266 0.3915592  0.20046893
 0.00820633 0.67526377 0.02930832 0.28722157
 0.60023447 0.00117233 0.28956624 0.10902696
 0.03165299 0.04220399 0.89214537 0.03399766
 0.08206331 0.46893318 0.00586166 0.44314185
 0.02579132 0.003517   0.74091442 0.22977726
 0.24853458 0.16529894 0.35169988 0.23446659

MOTIF SThuman_l3_f_58
letter-probability matrix: alength= 4 w= 9 
 0.54947735 0.10487805 0.16515679 0.1804878 
 1.00348432e-01 2.16027875e-01 3.48432056e-04 6.83275261e-01
 0.63101045 0.06097561 0.15993031 0.14808362
 0.13344948 0.05958188 0.67108014 0.1358885 
 0.00696864 0.06968641 0.10383275 0.8195122 
 0.2271777  0.43449477 0.10313589 0.23519164
 0.36550523 0.01393728 0.30348432 0.31707317
 0.42264808 0.13902439 0.05818815 0.38013937
 0.18118467 0.04738676 0.11637631 0.65505226

MOTIF SThuman_l3_f_59
letter-probability matrix: alength= 4 w= 9 
 0.02629827 0.21904128 0.11950732 0.63515313
 0.05093209 0.00599201 0.62683089 0.31624501
 0.38448735 0.00066578 0.57756325 0.03728362
 0.35153129 0.2659787  0.06691079 0.31557923
 0.08055925 0.00166445 0.36750999 0.55026631
 0.03961385 0.17676431 0.18075899 0.60286285
 3.32889481e-04 2.32023968e-01 8.65512650e-03 7.58988016e-01
 3.32889481e-04 1.80426099e-01 3.66511318e-01 4.52729694e-01
 0.0349534  0.17476698 0.21005326 0.58022636

MOTIF SThuman_l3_f_60
letter-probability matrix: alength= 4 w= 9 
 0.46102293 0.22363316 0.15731922 0.15802469
 0.76402116 0.01622575 0.11146384 0.10828924
 0.1664903  0.05961199 0.1015873  0.67231041
 0.13862434 0.17037037 0.67054674 0.02045855
 0.54885362 0.05220459 0.05890653 0.34003527
 0.07054674 0.04232804 0.17848325 0.70864198
 0.07372134 0.12945326 0.48359788 0.31322751
 0.4292769  0.16261023 0.18977072 0.21834215
 0.16931217 0.19400353 0.14850088 0.48818342

MOTIF SThuman_l3_f_61
letter-probability matrix: alength= 4 w= 9 
 0.28113879 0.0524911  0.10542705 0.56094306
 0.2522242  0.15302491 0.39724199 0.1975089 
 0.01912811 0.03425267 0.04092527 0.90569395
 0.08274021 0.04137011 0.06183274 0.81405694
 3.78113879e-02 4.44839858e-04 1.77935943e-03 9.59964413e-01
 7.40658363e-01 4.44839858e-04 2.50444840e-01 8.45195730e-03
 8.77224199e-01 4.44839858e-04 4.44839858e-04 1.21886121e-01
 0.35186833 0.12322064 0.15035587 0.37455516
 0.54715302 0.06049822 0.08540925 0.3069395 

MOTIF SThuman_l3_f_62
letter-probability matrix: alength= 4 w= 9 
 0.0637138  0.61669506 0.10630324 0.2132879 
 0.07563884 0.68517888 0.03032368 0.2088586 
 0.03645656 0.63475298 0.05860307 0.27018739
 0.49778535 0.25349233 0.10868825 0.14003407
 0.18057922 0.72163543 0.03236797 0.06541738
 0.09608177 0.2834753  0.09199319 0.52844974
 0.06848382 0.49097104 0.39591141 0.04463373
 1.56729131e-02 9.32197615e-01 5.17887564e-02 3.40715503e-04
 0.01226576 0.82998296 0.05315162 0.10459966

MOTIF SThuman_l3_f_63
letter-probability matrix: alength= 4 w= 9 
 0.58278146 0.15231788 0.25827815 0.00662252
 0.90066225 0.00662252 0.08609272 0.00662252
 0.77483444 0.00662252 0.07284768 0.14569536
 0.89403974 0.00662252 0.00662252 0.09271523
 0.25165563 0.00662252 0.00662252 0.73509934
 0.00662252 0.90066225 0.08609272 0.00662252
 0.23178808 0.13245033 0.42384106 0.21192053
 0.65562914 0.01986755 0.00662252 0.31788079
 0.30463576 0.18543046 0.00662252 0.50331126

MOTIF SThuman_l3_f_64
letter-probability matrix: alength= 4 w= 9 
 0.06260691 0.07013342 0.08484434 0.78241533
 0.19739993 0.11734519 0.26821758 0.41703729
 0.09202874 0.20732125 0.00786863 0.69278139
 0.12042422 0.035922   0.1919261  0.65172768
 2.15531988e-02 7.18439959e-03 3.42114266e-04 9.70920287e-01
 0.98905234 0.00855286 0.00102634 0.00136846
 3.42114266e-04 1.02634280e-03 3.42114266e-04 9.98289429e-01
 0.21518987 0.0694492  0.04447485 0.67088608
 0.02976394 0.10845022 0.00547383 0.85631201

MOTIF SThuman_l3_f_65
letter-probability matrix: alength= 4 w= 9 
 0.54616477 0.08664773 0.25497159 0.11221591
 0.09659091 0.1328125  0.72798295 0.04261364
 7.30823864e-01 2.13068182e-03 2.66335227e-01 7.10227273e-04
 0.00071023 0.14133523 0.53622159 0.32173295
 0.31107955 0.05752841 0.01420455 0.6171875 
 0.06107955 0.08451705 0.20241477 0.65198864
 0.14275568 0.20170455 0.10227273 0.55326705
 0.10227273 0.63778409 0.13210227 0.12784091
 0.15127841 0.29261364 0.15553977 0.40056818

MOTIF SThuman_l3_f_66
letter-probability matrix: alength= 4 w= 9 
 0.06815835 0.05679862 0.20447504 0.67056799
 0.03786575 0.01686747 0.4929432  0.45232358
 3.44234079e-04 7.02237522e-02 4.76075731e-01 4.53356282e-01
 0.5555938  0.25232358 0.09776248 0.09432014
 0.08364888 0.22857143 0.11944923 0.56833046
 0.15421687 0.05817556 0.09500861 0.69259897
 0.01204819 0.10843373 0.06299484 0.81652324
 0.0020654  0.02065404 0.95043029 0.02685026
 0.08468158 0.09982788 0.46437177 0.35111876

MOTIF SThuman_l3_f_67
letter-probability matrix: alength= 4 w= 9 
 0.21617752 0.14423765 0.25017895 0.38940587
 0.21188261 0.25017895 0.23622047 0.30171797
 0.53435934 0.13206872 0.03722262 0.29634932
 9.69935576e-01 3.57909807e-04 2.93486042e-02 3.57909807e-04
 0.18038654 0.01610594 0.03256979 0.77093772
 0.06120258 0.01896922 0.73550465 0.18432355
 0.42376521 0.17108089 0.12347888 0.28167502
 0.1166786  0.10343593 0.08697208 0.69291339
 0.04223336 0.08339298 0.5547602  0.31961346

MOTIF SThuman_l3_f_68
letter-probability matrix: alength= 4 w= 9 
 0.71569293 0.05129076 0.21875    0.0142663 
 0.38077446 0.16677989 0.10529891 0.34714674
 0.12228261 0.85971467 0.0091712  0.00883152
 0.38247283 0.11141304 0.35326087 0.15285326
 0.11413043 0.41847826 0.40387228 0.06351902
 0.01324728 0.5298913  0.40998641 0.046875  
 0.29008152 0.04008152 0.36616848 0.30366848
 0.08831522 0.21603261 0.5689538  0.12669837
 0.24830163 0.3997962  0.22316576 0.12873641

MOTIF SThuman_l3_f_69
letter-probability matrix: alength= 4 w= 9 
 3.36473755e-04 7.26783311e-02 3.76850606e-02 8.89300135e-01
 0.27220727 0.0884926  0.56998654 0.06931359
 0.01480485 0.02523553 0.03532974 0.92462988
 1.10363392e-01 3.36473755e-04 9.42126514e-03 8.79878869e-01
 2.32166891e-02 3.36473755e-04 3.36473755e-04 9.76110363e-01
 1.58142665e-02 3.36473755e-04 2.55383580e-01 7.28465680e-01
 0.00471063 0.05181696 0.0269179  0.91655451
 0.18808883 0.21601615 0.15982503 0.43606999
 0.09959623 0.07570659 0.14266487 0.6820323 

MOTIF SThuman_l3_f_70
letter-probability matrix: alength= 4 w= 9 
 0.31181218 0.15590609 0.33639032 0.19589142
 0.0029347  0.38004402 0.1327953  0.48422597
 0.24541453 0.01577403 0.65810712 0.08070433
 3.66837858e-04 6.41966251e-02 9.17094644e-02 8.43727073e-01
 0.25862069 0.04585473 0.43433602 0.26118855
 0.03191489 0.86500367 0.01687454 0.0862069 
 4.63316214e-01 3.66837858e-04 2.48716067e-01 2.87600880e-01
 0.00403522 0.23697726 0.15847395 0.60051357
 0.03888481 0.2644901  0.29567131 0.40095378

MOTIF SThuman_l3_f_71
letter-probability matrix: alength= 4 w= 9 
 0.06856931 0.25796887 0.29318013 0.38028169
 0.05782061 0.36174944 0.17272053 0.40770941
 2.66864344e-02 3.70644922e-04 1.80133432e-01 7.92809489e-01
 0.34062268 0.37472202 0.19977761 0.08487769
 0.75537435 0.0289103  0.09414381 0.12157153
 0.08117124 0.7153447  0.00926612 0.19421794
 0.29058562 0.19088213 0.04670126 0.47183099
 0.23721275 0.58969607 0.00407709 0.16901408
 0.36730912 0.27613047 0.04114159 0.31541883

MOTIF SThuman_l3_f_72
letter-probability matrix: alength= 4 w= 9 
 0.00171409 0.15426808 0.33219061 0.51182722
 3.42817964e-04 1.67980802e-02 2.84538910e-02 9.54405211e-01
 2.08776140e-01 3.42817964e-04 6.72951663e-01 1.17929379e-01
 0.02125471 0.00102845 0.55845046 0.41926637
 0.05587933 0.00137127 0.51217004 0.43057936
 3.42817964e-04 1.03531025e-01 4.31264998e-01 4.64861159e-01
 0.19334933 0.1011313  0.20740487 0.4981145 
 0.14089818 0.30202263 0.46794652 0.08913267
 0.16112444 0.19060679 0.1583819  0.48988687

MOTIF SThuman_l3_f_73
letter-probability matrix: alength= 4 w= 9 
 0.32705718 0.10669456 0.29079498 0.27545328
 0.21687587 0.22245467 0.14295676 0.41771269
 0.4902371  0.20362622 0.27824268 0.027894  
 0.44211994 0.26778243 0.00627615 0.28382148
 0.28242678 0.16596932 0.37377964 0.17782427
 9.74895397e-01 2.37099024e-02 6.97350070e-04 6.97350070e-04
 1.39470014e-03 4.88145049e-03 6.97350070e-04 9.93026499e-01
 6.9735007e-04 6.9735007e-04 9.9790795e-01 6.9735007e-04
 0.13598326 0.11297071 0.38772664 0.36331939

MOTIF SThuman_l3_f_74
letter-probability matrix: alength= 4 w= 9 
 0.28688525 0.08606557 0.34989754 0.27715164
 0.19518443 0.10655738 0.15727459 0.54098361
 0.58145492 0.07428279 0.02920082 0.31506148
 9.57479508e-01 4.09836066e-03 3.79098361e-02 5.12295082e-04
 0.37807377 0.11885246 0.00870902 0.49436475
 0.24282787 0.06762295 0.47694672 0.21260246
 0.76331967 0.03688525 0.01280738 0.1869877 
 0.08965164 0.11219262 0.11116803 0.6869877 
 0.15778689 0.08555328 0.56659836 0.19006148

MOTIF SThuman_l3_f_75
letter-probability matrix: alength= 4 w= 9 
 0.32412587 0.10104895 0.38461538 0.19020979
 0.18146853 0.35174825 0.29685315 0.16993007
 0.42447552 0.33321678 0.18601399 0.05629371
 0.30314685 0.23356643 0.20734266 0.25594406
 9.96153846e-01 3.49650350e-04 3.49650350e-04 3.14685315e-03
 3.49650350e-04 3.49650350e-04 3.14685315e-03 9.96153846e-01
 3.49650350e-04 3.49650350e-04 9.98951049e-01 3.49650350e-04
 0.38286713 0.20524476 0.24300699 0.16888112
 0.18461538 0.23496503 0.26958042 0.31083916

MOTIF SThuman_l3_f_76
letter-probability matrix: alength= 4 w= 9 
 0.3065121  0.09444255 0.17695193 0.42209342
 0.23832254 0.11285373 0.22911695 0.41970678
 0.44630072 0.04398227 0.29116945 0.21854756
 0.16979202 0.0085237  0.00647801 0.81520627
 0.77702012 0.00170474 0.07023525 0.15103989
 0.42959427 0.02727583 0.36310944 0.18002046
 0.14797136 0.00170474 0.06921241 0.78111149
 0.63450392 0.06239345 0.11421752 0.1888851 
 0.47289465 0.0627344  0.31776338 0.14660757

MOTIF SThuman_l3_f_77
letter-probability matrix: alength= 4 w= 9 
 0.42302603 0.18703132 0.24128805 0.14865461
 0.02779003 0.07498897 0.03176004 0.86546096
 4.43317159e-01 2.51874724e-01 3.04367005e-01 4.41111601e-04
 9.04278783e-01 8.82223202e-04 9.43978827e-02 4.41111601e-04
 0.37141597 0.13233348 0.26069696 0.2355536 
 0.03881782 0.43537715 0.36612263 0.1596824 
 0.23511248 0.304367   0.04411116 0.41640935
 0.27084252 0.32465814 0.10322011 0.30127922
 0.11513013 0.31760035 0.30966034 0.25760918

MOTIF SThuman_l3_f_78
letter-probability matrix: alength= 4 w= 9 
 0.50453956 0.11219196 0.2457847  0.13748379
 0.48573281 0.05447471 0.24902724 0.21076524
 0.08365759 0.34435798 0.00064851 0.57133593
 0.05966278 0.05252918 0.37743191 0.51037613
 0.17639429 0.05901427 0.01102464 0.7535668 
 3.09338521e-01 6.48508431e-04 6.89364462e-01 6.48508431e-04
 0.04669261 0.02723735 0.64915694 0.2769131 
 0.45849546 0.10376135 0.34954604 0.08819715
 0.42088197 0.11024643 0.22114137 0.24773022

MOTIF SThuman_l3_f_79
letter-probability matrix: alength= 4 w= 9 
 0.18309377 0.48665298 0.20841889 0.12183436
 0.14852841 0.12936345 0.6615332  0.06057495
 0.19883641 0.02498289 0.75530459 0.02087611
 0.02703628 0.12286105 0.75770021 0.09240246
 0.25188227 0.01266256 0.71149897 0.02395619
 3.42231348e-04 1.03696099e-01 5.66735113e-01 3.29226557e-01
 0.07289528 0.07631759 0.79158111 0.05920602
 0.13963039 0.07597536 0.76283368 0.02156057
 0.24332649 0.26112252 0.37200548 0.12354552

MOTIF SThuman_l3_f_80
letter-probability matrix: alength= 4 w= 9 
 0.15539859 0.39001009 0.07568113 0.37891019
 0.15590313 0.46266398 0.07063572 0.31079717
 0.20837538 0.16851665 0.11453078 0.50857719
 5.04540868e-04 8.25428860e-01 1.73562059e-01 5.04540868e-04
 0.74217962 0.08224016 0.15943491 0.01614531
 0.08324924 0.00958628 0.2431887  0.66397578
 3.29969728e-01 4.54086781e-02 5.04540868e-04 6.24117053e-01
