MEME version 5.3.0

ALPHABET= ACGT

strands: + -

Background letter frequencies
A 0.25 C 0.25 G 0.25 T 0.25

MOTIF STunmod1_l3_f_0
letter-probability matrix: alength= 4 w= 9 
 0.08422104 0.38315579 0.33455393 0.19806924
 3.32889481e-04 3.04593875e-01 6.59121172e-01 3.59520639e-02
 1.83089214e-02 8.86484687e-01 3.32889481e-04 9.48735020e-02
 3.32889481e-04 8.58521971e-01 3.32889481e-04 1.40812250e-01
 3.32889481e-04 5.52596538e-02 3.32889481e-04 9.44074567e-01
 8.13249001e-01 5.52596538e-02 1.31158455e-01 3.32889481e-04
 0.5286285  0.05426099 0.41577896 0.00133156
 0.33055925 0.1424767  0.39181092 0.13515313
 0.23535286 0.22237017 0.35186418 0.19041278

MOTIF STunmod1_l3_f_1
letter-probability matrix: alength= 4 w= 9 
 0.71315372 0.11251981 0.16402536 0.01030111
 0.42234548 0.09786054 0.10816165 0.37163233
 1.78684628e-01 3.96196513e-04 7.28605388e-01 9.23137876e-02
 0.60736926 0.35618067 0.02139461 0.01505547
 4.95641838e-01 3.96196513e-04 2.45641838e-02 4.79397781e-01
 5.23771791e-01 3.96196513e-04 3.56576862e-03 4.72266244e-01
 0.58954041 0.03328051 0.07765452 0.29952456
 0.34231379 0.01822504 0.07567353 0.56378764
 0.44532488 0.09548336 0.42234548 0.03684628

MOTIF STunmod1_l3_f_2
letter-probability matrix: alength= 4 w= 9 
 0.19449036 0.215427   0.28815427 0.30192837
 0.45509642 0.30413223 0.13774105 0.1030303 
 7.35537190e-01 5.50964187e-04 2.63360882e-01 5.50964187e-04
 0.60936639 0.20606061 0.1630854  0.0214876 
 0.19393939 0.18236915 0.57024793 0.05344353
 9.98347107e-01 5.50964187e-04 5.50964187e-04 5.50964187e-04
 5.50964187e-04 5.50964187e-04 5.50964187e-04 9.98347107e-01
 5.50964187e-04 5.50964187e-04 9.98347107e-01 5.50964187e-04
 0.12011019 0.05179063 0.61432507 0.2137741 

MOTIF STunmod1_l3_f_4
letter-probability matrix: alength= 4 w= 9 
 0.42643142 0.11551265 0.30093209 0.15712383
 0.59687084 0.17976032 0.14147803 0.08189081
 3.32889481e-04 2.09720373e-02 1.07856192e-01 8.70838881e-01
 4.26098535e-01 3.32889481e-04 5.65912117e-01 7.65645806e-03
 0.60219707 0.25299601 0.12716378 0.01764314
 3.32889481e-04 3.32889481e-04 4.26098535e-02 9.56724368e-01
 9.53395473e-01 3.32889481e-04 4.59387483e-02 3.32889481e-04
 4.10119840e-01 3.32889481e-04 5.73901465e-01 1.56458056e-02
 0.46937417 0.13015979 0.1741012  0.22636485

MOTIF STunmod1_l3_f_5
letter-probability matrix: alength= 4 w= 9 
 0.01137504 0.29307461 0.08497825 0.6105721 
 0.12111074 0.2780194  0.24054868 0.36032118
 0.25493476 0.10070258 0.31749749 0.32686517
 9.98996320e-01 3.34560054e-04 3.34560054e-04 3.34560054e-04
 3.34560054e-04 3.34560054e-04 3.34560054e-04 9.98996320e-01
 3.34560054e-04 3.34560054e-04 9.98996320e-01 3.34560054e-04
 0.47875544 0.38507862 0.00401472 0.13215122
 0.1130813  0.39411174 0.34459686 0.1482101 
 0.41686183 0.39176982 0.00200736 0.18936099

MOTIF STunmod1_l3_f_6
letter-probability matrix: alength= 4 w= 9 
 0.53881701 0.05683919 0.37523105 0.02911275
 0.02033272 0.47781885 0.0064695  0.49537893
 0.31238447 0.51617375 0.00693161 0.16451017
 4.62107209e-04 4.62107209e-04 9.98613678e-01 4.62107209e-04
 1.02587800e-01 4.62107209e-04 8.65988909e-01 3.09611830e-02
 2.68022181e-02 4.62107209e-04 3.32255083e-01 6.40480591e-01
 0.5254159  0.00693161 0.43946396 0.02818854
 0.57301294 0.14510166 0.04944547 0.23243993
 0.44500924 0.28927911 0.10720887 0.15850277

MOTIF STunmod1_l3_f_7
letter-probability matrix: alength= 4 w= 9 
 0.78353909 0.0436214  0.06296296 0.10987654
 0.08271605 0.02880658 0.06625514 0.82222222
 2.17695473e-01 4.11522634e-04 7.81481481e-01 4.11522634e-04
 0.14814815 0.09506173 0.47037037 0.28641975
 0.08477366 0.01563786 0.1345679  0.76502058
 0.62592593 0.11563786 0.15144033 0.10699588
 0.1781893  0.01234568 0.22304527 0.58641975
 0.6218107  0.06666667 0.01399177 0.29753086
 0.25020576 0.07777778 0.2        0.47201646

MOTIF STunmod1_l3_f_8
letter-probability matrix: alength= 4 w= 9 
 0.19148175 0.22906228 0.21725125 0.36220472
 0.36292054 0.08804581 0.34216178 0.20687187
 0.41803865 0.0801718  0.24015748 0.26163207
 9.92483894e-01 3.57909807e-04 6.80028633e-03 3.57909807e-04
 0.80744452 0.01360057 0.05654975 0.12240515
 3.57909807e-04 3.57909807e-04 1.07372942e-02 9.88546886e-01
 9.98926271e-01 3.57909807e-04 3.57909807e-04 3.57909807e-04
 3.57909807e-04 3.57909807e-04 9.98926271e-01 3.57909807e-04
 0.31102362 0.22584109 0.13206872 0.33106657

MOTIF STunmod1_l3_f_9
letter-probability matrix: alength= 4 w= 9 
 0.60146956 0.10111966 0.18404479 0.11336599
 0.39153254 0.07522743 0.35829251 0.17494752
 0.22043387 0.27676697 0.0143457  0.48845346
 0.17109867 0.18649405 0.11336599 0.52904129
 2.54023793e-01 3.49895031e-04 3.00559832e-01 4.45066480e-01
 7.37928621e-01 2.48075577e-01 3.49895031e-04 1.36459062e-02
 1.27011896e-01 3.49895031e-04 3.49895031e-04 8.72288314e-01
 8.43946816e-01 3.49895031e-04 2.86913926e-02 1.27011896e-01
 6.16165150e-01 3.49895031e-04 3.83135059e-01 3.49895031e-04

MOTIF STunmod1_l3_f_10
letter-probability matrix: alength= 4 w= 9 
 0.10669385 0.08324839 0.248386   0.56167176
 0.02786273 0.36323479 0.29085967 0.31804281
 0.68331634 0.26265715 0.05232756 0.00169895
 8.86170574e-01 1.13149847e-01 3.39789331e-04 3.39789331e-04
 0.89602446 0.05436629 0.01800883 0.03160041
 0.77234115 0.0479103  0.02106694 0.15868162
 5.27353041e-01 3.39789331e-04 5.70846075e-02 4.15222562e-01
 0.12708121 0.02956167 0.26537547 0.57798165
 0.06625892 0.03024125 0.66700646 0.23649337

MOTIF STunmod1_l3_f_11
letter-probability matrix: alength= 4 w= 9 
 0.40146471 0.21171771 0.16810919 0.21870839
 3.32889481e-04 7.52330226e-01 3.32889481e-04 2.47003995e-01
 0.92576565 0.01364847 0.05592543 0.00466045
 0.44374168 0.18808256 0.03295606 0.33521971
 0.1424767  0.02330226 0.01031957 0.82390146
 8.23901465e-01 3.32889481e-04 3.32889481e-04 1.75432756e-01
 2.87949401e-01 3.32889481e-04 7.11384820e-01 3.32889481e-04
 2.50998668e-01 1.38814913e-01 6.09853529e-01 3.32889481e-04
 0.22536618 0.18175766 0.43808256 0.15479361

MOTIF STunmod1_l3_f_12
letter-probability matrix: alength= 4 w= 9 
 0.64516129 0.09886887 0.18391286 0.07205698
 0.46837034 0.0490155  0.24675325 0.23586091
 0.00795978 0.04482614 0.00879765 0.93841642
 4.18935903e-04 1.58776707e-01 2.97863427e-01 5.42940930e-01
 0.07038123 0.30708002 0.06702974 0.55550901
 0.1470465  0.42270633 0.34855467 0.0816925 
 4.77167993e-01 4.18935903e-04 2.11562631e-01 3.10850440e-01
 0.30079598 0.10557185 0.24088814 0.35274403
 0.18139925 0.02764977 0.59028069 0.2006703 

MOTIF STunmod1_l3_f_13
letter-probability matrix: alength= 4 w= 9 
 0.04857738 0.25329632 0.28972935 0.40839695
 3.46981263e-04 5.13532269e-02 3.46981263e-04 9.47952811e-01
 0.31922276 0.15267176 0.13497571 0.39312977
 0.05308813 0.16828591 0.34594032 0.43268563
 8.76821652e-01 3.46981263e-04 1.22484386e-01 3.46981263e-04
 7.39070090e-02 3.46981263e-04 4.89243581e-02 8.76821652e-01
 3.67800139e-02 3.46981263e-04 9.02845246e-01 6.00277585e-02
 0.40700902 0.24184594 0.19188064 0.1592644 
 0.32997918 0.18390007 0.28278973 0.20333102

MOTIF STunmod1_l3_f_14
letter-probability matrix: alength= 4 w= 9 
 0.45934677 0.07227241 0.31549687 0.15288395
 0.24183461 0.26546213 0.07505212 0.41765115
 0.0694927  0.7904795  0.01285615 0.12717165
 6.29603892e-01 3.47463516e-04 3.69701181e-01 3.47463516e-04
 0.39576095 0.338082   0.06706046 0.19909659
 0.34711605 0.18450313 0.34120917 0.12717165
 9.28422516e-01 3.47463516e-04 7.08825573e-02 3.47463516e-04
 0.00903405 0.04447533 0.03300903 0.91348158
 3.47463516e-04 1.70257123e-02 9.45795691e-01 3.68311327e-02

MOTIF STunmod1_l3_f_15
letter-probability matrix: alength= 4 w= 9 
 0.26131824 0.26298269 0.04660453 0.42909454
 0.41245007 0.06091877 0.48701731 0.03961385
 0.03262317 0.01797603 0.14747004 0.80193076
 2.16378162e-02 1.44141145e-01 3.32889481e-04 8.33888149e-01
 8.45539281e-02 3.32889481e-04 7.23701731e-01 1.91411451e-01
 0.01398136 0.08921438 0.54627164 0.35053262
 5.52929427e-01 2.94607190e-01 3.32889481e-04 1.52130493e-01
 0.0316245  0.05226365 0.16311585 0.75299601
 0.09320905 0.4304261  0.2626498  0.21371505

MOTIF STunmod1_l3_f_16
letter-probability matrix: alength= 4 w= 9 
 0.02929427 0.07190413 0.43741678 0.46138482
 1.50133156e-01 8.52197071e-02 3.32889481e-04 7.64314248e-01
 0.24500666 0.00399467 0.10685752 0.64414115
 0.19274301 0.20772304 0.36351531 0.23601864
 0.08189081 0.42476698 0.25233023 0.24101198
 3.32889481e-04 3.32889481e-04 5.68575233e-01 4.30758988e-01
 0.05592543 0.53994674 0.39680426 0.00732357
 0.53728362 0.07190413 0.27197071 0.11884154
 0.0539281  0.08788282 0.34986684 0.50832224

MOTIF STunmod1_l3_f_17
letter-probability matrix: alength= 4 w= 9 
 0.34720373 0.19107856 0.3292277  0.13249001
 3.32889481e-04 3.32889481e-04 3.32889481e-04 9.99001332e-01
 7.02729694e-01 3.32889481e-04 2.96604527e-01 3.32889481e-04
 5.65579228e-01 3.32889481e-04 4.33754993e-01 3.32889481e-04
 3.32889481e-04 3.32889481e-04 3.32889481e-04 9.99001332e-01
 6.23834887e-01 3.32889481e-04 3.75499334e-01 3.32889481e-04
 6.56458056e-01 3.32889481e-04 3.42876165e-01 3.32889481e-04
 0.32623169 0.23635153 0.34687084 0.09054594
 0.25233023 0.25798935 0.2626498  0.22703063

MOTIF STunmod1_l3_f_18
letter-probability matrix: alength= 4 w= 9 
 0.81724368 0.03661784 0.13382157 0.01231691
 0.50798935 0.08921438 0.03528628 0.36750999
 0.09287617 0.12150466 0.4747004  0.31091877
 0.46404794 0.0412783  0.43375499 0.06091877
 0.18009321 0.12117177 0.22070573 0.47802929
 3.32889481e-04 3.32889481e-04 4.54061252e-01 5.45272969e-01
 0.35619174 0.00133156 0.58322237 0.05925433
 5.79560586e-01 1.62117177e-01 2.57989348e-01 3.32889481e-04
 0.24234354 0.18575233 0.37283622 0.19906791

MOTIF STunmod1_l3_f_19
letter-probability matrix: alength= 4 w= 9 
 0.42916042 0.16716642 0.33133433 0.07233883
 0.32871064 0.34595202 0.19715142 0.12818591
 0.57271364 0.15442279 0.2023988  0.07046477
 8.60194903e-01 3.74812594e-04 1.39055472e-01 3.74812594e-04
 6.18815592e-01 1.09070465e-01 3.74812594e-04 2.71739130e-01
 0.48575712 0.06146927 0.31821589 0.13455772
 9.98875562e-01 3.74812594e-04 3.74812594e-04 3.74812594e-04
 3.74812594e-04 3.74812594e-04 3.74812594e-04 9.98875562e-01
 3.74812594e-04 3.74812594e-04 9.98875562e-01 3.74812594e-04

MOTIF STunmod1_l3_f_20
letter-probability matrix: alength= 4 w= 9 
 0.25998668 0.30525965 0.20106525 0.23368842
 0.10552597 0.25332889 0.57256991 0.06857523
 9.99001332e-01 3.32889481e-04 3.32889481e-04 3.32889481e-04
 3.32889481e-04 3.32889481e-04 3.32889481e-04 9.99001332e-01
 3.32889481e-04 3.32889481e-04 9.99001332e-01 3.32889481e-04
 3.32889481e-04 3.32889481e-04 9.62716378e-01 3.66178429e-02
 2.75632490e-01 6.62450067e-02 6.57789614e-01 3.32889481e-04
 0.2659787  0.22370173 0.29893475 0.21138482
 0.30592543 0.30492676 0.27729694 0.11185087

MOTIF STunmod1_l3_f_21
letter-probability matrix: alength= 4 w= 9 
 0.30222055 0.34663154 0.13963116 0.21151675
 0.27512232 0.26345502 0.24237862 0.21904403
 8.86337975e-01 3.76364321e-04 1.12909296e-01 3.76364321e-04
 1.38878434e-01 5.12608205e-01 3.76364321e-04 3.48136997e-01
 5.20511855e-01 5.26910049e-03 4.73842680e-01 3.76364321e-04
 8.63003387e-01 3.76364321e-04 1.12532932e-01 2.40873165e-02
 3.76364321e-04 6.32292059e-02 3.76364321e-04 9.36018065e-01
 1.76891231e-02 3.76364321e-04 9.18705307e-01 6.32292059e-02
 0.31275875 0.15016936 0.33496425 0.20210764

MOTIF STunmod1_l3_f_22
letter-probability matrix: alength= 4 w= 9 
 0.27435662 0.08501838 0.421875   0.21875   
 0.08777574 0.64981618 0.02481618 0.23759191
 0.06663603 0.70955882 0.12867647 0.09512868
 0.17601103 0.73713235 0.02849265 0.05836397
 9.14522059e-01 1.60845588e-02 4.59558824e-04 6.89338235e-02
 0.61580882 0.16498162 0.11626838 0.10294118
 0.82720588 0.08731618 0.03216912 0.05330882
 0.05698529 0.00505515 0.92738971 0.01056985
 0.078125   0.0546875  0.86121324 0.00597426

MOTIF STunmod1_l3_f_23
letter-probability matrix: alength= 4 w= 9 
 0.39081225 0.13182423 0.22303595 0.25432756
 0.15745672 0.17543276 0.38848202 0.2786285 
 3.32889481e-04 3.32889481e-04 3.32889481e-04 9.99001332e-01
 8.53195739e-01 3.32889481e-04 1.46138482e-01 3.32889481e-04
 1.50466045e-01 3.32889481e-04 8.48868176e-01 3.32889481e-04
 1.68109188e-01 2.09720373e-02 8.10585885e-01 3.32889481e-04
 0.0063249  0.4177763  0.40213049 0.17376831
 0.06091877 0.31258322 0.36651132 0.25998668
 0.2879494  0.38382157 0.23069241 0.09753662

MOTIF STunmod1_l3_f_24
letter-probability matrix: alength= 4 w= 9 
 0.31015299 0.20027816 0.25869263 0.23087622
 0.30458971 0.23087622 0.22253129 0.24200278
 0.99582754 0.00139082 0.00139082 0.00139082
 0.00139082 0.00139082 0.00139082 0.99582754
 0.00139082 0.00139082 0.99582754 0.00139082
 0.99582754 0.00139082 0.00139082 0.00139082
 0.21279555 0.00139082 0.00139082 0.78442281
 0.00139082 0.00139082 0.78442281 0.21279555
 0.22809458 0.16828929 0.43671766 0.16689847

MOTIF STunmod1_l3_f_25
letter-probability matrix: alength= 4 w= 9 
 0.1917762  0.14694978 0.49679811 0.1644759 
 0.21199865 0.19514661 0.30974048 0.28311426
 0.23087294 0.08998989 0.17087968 0.5082575 
 8.55072464e-01 3.37040782e-04 1.44253455e-01 3.37040782e-04
 0.39298955 0.03336704 0.12841254 0.44523087
 0.25075834 0.14526458 0.59049545 0.01348163
 0.73677115 0.06437479 0.12436805 0.07448601
 0.05089316 0.07886754 0.00606673 0.86417256
 0.00876306 0.02089653 0.91439164 0.05594877

MOTIF STunmod1_l3_f_26
letter-probability matrix: alength= 4 w= 9 
 0.04773663 0.09218107 0.52510288 0.33497942
 8.23045267e-04 3.78600823e-02 8.23045267e-04 9.60493827e-01
 0.18683128 0.11934156 0.58271605 0.11111111
 8.23045267e-04 8.23045267e-04 8.23045267e-04 9.97530864e-01
 0.5127572  0.08148148 0.01152263 0.39423868
 8.23045267e-04 8.23045267e-04 8.23045267e-04 9.97530864e-01
 0.79423868 0.04773663 0.13744856 0.02057613
 0.6781893  0.29053498 0.03045267 0.00082305
 0.35226337 0.1654321  0.36790123 0.11440329

MOTIF STunmod1_l3_f_27
letter-probability matrix: alength= 4 w= 9 
 0.4340379  0.19825073 0.21355685 0.15415452
 0.76311953 0.16836735 0.03462099 0.03389213
 0.28097668 0.0266035  0.10167638 0.59074344
 3.64431487e-04 1.36297376e-01 5.09110787e-01 3.54227405e-01
 5.77623907e-01 3.64431487e-04 3.68440233e-01 5.35714286e-02
 0.3287172  0.05138484 0.08637026 0.5335277 
 2.68221574e-01 3.64431487e-04 5.88192420e-01 1.43221574e-01
 0.3159621  0.11552478 0.12937318 0.43913994
 0.14030612 0.12427114 0.60677843 0.12864431

MOTIF STunmod1_l3_f_28
letter-probability matrix: alength= 4 w= 9 
 0.70739015 0.02996005 0.24866844 0.01398136
 0.52663116 0.22436751 0.11817577 0.13082557
 0.14513981 0.26364847 0.32323569 0.26797603
 7.79627164e-01 1.99733688e-03 2.18042610e-01 3.32889481e-04
 3.32889481e-04 1.99733688e-03 2.18042610e-01 7.79627164e-01
 9.32090546e-02 8.32223702e-02 8.23235686e-01 3.32889481e-04
 3.32889481e-04 4.99334221e-03 8.34221039e-01 1.60452730e-01
 4.25765646e-01 3.22902796e-01 2.50998668e-01 3.32889481e-04
 0.26398136 0.17643142 0.41644474 0.14314248

MOTIF STunmod1_l3_f_29
letter-probability matrix: alength= 4 w= 9 
 0.86684421 0.01498003 0.11351531 0.00466045
 0.74900133 0.03528628 0.20372836 0.01198402
 0.08355526 0.31291611 0.3069241  0.29660453
 0.50066578 0.25565912 0.16311585 0.08055925
 0.49300932 0.00665779 0.03195739 0.4683755 
 3.35552597e-01 6.61118509e-01 3.32889481e-04 2.99600533e-03
 9.13448735e-01 6.25832224e-02 3.32889481e-04 2.36351531e-02
 0.73135819 0.00898802 0.08122503 0.17842876
 0.44374168 0.03661784 0.50399467 0.01564581

MOTIF STunmod1_l3_f_30
letter-probability matrix: alength= 4 w= 9 
 0.0569241  0.49733688 0.26731025 0.17842876
 0.19374168 0.26531292 0.40778961 0.13315579
 3.32889481e-04 4.35419441e-01 5.24300932e-01 3.99467377e-02
 3.32889481e-04 9.99001332e-01 3.32889481e-04 3.32889481e-04
 1.69773635e-02 9.50399467e-01 3.22902796e-02 3.32889481e-04
 0.06624501 0.66178429 0.25998668 0.01198402
 0.00599201 0.92010652 0.00332889 0.07057257
 0.31990679 0.30592543 0.29227696 0.08189081
 0.25166445 0.20073236 0.31358189 0.2340213 

MOTIF STunmod1_l3_f_31
letter-probability matrix: alength= 4 w= 9 
 0.27063915 0.31225033 0.15312916 0.26398136
 0.46038615 0.09454061 0.39081225 0.05426099
 5.65912117e-03 3.32889481e-04 3.32889481e-04 9.93675100e-01
 9.38415446e-01 3.32889481e-04 5.55925433e-02 5.65912117e-03
 2.19374168e-01 3.32889481e-04 7.79960053e-01 3.32889481e-04
 0.10685752 0.00599201 0.33821571 0.54893475
 9.80359521e-01 3.32889481e-04 1.76431425e-02 1.66444740e-03
 0.51764314 0.00732357 0.17776298 0.29727031
 0.41944075 0.20938748 0.05093209 0.32023968

MOTIF STunmod1_l3_f_32
letter-probability matrix: alength= 4 w= 9 
 0.02054318 0.23990251 0.27611421 0.46344011
 0.04630919 0.07694986 0.20229805 0.6744429 
 0.03412256 0.2005571  0.36420613 0.40111421
 0.27855153 0.28760446 0.01079387 0.42305014
 0.62917827 0.07486072 0.02332869 0.27263231
 1.08635097e-01 3.48189415e-04 3.48189415e-04 8.90668524e-01
 0.26357939 0.04317549 0.01288301 0.68036212
 0.6020195  0.0066156  0.28969359 0.10167131
 0.1183844  0.01949861 0.80013928 0.06197772

MOTIF STunmod1_l3_f_33
letter-probability matrix: alength= 4 w= 9 
 0.34698126 0.19014573 0.20680083 0.25607217
 0.39139486 0.08119362 0.25294934 0.27446218
 0.28417765 0.15058987 0.33587786 0.22935461
 3.46981263e-04 3.46981263e-04 3.46981263e-04 9.98959056e-01
 6.65857044e-01 3.46981263e-04 3.33448994e-01 3.46981263e-04
 6.53018737e-01 3.46981263e-04 3.46287300e-01 3.46981263e-04
 3.46981263e-04 3.46981263e-04 3.46981263e-04 9.98959056e-01
 9.69465649e-01 3.46981263e-04 2.98403886e-02 3.46981263e-04
 6.70714781e-01 3.46981263e-04 3.28591256e-01 3.46981263e-04

MOTIF STunmod1_l3_f_34
letter-probability matrix: alength= 4 w= 9 
 0.29828109 0.08560836 0.47792383 0.13818672
 0.36703741 0.25682508 0.157061   0.21907651
 0.31850354 0.16818335 0.37714863 0.13616448
 9.78429390e-01 3.37040782e-03 1.78631614e-02 3.37040782e-04
 3.22885069e-01 1.24705089e-02 3.37040782e-04 6.64307381e-01
 1.90765083e-01 1.07853050e-02 7.98112572e-01 3.37040782e-04
 5.15672396e-01 3.37040782e-04 4.83653522e-01 3.37040782e-04
 0.04550051 0.29524772 0.04010785 0.61914392
 0.07448601 0.14391641 0.71284125 0.06875632

MOTIF STunmod1_l3_f_35
letter-probability matrix: alength= 4 w= 9 
 0.14690027 0.3675876  0.06334232 0.42216981
 0.14487871 0.24494609 0.40667116 0.20350404
 0.06165768 0.00336927 0.481469   0.45350404
 0.63477089 0.35309973 0.00943396 0.00269542
 0.03537736 0.03672507 0.27055256 0.65734501
 0.05256065 0.19743935 0.20215633 0.54784367
 0.30222372 0.5754717  0.01415094 0.10815364
 0.06637466 0.01785714 0.01954178 0.89622642
 0.66745283 0.28268194 0.00235849 0.04750674

MOTIF STunmod1_l3_f_37
letter-probability matrix: alength= 4 w= 9 
 0.23966942 0.21723731 0.25974026 0.28335301
 0.20365998 0.21015348 0.25265643 0.33353011
 5.90318772e-04 5.90318772e-04 5.90318772e-04 9.98229044e-01
 0.56316411 0.00059032 0.43565525 0.00059032
 6.91853601e-01 5.90318772e-04 3.06965762e-01 5.90318772e-04
 9.28571429e-01 5.90318772e-04 7.02479339e-02 5.90318772e-04
 0.01593861 0.04663518 0.03128689 0.90613932
 5.90318772e-04 5.90318772e-04 9.60448642e-01 3.83707202e-02
 0.34179457 0.25029516 0.20188902 0.20602125

MOTIF STunmod1_l3_f_38
letter-probability matrix: alength= 4 w= 9 
 0.32432432 0.02702703 0.02702703 0.62162162
 0.02702703 0.62162162 0.32432432 0.02702703
 0.91891892 0.02702703 0.02702703 0.02702703
 0.02702703 0.02702703 0.02702703 0.91891892
 0.02702703 0.02702703 0.91891892 0.02702703
 0.02702703 0.02702703 0.91891892 0.02702703
 0.02702703 0.91891892 0.02702703 0.02702703
 0.02702703 0.02702703 0.91891892 0.02702703
 0.02702703 0.02702703 0.02702703 0.91891892

MOTIF STunmod1_l3_f_39
letter-probability matrix: alength= 4 w= 9 
 0.40046605 0.22403462 0.17343542 0.20206391
 0.34420772 0.25266312 0.22603196 0.1770972 
 8.79161119e-01 3.32889481e-04 1.20173103e-01 3.32889481e-04
 1.04194407e-01 7.25699068e-02 3.32889481e-04 8.22902796e-01
 0.02197071 0.10286285 0.85719041 0.01797603
 2.56990679e-01 3.32889481e-04 7.42343542e-01 3.32889481e-04
 1.68774967e-01 5.73901465e-01 3.32889481e-04 2.56990679e-01
 0.03928096 0.23335553 0.51131824 0.21604527
 0.26930759 0.16544607 0.32456724 0.24067909

MOTIF STunmod1_l3_f_40
letter-probability matrix: alength= 4 w= 9 
 0.21404794 0.27563249 0.21604527 0.2942743 
 0.31524634 0.19707057 0.32822903 0.15945406
 3.32889481e-04 3.32889481e-04 3.32889481e-04 9.99001332e-01
 7.15046605e-01 3.32889481e-04 2.84287617e-01 3.32889481e-04
 3.74167776e-01 3.32889481e-04 6.25166445e-01 3.32889481e-04
 3.32889481e-04 3.32889481e-04 3.32889481e-04 9.99001332e-01
 6.80758988e-01 3.32889481e-04 3.18575233e-01 3.32889481e-04
 5.92876165e-01 3.32889481e-04 4.06458056e-01 3.32889481e-04
 0.32190413 0.17876165 0.31790945 0.18142477

MOTIF STunmod1_l3_f_41
letter-probability matrix: alength= 4 w= 9 
 0.3701731  0.310253   0.17376831 0.14580559
 0.45406125 0.16711052 0.25299601 0.12583222
 3.32889481e-04 7.96937417e-01 2.02396804e-01 3.32889481e-04
 3.32889481e-04 3.32889481e-04 9.99001332e-01 3.32889481e-04
 4.12782956e-02 4.99334221e-03 9.53395473e-01 3.32889481e-04
 3.32889481e-04 8.66178429e-01 1.49800266e-02 1.18508655e-01
 3.32889481e-04 3.32889481e-04 9.71704394e-01 2.76298269e-02
 0.04960053 0.20339547 0.58022636 0.16677763
 0.29926764 0.34121172 0.27430093 0.08521971

MOTIF STunmod1_l3_f_42
letter-probability matrix: alength= 4 w= 9 
 0.61950732 0.11850866 0.21704394 0.04494008
 0.89580559 0.00499334 0.05093209 0.04826897
 0.49766977 0.03528628 0.34354194 0.123502  
 0.42376831 0.01830892 0.07789614 0.48002663
 0.19873502 0.03229028 0.15146471 0.61750999
 4.34087883e-01 3.32889481e-04 6.65778961e-03 5.58921438e-01
 0.31225033 0.00865513 0.05326232 0.62583222
 0.53462051 0.06624501 0.23568575 0.16344874
 0.00898802 0.01231691 0.97170439 0.00699068

MOTIF STunmod1_l3_f_43
letter-probability matrix: alength= 4 w= 9 
 0.74434088 0.1201731  0.11151798 0.02396804
 0.07689747 0.03561917 0.66611185 0.2213715 
 3.32889481e-04 6.55126498e-01 6.19174434e-02 2.82623169e-01
 7.82290280e-01 3.52862850e-02 1.82090546e-01 3.32889481e-04
 0.02496671 0.03728362 0.36784288 0.56990679
 2.27030626e-01 5.36617843e-01 3.32889481e-04 2.36018642e-01
 0.34320905 0.2213715  0.30992011 0.12549933
 0.02197071 0.05892144 0.22370173 0.69540613
 0.6741012  0.22070573 0.06557923 0.03961385

MOTIF STunmod1_l3_f_44
letter-probability matrix: alength= 4 w= 9 
 0.47811159 0.21630901 0.14420601 0.16137339
 9.97424893e-01 8.58369099e-04 8.58369099e-04 8.58369099e-04
 0.45579399 0.00085837 0.00085837 0.54248927
 0.29356223 0.00085837 0.63948498 0.06609442
 9.27038627e-01 8.58369099e-04 7.12446352e-02 8.58369099e-04
 1.54506438e-02 5.66523605e-02 8.58369099e-04 9.27038627e-01
 8.58369099e-04 4.29184549e-03 9.51072961e-01 4.37768240e-02
 0.13304721 0.13648069 0.40257511 0.327897  
 0.31502146 0.27124464 0.32360515 0.09012876

MOTIF STunmod1_l3_f_45
letter-probability matrix: alength= 4 w= 9 
 0.6108522  0.14647137 0.16711052 0.07556591
 0.74933422 0.04460719 0.13715047 0.06890812
 0.39447403 0.32556591 0.03428762 0.24567244
 5.00998668e-01 1.86418109e-02 4.80026631e-01 3.32889481e-04
 6.64114514e-01 3.32889481e-04 3.72836218e-02 2.98268975e-01
 0.02063915 0.05259654 0.26298269 0.66378162
 1.30159787e-01 3.32889481e-04 8.69174434e-01 3.32889481e-04
 0.19773635 0.14780293 0.44806924 0.20639148
 0.39680426 0.22203728 0.33189081 0.04926764

MOTIF STunmod1_l3_f_46
letter-probability matrix: alength= 4 w= 9 
 0.46372032 0.26781003 0.09894459 0.16952507
 0.59564644 0.0494723  0.30804749 0.04683377
 0.51253298 0.00065963 0.48614776 0.00065963
 6.59630607e-04 7.12401055e-02 6.59630607e-04 9.27440633e-01
 1.18733509e-02 6.59630607e-04 6.82058047e-01 3.05408971e-01
 3.23218997e-02 6.59630607e-04 5.93667546e-03 9.61081794e-01
 2.44722955e-01 6.59630607e-04 6.59630607e-04 7.53957784e-01
 0.29683377 0.10686016 0.21503958 0.38126649
 0.52638522 0.10092348 0.35488127 0.01781003

MOTIF STunmod1_l3_f_47
letter-probability matrix: alength= 4 w= 9 
 3.40831629e-04 6.38036810e-01 3.40831629e-04 3.61281527e-01
 9.61826858e-01 3.40831629e-04 3.74914792e-02 3.40831629e-04
 0.50136333 0.07907294 0.25357873 0.165985  
 0.20109066 0.74982958 0.01908657 0.02999318
 0.13053851 0.53953647 0.12133606 0.20858896
 0.03067485 0.39604635 0.34423995 0.22903885
 0.665985   0.11145194 0.14076346 0.08179959
 0.21438309 0.07566462 0.13326517 0.57668712
 0.37593729 0.1939332  0.32208589 0.10804363

MOTIF STunmod1_l3_f_48
letter-probability matrix: alength= 4 w= 9 
 0.48484848 0.14882155 0.196633   0.16969697
 0.0043771  0.06936027 0.5013468  0.42491582
 0.01515152 0.01010101 0.2013468  0.77340067
 0.0993266  0.02929293 0.42962963 0.44175084
 0.25387205 0.10707071 0.35185185 0.28720539
 0.58417508 0.10909091 0.02356902 0.28316498
 0.31010101 0.02154882 0.14444444 0.52390572
 0.03535354 0.0952862  0.28518519 0.58417508
 0.08653199 0.13164983 0.61784512 0.16397306

MOTIF STunmod1_l3_f_49
letter-probability matrix: alength= 4 w= 9 
 0.54404145 0.2642487  0.11658031 0.07512953
 0.3626943  0.5388601  0.00259067 0.09585492
 0.40673575 0.00259067 0.52331606 0.06735751
 0.00259067 0.00259067 0.05440415 0.94041451
 0.00259067 0.02331606 0.07253886 0.9015544 
 0.19430052 0.00259067 0.13989637 0.66321244
 0.62176166 0.02331606 0.00259067 0.35233161
 0.42746114 0.00259067 0.00259067 0.56735751
 0.00259067 0.00259067 0.56735751 0.42746114

MOTIF STunmod1_l3_f_50
letter-probability matrix: alength= 4 w= 9 
 0.32939832 0.34653465 0.24295506 0.08111196
 0.44630617 0.11843107 0.36100533 0.07425743
 0.03922315 0.56435644 0.22277228 0.17364813
 3.80807312e-04 9.77532369e-01 3.80807312e-04 2.17060168e-02
 2.17060168e-02 9.77532369e-01 3.80807312e-04 3.80807312e-04
 3.80807312e-04 9.58111196e-01 2.17060168e-02 1.98019802e-02
 9.63442498e-02 6.80121858e-01 2.23153085e-01 3.80807312e-04
 0.13061691 0.12261995 0.56968774 0.1770754 
 0.19763899 0.16298553 0.55940594 0.07996954

MOTIF STunmod1_l3_f_51
letter-probability matrix: alength= 4 w= 9 
 0.33155792 0.09920107 0.50865513 0.06058589
 0.81358189 0.14114514 0.0189747  0.02629827
 0.10186418 0.4810253  0.1361518  0.28095872
 6.95406125e-01 3.32889481e-04 2.89613848e-01 1.46471372e-02
 0.50665779 0.09287617 0.15346205 0.24700399
 5.25965379e-02 3.32889481e-04 4.52729694e-02 9.01797603e-01
 8.92476698e-01 3.32889481e-04 7.68974700e-02 3.02929427e-02
 5.29294274e-02 3.32889481e-04 9.46404794e-01 3.32889481e-04
 0.14913449 0.13515313 0.54826897 0.16744341

MOTIF STunmod1_l3_f_52
letter-probability matrix: alength= 4 w= 9 
 0.17026298 0.0074174  0.03000674 0.79231288
 0.53337829 0.02090357 0.41773432 0.02798382
 0.72285907 0.0266352  0.16014835 0.09035738
 0.23904248 0.03337829 0.31692515 0.41065408
 0.37929872 0.06338503 0.41233985 0.1449764 
 0.47606204 0.12609575 0.2633176  0.13452461
 3.37154417e-04 3.37154417e-04 3.37154417e-04 9.98988537e-01
 6.73634525e-01 3.37154417e-04 3.25691167e-01 3.37154417e-04
 8.33445718e-01 3.37154417e-04 1.65542819e-01 6.74308833e-04

MOTIF STunmod1_l3_f_53
letter-probability matrix: alength= 4 w= 9 
 3.61402241e-04 3.61402241e-04 3.61402241e-04 9.98915793e-01
 5.50415613e-01 3.61402241e-04 4.48861583e-01 3.61402241e-04
 6.21973256e-01 3.61402241e-04 3.77303939e-01 3.61402241e-04
 3.61402241e-04 3.61402241e-04 3.61402241e-04 9.98915793e-01
 9.53740513e-01 3.61402241e-04 4.55366823e-02 3.61402241e-04
 4.30430069e-01 3.61402241e-04 5.68847127e-01 3.61402241e-04
 0.33574268 0.21828695 0.31586556 0.13010481
 0.24466932 0.21286592 0.30393928 0.23852548
 0.26743766 0.24466932 0.24972895 0.23816408

MOTIF STunmod1_l3_f_54
letter-probability matrix: alength= 4 w= 9 
 0.36135333 0.12312522 0.37949076 0.13603069
 0.4586676  0.24590164 0.1562609  0.13916986
 0.41890478 0.19079177 0.30763865 0.08266481
 9.98953610e-01 3.48796652e-04 3.48796652e-04 3.48796652e-04
 3.48796652e-04 3.48796652e-04 3.48796652e-04 9.98953610e-01
 3.48796652e-04 3.48796652e-04 9.98953610e-01 3.48796652e-04
 1.87303802e-01 3.48796652e-04 8.11998605e-01 3.48796652e-04
 0.38053715 0.41332403 0.01883502 0.1873038 
 0.20369724 0.09068713 0.51656784 0.18904779

MOTIF STunmod1_l3_f_56
letter-probability matrix: alength= 4 w= 9 
 0.73853924 0.05322455 0.17443667 0.03379953
 0.03574204 0.06021756 0.05283605 0.85120435
 1.82206682e-01 3.88500389e-04 8.17016317e-01 3.88500389e-04
 0.18414918 0.32167832 0.1033411  0.39083139
 0.02564103 0.00621601 0.62121212 0.34693085
 0.58663559 0.26262626 0.02486402 0.12587413
 5.10489510e-01 3.88500389e-04 3.86169386e-01 1.02952603e-01
 0.32245532 0.08857809 0.06798757 0.52097902
 0.20901321 0.06138306 0.66317016 0.06643357

MOTIF STunmod1_l3_f_57
letter-probability matrix: alength= 4 w= 9 
 0.58912077 0.08826548 0.22032159 0.10229217
 0.08450222 0.16387273 0.26308587 0.48853917
 0.24598016 0.16592542 0.27882313 0.3092713 
 7.84468012e-01 3.42114266e-04 2.14847759e-01 3.42114266e-04
 0.19124187 0.04652754 0.01402668 0.7482039 
 0.09066028 0.03489566 0.81252138 0.06192268
 0.49606569 0.01881628 0.25624359 0.22887444
 0.08039685 0.2350325  0.0263428  0.65822785
 0.12179268 0.13239822 0.53780363 0.20800547

MOTIF STunmod1_l3_f_58
letter-probability matrix: alength= 4 w= 9 
 0.4217119  0.31871955 0.13326374 0.1263048 
 0.80027836 0.06854558 0.07132916 0.0598469 
 0.77800974 0.01356994 0.04349339 0.16492693
 0.27905358 0.1809325  0.28496868 0.25504523
 0.44502436 0.18789144 0.33228949 0.03479471
 8.14196242e-01 3.47947112e-04 3.47947112e-04 1.85107864e-01
 3.47947112e-04 3.47947112e-04 1.85107864e-01 8.14196242e-01
 4.87125957e-02 3.47947112e-04 9.25191371e-01 2.57480863e-02
 0.31697982 0.14683368 0.40501044 0.13117606

MOTIF STunmod1_l3_f_59
letter-probability matrix: alength= 4 w= 9 
 0.07219472 0.23844884 0.25165017 0.43770627
 0.24793729 0.1769802  0.28094059 0.29414191
 0.28341584 0.37046205 0.10189769 0.24422442
 0.27929043 0.32590759 0.38985149 0.0049505 
 0.44636964 0.48061056 0.0140264  0.0589934 
 0.69471947 0.0140264  0.23762376 0.05363036
 9.87211221e-01 4.12541254e-04 1.19636964e-02 4.12541254e-04
 4.12541254e-04 4.12541254e-04 4.12541254e-04 9.98762376e-01
 0.0049505  0.00330033 0.99009901 0.00165017

MOTIF STunmod1_l3_f_60
letter-probability matrix: alength= 4 w= 9 
 9.02463382e-01 3.32889481e-04 9.68708389e-02 3.32889481e-04
 0.37483356 0.18941411 0.04593875 0.38981358
 0.21671105 0.17976032 0.47869507 0.12483356
 0.80992011 0.01864181 0.12283622 0.04860186
 0.03661784 0.08788282 0.05226365 0.82323569
 3.32889481e-04 3.32889481e-04 8.01930759e-01 1.97403462e-01
 0.16411451 0.02929427 0.6581225  0.14846871
 5.32290280e-01 2.12383489e-01 2.54993342e-01 3.32889481e-04
 0.25233023 0.16944075 0.39314248 0.18508655

MOTIF STunmod1_l3_f_61
letter-probability matrix: alength= 4 w= 9 
 0.40231884 0.10028986 0.17449275 0.32289855
 0.77681159 0.18318841 0.02724638 0.01275362
 9.73333333e-01 2.55072464e-02 5.79710145e-04 5.79710145e-04
 7.42028986e-02 5.79710145e-04 9.24637681e-01 5.79710145e-04
 5.79710145e-04 1.18840580e-01 8.80000000e-01 5.79710145e-04
 0.00405797 0.84347826 0.08231884 0.07014493
 8.11594203e-03 5.79710145e-04 9.82608696e-01 8.69565217e-03
 0.03014493 0.56       0.23130435 0.17855072
 0.3426087 0.1942029 0.2173913 0.2457971

MOTIF STunmod1_l3_f_62
letter-probability matrix: alength= 4 w= 9 
 0.37569061 0.36556169 0.03406998 0.22467772
 0.2053407  0.10589319 0.43001842 0.2587477 
 0.00092081 0.01657459 0.82504604 0.15745856
 9.20810313e-04 5.52486188e-03 9.20810313e-04 9.92633517e-01
 0.06998158 0.01473297 0.88581952 0.02946593
 0.00828729 0.51381215 0.00092081 0.47697974
 0.63535912 0.00092081 0.00092081 0.36279926
 0.00460405 0.053407   0.27808471 0.66390424
 0.10589319 0.13167587 0.68600368 0.07642726

MOTIF STunmod1_l3_f_63
letter-probability matrix: alength= 4 w= 9 
 0.22869507 0.22669774 0.14513981 0.39946738
 0.59387483 0.05659121 0.27962716 0.06990679
 2.99600533e-03 6.62450067e-02 3.32889481e-04 9.30426099e-01
 0.15612517 0.00965379 0.75133156 0.08288948
 0.10419441 0.12716378 0.1011984  0.66744341
 0.50765646 0.37050599 0.04094541 0.08089214
 0.02097204 0.1804261  0.20772304 0.59087883
 0.05426099 0.2247004  0.5855526  0.13548602
 0.41711052 0.28695073 0.15679095 0.1391478 

MOTIF STunmod1_l3_f_64
letter-probability matrix: alength= 4 w= 9 
 0.329806   0.21340388 0.2345679  0.22222222
 0.3015873  0.23104056 0.24162257 0.22574956
 0.99470899 0.00176367 0.00176367 0.00176367
 0.00176367 0.00176367 0.00176367 0.99470899
 0.00176367 0.00176367 0.99470899 0.00176367
 0.99470899 0.00176367 0.00176367 0.00176367
 0.00176367 0.00176367 0.00176367 0.99470899
 0.00176367 0.00176367 0.99470899 0.00176367
 0.28924162 0.21340388 0.28571429 0.21164021

MOTIF STunmod1_l3_f_65
letter-probability matrix: alength= 4 w= 9 
 0.05159787 0.05093209 0.88348868 0.01398136
 2.23035952e-02 9.62050599e-02 8.81158455e-01 3.32889481e-04
 3.32889481e-04 2.64647137e-01 7.34687084e-01 3.32889481e-04
 0.00366178 0.06391478 0.89613848 0.03628495
 0.00532623 0.22103862 0.71338216 0.060253  
 0.03728362 0.49766977 0.43641811 0.0286285 
 0.12616511 0.09121172 0.72270306 0.05992011
 0.0286285  0.41111851 0.38315579 0.1770972 
 0.22669774 0.35719041 0.36850866 0.0476032 

MOTIF STunmod1_l3_f_66
letter-probability matrix: alength= 4 w= 9 
 0.3229028  0.41211718 0.15612517 0.10885486
 8.53528628e-01 3.32889481e-04 1.45805593e-01 3.32889481e-04
 0.78229028 0.0379494  0.14280959 0.03695073
 0.43075899 0.0982024  0.41944075 0.05159787
 9.70705726e-01 3.32889481e-04 2.86284953e-02 3.32889481e-04
 3.32889481e-04 2.86284953e-02 3.32889481e-04 9.70705726e-01
 3.32889481e-04 3.32889481e-04 9.72703063e-01 2.66311585e-02
 0.1328229  0.21005326 0.50366178 0.15346205
 0.33688415 0.28328895 0.30259654 0.07723036

MOTIF STunmod1_l3_f_67
letter-probability matrix: alength= 4 w= 9 
 0.08864266 0.08217913 0.23915051 0.5900277 
 0.00092336 0.00092336 0.48384118 0.5143121 
 0.00092336 0.15050785 0.17913204 0.66943675
 0.22530009 0.01939058 0.6611265  0.09418283
 0.07017544 0.00923361 0.72391505 0.1966759 
 0.00092336 0.06094183 0.82271468 0.11542013
 0.32317636 0.29639889 0.37950139 0.00092336
 0.09325946 0.24838412 0.19298246 0.46537396
 0.19759926 0.70729455 0.06832872 0.02677747

MOTIF STunmod1_l3_f_68
letter-probability matrix: alength= 4 w= 9 
 0.6084453  0.12028151 0.17466411 0.09660909
 0.12987844 0.12795905 0.51119642 0.23096609
 6.39795266e-04 2.46321177e-01 6.39795266e-04 7.52399232e-01
 0.00575816 0.2565579  0.72744722 0.01023672
 6.39795266e-04 6.64747281e-01 2.14971209e-01 1.19641715e-01
 7.42162508e-02 9.09788868e-01 1.53550864e-02 6.39795266e-04
 6.39795266e-04 9.24504159e-01 6.39795266e-04 7.42162508e-02
 0.0403071  0.61292386 0.10236724 0.24440179
 0.26743442 0.31733845 0.27575176 0.13947537

MOTIF STunmod1_l3_f_69
letter-probability matrix: alength= 4 w= 9 
 0.57524272 0.40048544 0.0157767  0.00849515
 0.41019417 0.00121359 0.58737864 0.00121359
 0.3118932  0.6565534  0.03033981 0.00121359
 0.21237864 0.51820388 0.1565534  0.11286408
 0.99635922 0.00121359 0.00121359 0.00121359
 0.01456311 0.04368932 0.00121359 0.94053398
 0.00121359 0.32281553 0.67475728 0.00121359
 0.32281553 0.01820388 0.3592233  0.29975728
 0.49271845 0.08252427 0.04126214 0.38349515

MOTIF STunmod1_l3_f_70
letter-probability matrix: alength= 4 w= 9 
 0.5070714  0.07450845 0.34805105 0.07036909
 0.04208348 0.01379786 0.29044498 0.65367368
 0.19454984 0.07140393 0.13659883 0.5974474 
 2.44912039e-01 3.44946533e-04 5.22938944e-01 2.31804070e-01
 0.23042428 0.03897896 0.38358055 0.34701621
 0.42048982 0.38151087 0.12280097 0.07519834
 0.0148327  0.00241463 0.01379786 0.96895481
 0.67471542 0.02621594 0.27561228 0.02345636
 9.11693687e-01 3.79441187e-03 8.41669541e-02 3.44946533e-04

MOTIF STunmod1_l3_f_71
letter-probability matrix: alength= 4 w= 9 
 0.07789614 0.09986684 0.60486019 0.21737683
 3.32889481e-04 6.09853529e-01 3.32889481e-04 3.89480692e-01
 6.49134487e-01 5.55925433e-02 2.94940080e-01 3.32889481e-04
 0.1045273  0.01098535 0.26531292 0.61917443
 2.60652463e-01 3.32889481e-04 6.01198402e-01 1.37816245e-01
 0.19740346 0.11750999 0.12816245 0.5569241 
 5.65912117e-03 3.32889481e-04 4.35752330e-01 5.58255659e-01
 0.34687084 0.34720373 0.15312916 0.15279627
 0.15412783 0.03095872 0.45805593 0.35685752

MOTIF STunmod1_l3_f_72
letter-probability matrix: alength= 4 w= 9 
 0.09115927 0.30650155 0.38183695 0.22050224
 0.00103199 0.64155487 0.29102167 0.06639147
 0.04368765 0.29514964 0.63467492 0.02648779
 0.00275198 0.89267286 0.09287926 0.01169591
 3.43997248e-04 9.87960096e-01 1.13519092e-02 3.43997248e-04
 1.58238734e-02 9.76952184e-01 6.87994496e-03 3.43997248e-04
 0.25696594 0.41623667 0.29927761 0.02751978
 0.10560716 0.47437221 0.27932577 0.14069487
 0.23151015 0.3495012  0.3247334  0.09425525

MOTIF STunmod1_l3_f_73
letter-probability matrix: alength= 4 w= 9 
 0.19107856 0.33455393 0.06358189 0.41078562
 0.1834221  0.26364847 0.32856192 0.22436751
 8.77163782e-01 3.32889481e-04 1.22170439e-01 3.32889481e-04
 1.99400799e-01 2.85952064e-01 3.32889481e-04 5.14314248e-01
 0.20672437 0.11950732 0.6201731  0.05359521
 6.92743009e-01 3.32889481e-04 3.99467377e-02 2.66977364e-01
 2.11384820e-01 3.32889481e-04 9.55392810e-02 6.92743009e-01
 1.18175766e-01 3.32889481e-04 8.76165113e-01 5.32623169e-03
 0.2626498  0.21005326 0.310253   0.21704394

MOTIF STunmod1_l3_f_74
letter-probability matrix: alength= 4 w= 9 
 0.28947368 0.55263158 0.05263158 0.10526316
 0.57017544 0.21929825 0.07894737 0.13157895
 0.97368421 0.00877193 0.00877193 0.00877193
 0.00877193 0.00877193 0.00877193 0.97368421
 0.00877193 0.00877193 0.97368421 0.00877193
 0.97368421 0.00877193 0.00877193 0.00877193
 0.00877193 0.00877193 0.00877193 0.97368421
 0.00877193 0.00877193 0.97368421 0.00877193
 0.00877193 0.00877193 0.5877193  0.39473684

MOTIF STunmod1_l3_f_76
letter-probability matrix: alength= 4 w= 9 
 0.38015979 0.17676431 0.15379494 0.28928096
 0.70073236 0.22403462 0.0189747  0.05625832
 9.32090546e-03 9.84354194e-01 3.32889481e-04 5.99201065e-03
 5.96870839e-01 3.32889481e-04 4.02463382e-01 3.32889481e-04
 0.34254328 0.54893475 0.01031957 0.0982024 
 3.32889481e-04 9.99001332e-01 3.32889481e-04 3.32889481e-04
 7.76631158e-01 1.39813582e-02 2.09054594e-01 3.32889481e-04
 5.87549933e-01 3.02929427e-02 3.81824234e-01 3.32889481e-04
 0.27430093 0.17809587 0.53561917 0.01198402

MOTIF STunmod1_l3_f_77
letter-probability matrix: alength= 4 w= 9 
 0.96428571 0.01190476 0.01190476 0.01190476
 0.01190476 0.01190476 0.01190476 0.96428571
 0.01190476 0.01190476 0.96428571 0.01190476
 0.01190476 0.01190476 0.01190476 0.96428571
 0.96428571 0.01190476 0.01190476 0.01190476
 0.01190476 0.01190476 0.96428571 0.01190476
 0.01190476 0.58333333 0.39285714 0.01190476
 0.01190476 0.19047619 0.78571429 0.01190476
 0.19047619 0.28571429 0.30952381 0.21428571

MOTIF STunmod1_l3_f_78
letter-probability matrix: alength= 4 w= 9 
 0.15092849 0.07467404 0.18727776 0.58711972
 0.21849072 0.00592651 0.6847096  0.09087317
 3.95100751e-04 3.95100751e-04 7.75187673e-01 2.24022126e-01
 8.88976689e-02 5.95811932e-01 3.14895298e-01 3.95100751e-04
 0.00316081 0.01580403 0.80007902 0.18095614
 0.32990913 0.38877914 0.24812327 0.03318846
 0.05531411 0.01580403 0.49861715 0.43026472
 0.03121296 0.80956144 0.07902015 0.08020545
 0.18451205 0.34018175 0.28210194 0.19320427

MOTIF STunmod1_l3_f_79
letter-probability matrix: alength= 4 w= 9 
 0.31557923 0.19640479 0.30725699 0.18075899
 9.71371505e-01 3.32889481e-04 1.99733688e-03 2.62982690e-02
 3.32889481e-04 3.32889481e-04 1.53129161e-02 9.84021305e-01
 1.19840213e-02 3.32889481e-04 9.87350200e-01 3.32889481e-04
 0.85985353 0.09886818 0.00732357 0.03395473
 0.13149134 0.41011984 0.40778961 0.0505992 
 0.18275632 0.4810253  0.16611185 0.17010652
 0.21870839 0.32623169 0.1011984  0.35386152
 0.1454727  0.26398136 0.34853529 0.24201065

MOTIF STunmod1_l3_f_80
letter-probability matrix: alength= 4 w= 9 
 0.09720373 0.2057257  0.53295606 0.16411451
 6.71770972e-01 3.32889481e-04 3.27563249e-01 3.32889481e-04
 0.01198402 0.26864181 0.0476032  0.67177097
 3.32889481e-04 3.32889481e-04 8.69840213e-01 1.29494008e-01
 3.32889481e-04 3.32889481e-04 2.58655126e-01 7.40679095e-01
 3.32889481e-04 2.41677763e-01 6.08854860e-01 1.49134487e-01
