MEME version 5.3.0

ALPHABET= ACGT

strands: + -

Background letter frequencies
A 0.25 C 0.25 G 0.25 T 0.25

MOTIF STunmod1_l3_f_0
letter-probability matrix: alength= 4 w= 9 
 0.00352734 0.04021164 0.07195767 0.88430335
 0.00282187 0.03421517 0.15449735 0.80846561
 0.47477954 0.14814815 0.26349206 0.11358025
 0.64832451 0.03703704 0.09982363 0.21481481
 0.70440917 0.00987654 0.03209877 0.25361552
 3.52733686e-04 1.87654321e-01 3.28042328e-02 7.79188713e-01
 0.04832451 0.0324515  0.78412698 0.135097  
 0.22645503 0.24938272 0.43527337 0.08888889
 0.44550265 0.11287478 0.12910053 0.31252205

MOTIF STunmod1_l3_f_1
letter-probability matrix: alength= 4 w= 9 
 0.31757151 0.23992995 0.23350846 0.20899008
 0.76824285 0.07589025 0.08231173 0.07355517
 3.32749562e-01 5.83771162e-04 5.83771162e-04 6.66082896e-01
 5.83771162e-04 5.83771162e-04 6.66082896e-01 3.32749562e-01
 0.41155867 0.09223584 0.42148278 0.07472271
 6.87098657e-01 5.83771162e-04 5.83771162e-04 3.11733800e-01
 5.83771162e-04 5.83771162e-04 3.11733800e-01 6.87098657e-01
 0.0869819  0.06713368 0.77232925 0.07355517
 0.27904262 0.2206655  0.2895505  0.21074139

MOTIF STunmod1_l3_f_2
letter-probability matrix: alength= 4 w= 9 
 0.38475115 0.09248147 0.45217084 0.07059654
 0.84186375 0.00388281 0.12177903 0.03247441
 0.01058948 0.08400988 0.04871161 0.85668902
 3.52982704e-04 3.52982704e-04 8.38686904e-01 1.60607130e-01
 1.60607130e-01 2.90151783e-01 3.52982704e-04 5.48888104e-01
 0.48888104 0.01729615 0.40240028 0.09142252
 0.66078362 0.14754677 0.08189199 0.10977762
 0.36145429 0.19202259 0.11330745 0.33321567
 0.13836922 0.21214261 0.06953759 0.57995058

MOTIF STunmod1_l3_f_3
letter-probability matrix: alength= 4 w= 9 
 0.22263042 0.22005878 0.24393828 0.31337252
 0.32696547 0.16091109 0.143277   0.36884644
 0.36223365 0.09184423 0.23328435 0.31263777
 3.67376929e-04 3.67376929e-04 3.67376929e-04 9.98897869e-01
 7.83614989e-01 3.67376929e-04 2.15650257e-01 3.67376929e-04
 4.59588538e-01 3.67376929e-04 5.39676708e-01 3.67376929e-04
 3.67376929e-04 3.67376929e-04 3.67376929e-04 9.98897869e-01
 6.10580456e-01 3.67376929e-04 3.88684791e-01 3.67376929e-04
 7.54959589e-01 3.67376929e-04 2.44305658e-01 3.67376929e-04

MOTIF STunmod1_l3_f_4
letter-probability matrix: alength= 4 w= 9 
 0.62053404 0.10379842 0.14441519 0.13125235
 0.41707409 0.02820609 0.46634073 0.08837909
 3.76081234e-04 4.64460323e-01 3.08386612e-02 5.04324934e-01
 0.15005641 0.52613765 0.27228281 0.05152313
 0.28469349 0.34486649 0.13125235 0.23918766
 4.28732606e-01 5.55471982e-01 3.76081234e-04 1.54193306e-02
 0.21135765 0.3847311  0.00413689 0.39977435
 5.33659270e-01 3.76081234e-04 4.46032343e-01 1.99323054e-02
 0.10868748 0.10943964 0.19706657 0.58480632

MOTIF STunmod1_l3_f_5
letter-probability matrix: alength= 4 w= 9 
 0.49326146 0.08221024 0.36287062 0.06165768
 0.41239892 0.23281671 0.2574124  0.09737197
 0.27931267 0.18632075 0.34669811 0.18766846
 9.52493261e-01 3.36927224e-04 4.68328841e-02 3.36927224e-04
 1.26684636e-01 3.36927224e-04 3.36927224e-04 8.72641509e-01
 0.06199461 0.00303235 0.92991914 0.00505391
 2.97506739e-01 3.36927224e-04 7.01819407e-01 3.36927224e-04
 0.20855795 0.29716981 0.1967655  0.29750674
 0.14892183 0.11590296 0.61287062 0.12230458

MOTIF STunmod1_l3_f_6
letter-probability matrix: alength= 4 w= 9 
 0.25699068 0.1741012  0.30026631 0.26864181
 3.32889481e-04 3.32889481e-04 3.32889481e-04 9.99001332e-01
 8.54527297e-01 3.32889481e-04 1.44806924e-01 3.32889481e-04
 1.76098535e-01 3.32889481e-04 8.23235686e-01 3.32889481e-04
 0.27063915 0.23468708 0.29527297 0.1994008 
 3.32889481e-04 6.52463382e-02 3.32889481e-04 9.34087883e-01
 3.32889481e-04 1.07190413e-01 7.51664447e-01 1.40812250e-01
 0.25765646 0.1770972  0.35585885 0.20938748
 0.3954727  0.11784288 0.28761651 0.19906791

MOTIF STunmod1_l3_f_7
letter-probability matrix: alength= 4 w= 9 
 0.52163782 0.17310253 0.22802929 0.07723036
 6.18508655e-01 2.17709720e-01 1.63448735e-01 3.32889481e-04
 0.67010652 0.30958722 0.00965379 0.01065246
 3.32889481e-04 4.62716378e-02 3.32889481e-04 9.53062583e-01
 0.50798935 0.34687084 0.01431425 0.13082557
 3.32889481e-04 6.76098535e-01 3.32889481e-04 3.23235686e-01
 9.99001332e-01 3.32889481e-04 3.32889481e-04 3.32889481e-04
 8.71171771e-01 6.75765646e-02 6.09187750e-02 3.32889481e-04
 0.48435419 0.09154461 0.38215712 0.04194407

MOTIF STunmod1_l3_f_8
letter-probability matrix: alength= 4 w= 9 
 0.08384668 0.08145106 0.67556468 0.15913758
 2.84052019e-02 5.66050650e-01 3.42231348e-04 4.05201916e-01
 0.23956194 0.02258727 0.64818617 0.08966461
 0.13483915 0.04688569 0.02258727 0.79568789
 0.52464066 0.27036277 0.19404517 0.0109514 
 0.66632444 0.01608487 0.17008898 0.14750171
 0.31759069 0.0164271  0.57734428 0.08863792
 0.87063655 0.02703628 0.06160164 0.04072553
 0.0568104  0.03182752 0.19883641 0.71252567

MOTIF STunmod1_l3_f_9
letter-probability matrix: alength= 4 w= 9 
 9.71955436e-01 3.84172109e-04 2.72762197e-02 3.84172109e-04
 0.1363811  0.02036112 0.0868229  0.75643488
 0.04648483 0.06300423 0.80215136 0.08835959
 0.73376873 0.22819823 0.0138302  0.02420284
 0.01421437 0.04417979 0.37610449 0.56550134
 0.08720707 0.21436804 0.01152516 0.68689973
 0.13983865 0.01075682 0.59930849 0.25009604
 0.10833653 0.13830196 0.1598156  0.59354591
 0.33845563 0.20361122 0.20860546 0.2493277 

MOTIF STunmod1_l3_f_10
letter-probability matrix: alength= 4 w= 9 
 0.25013714 0.19034558 0.28853538 0.2709819 
 5.75973670e-01 5.48546352e-04 1.89248491e-01 2.34229292e-01
 2.87438289e-01 5.48546352e-04 7.11464619e-01 5.48546352e-04
 3.07185957e-01 5.48546352e-04 6.91716950e-01 5.48546352e-04
 8.45309929e-01 5.48546352e-04 1.53592979e-01 5.48546352e-04
 1.43719144e-01 5.48546352e-04 8.55183763e-01 5.48546352e-04
 9.98354361e-01 5.48546352e-04 5.48546352e-04 5.48546352e-04
 0.01481075 0.00054855 0.49917718 0.48546352
 0.55183763 0.06637411 0.00658256 0.3752057 

MOTIF STunmod1_l3_f_11
letter-probability matrix: alength= 4 w= 9 
 0.13890909 0.37636364 0.35745455 0.12727273
 0.42690909 0.16727273 0.37818182 0.02763636
 0.15127273 0.29272727 0.14145455 0.41454545
 0.08909091 0.06363636 0.784      0.06327273
 9.94909091e-01 3.63636364e-04 4.36363636e-03 3.63636364e-04
 3.63636364e-04 4.36363636e-03 3.63636364e-04 9.94909091e-01
 3.63636364e-04 4.36363636e-03 9.94909091e-01 3.63636364e-04
 0.06836364 0.05054545 0.57636364 0.30472727
 0.41563636 0.25418182 0.27745455 0.05272727

MOTIF STunmod1_l3_f_12
letter-probability matrix: alength= 4 w= 9 
 0.39797698 0.20544123 0.23055459 0.16602721
 0.10289501 0.54551796 0.10289501 0.24869201
 0.52598535 0.0725497  0.08685037 0.31461458
 0.31705616 0.24799442 0.21276596 0.22218347
 6.91663760e-01 3.48796652e-04 2.11021974e-01 9.69654691e-02
 2.11021974e-01 3.48796652e-04 9.69654691e-02 6.91663760e-01
 3.48796652e-04 1.74398326e-02 6.91663760e-01 2.90547611e-01
 0.70143007 0.00244158 0.22462504 0.07150331
 0.37321242 0.18660621 0.21764911 0.22253226

MOTIF STunmod1_l3_f_13
letter-probability matrix: alength= 4 w= 9 
 0.41726373 0.0979188  0.37905152 0.10576595
 0.56260662 0.12896622 0.10098942 0.20743773
 0.18321392 0.069942   0.11293074 0.63391334
 3.41180484e-04 1.02354145e-03 3.83828045e-01 6.14807233e-01
 3.41180484e-04 4.21016718e-01 2.72944388e-03 5.75912658e-01
 0.08358922 0.13442511 0.05834186 0.72364381
 0.67997271 0.02217673 0.13715455 0.16069601
 0.81610372 0.03377687 0.09450699 0.05561242
 0.14295462 0.02081201 0.06380075 0.77243262

MOTIF STunmod1_l3_f_14
letter-probability matrix: alength= 4 w= 9 
 0.5967509  0.1599278  0.19711191 0.04620939
 2.41155235e-01 3.61010830e-04 4.89169675e-01 2.69314079e-01
 0.44079422 0.02418773 0.35884477 0.17617329
 0.48267148 0.11552347 0.30144404 0.10036101
 0.64368231 0.03465704 0.22707581 0.09458484
 8.49097473e-01 1.47292419e-01 3.61010830e-04 3.24909747e-03
 9.82671480e-01 3.61010830e-04 9.38628159e-03 7.58122744e-03
 8.98555957e-01 3.61010830e-04 5.99277978e-02 4.11552347e-02
 0.37111913 0.01624549 0.08519856 0.52743682

MOTIF STunmod1_l3_f_15
letter-probability matrix: alength= 4 w= 9 
 0.1143695  0.00293255 0.57771261 0.30498534
 0.00293255 0.00293255 0.00293255 0.99120235
 0.49560117 0.00293255 0.35190616 0.14956012
 0.06744868 0.00293255 0.00293255 0.92668622
 0.8973607  0.00293255 0.09677419 0.00293255
 0.00293255 0.00293255 0.09677419 0.8973607 
 0.00293255 0.00293255 0.8973607  0.09677419
 0.24340176 0.6568915  0.07624633 0.02346041
 0.17008798 0.18768328 0.27272727 0.36950147

MOTIF STunmod1_l3_f_16
letter-probability matrix: alength= 4 w= 9 
 0.3808547  0.21470085 0.30051282 0.10393162
 0.64273504 0.05470085 0.24478632 0.05777778
 2.73162393e-01 3.41880342e-04 6.55726496e-01 7.07692308e-02
 9.16923077e-01 3.41880342e-04 7.07692308e-02 1.19658120e-02
 4.78632479e-03 3.41880342e-04 4.79658120e-01 5.15213675e-01
 1.49059829e-01 3.41880342e-04 7.86324786e-03 8.42735043e-01
 7.75726496e-01 1.26495726e-02 2.11282051e-01 3.41880342e-04
 3.80512821e-01 3.41880342e-04 2.52307692e-01 3.66837607e-01
 0.19555556 0.02632479 0.03692308 0.74119658

MOTIF STunmod1_l3_f_17
letter-probability matrix: alength= 4 w= 9 
 0.11416838 0.31991786 0.17782341 0.38809035
 0.29774127 0.28418891 0.31211499 0.10595483
 0.60410678 0.11622177 0.19014374 0.08952772
 9.98767967e-01 4.10677618e-04 4.10677618e-04 4.10677618e-04
 4.10677618e-04 4.10677618e-04 4.10677618e-04 9.98767967e-01
 4.10677618e-04 4.10677618e-04 9.98767967e-01 4.10677618e-04
 0.32402464 0.17043121 0.28870637 0.21683778
 9.11704312e-02 4.10677618e-04 9.40451745e-02 8.14373717e-01
 0.08665298 0.05790554 0.65256674 0.20287474

MOTIF STunmod1_l3_f_18
letter-probability matrix: alength= 4 w= 9 
 0.31852128 0.12247946 0.44137416 0.11762509
 9.98879761e-01 3.73412995e-04 3.73412995e-04 3.73412995e-04
 3.73412995e-04 3.73412995e-04 3.73412995e-04 9.98879761e-01
 3.73412995e-04 3.73412995e-04 9.98879761e-01 3.73412995e-04
 0.11015683 0.08663181 0.52651232 0.27669903
 0.35436893 0.03622106 0.58775205 0.02165795
 0.0776699  0.07953697 0.69305452 0.14973861
 0.11239731 0.23823749 0.48132935 0.16803585
 0.38312173 0.14787155 0.31852128 0.15048544

MOTIF STunmod1_l3_f_19
letter-probability matrix: alength= 4 w= 9 
 0.48156956 0.19857313 0.17241379 0.14744352
 0.77883472 0.20570749 0.00475624 0.01070155
 0.88585018 0.01545779 0.07491082 0.02378121
 0.3686088  0.00118906 0.18192628 0.44827586
 0.44827586 0.01189061 0.00118906 0.53864447
 0.00118906 0.00118906 0.41498216 0.58263971
 0.54934602 0.04637337 0.00118906 0.40309156
 0.24256837 0.156956   0.01307967 0.58739596
 0.23067776 0.09869203 0.01545779 0.65517241

MOTIF STunmod1_l3_f_20
letter-probability matrix: alength= 4 w= 9 
 0.12693247 0.24613507 0.24816924 0.37876322
 4.06834825e-04 7.96582587e-01 4.06834825e-04 2.02603743e-01
 0.48779496 0.03986981 0.18022783 0.2921074 
 0.03946298 0.13995118 0.43409276 0.38649308
 6.27746135e-01 4.06834825e-04 1.92026037e-01 1.79820993e-01
 0.04637917 0.04149715 0.28112286 0.63100081
 0.18022783 0.01139138 0.68633035 0.12205045
 0.60659072 0.07892596 0.14808788 0.16639544
 0.08624898 0.1647681  0.18063466 0.56834825

MOTIF STunmod1_l3_f_21
letter-probability matrix: alength= 4 w= 9 
 0.2087217  0.27463382 0.20306258 0.31358189
 0.31091877 0.15412783 0.33122503 0.20372836
 3.32889481e-04 3.32889481e-04 3.32889481e-04 9.99001332e-01
 8.15912117e-01 3.32889481e-04 1.83422104e-01 3.32889481e-04
 4.23435419e-01 3.32889481e-04 5.75898802e-01 3.32889481e-04
 3.32889481e-04 3.32889481e-04 3.32889481e-04 9.99001332e-01
 7.90945406e-01 3.32889481e-04 2.08388815e-01 3.32889481e-04
 5.73235686e-01 3.32889481e-04 4.26098535e-01 3.32889481e-04
 0.40013316 0.17876165 0.31924101 0.10186418

MOTIF STunmod1_l3_f_22
letter-probability matrix: alength= 4 w= 9 
 0.3935799  0.20655967 0.20307048 0.19678995
 0.31960921 0.19713887 0.21493371 0.26831821
 9.27773901e-01 2.44242847e-03 6.94347523e-02 3.48918353e-04
 0.06943475 0.00453594 0.01674808 0.90928123
 0.04780181 0.01256106 0.78925331 0.15038381
 4.10676902e-01 3.48918353e-04 5.88625262e-01 3.48918353e-04
 3.41591068e-01 2.47383112e-01 3.48918353e-04 4.10676902e-01
 0.0286113  0.00139567 0.75017446 0.21981856
 0.2871598  0.18213538 0.19190509 0.33879972

MOTIF STunmod1_l3_f_24
letter-probability matrix: alength= 4 w= 9 
 0.24134487 0.13182423 0.45905459 0.1677763 
 0.46671105 0.04793609 0.41511318 0.07023968
 2.20372836e-01 7.51664447e-01 3.32889481e-04 2.76298269e-02
 0.25432756 0.09587217 0.50565912 0.14414115
 2.73968043e-01 3.32889481e-04 3.56191744e-01 3.69507324e-01
 2.49667111e-02 9.74367510e-01 3.32889481e-04 3.32889481e-04
 0.00266312 0.01198402 0.73268975 0.25266312
 1.13182423e-01 1.31491345e-01 3.32889481e-04 7.54993342e-01
 4.06125166e-01 5.62583222e-01 3.32889481e-04 3.09587217e-02

MOTIF STunmod1_l3_f_25
letter-probability matrix: alength= 4 w= 9 
 0.26064736 0.23168654 0.26320273 0.24446337
 0.00085179 0.11243612 0.39097104 0.49574106
 8.51788756e-04 8.51788756e-04 8.51788756e-04 9.97444634e-01
 0.21124361 0.00085179 0.68228279 0.10562181
 0.03321976 0.24616695 0.2572402  0.46337308
 9.71890971e-01 2.55536627e-03 8.51788756e-04 2.47018739e-02
 8.51788756e-04 2.55536627e-03 2.47018739e-02 9.71890971e-01
 2.47018739e-02 2.55536627e-03 9.71890971e-01 8.51788756e-04
 0.3483816  0.28279387 0.12010221 0.24872232

MOTIF STunmod1_l3_f_26
letter-probability matrix: alength= 4 w= 9 
 0.04166667 0.41666667 0.04166667 0.5       
 0.875      0.04166667 0.04166667 0.04166667
 0.875      0.04166667 0.04166667 0.04166667
 0.04166667 0.875      0.04166667 0.04166667
 0.04166667 0.875      0.04166667 0.04166667
 0.875      0.04166667 0.04166667 0.04166667
 0.04166667 0.04166667 0.04166667 0.875     
 0.04166667 0.875      0.04166667 0.04166667
 0.25       0.66666667 0.04166667 0.04166667

MOTIF STunmod1_l3_f_27
letter-probability matrix: alength= 4 w= 9 
 0.66511318 0.07390146 0.11617843 0.14480692
 9.43075899e-01 3.32889481e-04 2.06391478e-02 3.59520639e-02
 0.06491345 0.07756325 0.12217044 0.73535286
 0.12416778 0.2087217  0.01797603 0.64913449
 0.82223702 0.00399467 0.11984021 0.0539281 
 0.25466045 0.04926764 0.00798935 0.68808256
 3.24234354e-01 3.32889481e-04 3.32889481e-04 6.75099867e-01
 0.24600533 0.0349534  0.29560586 0.42343542
 0.35252996 0.04394141 0.47636485 0.12716378

MOTIF STunmod1_l3_f_28
letter-probability matrix: alength= 4 w= 9 
 0.00532623 0.31591212 0.10186418 0.57689747
 0.2023968  0.01830892 0.55159787 0.2276964 
 6.32490013e-03 9.52063915e-01 3.32889481e-04 4.12782956e-02
 8.92143808e-01 3.32889481e-04 1.07190413e-01 3.32889481e-04
 1.09187750e-01 3.27896138e-01 3.32889481e-04 5.62583222e-01
 4.29094541e-01 5.46937417e-01 2.36351531e-02 3.32889481e-04
 6.59786951e-01 3.37217044e-01 3.32889481e-04 2.66311585e-03
 0.30559254 0.48268975 0.16045273 0.05126498
 0.3292277  0.14946738 0.38848202 0.1328229 

MOTIF STunmod1_l3_f_29
letter-probability matrix: alength= 4 w= 9 
 0.26531292 0.2310253  0.43009321 0.07356858
 0.01564581 0.11218375 0.47969374 0.3924767 
 0.05159787 0.38981358 0.21105193 0.34753662
 0.16378162 0.58988016 0.24234354 0.00399467
 2.86284953e-02 3.32889481e-04 9.70705726e-01 3.32889481e-04
 1.07190413e-01 8.32223702e-03 8.84154461e-01 3.32889481e-04
 2.18708389e-01 3.32889481e-04 7.80625832e-01 3.32889481e-04
 2.87283622e-01 3.32889481e-04 7.12050599e-01 3.32889481e-04
 0.43142477 0.01864181 0.53095872 0.0189747 

MOTIF STunmod1_l3_f_30
letter-probability matrix: alength= 4 w= 9 
 0.43175766 0.22802929 0.10386152 0.23635153
 0.37816245 0.1707723  0.24334221 0.20772304
 9.03462051e-01 3.32889481e-04 9.58721704e-02 3.32889481e-04
 2.88615180e-01 1.44141145e-01 3.32889481e-04 5.66910786e-01
 3.53528628e-01 3.32889481e-04 5.62916112e-01 8.32223702e-02
 6.32157124e-01 3.32889481e-04 3.67177097e-01 3.32889481e-04
 4.42743009e-02 3.23235686e-01 3.32889481e-04 6.32157124e-01
 0.05126498 0.00233023 0.7786285  0.1677763 
 0.22503329 0.16245007 0.3701731  0.24234354

MOTIF STunmod1_l3_f_31
letter-probability matrix: alength= 4 w= 9 
 0.44092733 0.11814534 0.23762818 0.20329915
 9.19750334e-01 4.05706643e-02 4.45831476e-04 3.92331699e-02
 4.45831476e-04 2.12215782e-01 4.45831476e-04 7.86892555e-01
 4.45831476e-04 4.45831476e-04 9.98662506e-01 4.45831476e-04
 4.45831476e-04 4.45831476e-04 9.98662506e-01 4.45831476e-04
 3.51315203e-01 6.47793134e-01 4.45831476e-04 4.45831476e-04
 1.98840838e-01 4.45831476e-04 7.02630406e-01 9.80829247e-02
 0.50824788 0.20240749 0.26526973 0.0240749 
 0.34596523 0.18189924 0.31966117 0.15247436

MOTIF STunmod1_l3_f_32
letter-probability matrix: alength= 4 w= 9 
 0.46902655 0.16460177 0.16672566 0.19964602
 0.31362832 0.34336283 0.0860177  0.25699115
 0.25097345 0.14088496 0.36955752 0.23858407
 3.53982301e-04 3.53982301e-04 1.46548673e-01 8.52743363e-01
 7.29203540e-02 3.53982301e-04 2.35044248e-01 6.91681416e-01
 0.00212389 0.02477876 0.7419469  0.23115044
 0.24318584 0.00176991 0.61309735 0.1419469 
 3.92920354e-01 3.63539823e-01 3.53982301e-04 2.43185841e-01
 0.07681416 0.01274336 0.64389381 0.26654867

MOTIF STunmod1_l3_f_33
letter-probability matrix: alength= 4 w= 9 
 0.33253589 0.18250171 0.33663705 0.14832536
 0.24333561 0.11483254 0.24948735 0.3923445 
 0.04374573 0.23855092 0.12987013 0.58783322
 3.41763500e-04 3.41763500e-04 2.36158578e-01 7.63157895e-01
 0.51093643 0.05912509 0.36397813 0.06596036
 5.72795625e-01 3.41763500e-04 2.34791524e-01 1.92071087e-01
 3.4176350e-04 3.4176350e-04 3.4176350e-04 9.9897471e-01
 7.58031442e-01 3.41763500e-04 2.41285031e-01 3.41763500e-04
 6.90020506e-01 3.41763500e-04 3.09295967e-01 3.41763500e-04

MOTIF STunmod1_l3_f_34
letter-probability matrix: alength= 4 w= 9 
 0.21371505 0.09454061 0.41944075 0.2723036 
 0.06757656 0.08688415 0.06990679 0.77563249
 8.91810919e-01 3.32889481e-04 1.07523302e-01 3.32889481e-04
 5.32956059e-01 3.32889481e-04 1.08189081e-01 3.58521971e-01
 0.24400799 0.16178429 0.49034621 0.10386152
 0.1644474  0.2247004  0.37250333 0.23834887
 4.29427430e-01 3.32889481e-04 2.99600533e-02 5.40279627e-01
 0.43575233 0.00399467 0.13781625 0.42243675
 0.26564581 0.00832224 0.72203728 0.00399467

MOTIF STunmod1_l3_f_35
letter-probability matrix: alength= 4 w= 9 
 0.39580559 0.17543276 0.31058589 0.11817577
 0.25665779 0.11251664 0.42876165 0.20206391
 3.32889481e-04 5.29960053e-01 3.32889481e-04 4.69374168e-01
 0.26464714 0.01997337 0.70972037 0.00565912
 3.32889481e-04 2.98268975e-01 6.22836218e-01 7.85619174e-02
 3.32889481e-04 3.32889481e-04 3.32889481e-04 9.99001332e-01
 0.19241012 0.06358189 0.73834887 0.00565912
 0.01697736 0.12416778 0.45739015 0.40146471
 0.87849534 0.05725699 0.03894807 0.0252996 

MOTIF STunmod1_l3_f_36
letter-probability matrix: alength= 4 w= 9 
 0.65679095 0.0223036  0.31391478 0.00699068
 0.38382157 0.19041278 0.17776298 0.24800266
 0.19873502 0.31091877 0.15612517 0.33422104
 7.34021305e-01 3.32889481e-04 2.65312916e-01 3.32889481e-04
 0.05226365 0.06125166 0.19107856 0.69540613
 0.03229028 0.21537949 0.7276964  0.02463382
 0.2150466  0.07556591 0.61684421 0.09254328
 0.32689747 0.36351531 0.08422104 0.22536618
 0.18541944 0.1391478  0.51864181 0.15679095

MOTIF STunmod1_l3_f_37
letter-probability matrix: alength= 4 w= 9 
 0.1045614  0.12491228 0.67122807 0.09929825
 0.00631579 0.07789474 0.56210526 0.35368421
 0.06807018 0.14140351 0.30631579 0.48421053
 0.03929825 0.13087719 0.60245614 0.22736842
 0.03368421 0.60070175 0.26140351 0.10421053
 0.10210526 0.6154386  0.24070175 0.04175439
 3.50877193e-04 8.49824561e-01 4.77192982e-02 1.02105263e-01
 2.07017544e-02 9.28771930e-01 5.01754386e-02 3.50877193e-04
 0.37157895 0.36736842 0.14947368 0.11157895

MOTIF STunmod1_l3_f_38
letter-probability matrix: alength= 4 w= 9 
 0.33503463 0.21837404 0.29639081 0.15020051
 9.44586219e-01 4.15603354e-02 1.34888808e-02 3.64564346e-04
 9.32191032e-01 3.64564346e-04 5.79657310e-02 9.47867299e-03
 0.01932191 0.00546847 0.66751732 0.30769231
 0.01567627 0.27670434 0.06635071 0.64126868
 3.64564346e-04 8.16624134e-02 6.66788188e-01 2.51184834e-01
 0.20051039 0.1728035  0.16441852 0.46226759
 0.77834488 0.0521327  0.11374408 0.05577834
 1.33430550e-01 3.64564346e-04 6.96317900e-02 7.96573095e-01

MOTIF STunmod1_l3_f_39
letter-probability matrix: alength= 4 w= 9 
 0.48493151 0.20068493 0.19109589 0.12328767
 0.20582192 0.04006849 0.57808219 0.1760274 
 0.1609589  0.11061644 0.28013699 0.44828767
 3.42465753e-04 9.24657534e-02 7.43150685e-02 8.32876712e-01
 0.31849315 0.11883562 0.21061644 0.35205479
 0.14589041 0.21849315 0.02328767 0.61232877
 9.31849315e-01 3.42465753e-04 3.42465753e-04 6.74657534e-02
 0.07226027 0.06678082 0.06746575 0.79349315
 0.10445205 0.01164384 0.80479452 0.07910959

MOTIF STunmod1_l3_f_40
letter-probability matrix: alength= 4 w= 9 
 0.21958141 0.1837531  0.12699539 0.4696701 
 0.27421071 0.54345513 0.13834693 0.04398723
 7.25434551e-01 4.61156438e-03 2.69599149e-01 3.54735722e-04
 0.05924087 0.02234835 0.01241575 0.90599503
 0.72046825 0.04647038 0.20964881 0.02341256
 4.86342675e-01 3.54735722e-04 5.12947854e-01 3.54735722e-04
 0.10464704 0.24760553 0.02731465 0.62043278
 3.54735722e-04 7.16566158e-02 8.06314296e-01 1.21674353e-01
 0.16140475 0.17985101 0.3416105  0.31713374

MOTIF STunmod1_l3_f_41
letter-probability matrix: alength= 4 w= 9 
 0.54727031 0.09587217 0.25965379 0.09720373
 0.63748336 0.01464714 0.25199734 0.09587217
 0.05026631 0.12549933 0.0189747  0.80525965
 0.15246338 0.00532623 0.5792277  0.26298269
 0.35486019 0.22270306 0.06158455 0.3608522 
 2.99933422e-01 3.32889481e-04 3.32889481e-04 6.99400799e-01
 4.92676431e-01 3.32889481e-04 2.07057257e-01 2.99933422e-01
 4.65712383e-01 3.32889481e-04 5.33621838e-01 3.32889481e-04
 0.36484687 0.12250333 0.15645806 0.35619174

MOTIF STunmod1_l3_f_42
letter-probability matrix: alength= 4 w= 9 
 0.08658421 0.13320647 0.60894386 0.17126546
 9.51474786e-04 9.51474786e-04 9.51474786e-04 9.97145576e-01
 0.48430067 0.00095147 0.51379638 0.00095147
 0.8905804  0.00095147 0.10751665 0.00095147
 0.09990485 0.03710752 0.86203616 0.00095147
 0.03044719 0.09895338 0.73834443 0.132255  
 0.11798287 0.05518554 0.40342531 0.42340628
 0.51379638 0.35775452 0.12749762 0.00095147
 0.32254995 0.1284491  0.30256898 0.24643197

MOTIF STunmod1_l3_f_43
letter-probability matrix: alength= 4 w= 9 
 0.26854649 0.20913058 0.34105404 0.18126888
 0.04162471 0.08056395 0.49076871 0.38704263
 3.35683115e-04 5.67304465e-02 9.39912722e-03 9.33534743e-01
 5.47163478e-02 3.35683115e-04 8.93588453e-01 5.13595166e-02
 0.08996307 0.6441759  0.2524337  0.01342732
 7.21718698e-02 1.51057402e-02 3.35683115e-04 9.12386707e-01
 0.71299094 0.03692514 0.12856663 0.12151729
 2.83652232e-01 3.35683115e-04 7.05605908e-01 1.04061766e-02
 0.21315878 0.17656932 0.33467607 0.27559584

MOTIF STunmod1_l3_f_44
letter-probability matrix: alength= 4 w= 9 
 0.14081225 0.5729028  0.04593875 0.24034621
 6.76098535e-01 1.31824234e-01 1.91744341e-01 3.32889481e-04
 0.71338216 0.01664447 0.08488682 0.18508655
 0.21804261 0.45372836 0.21637816 0.11185087
 3.97802929e-01 3.64513981e-01 2.37350200e-01 3.32889481e-04
 6.53794940e-01 1.07190413e-01 3.32889481e-04 2.38681758e-01
 3.32889481e-04 3.32889481e-04 3.16910786e-01 6.82423435e-01
 2.09720373e-02 2.96604527e-01 6.82090546e-01 3.32889481e-04
 0.35685752 0.19274301 0.32756325 0.12283622

MOTIF STunmod1_l3_f_45
letter-probability matrix: alength= 4 w= 9 
 0.32483174 0.31314205 0.17676231 0.1852639 
 0.68331562 0.08076514 0.11370882 0.12221041
 5.47998583e-01 3.54233085e-04 1.13354587e-02 4.40311725e-01
 0.05100956 0.00850159 0.64895501 0.29153383
 0.45058448 0.09245484 0.28728303 0.16967765
 8.10839532e-01 3.54233085e-04 3.54233085e-04 1.88452001e-01
 3.54233085e-04 3.54233085e-04 1.88452001e-01 8.10839532e-01
 0.0524265 0.0407368 0.8629118 0.0439249
 0.30464045 0.20368402 0.23733617 0.25433936

MOTIF STunmod1_l3_f_46
letter-probability matrix: alength= 4 w= 9 
 0.53095872 0.13249001 0.29194407 0.04460719
 8.52862850e-01 4.22769640e-02 1.04527297e-01 3.32889481e-04
 9.78029294e-01 3.32889481e-04 2.13049268e-02 3.32889481e-04
 0.7057257  0.15079893 0.0758988  0.06757656
 2.02396804e-01 6.84753662e-01 1.12516644e-01 3.32889481e-04
 0.36884154 0.1171771  0.22536618 0.28861518
 9.79027963e-01 2.03062583e-02 3.32889481e-04 3.32889481e-04
 3.32889481e-04 3.32889481e-04 9.99001332e-01 3.32889481e-04
 0.32223702 0.32456724 0.06790945 0.28528628

MOTIF STunmod1_l3_f_47
letter-probability matrix: alength= 4 w= 9 
 0.60785619 0.03428762 0.31291611 0.04494008
 3.32889481e-04 2.33022636e-02 3.32889481e-04 9.76031957e-01
 0.10652463 0.00965379 0.48368842 0.40013316
 0.09354194 0.00898802 0.05559254 0.8418775 
 0.11284953 0.01964048 0.02130493 0.84620506
 0.23934754 0.23635153 0.3229028  0.20139814
 0.29660453 0.01697736 0.66045273 0.02596538
 0.37416778 0.13981358 0.26398136 0.22203728
 0.38015979 0.12583222 0.1614514  0.33255659

MOTIF STunmod1_l3_f_48
letter-probability matrix: alength= 4 w= 9 
 0.08869258 0.26890459 0.31625442 0.32614841
 0.4409894  0.0024735  0.12756184 0.42897527
 0.23533569 0.02084806 0.23109541 0.51272085
 0.55547703 0.00636042 0.10459364 0.3335689 
 0.71660777 0.13957597 0.01095406 0.13286219
 3.53356890e-04 3.53356890e-04 2.03533569e-01 7.95759717e-01
 3.53356890e-04 3.53356890e-04 7.68551237e-01 2.30742049e-01
 3.53356890e-04 3.53356890e-04 9.98939929e-01 3.53356890e-04
 1.99646643e-01 2.74204947e-01 5.25795053e-01 3.53356890e-04

MOTIF STunmod1_l3_f_49
letter-probability matrix: alength= 4 w= 9 
 0.46674141 0.2784006  0.08781764 0.16704036
 0.13303438 0.48393124 0.20515695 0.17787743
 1.49103139e-01 5.79970105e-01 3.73692078e-04 2.70553064e-01
 2.16741405e-01 7.57473842e-01 3.73692078e-04 2.54110613e-02
 0.00859492 0.72458894 0.25112108 0.01569507
 3.73692078e-04 7.80269058e-01 3.73692078e-04 2.18983558e-01
 0.09192825 0.81390135 0.04035874 0.05381166
 0.80007474 0.02765321 0.10313901 0.06913303
 0.25784753 0.20926756 0.10799701 0.42488789

MOTIF STunmod1_l3_f_50
letter-probability matrix: alength= 4 w= 9 
 0.16267123 0.1739726  0.18458904 0.47876712
 0.12363014 0.12773973 0.45410959 0.29452055
 0.32157534 0.57808219 0.04589041 0.05445205
 0.6109589  0.23321918 0.10239726 0.05342466
 9.98972603e-01 3.42465753e-04 3.42465753e-04 3.42465753e-04
 0.00684932 0.00479452 0.00650685 0.98184932
 1.74657534e-02 3.42465753e-04 9.81849315e-01 3.42465753e-04
 0.51267123 0.14863014 0.1510274  0.18767123
 0.17842466 0.07636986 0.11541096 0.62979452

MOTIF STunmod1_l3_f_51
letter-probability matrix: alength= 4 w= 9 
 0.1581225  0.25665779 0.39613848 0.18908123
 3.32889481e-04 3.32889481e-04 3.32889481e-04 9.99001332e-01
 5.78561917e-01 3.32889481e-04 4.20772304e-01 3.32889481e-04
 7.27363515e-01 3.32889481e-04 2.71970706e-01 3.32889481e-04
 3.32889481e-04 3.32889481e-04 3.32889481e-04 9.99001332e-01
 9.06125166e-01 3.32889481e-04 9.32090546e-02 3.32889481e-04
 5.36284953e-01 3.32889481e-04 4.63049268e-01 3.32889481e-04
 0.22703063 0.31291611 0.34587217 0.11418109
 0.18408788 0.30892144 0.28029294 0.22669774

MOTIF STunmod1_l3_f_52
letter-probability matrix: alength= 4 w= 9 
 0.5246996  0.12861593 0.25990209 0.08678238
 4.45037828e-04 4.45037828e-04 4.45037828e-04 9.98664887e-01
 7.16955941e-01 4.45037828e-04 2.82153983e-01 4.45037828e-04
 7.60124611e-01 4.45037828e-04 2.38985314e-01 4.45037828e-04
 0.352915   0.20961282 0.1918113  0.24566088
 0.63284379 0.09657321 0.23542501 0.03515799
 3.44014241e-01 4.45037828e-04 9.43480196e-02 5.61192701e-01
 0.06764575 0.05562973 0.5812194  0.29550512
 0.21895861 0.14107699 0.47841567 0.16154873

MOTIF STunmod1_l3_f_53
letter-probability matrix: alength= 4 w= 9 
 0.48169108 0.18708389 0.23934754 0.0918775 
 0.54926764 0.16644474 0.23435419 0.04993342
 9.76697736e-01 3.32889481e-04 3.32889481e-04 2.26364847e-02
 3.32889481e-04 3.32889481e-04 2.26364847e-02 9.76697736e-01
 2.26364847e-02 3.32889481e-04 9.76697736e-01 3.32889481e-04
 0.02030626 0.07423435 0.28229028 0.62316911
 0.07989348 0.21571238 0.64014647 0.06424767
 0.07090546 0.46671105 0.32856192 0.13382157
 0.29194407 0.38814913 0.19374168 0.12616511

MOTIF STunmod1_l3_f_54
letter-probability matrix: alength= 4 w= 9 
 0.03141994 0.20241692 0.04712991 0.71903323
 0.46344411 0.10151057 0.12990937 0.30513595
 0.58187311 0.07371601 0.00060423 0.34380665
 8.18731118e-01 6.04229607e-04 1.80060423e-01 6.04229607e-04
 0.04592145 0.52386707 0.32024169 0.10996979
 6.64652568e-03 6.04229607e-04 2.88821752e-01 7.03927492e-01
 0.73655589 0.22839879 0.0223565  0.01268882
 0.28096677 0.35407855 0.04773414 0.31722054
 0.72688822 0.03685801 0.0265861  0.20966767

MOTIF STunmod1_l3_f_55
letter-probability matrix: alength= 4 w= 9 
 0.10785619 0.14647137 0.64314248 0.10252996
 2.66311585e-02 3.32889481e-04 2.37017310e-01 7.36018642e-01
 6.34820240e-01 1.53794940e-01 2.11051931e-01 3.32889481e-04
 2.13049268e-01 3.32889481e-04 7.43675100e-01 4.29427430e-02
 0.00865513 0.03428762 0.06491345 0.89214381
 7.45339547e-01 3.32889481e-04 2.53994674e-01 3.32889481e-04
 3.10918775e-01 3.32889481e-04 6.88415446e-01 3.32889481e-04
 0.32689747 0.22403462 0.35053262 0.09853529
 0.14946738 0.32523302 0.17210386 0.35319574

MOTIF STunmod1_l3_f_56
letter-probability matrix: alength= 4 w= 9 
 0.25982975 0.22942846 0.40210782 0.10863397
 0.07215241 0.40453993 0.37211188 0.15119578
 0.00526956 0.64085934 0.24239968 0.11147142
 4.05350628e-04 8.45966761e-01 1.51195784e-01 2.43210377e-03
 4.05350628e-04 9.98783948e-01 4.05350628e-04 4.05350628e-04
 4.05350628e-04 9.98783948e-01 4.05350628e-04 4.05350628e-04
 0.03850831 0.69598703 0.15687069 0.10863397
 0.06688285 0.63477908 0.10458046 0.1937576 
 0.32873936 0.25496555 0.28415079 0.1321443 

MOTIF STunmod1_l3_f_57
letter-probability matrix: alength= 4 w= 9 
 0.00266312 0.18275632 0.00499334 0.80958722
 0.01131824 0.23235686 0.44074567 0.31557923
 0.21304927 0.02629827 0.47303595 0.28761651
 0.8954727  0.05592543 0.03362184 0.01498003
 1.22836218e-01 3.32889481e-04 3.32889481e-04 8.76498003e-01
 3.32889481e-04 1.06524634e-02 8.50199734e-01 1.38814913e-01
 0.52263648 0.10685752 0.20672437 0.16378162
 0.38348868 0.20272969 0.23601864 0.17776298
 0.29727031 0.34886818 0.07789614 0.27596538

MOTIF STunmod1_l3_f_58
letter-probability matrix: alength= 4 w= 9 
 0.12749667 0.08089214 0.78761651 0.00399467
 0.10652463 0.09953395 0.78528628 0.00865513
 3.32889481e-04 1.48801598e-01 6.21504660e-01 2.29360852e-01
 3.32889481e-04 1.64114514e-01 7.21038615e-01 1.14513981e-01
 8.88814913e-02 3.58521971e-01 5.52263648e-01 3.32889481e-04
 0.09587217 0.36018642 0.51431425 0.02962716
 0.00432756 0.27663116 0.22070573 0.49833555
 0.16711052 0.56591212 0.25299601 0.01398136
 0.30026631 0.34853529 0.23268975 0.11850866

MOTIF STunmod1_l3_f_59
letter-probability matrix: alength= 4 w= 9 
 0.23934754 0.5126498  0.12616511 0.12183755
 0.49034621 0.23368842 0.19340879 0.08255659
 0.48934754 0.08355526 0.28695073 0.14014647
 0.33621838 0.11684421 0.54161119 0.00532623
 0.71005326 0.03062583 0.21737683 0.04194407
 0.0189747  0.01431425 0.25665779 0.71005326
 3.32889481e-04 8.65512650e-03 9.90679095e-01 3.32889481e-04
 3.32889481e-04 2.03062583e-02 9.79027963e-01 3.32889481e-04
 0.16810919 0.24733688 0.56391478 0.02063915

MOTIF STunmod1_l3_f_60
letter-probability matrix: alength= 4 w= 9 
 0.1634103  0.16305506 0.3964476  0.27708703
 0.15559503 0.12468917 0.29165187 0.42806394
 0.05364121 0.16589698 0.52362345 0.25683837
 0.19786856 0.34955595 0.41882771 0.03374778
 0.00959147 0.40390764 0.50195382 0.08454707
 3.55239787e-04 9.12966252e-01 8.45470693e-02 2.13143872e-03
 3.55239787e-04 9.89698046e-01 7.46003552e-03 2.48667851e-03
 3.55239787e-04 8.03552398e-01 3.55239787e-03 1.92539964e-01
 0.06003552 0.78969805 0.04973357 0.10053286

MOTIF STunmod1_l3_f_61
letter-probability matrix: alength= 4 w= 9 
 0.19340879 0.11251664 0.36651132 0.32756325
 3.32889481e-04 2.66311585e-03 9.82356858e-01 1.46471372e-02
 0.01031957 0.09587217 0.87916112 0.01464714
 0.3195739  0.20272969 0.44474035 0.03295606
 0.03029294 0.38115846 0.40712383 0.18142477
 0.15579228 0.42010652 0.19707057 0.22703063
 0.21704394 0.68941411 0.03994674 0.05359521
 0.09021305 0.74966711 0.03395473 0.12616511
 0.24633822 0.61484687 0.05459387 0.08422104

MOTIF STunmod1_l3_f_62
letter-probability matrix: alength= 4 w= 9 
 0.57831325 0.06413891 0.31112686 0.04642098
 0.22997874 0.0907158  0.14989369 0.52941176
 0.17186393 0.05031892 0.45216159 0.32565556
 0.85400425 0.04571226 0.06945429 0.0308292 
 0.06024096 0.05421687 0.05209072 0.83345145
 0.06236712 0.05882353 0.83486889 0.04394047
 0.44401134 0.03543586 0.31396173 0.20659107
 0.18036853 0.21084337 0.16725726 0.44153083
 0.07725018 0.10453579 0.68355776 0.13465627

MOTIF STunmod1_l3_f_63
letter-probability matrix: alength= 4 w= 9 
 0.30592543 0.35685752 0.17909454 0.1581225 
 0.37050599 0.20805593 0.3545273  0.06691079
 0.73435419 0.08954727 0.16744341 0.00865513
 0.60053262 0.0442743  0.25133156 0.10386152
 9.99001332e-01 3.32889481e-04 3.32889481e-04 3.32889481e-04
 3.32889481e-04 3.32889481e-04 3.32889481e-04 9.99001332e-01
 3.32889481e-04 3.32889481e-04 9.99001332e-01 3.32889481e-04
 3.32889481e-04 8.65512650e-02 7.27363515e-01 1.85752330e-01
 3.03928096e-01 3.81491345e-01 3.14247670e-01 3.32889481e-04

MOTIF STunmod1_l3_f_64
letter-probability matrix: alength= 4 w= 9 
 0.17332691 0.43957631 0.15695715 0.23013962
 0.21280693 0.33220992 0.39768897 0.05729417
 0.12325469 0.53490611 0.24265768 0.09918151
 4.81463649e-04 9.56668272e-01 4.81463649e-04 4.23688012e-02
 6.25902744e-03 9.54742417e-01 3.85170920e-02 4.81463649e-04
 0.0317766  0.94318729 0.01396245 0.01107366
 0.14010592 0.79634088 0.0264805  0.0370727 
 0.10977371 0.51949928 0.19980741 0.1709196 
 0.26576793 0.24362061 0.37698604 0.11362542

MOTIF STunmod1_l3_f_65
letter-probability matrix: alength= 4 w= 9 
 0.26231691 0.26631158 0.27829561 0.1930759 
 3.99467377e-03 3.32889481e-04 3.32889481e-04 9.95339547e-01
 8.17243675e-01 3.32889481e-04 1.78428762e-01 3.99467377e-03
 4.57057257e-01 3.99467377e-03 5.38615180e-01 3.32889481e-04
 0.25998668 0.02629827 0.0885486  0.62516644
 9.23102530e-01 3.32889481e-04 7.62316911e-02 3.32889481e-04
 4.27430093e-01 3.32889481e-04 1.87749667e-01 3.84487350e-01
 0.19973369 0.13215712 0.45972037 0.20838881
 0.54826897 0.12516644 0.1804261  0.14613848

MOTIF STunmod1_l3_f_66
letter-probability matrix: alength= 4 w= 9 
 0.05071315 0.16838352 0.44175911 0.33914422
 0.33557845 0.12400951 0.23019017 0.31022187
 0.34231379 0.22939778 0.37638669 0.05190174
 3.96196513e-04 3.96196513e-04 3.98969889e-01 6.00237718e-01
 3.96196513e-04 1.98098257e-02 2.13153724e-01 7.66640254e-01
 3.96196513e-04 3.96196513e-04 3.96196513e-04 9.98811410e-01
 4.40966719e-01 3.96196513e-04 5.58240887e-01 3.96196513e-04
 7.90412044e-01 3.96196513e-04 2.08795563e-01 3.96196513e-04
 0.60538827 0.06101426 0.32765452 0.00594295

MOTIF STunmod1_l3_f_67
letter-probability matrix: alength= 4 w= 9 
 0.30007918 0.26326207 0.30205859 0.13460016
 0.16508314 0.297308   0.28028504 0.25732383
 0.21496437 0.12628662 0.52929533 0.12945368
 3.95882819e-04 4.27157561e-01 4.35866983e-01 1.36579572e-01
 3.95882819e-04 8.32541568e-01 1.08867775e-01 5.81947743e-02
 3.95882819e-04 9.68329375e-01 2.65241489e-02 4.75059382e-03
 3.95882819e-04 9.73079968e-01 2.61282660e-02 3.95882819e-04
 4.75059382e-03 9.94457641e-01 3.95882819e-04 3.95882819e-04
 0.23396675 0.41963579 0.21694378 0.12945368

MOTIF STunmod1_l3_f_68
letter-probability matrix: alength= 4 w= 9 
 0.29874706 0.15348473 0.43931088 0.10845732
 0.01213782 0.55481597 0.2247455  0.2083007 
 0.34612373 0.05168363 0.42521535 0.17697729
 3.91542678e-04 4.30696946e-03 9.86296006e-01 9.00548160e-03
 3.91542678e-04 8.07361002e-01 1.91855912e-01 3.91542678e-04
 1.75019577e-01 5.15661707e-01 3.08927173e-01 3.91542678e-04
 3.91542678e-04 9.98825372e-01 3.91542678e-04 3.91542678e-04
 0.01370399 0.67815192 0.0238841  0.28425998
 0.35904464 0.28034456 0.14996085 0.21064996

MOTIF STunmod1_l3_f_70
letter-probability matrix: alength= 4 w= 9 
 0.24167776 0.04094541 0.56391478 0.15346205
 0.73468708 0.06391478 0.1930759  0.00832224
 0.77263648 0.00665779 0.13115846 0.08954727
 6.22170439e-01 3.32889481e-04 1.45472703e-01 2.32023968e-01
 8.03262317e-01 3.32889481e-04 2.06391478e-02 1.75765646e-01
 0.4873502  0.04394141 0.11950732 0.34920107
 3.32889481e-04 3.32889481e-04 3.32889481e-04 9.99001332e-01
 7.62982690e-01 1.94740346e-01 3.32889481e-04 4.19440746e-02
 3.40545939e-01 3.32889481e-04 5.30958722e-01 1.28162450e-01

MOTIF STunmod1_l3_f_71
letter-probability matrix: alength= 4 w= 9 
 0.16829746 0.0739726  0.36868885 0.3890411 
 0.76125245 0.05322896 0.16868885 0.01682975
 5.38551859e-01 3.91389432e-04 4.60665362e-01 3.91389432e-04
 3.91389432e-04 3.91389432e-04 9.98825832e-01 3.91389432e-04
 0.49549902 0.07827789 0.32759295 0.09863014
 6.40704501e-01 3.91389432e-04 2.72015656e-01 8.68884540e-02
 5.39334638e-01 3.91389432e-04 2.93542074e-02 4.30919765e-01
 6.34442270e-01 1.76908023e-01 3.91389432e-04 1.88258317e-01
 7.72994129e-01 3.91389432e-04 9.00195695e-03 2.17612524e-01

MOTIF STunmod1_l3_f_72
letter-probability matrix: alength= 4 w= 9 
 0.57039587 0.16179002 0.14939759 0.11841652
 0.48605852 0.00550775 0.00619621 0.50223752
 1.27366609e-02 3.44234079e-04 3.96213425e-01 5.90705680e-01
 0.36557659 0.04956971 0.51256454 0.07228916
 3.85542169e-01 3.44234079e-04 3.44234079e-04 6.13769363e-01
 1.89328744e-01 3.44234079e-04 4.23063683e-01 3.87263339e-01
 0.34079174 0.03958692 0.49053356 0.12908778
 0.34664372 0.17246127 0.3232358  0.15765921
 0.41101549 0.16626506 0.21962134 0.20309811

MOTIF STunmod1_l3_f_73
letter-probability matrix: alength= 4 w= 9 
 0.02857143 0.02857143 0.02857143 0.91428571
 0.02857143 0.02857143 0.02857143 0.91428571
 0.02857143 0.02857143 0.91428571 0.02857143
 0.91428571 0.02857143 0.02857143 0.02857143
 0.2        0.02857143 0.02857143 0.74285714
 0.02857143 0.02857143 0.74285714 0.2       
 0.02857143 0.74285714 0.2        0.02857143
 0.65714286 0.14285714 0.02857143 0.17142857
 0.22857143 0.6        0.02857143 0.14285714

MOTIF STunmod1_l3_f_74
letter-probability matrix: alength= 4 w= 9 
 3.58680057e-04 2.67216643e-01 6.09756098e-03 7.26327116e-01
 0.43113343 0.04053085 0.44799139 0.08034433
 0.06563845 0.40853659 0.06599713 0.45982783
 7.98063128e-01 1.54232425e-01 4.73457676e-02 3.58680057e-04
 3.58680057e-04 3.58680057e-04 4.12840746e-01 5.86441894e-01
 3.58680057e-04 2.54662841e-02 8.19583931e-01 1.54591105e-01
 0.11406026 0.59827834 0.14131994 0.14634146
 0.17647059 0.06994261 0.49533716 0.25824964
 0.34038737 0.45588235 0.11441894 0.08931133

MOTIF STunmod1_l3_f_75
letter-probability matrix: alength= 4 w= 9 
 0.24966711 0.39181092 0.18841545 0.17010652
 8.48535286e-01 3.32889481e-04 1.50798935e-01 3.32889481e-04
 2.17709720e-01 2.08388815e-01 3.32889481e-04 5.73568575e-01
 3.32889481e-04 4.52063915e-01 5.47270306e-01 3.32889481e-04
 8.43541944e-01 3.32889481e-04 1.55792277e-01 3.32889481e-04
 1.29826897e-02 1.43142477e-01 3.32889481e-04 8.43541944e-01
 3.32889481e-04 2.92942743e-02 8.50532623e-01 1.19840213e-01
 0.34953395 0.2057257  0.23169108 0.21304927
 0.34553928 0.27097204 0.2816245  0.10186418

MOTIF STunmod1_l3_f_76
letter-probability matrix: alength= 4 w= 9 
 0.73335553 0.08089214 0.0349534  0.15079893
 0.23834887 0.0792277  0.52463382 0.15778961
 0.0223036  0.33089214 0.0569241  0.58988016
 0.01830892 0.22436751 0.57623169 0.18109188
 0.10552597 0.11784288 0.07190413 0.70472703
 0.92143808 0.01098535 0.06557923 0.00199734
 1.53794940e-01 3.32889481e-04 3.32889481e-04 8.45539281e-01
 0.10219707 0.02030626 0.47636485 0.40113182
 0.22703063 0.24667111 0.37316911 0.15312916

MOTIF STunmod1_l3_f_77
letter-probability matrix: alength= 4 w= 9 
 0.4392896  0.03370787 0.31243204 0.2145705 
 0.73541138 0.06197898 0.07321493 0.12939471
 0.16418992 0.0065241  0.28379848 0.5454875 
 3.62450163e-04 3.62450163e-04 2.23631751e-01 7.75643349e-01
 6.20152229e-01 2.64588619e-02 3.62450163e-04 3.53026459e-01
 0.1163465  0.0036245  0.01812251 0.86190649
 4.08843784e-01 3.62450163e-04 2.37042407e-01 3.53751359e-01
 0.78289235 0.0014498  0.13446901 0.08118884
