MEME version 5.3.0

ALPHABET= ACGT

strands: + -

Background letter frequencies
A 0.25 C 0.25 G 0.25 T 0.25

MOTIF STunmod1_l3_f_0
letter-probability matrix: alength= 4 w= 9 
 0.51819249 0.22593897 0.17957746 0.07629108
 6.10328638e-01 1.07981221e-01 5.86854460e-04 2.81103286e-01
 0.10915493 0.09389671 0.18661972 0.61032864
 0.24002347 0.04812207 0.70715962 0.00469484
 7.14788732e-01 5.86854460e-04 2.84037559e-01 5.86854460e-04
 0.08861502 0.01819249 0.18192488 0.71126761
 5.86854460e-04 5.57511737e-02 7.91666667e-01 1.51995305e-01
 0.28755869 0.13732394 0.34859155 0.22652582
 0.27347418 0.20305164 0.33333333 0.19014085

MOTIF STunmod1_l3_f_1
letter-probability matrix: alength= 4 w= 9 
 0.24309764 0.24478114 0.31582492 0.1962963 
 0.04646465 0.02962963 0.05353535 0.87037037
 0.6016835  0.03501684 0.30673401 0.05656566
 8.30303030e-01 3.36700337e-04 1.69023569e-01 3.36700337e-04
 0.17474747 0.08013468 0.14713805 0.5979798 
 0.20774411 0.07912458 0.63569024 0.07744108
 9.70033670e-01 7.07070707e-03 2.25589226e-02 3.36700337e-04
 0.11851852 0.07306397 0.10606061 0.7023569 
 0.10808081 0.10505051 0.7        0.08686869

MOTIF STunmod1_l3_f_2
letter-probability matrix: alength= 4 w= 9 
 0.08017591 0.38430311 0.3985115  0.13700947
 0.18098782 0.04769959 0.31867388 0.4526387 
 0.35994587 0.03890392 0.4868065  0.11434371
 0.88328823 0.08254398 0.01928281 0.01488498
 3.38294993e-04 7.54397835e-02 5.75101488e-03 9.18470907e-01
 3.38294993e-04 1.16035183e-01 8.83288227e-01 3.38294993e-04
 0.37956698 0.47496617 0.08964817 0.05581867
 0.19451962 0.50981055 0.28619756 0.00947226
 0.19282815 0.58660352 0.13430311 0.08626522

MOTIF STunmod1_l3_f_3
letter-probability matrix: alength= 4 w= 9 
 0.30601093 0.2276867  0.24954463 0.21675774
 0.30418944 0.23315118 0.25500911 0.20765027
 0.99453552 0.00182149 0.00182149 0.00182149
 0.00182149 0.00182149 0.00182149 0.99453552
 0.00182149 0.00182149 0.99453552 0.00182149
 0.99453552 0.00182149 0.00182149 0.00182149
 0.00182149 0.00182149 0.00182149 0.99453552
 0.00182149 0.00182149 0.99453552 0.00182149
 0.29326047 0.21675774 0.29508197 0.19489982

MOTIF STunmod1_l3_f_4
letter-probability matrix: alength= 4 w= 9 
 0.31639344 0.14508197 0.23032787 0.30819672
 0.10245902 0.38934426 0.10245902 0.4057377 
 0.6442623  0.05409836 0.15       0.15163934
 0.00081967 0.19508197 0.00081967 0.80327869
 0.44098361 0.00245902 0.50081967 0.0557377 
 0.10327869 0.65983607 0.00737705 0.2295082 
 0.7147541  0.03770492 0.24672131 0.00081967
 0.00081967 0.28360656 0.00081967 0.7147541 
 0.15901639 0.01065574 0.72786885 0.10245902

MOTIF STunmod1_l3_f_5
letter-probability matrix: alength= 4 w= 9 
 0.49201065 0.10019973 0.40146471 0.0063249 
 0.43508655 0.26930759 0.14846871 0.14713715
 0.38049268 0.11551265 0.38249001 0.12150466
 9.75033289e-01 1.53129161e-02 9.32090546e-03 3.32889481e-04
 3.32889481e-04 1.73102530e-02 3.32889481e-04 9.82023968e-01
 3.32889481e-04 1.73102530e-02 9.82023968e-01 3.32889481e-04
 3.32889481e-04 1.73102530e-02 9.60053262e-01 2.23035952e-02
 4.10452730e-01 4.60053262e-01 1.29161119e-01 3.32889481e-04
 0.25898802 0.12117177 0.38415446 0.23568575

MOTIF STunmod1_l3_f_6
letter-probability matrix: alength= 4 w= 9 
 0.61322411 0.02282036 0.34581627 0.01813926
 0.33937975 0.38970158 0.04915155 0.22176712
 0.17261556 0.11761264 0.37799883 0.33177297
 8.90579286e-01 5.85137507e-04 1.03569339e-01 5.26623757e-03
 0.0983031  0.00351083 0.39730837 0.50087771
 5.85137507e-04 5.85137507e-04 9.98244587e-01 5.85137507e-04
 5.85137507e-04 5.85137507e-04 9.98244587e-01 5.85137507e-04
 5.61732007e-02 2.67407841e-01 6.75833821e-01 5.85137507e-04
 0.01813926 0.09069631 0.50438853 0.38677589

MOTIF STunmod1_l3_f_7
letter-probability matrix: alength= 4 w= 9 
 0.02247191 0.25642055 0.14245586 0.57865169
 0.10553772 0.37078652 0.16733547 0.35634029
 0.18138042 0.37760835 0.21548957 0.22552167
 0.79735152 0.01404494 0.09028892 0.09831461
 1.12359551e-02 5.61797753e-03 4.01284109e-04 9.82744783e-01
 0.08386838 0.1011236  0.79735152 0.0176565 
 4.01284109e-04 7.54815409e-01 1.12359551e-02 2.33547352e-01
 0.49678973 0.01123596 0.34269663 0.14927769
 6.02327448e-01 1.93820225e-01 4.01284109e-04 2.03451043e-01

MOTIF STunmod1_l3_f_8
letter-probability matrix: alength= 4 w= 9 
 0.55199223 0.07385811 0.27210884 0.10204082
 0.04567541 0.09135083 0.30758017 0.55539359
 0.05344995 0.0223518  0.33576288 0.58843537
 4.85908649e-04 4.85908649e-04 2.49757046e-01 7.49271137e-01
 2.38581147e-01 4.85908649e-04 4.85908649e-04 7.60447036e-01
 1.45772595e-02 7.58017493e-02 4.85908649e-04 9.09135083e-01
 2.17201166e-01 4.85908649e-04 7.33722060e-02 7.08940719e-01
 0.4494655  0.2638484  0.17784257 0.10884354
 0.60835763 0.01846453 0.16326531 0.20991254

MOTIF STunmod1_l3_f_10
letter-probability matrix: alength= 4 w= 9 
 0.65346205 0.10918775 0.11351531 0.12383489
 5.25632490e-01 3.32889481e-04 3.32889481e-04 4.73701731e-01
 3.32889481e-04 3.32889481e-04 4.73701731e-01 5.25632490e-01
 0.04893475 0.04161119 0.73435419 0.17509987
 0.32123835 0.00965379 0.15312916 0.5159787 
 0.09221039 0.18908123 0.3511984  0.36750999
 0.10952064 0.01298269 0.60186418 0.27563249
 0.35153129 0.21770972 0.123502   0.30725699
 0.29560586 0.36318242 0.14114514 0.20006658

MOTIF STunmod1_l3_f_11
letter-probability matrix: alength= 4 w= 9 
 0.34434968 0.19083156 0.20788913 0.25692964
 0.34754797 0.15031983 0.16098081 0.34115139
 0.99680171 0.0010661  0.0010661  0.0010661 
 0.0010661  0.1130064  0.0010661  0.88486141
 0.1130064  0.0010661  0.88486141 0.0010661 
 0.69402985 0.0010661  0.30383795 0.0010661 
 0.0010661  0.30383795 0.0010661  0.69402985
 0.24520256 0.0010661  0.71108742 0.04264392
 0.23560768 0.17057569 0.26012793 0.3336887 

MOTIF STunmod1_l3_f_12
letter-probability matrix: alength= 4 w= 9 
 0.22010582 0.21093474 0.32239859 0.24656085
 0.24303351 0.3675485  0.10511464 0.28430335
 0.35449735 0.13897707 0.41869489 0.08783069
 9.52028219e-01 3.13932981e-02 3.52733686e-04 1.62257496e-02
 3.52733686e-04 4.19753086e-02 3.52733686e-04 9.57319224e-01
 2.11640212e-03 4.02116402e-02 9.57319224e-01 3.52733686e-04
 0.23844797 0.00493827 0.71252205 0.04409171
 0.13544974 0.47477954 0.15132275 0.23844797
 0.27089947 0.13650794 0.44091711 0.15167549

MOTIF STunmod1_l3_f_13
letter-probability matrix: alength= 4 w= 9 
 0.30925433 0.23701731 0.4241012  0.02962716
 0.36750999 0.22703063 0.2976032  0.10785619
 0.01398136 0.08122503 0.43442077 0.47037284
 0.00233023 0.19007989 0.6391478  0.16844208
 1.24500666e-01 2.10719041e-01 6.64447403e-01 3.32889481e-04
 1.16511318e-02 3.39880160e-01 6.48135819e-01 3.32889481e-04
 3.32889481e-04 3.41211718e-01 4.62716378e-01 1.95739015e-01
 0.04027963 0.59287617 0.36451398 0.00233023
 0.13648469 0.47303595 0.29061252 0.09986684

MOTIF STunmod1_l3_f_14
letter-probability matrix: alength= 4 w= 9 
 0.76438849 0.00179856 0.23201439 0.00179856
 0.15467626 0.12589928 0.14028777 0.57913669
 0.39028777 0.25539568 0.25       0.10431655
 0.9352518  0.00179856 0.06115108 0.00179856
 0.29676259 0.07553957 0.00179856 0.62589928
 0.19244604 0.17086331 0.53057554 0.10611511
 0.99460432 0.00179856 0.00179856 0.00179856
 0.00179856 0.00179856 0.00179856 0.99460432
 0.00179856 0.00179856 0.99460432 0.00179856

MOTIF STunmod1_l3_f_15
letter-probability matrix: alength= 4 w= 9 
 0.46487954 0.4258568  0.04886325 0.06040041
 0.95961995 0.01153716 0.00271463 0.02612827
 3.01323380e-01 3.39328130e-04 6.83406854e-01 1.49304377e-02
 0.0108585  0.54462165 0.12792671 0.31659315
 3.39328130e-04 1.08585002e-02 3.76314897e-01 6.12487275e-01
 0.6236851  0.00339328 0.35900916 0.01391245
 0.24669155 0.32779097 0.40380048 0.021717  
 0.0627757  0.3437394  0.14319647 0.45028843
 0.25076349 0.1893451  0.29216152 0.26772989

MOTIF STunmod1_l3_f_16
letter-probability matrix: alength= 4 w= 9 
 0.1054082  0.06923872 0.0850844  0.74026869
 0.46985877 0.12986566 0.2611092  0.13916638
 0.56011023 0.13434378 0.21460558 0.09094041
 0.16086807 0.13021013 0.19393731 0.5149845 
 0.47364795 0.17189115 0.13434378 0.22011712
 0.64588357 0.04684809 0.01446779 0.29280055
 1.75680331e-02 3.44471237e-04 1.13675508e-02 9.70719945e-01
 8.60833620e-01 3.44471237e-04 1.38477437e-01 3.44471237e-04
 0.62349294 0.00447813 0.36617292 0.00585601

MOTIF STunmod1_l3_f_17
letter-probability matrix: alength= 4 w= 9 
 0.35339669 0.29109468 0.24287223 0.1126364 
 0.47624076 0.21436114 0.26328757 0.04611052
 9.89088349e-01 3.51988736e-04 1.02076734e-02 3.51988736e-04
 0.13692362 0.10383668 0.07743752 0.68180218
 0.30095037 0.00668779 0.67300246 0.01935938
 5.67053854e-01 3.51988736e-04 4.32242168e-01 3.51988736e-04
 4.81168603e-01 3.51988736e-04 3.51988736e-04 5.18127420e-01
 1.11228441e-01 3.51988736e-04 7.49032031e-01 1.39387540e-01
 0.3248856  0.19887364 0.25448786 0.2217529 

MOTIF STunmod1_l3_f_18
letter-probability matrix: alength= 4 w= 9 
 5.74382539e-04 1.43595635e-02 3.79092476e-02 9.47156806e-01
 0.43308443 0.00689259 0.50890293 0.05112005
 8.81102814e-01 1.83802412e-02 5.74382539e-04 9.99425617e-02
 9.98276852e-01 5.74382539e-04 5.74382539e-04 5.74382539e-04
 0.08500862 0.04250431 0.45203906 0.42044802
 0.11947157 0.2498564  0.276278   0.35439403
 0.43365882 0.04020678 0.46524986 0.06088455
 0.085583   0.01206203 0.56404365 0.33831132
 0.54049397 0.06088455 0.08902929 0.30959219

MOTIF STunmod1_l3_f_20
letter-probability matrix: alength= 4 w= 9 
 0.37525287 0.19352664 0.27140931 0.15981119
 3.37154417e-04 7.45111261e-01 3.37154417e-04 2.54214430e-01
 0.03674983 0.03000674 0.87019555 0.06304788
 3.37154417e-04 3.37154417e-04 3.37154417e-04 9.98988537e-01
 8.86378962e-01 3.37154417e-04 1.12946730e-01 3.37154417e-04
 2.53877276e-01 3.37154417e-04 7.45448415e-01 3.37154417e-04
 0.51011463 0.09979771 0.23128793 0.15879973
 0.24308833 0.14059339 0.34288604 0.27343223
 0.23499663 0.22859069 0.24713419 0.28927849

MOTIF STunmod1_l3_f_21
letter-probability matrix: alength= 4 w= 9 
 0.45006658 0.29826897 0.13748336 0.11418109
 0.51431425 0.063249   0.36118509 0.06125166
 3.32889481e-04 2.19374168e-01 4.47403462e-01 3.32889481e-01
 3.32889481e-04 3.32889481e-04 2.60652463e-01 7.38681758e-01
 0.21404794 0.37050599 0.07123835 0.34420772
 2.77296937e-01 3.32889481e-04 4.12782956e-02 6.81091877e-01
 0.63948069 0.00732357 0.06125166 0.29194407
 0.34087883 0.01431425 0.40712383 0.23768309
 0.12250333 0.03528628 0.29194407 0.55026631

MOTIF STunmod1_l3_f_22
letter-probability matrix: alength= 4 w= 9 
 0.61850866 0.12782956 0.21005326 0.04360852
 0.04161119 0.01198402 0.34154461 0.60486019
 3.32889481e-04 3.32889481e-04 5.12316911e-01 4.87017310e-01
 0.11984021 0.05459387 0.1298269  0.69573901
 0.54593875 0.11185087 0.05925433 0.28295606
 0.2849534  0.03928096 0.02596538 0.64980027
 5.34620506e-01 3.32889481e-04 1.64114514e-01 3.00932091e-01
 3.60186418e-01 3.32889481e-04 4.69041278e-01 1.70439414e-01
 0.1677763  0.23668442 0.31191744 0.28362184

MOTIF STunmod1_l3_f_23
letter-probability matrix: alength= 4 w= 9 
 0.02702703 0.02702703 0.02702703 0.91891892
 0.32432432 0.02702703 0.02702703 0.62162162
 0.02702703 0.02702703 0.7027027  0.24324324
 0.02702703 0.02702703 0.02702703 0.91891892
 0.27027027 0.02702703 0.67567568 0.02702703
 0.02702703 0.27027027 0.02702703 0.67567568
 0.91891892 0.02702703 0.02702703 0.02702703
 0.02702703 0.02702703 0.02702703 0.91891892
 0.02702703 0.02702703 0.91891892 0.02702703

MOTIF STunmod1_l3_f_24
letter-probability matrix: alength= 4 w= 9 
 0.60491748 0.08251937 0.14685079 0.16571236
 0.21488717 0.03368137 0.56214214 0.18928932
 0.01212529 0.01650387 0.16470192 0.80666891
 0.31761536 0.02155608 0.24890536 0.41192321
 0.01549343 0.00437858 0.35028629 0.6298417 
 4.34826541e-01 2.36443247e-01 3.36813742e-04 3.28393398e-01
 0.17379589 0.00639946 0.26911418 0.55069047
 3.36813742e-04 2.85281239e-01 2.43516335e-01 4.70865611e-01
 0.46379252 0.11249579 0.3186258  0.10508589

MOTIF STunmod1_l3_f_26
letter-probability matrix: alength= 4 w= 9 
 0.33488682 0.35952064 0.24866844 0.0569241 
 0.0539281  0.45472703 0.48035952 0.01098535
 3.32889481e-04 3.32889481e-04 9.66045273e-01 3.32889481e-02
 3.32889481e-04 3.32889481e-04 3.32889481e-04 9.99001332e-01
 0.61651132 0.00898802 0.35852197 0.0159787 
 7.97936085e-01 2.01398136e-01 3.32889481e-04 3.32889481e-04
 3.15246338e-01 3.95805593e-01 2.88615180e-01 3.32889481e-04
 0.3039281  0.42842876 0.05792277 0.20972037
 0.63948069 0.1361518  0.06524634 0.15912117

MOTIF STunmod1_l3_f_27
letter-probability matrix: alength= 4 w= 9 
 0.16211718 0.22503329 0.44873502 0.16411451
 0.73268975 0.22969374 0.03362184 0.00399467
 3.32889481e-04 7.45672437e-02 8.98801598e-02 8.35219707e-01
 3.32889481e-04 1.61118509e-01 7.16378162e-01 1.22170439e-01
 3.32889481e-04 3.32889481e-04 3.32889481e-04 9.99001332e-01
 8.17576565e-01 3.32889481e-04 1.81757656e-01 3.32889481e-04
 5.80892144e-01 3.32889481e-04 4.18442077e-01 3.32889481e-04
 0.24833555 0.14314248 0.38015979 0.22836218
 0.11984021 0.20306258 0.30459387 0.37250333

MOTIF STunmod1_l3_f_28
letter-probability matrix: alength= 4 w= 9 
 0.05747126 0.3346856  0.20216362 0.40567951
 0.03853955 0.23022312 0.70655849 0.02467884
 3.38066261e-04 5.26707235e-01 4.26977688e-01 4.59770115e-02
 8.18120352e-02 9.14469236e-01 3.38066261e-03 3.38066261e-04
 0.48816768 0.31812035 0.13962137 0.0540906 
 0.51757945 0.20250169 0.01487492 0.26504395
 1.38607167e-02 9.17849899e-01 3.38066261e-04 6.79513185e-02
 4.31372549e-01 3.91818796e-01 1.76470588e-01 3.38066261e-04
 0.20486815 0.21196755 0.15179175 0.43137255

MOTIF STunmod1_l3_f_29
letter-probability matrix: alength= 4 w= 9 
 0.46590909 0.13602941 0.26704545 0.13101604
 0.71290107 0.10695187 0.05514706 0.125     
 1.35026738e-01 3.34224599e-04 3.47927807e-01 5.16711230e-01
 3.34224599e-04 2.77406417e-02 2.06885027e-01 7.65040107e-01
 3.34224599e-04 3.34224599e-04 3.34224599e-04 9.98997326e-01
 6.72459893e-01 3.34224599e-04 3.26871658e-01 3.34224599e-04
 8.35561497e-01 3.34224599e-04 1.63770053e-01 3.34224599e-04
 0.47660428 0.17112299 0.11196524 0.24030749
 0.11096257 0.34558824 0.53375668 0.00969251

MOTIF STunmod1_l3_f_30
letter-probability matrix: alength= 4 w= 9 
 0.41711052 0.40479361 0.07689747 0.1011984 
 0.59553928 0.25266312 0.02097204 0.13082557
 0.68741678 0.07656458 0.15412783 0.08189081
 0.31824234 0.39280959 0.20972037 0.0792277 
 0.34886818 0.24667111 0.24833555 0.15612517
 0.53994674 0.01198402 0.20672437 0.24134487
 0.01464714 0.03695073 0.36151798 0.58688415
 0.02929427 0.04627164 0.90878828 0.01564581
 0.23069241 0.15912117 0.43175766 0.17842876

MOTIF STunmod1_l3_f_31
letter-probability matrix: alength= 4 w= 9 
 0.04808705 0.12285012 0.51000351 0.31905932
 0.22955423 0.11547912 0.57564058 0.07932608
 0.28606529 0.26605827 0.4018954  0.04598105
 0.03545104 0.00842401 0.91154791 0.04457704
 0.24921025 0.01790102 0.07616708 0.65672166
 0.19375219 0.71919972 0.00702001 0.08002808
 0.02070902 0.33274833 0.18392418 0.46261846
 3.96630397e-02 6.44436644e-01 3.51000351e-04 3.15549316e-01
 0.06598807 0.63987364 0.01649702 0.27764128

MOTIF STunmod1_l3_f_32
letter-probability matrix: alength= 4 w= 9 
 0.10875421 0.21649832 0.33569024 0.33905724
 0.08821549 0.12424242 0.47340067 0.31414141
 0.16936027 0.3010101  0.06464646 0.46498316
 0.91077441 0.0013468  0.02188552 0.06599327
 3.36700337e-04 2.28956229e-02 6.59932660e-02 9.10774411e-01
 4.17508418e-02 4.71380471e-02 9.10774411e-01 3.36700337e-04
 2.83501684e-01 4.86531987e-01 3.36700337e-04 2.29629630e-01
 0.13703704 0.09393939 0.29225589 0.47676768
 0.19393939 0.2959596  0.46026936 0.04983165

MOTIF STunmod1_l3_f_33
letter-probability matrix: alength= 4 w= 9 
 0.35829251 0.1620014  0.36668999 0.1130161 
 0.55493352 0.01609517 0.04023793 0.38873338
 3.49895031e-04 7.69769069e-03 1.33659902e-01 8.58292512e-01
 3.49895031e-04 4.00979706e-01 4.92302309e-01 1.06368090e-01
 9.37718684e-02 2.09937019e-03 9.03778866e-01 3.49895031e-04
 0.67249825 0.02624213 0.17179846 0.12946116
 7.13785864e-01 3.49895031e-04 2.40727782e-01 4.51364591e-02
 0.53988803 0.10636809 0.26592022 0.08782365
 0.05878237 0.18054584 0.61196641 0.14870539

MOTIF STunmod1_l3_f_34
letter-probability matrix: alength= 4 w= 9 
 0.35419441 0.2659787  0.20772304 0.17210386
 0.86218375 0.06824234 0.04394141 0.02563249
 0.62383489 0.00233023 0.13948069 0.23435419
 0.43242344 0.04094541 0.12083888 0.40579228
 0.14014647 0.20705726 0.50099867 0.1517976 
 0.07390146 0.04527297 0.10019973 0.78062583
 5.50266312e-01 2.52996005e-02 3.32889481e-04 4.24101198e-01
 3.11917443e-01 3.32889481e-04 3.32889481e-04 6.87416778e-01
 0.32323569 0.01398136 0.07723036 0.5855526 

MOTIF STunmod1_l3_f_35
letter-probability matrix: alength= 4 w= 9 
 0.76923077 0.10501672 0.02976589 0.09598662
 0.04013378 0.16622074 0.00468227 0.78896321
 8.52842809e-02 3.34448161e-04 9.14046823e-01 3.34448161e-04
 0.11036789 0.12675585 0.6812709  0.08160535
 0.3        0.46354515 0.20869565 0.0277592 
 0.63846154 0.03578595 0.13210702 0.19364548
 0.17424749 0.18093645 0.05719064 0.58762542
 0.02474916 0.29565217 0.61705686 0.06254181
 0.24749164 0.15685619 0.47692308 0.1187291 

MOTIF STunmod1_l3_f_36
letter-probability matrix: alength= 4 w= 9 
 0.00599201 0.32323569 0.07157124 0.59920107
 3.32889481e-04 1.51464714e-01 8.24900133e-01 2.33022636e-02
 3.32889481e-04 2.09720373e-01 7.82623169e-01 7.32356858e-03
 3.32556591e-01 6.64780293e-01 2.33022636e-03 3.32889481e-04
 3.32889481e-04 7.51331558e-01 9.25432756e-02 1.55792277e-01
 0.01930759 0.22170439 0.49334221 0.26564581
 0.14580559 0.64813582 0.15013316 0.05592543
 0.26331558 0.36218375 0.31591212 0.05858855
 0.0729028  0.22503329 0.44840213 0.25366178

MOTIF STunmod1_l3_f_37
letter-probability matrix: alength= 4 w= 9 
 0.25858369 0.36158798 0.18168813 0.1981402 
 0.50321888 0.11015737 0.09334764 0.29327611
 0.31080114 0.0851216  0.1888412  0.41523605
 0.1176681  0.07010014 0.43991416 0.3723176 
 0.49749642 0.10872675 0.28755365 0.10622318
 7.47138770e-01 3.57653791e-04 5.93705293e-02 1.93133047e-01
 5.40057225e-02 3.57653791e-04 1.93133047e-01 7.52503577e-01
 0.08476395 0.04756795 0.80078684 0.06688126
 0.18454936 0.16058655 0.50107296 0.15379113

MOTIF STunmod1_l3_f_38
letter-probability matrix: alength= 4 w= 9 
 0.09720373 0.24567244 0.46604527 0.19107856
 1.53129161e-01 7.61984021e-01 3.32889481e-04 8.45539281e-02
 0.65845539 0.25665779 0.00399467 0.08089214
 8.14913449e-01 3.32889481e-04 6.45805593e-02 1.20173103e-01
 0.11850866 0.70272969 0.12450067 0.05426099
 0.18841545 0.64114514 0.13581891 0.03462051
 0.01997337 0.03894807 0.81491345 0.12616511
 0.03362184 0.18408788 0.77363515 0.00865513
 0.01464714 0.06824234 0.49667111 0.42043941

MOTIF STunmod1_l3_f_39
letter-probability matrix: alength= 4 w= 9 
 0.62162162 0.14695946 0.13040541 0.10101351
 0.39358108 0.15810811 0.28445946 0.16385135
 0.31283784 0.61959459 0.02195946 0.04560811
 7.94256757e-01 1.81756757e-01 2.36486486e-02 3.37837838e-04
 3.68581081e-01 8.24324324e-02 3.37837838e-04 5.48648649e-01
 3.37837838e-04 9.36486486e-01 3.37837838e-04 6.28378378e-02
 1.55743243e-01 8.01689189e-01 3.37837838e-04 4.22297297e-02
 9.74324324e-01 3.37837838e-04 1.62162162e-02 9.12162162e-03
 0.54797297 0.16081081 0.08344595 0.20777027

MOTIF STunmod1_l3_f_40
letter-probability matrix: alength= 4 w= 9 
 0.04608696 0.08304348 0.19043478 0.68043478
 4.34782609e-04 1.83478261e-01 4.34782609e-04 8.15652174e-01
 0.47391304 0.01304348 0.42695652 0.08608696
 0.02869565 0.11478261 0.08869565 0.76782609
 7.10434783e-01 1.73913043e-03 4.34782609e-04 2.87391304e-01
 0.08130435 0.01608696 0.15043478 0.75217391
 0.03521739 0.02347826 0.84695652 0.09434783
 0.31173913 0.29826087 0.20652174 0.18347826
 0.44956522 0.12478261 0.25304348 0.1726087 

MOTIF STunmod1_l3_f_41
letter-probability matrix: alength= 4 w= 9 
 0.11448835 0.60148598 0.27558257 0.00844309
 2.60047281e-01 2.02634245e-03 7.37588652e-01 3.37723742e-04
 0.09658899 0.75582573 0.12259372 0.02499156
 3.37723742e-04 9.86828774e-01 1.24957785e-02 3.37723742e-04
 0.29922324 0.05504897 0.64268828 0.00303951
 0.00303951 0.3100304  0.24282337 0.44410672
 0.05504897 0.73522459 0.18946302 0.02026342
 0.28605201 0.16987504 0.42418102 0.11989193
 0.06990881 0.10131712 0.14589666 0.68287741

MOTIF STunmod1_l3_f_42
letter-probability matrix: alength= 4 w= 9 
 0.46436285 0.12059035 0.27825774 0.13678906
 1.04031677e-01 3.59971202e-04 4.71562275e-01 4.24046076e-01
 0.17278618 0.40532757 0.39632829 0.02555796
 0.88984881 0.01295896 0.00683945 0.09035277
 0.78581713 0.06839453 0.13570914 0.01007919
 0.15190785 0.47732181 0.07991361 0.29085673
 8.23614111e-01 6.47948164e-03 1.69546436e-01 3.59971202e-04
 8.52051836e-01 3.59971202e-04 9.25125990e-02 5.50755940e-02
 0.26097912 0.00611951 0.01187905 0.72102232

MOTIF STunmod1_l3_f_43
letter-probability matrix: alength= 4 w= 9 
 0.32846715 0.08175182 0.02773723 0.5620438 
 0.12846715 0.03284672 0.03357664 0.80510949
 0.77737226 0.02043796 0.16423358 0.0379562 
 0.59343066 0.02043796 0.06423358 0.32189781
 9.41605839e-01 7.29927007e-04 1.97080292e-02 3.79562044e-02
 0.01678832 0.11970803 0.67080292 0.19270073
 4.16058394e-02 7.29927007e-04 1.31386861e-02 9.44525547e-01
 0.47007299 0.01240876 0.12189781 0.39562044
 0.36423358 0.04233577 0.15474453 0.43868613

MOTIF STunmod1_l3_f_44
letter-probability matrix: alength= 4 w= 9 
 0.49477352 0.25280681 0.17963608 0.07278358
 0.18157182 0.16376307 0.27138986 0.38327526
 0.13472706 0.20596206 0.48896632 0.17034456
 0.04568331 0.11962834 0.01432443 0.82036392
 6.73635308e-01 3.87146729e-04 3.25590399e-01 3.87146729e-04
 5.74138599e-01 3.87146729e-04 2.41966705e-01 1.83507549e-01
 0.58807588 0.10414247 0.28610143 0.02168022
 0.242741   0.07781649 0.08981804 0.58962447
 0.01277584 0.06000774 0.69879985 0.22841657

MOTIF STunmod1_l3_f_45
letter-probability matrix: alength= 4 w= 9 
 0.3016158  0.22441652 0.2459605  0.22800718
 0.29982047 0.22980251 0.2513465  0.21903052
 0.98025135 0.00179533 0.01615799 0.00179533
 0.01615799 0.00179533 0.00179533 0.98025135
 0.01615799 0.00179533 0.98025135 0.00179533
 0.98025135 0.00179533 0.00179533 0.01615799
 0.00179533 0.00179533 0.01615799 0.98025135
 0.00179533 0.00179533 0.98025135 0.01615799
 0.30341113 0.21364452 0.29084381 0.19210054

MOTIF STunmod1_l3_f_46
letter-probability matrix: alength= 4 w= 9 
 0.06491345 0.83988016 0.04194407 0.05326232
 0.08488682 0.02929427 0.873502   0.01231691
 0.02829561 0.23169108 0.6298269  0.11018642
 3.32889481e-04 3.32889481e-04 3.32889481e-04 9.99001332e-01
 4.50066578e-01 3.32889481e-04 5.49267643e-01 3.32889481e-04
 8.88149134e-01 3.32889481e-04 1.11185087e-01 3.32889481e-04
 5.20972037e-01 1.90079893e-01 2.88615180e-01 3.32889481e-04
 0.2213715  0.13448735 0.25898802 0.38515313
 0.24667111 0.2723036  0.37549933 0.10552597

MOTIF STunmod1_l3_f_47
letter-probability matrix: alength= 4 w= 9 
 0.08578431 0.12941176 0.08627451 0.69852941
 0.33039216 0.08480392 0.49460784 0.09019608
 8.10294118e-01 4.90196078e-04 1.78921569e-01 1.02941176e-02
 5.22058824e-01 4.90196078e-04 2.15686275e-02 4.55882353e-01
 1.63725490e-01 4.90196078e-04 4.91666667e-01 3.44117647e-01
 0.03382353 0.14117647 0.02696078 0.79803922
 0.02990196 0.06568627 0.10686275 0.79754902
 0.27941176 0.24558824 0.17303922 0.30196078
 0.84460784 0.06421569 0.06421569 0.02696078

MOTIF STunmod1_l3_f_48
letter-probability matrix: alength= 4 w= 9 
 0.31691079 0.20372836 0.2057257  0.27363515
 9.93675100e-01 3.32889481e-04 5.65912117e-03 3.32889481e-04
 3.32889481e-04 3.32889481e-04 3.32889481e-04 9.99001332e-01
 3.32889481e-04 3.32889481e-04 9.99001332e-01 3.32889481e-04
 0.86118509 0.05625832 0.03961385 0.04294274
 0.19507324 0.56158455 0.18608522 0.05725699
 0.30625832 0.17343542 0.08488682 0.43541944
 0.34221039 0.19174434 0.37583222 0.09021305
 0.33155792 0.24700399 0.18142477 0.24001332

MOTIF STunmod1_l3_f_49
letter-probability matrix: alength= 4 w= 9 
 0.32846715 0.13173445 0.2346194  0.30517901
 0.26416406 0.13208203 0.25721237 0.34654154
 0.22488704 0.53110879 0.10253737 0.14146681
 3.93117831e-01 3.47584289e-04 6.06187000e-01 3.47584289e-04
 8.78345499e-01 1.20959333e-01 3.47584289e-04 3.47584289e-04
 0.29509906 0.0177268  0.01737921 0.66979493
 9.98957247e-01 3.47584289e-04 3.47584289e-04 3.47584289e-04
 8.41849148e-01 1.09489051e-01 4.83142162e-02 3.47584289e-04
 0.1282586  0.00695169 0.84602016 0.01876955

MOTIF STunmod1_l3_f_50
letter-probability matrix: alength= 4 w= 9 
 0.31524634 0.20772304 0.40079893 0.07623169
 3.32889481e-04 3.32889481e-03 1.56458056e-02 9.80692410e-01
 6.63781625e-01 3.32889481e-04 3.17243675e-01 1.86418109e-02
 0.47603196 0.00332889 0.51065246 0.00998668
 3.32889481e-04 3.32889481e-04 3.32889481e-04 9.99001332e-01
 8.32556591e-01 3.32889481e-04 1.66777630e-01 3.32889481e-04
 5.35286285e-01 3.32889481e-04 4.64047936e-01 3.32889481e-04
 0.27396804 0.13348868 0.32123835 0.27130493
 0.39014647 0.13981358 0.20972037 0.26031957

MOTIF STunmod1_l3_f_51
letter-probability matrix: alength= 4 w= 9 
 0.00932091 0.06591212 0.02563249 0.89913449
 1.04194407e-01 3.32889481e-04 8.72503329e-01 2.29693742e-02
 0.0316245  0.33189081 0.02263648 0.6138482 
 5.30958722e-01 3.48535286e-01 3.32889481e-04 1.20173103e-01
 0.32256991 0.18608522 0.10519308 0.3861518 
 0.06191744 0.61218375 0.13581891 0.19007989
 0.31524634 0.35652463 0.24533955 0.08288948
 0.58322237 0.02762983 0.33122503 0.05792277
 0.37083888 0.1644474  0.24434088 0.22037284

MOTIF STunmod1_l3_f_52
letter-probability matrix: alength= 4 w= 9 
 0.72120658 0.26051188 0.01462523 0.00365631
 0.51553931 0.00091408 0.48263254 0.00091408
 0.64625229 0.01279707 0.31718464 0.023766  
 0.30530165 0.1261426  0.35648995 0.21206581
 0.75868373 0.22943327 0.01096892 0.00091408
 9.14076782e-04 9.14076782e-04 1.09689214e-02 9.87202925e-01
 1.09689214e-02 9.14076782e-04 9.87202925e-01 9.14076782e-04
 9.14076782e-04 9.14076782e-04 9.87202925e-01 1.09689214e-02
 0.35466179 0.45429616 0.17915905 0.011883  

MOTIF STunmod1_l3_f_53
letter-probability matrix: alength= 4 w= 9 
 0.52796272 0.186751   0.21238349 0.0729028 
 7.90279627e-01 1.49800266e-02 3.32889481e-04 1.94407457e-01
 3.32889481e-04 1.49800266e-02 1.94407457e-01 7.90279627e-01
 0.06890812 0.03029294 0.85486019 0.04593875
 0.41011984 0.01631158 0.43442077 0.1391478 
 2.39680426e-02 3.32889481e-04 5.65579228e-01 4.10119840e-01
 0.00832224 0.31591212 0.47536618 0.20039947
 0.31191744 0.17343542 0.3355526  0.17909454
 0.37782956 0.25832224 0.25998668 0.10386152

MOTIF STunmod1_l3_f_54
letter-probability matrix: alength= 4 w= 9 
 0.89680426 0.0379494  0.02996005 0.03528628
 1.81091877e-01 3.32889481e-04 1.66444740e-03 8.16910786e-01
 0.00865513 0.00299601 0.82956059 0.15878828
 0.189747   0.47936085 0.21038615 0.12050599
 0.1517976  0.04394141 0.48701731 0.31724368
 0.16577896 0.34986684 0.19840213 0.28595206
 0.61984021 0.16944075 0.19540613 0.01531292
 0.50266312 0.03561917 0.15446072 0.30725699
 0.15046605 0.07423435 0.46304927 0.31225033

MOTIF STunmod1_l3_f_55
letter-probability matrix: alength= 4 w= 9 
 0.00395257 0.95652174 0.00395257 0.03557312
 0.88932806 0.1027668  0.00395257 0.00395257
 0.00395257 0.00395257 0.98814229 0.00395257
 0.00395257 0.53359684 0.37549407 0.08695652
 0.00395257 0.98814229 0.00395257 0.00395257
 0.63636364 0.00395257 0.35573123 0.00395257
 0.91699605 0.00395257 0.00395257 0.07509881
 0.64822134 0.06719368 0.28063241 0.00395257
 0.91699605 0.00395257 0.04743083 0.03162055

MOTIF STunmod1_l3_f_56
letter-probability matrix: alength= 4 w= 9 
 0.24966711 0.17976032 0.14114514 0.42942743
 0.46304927 0.24434088 0.21870839 0.07390146
 0.24400799 0.00832224 0.73468708 0.01298269
 0.5349534  0.18442077 0.15379494 0.12683089
 0.31890812 0.29993342 0.15113182 0.23002663
 0.11284953 0.61850866 0.14980027 0.11884154
 2.72969374e-02 3.32889481e-04 3.32889481e-04 9.72037284e-01
 0.9460719  0.02097204 0.03062583 0.00233023
 8.98135819e-01 1.49800266e-02 8.65512650e-02 3.32889481e-04

MOTIF STunmod1_l3_f_57
letter-probability matrix: alength= 4 w= 9 
 0.25507745 0.09156627 0.07538726 0.57796902
 0.48640275 0.11497418 0.16110155 0.23752151
 0.56385542 0.10189329 0.19655766 0.13769363
 2.05851979e-01 3.44234079e-04 1.96557659e-01 5.97246127e-01
 0.49982788 0.04509466 0.27951807 0.17555938
 0.84681583 0.0302926  0.00860585 0.11428571
 5.16351119e-03 3.44234079e-04 1.48020654e-02 9.79690189e-01
 9.74870912e-01 2.44406196e-02 3.44234079e-04 3.44234079e-04
 0.42822719 0.00550775 0.55593804 0.01032702

MOTIF STunmod1_l3_f_58
letter-probability matrix: alength= 4 w= 9 
 0.34669443 0.44247788 0.06923477 0.14159292
 0.33680375 0.10150963 0.28006247 0.28162415
 0.09109839 0.21811556 0.65642894 0.03435711
 0.09630401 0.4752733  0.13846955 0.28995315
 3.12337324e-02 8.71941697e-01 5.20562207e-04 9.63040083e-02
 5.20562207e-04 9.02654867e-01 9.63040083e-02 5.20562207e-04
 0.3732431  0.4159292  0.21030713 0.00052056
 0.0468506  0.00937012 0.94117647 0.00260281
 0.08276939 0.08381052 0.82196773 0.01145237

MOTIF STunmod1_l3_f_59
letter-probability matrix: alength= 4 w= 9 
 0.13404333 0.29966948 0.34410577 0.22218142
 0.3033419  0.19941241 0.26551598 0.23172971
 0.09401396 0.73632024 0.11347778 0.05618803
 0.42453177 0.27212633 0.26771943 0.03562248
 0.43077488 0.25449871 0.11531399 0.19941241
 7.64597870e-01 3.67242012e-04 2.34667646e-01 3.67242012e-04
 2.34667646e-01 3.67242012e-04 3.67242012e-04 7.64597870e-01
 3.67242012e-04 3.67242012e-04 7.64597870e-01 2.34667646e-01
 0.25302975 0.04333456 0.56041131 0.14322438

MOTIF STunmod1_l3_f_60
letter-probability matrix: alength= 4 w= 9 
 0.21368386 0.20896528 0.27839569 0.29895517
 0.37141894 0.11998652 0.17997978 0.32861476
 0.65048871 0.29726997 0.04853387 0.00370745
 0.16009437 0.51129087 0.31479609 0.01381867
 4.51297607e-01 6.74081564e-03 3.37040782e-04 5.41624537e-01
 0.01988541 0.91169532 0.00134816 0.06707112
 0.05190428 0.35793731 0.14223121 0.4479272 
 0.39130435 0.19784294 0.09774183 0.31311089
 9.53825413e-01 4.55005056e-02 3.37040782e-04 3.37040782e-04

MOTIF STunmod1_l3_f_61
letter-probability matrix: alength= 4 w= 9 
 0.29798804 0.14953779 0.52582926 0.02664492
 0.22729744 0.09298532 0.67047308 0.00924415
 0.04187058 0.02882001 0.54431756 0.38499184
 5.43773790e-04 8.15660685e-03 1.78901577e-01 8.12398042e-01
 5.43773790e-04 5.43773790e-04 5.43773790e-04 9.98368679e-01
 8.18379554e-01 5.43773790e-04 1.80532898e-01 5.43773790e-04
 8.05328983e-01 5.43773790e-04 1.93583469e-01 5.43773790e-04
 0.11799891 0.06742795 0.71016857 0.10440457
 0.1680261  0.23980424 0.16367591 0.42849375

MOTIF STunmod1_l3_f_62
letter-probability matrix: alength= 4 w= 9 
 0.14738739 0.26810811 0.23135135 0.35315315
 0.16216216 0.57981982 0.04828829 0.20972973
 4.88288288e-01 3.60360360e-04 5.10990991e-01 3.60360360e-04
 2.32432432e-01 7.58558559e-01 3.60360360e-04 8.64864865e-03
 0.18486486 0.30738739 0.37297297 0.13477477
 0.70738739 0.01189189 0.00864865 0.27207207
 0.12828829 0.1636036  0.0172973  0.69081081
 0.04648649 0.02414414 0.84864865 0.08072072
 0.21621622 0.26846847 0.32936937 0.18594595

MOTIF STunmod1_l3_f_64
letter-probability matrix: alength= 4 w= 9 
 0.09034608 0.07613843 0.38032787 0.45318761
 0.04553734 0.11220401 0.0284153  0.81384335
 0.53551913 0.21712204 0.22112933 0.02622951
 0.10819672 0.19744991 0.11657559 0.57777778
 0.38652095 0.03096539 0.07577413 0.50673953
 0.13515483 0.05063752 0.59380692 0.22040073
 3.64298725e-04 7.65027322e-03 2.84153005e-02 9.63570128e-01
 0.19781421 0.18542805 0.16757741 0.44918033
 0.05901639 0.11803279 0.10491803 0.71803279

MOTIF STunmod1_l3_f_65
letter-probability matrix: alength= 4 w= 9 
 0.14680426 0.33355526 0.32123835 0.19840213
 4.42743009e-02 2.09054594e-01 3.32889481e-04 7.46338216e-01
 3.32889481e-04 2.84953395e-01 2.66311585e-03 7.12050599e-01
 0.00299601 0.00532623 0.95406125 0.03761651
 0.11451398 0.39380826 0.04460719 0.44707057
 3.32889481e-03 3.32889481e-04 3.32889481e-04 9.96005326e-01
 0.32190413 0.34886818 0.06291611 0.26631158
 0.18941411 0.0379494  0.68109188 0.09154461
 0.2310253  0.12150466 0.4144474  0.23302264

MOTIF STunmod1_l3_f_66
letter-probability matrix: alength= 4 w= 9 
 0.23973727 0.06321839 0.66420361 0.03284072
 0.11412151 0.12807882 0.66174056 0.09605911
 0.01642036 0.41707718 0.56568144 0.00082102
 0.28243021 0.01724138 0.62479475 0.07553366
 0.04022989 0.75369458 0.0591133  0.14696223
 8.21018062e-04 9.97536946e-01 8.21018062e-04 8.21018062e-04
 0.70114943 0.24794745 0.00656814 0.04433498
 8.21018062e-04 9.97536946e-01 8.21018062e-04 8.21018062e-04
 0.07224959 0.62561576 0.30131363 0.00082102

MOTIF STunmod1_l3_f_67
letter-probability matrix: alength= 4 w= 9 
 6.65778961e-03 1.90745672e-01 3.32889481e-04 8.02263648e-01
 0.0476032  0.18508655 0.28229028 0.48501997
 0.18275632 0.13015979 0.26498003 0.42210386
 0.81391478 0.1581225  0.01797603 0.00998668
 2.25033289e-01 3.32889481e-04 3.32889481e-04 7.74300932e-01
 0.00199734 0.03961385 0.66078562 0.2976032 
 0.20472703 0.38748336 0.34121172 0.0665779 
 0.16744341 0.14813582 0.37283622 0.31158455
 0.31624501 0.28728362 0.10252996 0.29394141

MOTIF STunmod1_l3_f_68
letter-probability matrix: alength= 4 w= 9 
 0.84353741 0.14058957 0.00793651 0.00793651
 0.430839   0.00113379 0.03741497 0.53061224
 0.32312925 0.00113379 0.63718821 0.03854875
 0.00113379 0.14172336 0.00113379 0.85600907
 0.00113379 0.12811791 0.08049887 0.79024943
 0.15646259 0.3015873  0.44331066 0.09863946
 0.861678   0.00113379 0.10884354 0.02834467
 0.21428571 0.0600907  0.11791383 0.60770975
 0.41950113 0.12698413 0.3276644  0.12585034

MOTIF STunmod1_l3_f_69
letter-probability matrix: alength= 4 w= 9 
 0.61670596 0.04850118 0.21892893 0.11586393
 0.19299427 0.13371506 0.03368137 0.6396093 
 0.16773324 0.74301111 0.02121927 0.06803638
 0.05287976 0.02054564 0.59144493 0.33512967
 0.31929943 0.0367127  0.54260694 0.10138094
 0.00774672 0.86426406 0.11350623 0.01448299
 2.96732907e-01 8.04984843e-02 6.22431795e-01 3.36813742e-04
 0.10744358 0.6520714  0.08386662 0.15661839
 0.13775682 0.7696194  0.02963961 0.06298417

MOTIF STunmod1_l3_f_70
letter-probability matrix: alength= 4 w= 9 
 0.71981004 0.05257802 0.19674355 0.03086839
 0.22896879 0.08310719 0.09701493 0.59090909
 0.15332429 0.07666214 0.13331072 0.63670285
 0.14484396 0.00237449 0.02544098 0.82734057
 0.32055631 0.00373134 0.06953867 0.60617368
 3.39213026e-04 3.39213026e-04 1.05156038e-02 9.88805970e-01
 0.35651289 0.00814111 0.12924016 0.50610583
 0.05597015 0.0807327  0.3619403  0.50135685
 0.15400271 0.22421981 0.12381275 0.49796472

MOTIF STunmod1_l3_f_71
letter-probability matrix: alength= 4 w= 9 
 0.26621924 0.21252796 0.28187919 0.2393736 
 0.32214765 0.2393736  0.21923937 0.21923937
 0.99328859 0.00223714 0.00223714 0.00223714
 0.00223714 0.00223714 0.00223714 0.99328859
 0.00223714 0.00223714 0.99328859 0.00223714
 0.99328859 0.00223714 0.00223714 0.00223714
 0.00223714 0.00223714 0.00223714 0.99328859
 0.00223714 0.00223714 0.99328859 0.00223714
 0.31767338 0.08053691 0.36241611 0.2393736 

MOTIF STunmod1_l3_f_72
letter-probability matrix: alength= 4 w= 9 
 0.2310231  0.43050972 0.07590759 0.26255959
 0.30619729 0.51191786 0.03337    0.14851485
 6.69966997e-01 3.66703337e-04 3.23065640e-01 6.60066007e-03
 9.92665933e-01 3.66703337e-04 6.60066007e-03 3.66703337e-04
 6.60066007e-03 3.66703337e-04 3.66703337e-04 9.92665933e-01
 3.66703337e-04 3.66703337e-04 9.92665933e-01 6.60066007e-03
 0.0876421  0.25815915 0.1206454  0.53355336
 0.26219289 0.01686835 0.48844884 0.23248992
 0.31023102 0.21452145 0.31536487 0.15988265

MOTIF STunmod1_l3_f_73
letter-probability matrix: alength= 4 w= 9 
 5.64334086e-04 1.41083521e-01 8.11512415e-01 4.68397291e-02
 0.0462754  0.03386005 0.90744921 0.01241535
 0.03555305 0.40970655 0.24266366 0.31207675
 5.64334086e-04 5.86907449e-02 9.40180587e-01 5.64334086e-04
 0.15857788 0.10440181 0.16365688 0.57336343
 0.5530474  0.00056433 0.31546275 0.13092551
 0.43397291 0.5282167  0.03724605 0.00056433
 0.2037246  0.03160271 0.46444695 0.30022573
 0.70711061 0.11455982 0.0993228  0.07900677

MOTIF STunmod1_l3_f_74
letter-probability matrix: alength= 4 w= 9 
 0.30492958 0.14225352 0.35633803 0.19647887
 0.3193662  0.20246479 0.19190141 0.28626761
 0.25211268 0.20985915 0.21795775 0.32007042
 8.20422535e-01 3.52112676e-04 1.78873239e-01 3.52112676e-04
 0.36091549 0.06830986 0.0806338  0.49014085
 0.27323944 0.04119718 0.52077465 0.16478873
 7.51056338e-01 3.52112676e-04 2.48239437e-01 3.52112676e-04
 3.52112676e-04 1.88380282e-01 6.02112676e-02 7.51056338e-01
 0.06760563 0.12852113 0.78908451 0.01478873

MOTIF STunmod1_l3_f_75
letter-probability matrix: alength= 4 w= 9 
 0.34653795 0.2276964  0.34320905 0.08255659
 0.22936085 0.20306258 0.43741678 0.13015979
 0.01964048 0.68575233 0.25832224 0.03628495
 3.32889481e-04 9.53062583e-01 4.62716378e-02 3.32889481e-04
 1.99733688e-03 8.85153129e-01 1.12516644e-01 3.32889481e-04
 3.32889481e-04 9.41744341e-01 5.59254328e-02 1.99733688e-03
 4.79360852e-02 8.06924101e-01 1.44806924e-01 3.32889481e-04
 0.16977364 0.29061252 0.44540613 0.09420772
 0.16644474 0.24234354 0.49866844 0.09254328

MOTIF STunmod1_l3_f_76
letter-probability matrix: alength= 4 w= 9 
 0.17614679 0.16697248 0.51559633 0.1412844 
 0.02201835 0.00183486 0.00183486 0.97431193
 0.9706422  0.02568807 0.00183486 0.00183486
 0.00183486 0.00183486 0.99449541 0.00183486
 0.00183486 0.94311927 0.00183486 0.05321101
 0.00183486 0.97798165 0.01834862 0.00183486
 0.06788991 0.11926606 0.50091743 0.31192661
 0.20733945 0.13211009 0.09724771 0.56330275
 0.23853211 0.17614679 0.14678899 0.43853211

MOTIF STunmod1_l3_f_77
letter-probability matrix: alength= 4 w= 9 
 0.77296937 0.01298269 0.20639148 0.00765646
 0.07856192 0.08089214 0.06391478 0.77663116
 5.65912117e-03 1.80758988e-01 8.13249001e-01 3.32889481e-04
 0.02596538 0.03528628 0.9270972  0.01165113
 0.17310253 0.24500666 0.50565912 0.07623169
 0.06358189 0.29161119 0.52263648 0.12217044
 0.03661784 0.56890812 0.34920107 0.04527297
 0.15745672 0.65545939 0.05026631 0.13681758
 0.1517976  0.44540613 0.09354194 0.30925433

MOTIF STunmod1_l3_f_78
letter-probability matrix: alength= 4 w= 9 
 0.60816327 0.04489796 0.11020408 0.23673469
 0.00408163 0.66938776 0.00408163 0.32244898
 0.00408163 0.48571429 0.00408163 0.50612245
 0.00408163 0.76326531 0.00408163 0.22857143
 0.9877551  0.00408163 0.00408163 0.00408163
 0.45306122 0.53877551 0.00408163 0.00408163
 0.34693878 0.02040816 0.62857143 0.00408163
 0.9877551  0.00408163 0.00408163 0.00408163
 0.31428571 0.00408163 0.00408163 0.67755102

MOTIF STunmod1_l3_f_79
letter-probability matrix: alength= 4 w= 9 
 0.31225033 0.21438083 0.19707057 0.27629827
 0.24733688 0.20739015 0.22303595 0.32223702
 0.0695739  0.563249   0.07223702 0.29494008
 0.15213049 0.03295606 0.78029294 0.03462051
 3.46205060e-02 3.32889481e-04 9.38415446e-01 2.66311585e-02
 3.32889481e-04 3.29560586e-02 9.38415446e-01 2.82956059e-02
 3.32889481e-04 3.16245007e-02 9.67709720e-01 3.32889481e-04
 0.21770972 0.06557923 0.67776298 0.03894807
 0.40778961 0.1328229  0.40113182 0.05825566

MOTIF STunmod1_l3_f_80
letter-probability matrix: alength= 4 w= 9 
 0.20996251 0.13926085 0.47884306 0.17193358
 0.11944296 0.35565078 0.25656133 0.26834494
 0.28655597 0.26780932 0.23192287 0.21371184
 8.76272094e-01 5.35618640e-04 1.22656668e-01 5.35618640e-04
 2.39421532e-01 5.35618640e-04 5.35618640e-04 7.59507231e-01
 1.78361007e-01 5.35618640e-04 8.11462239e-01 9.64113551e-03
 0.52972683 0.00053562 0.46063203 0.00910552
 0.02356722 0.39742903 0.04499197 0.53401178
 0.06373862 0.19389395 0.59507231 0.14729513

MOTIF STunmod1_l3_f_81
letter-probability matrix: alength= 4 w= 9 
 0.53943452 0.16071429 0.21577381 0.08407738
 0.12425595 0.2172619  0.39360119 0.26488095
 0.0625     0.00074405 0.2953869  0.64136905
 0.00074405 0.43005952 0.00074405 0.56845238
 0.3139881  0.11979167 0.19568452 0.37053571
 0.06026786 0.5922619  0.10193452 0.24553571
 9.97767857e-01 7.44047619e-04 7.44047619e-04 7.44047619e-04
 7.44047619e-04 7.44047619e-04 7.44047619e-04 9.97767857e-01
 7.44047619e-04 5.95238095e-03 9.92559524e-01 7.44047619e-04

MOTIF STunmod1_l3_f_82
