MEME version 5.3.0

ALPHABET= ACGT

strands: + -

Background letter frequencies
A 0.25 C 0.25 G 0.25 T 0.25

MOTIF STunmod1_l3_f_0
letter-probability matrix: alength= 4 w= 9 
 0.54926764 0.08422104 0.33122503 0.03528628
 0.9144474  0.00599201 0.07490013 0.00466045
 8.72503329e-01 3.32889481e-04 1.19174434e-01 7.98934754e-03
 3.09587217e-01 3.32889481e-04 6.26165113e-01 6.39147803e-02
 0.20505992 0.07689747 0.60286285 0.11517976
 0.5982024  0.0159787  0.2659787  0.11984021
 0.69141145 0.00233023 0.06458056 0.24167776
 0.38482024 0.01364847 0.08988016 0.51165113
 8.48868176e-02 3.32889481e-04 5.42609854e-02 8.60519308e-01

MOTIF STunmod1_l3_f_1
letter-probability matrix: alength= 4 w= 9 
 0.55375254 0.12305612 0.26200135 0.06118999
 0.57606491 0.112238   0.20926302 0.10243408
 0.17308993 0.18965517 0.4168357  0.2204192 
 0.13353617 0.00338066 0.43813387 0.42494929
 0.48816768 0.00946586 0.07234618 0.43002028
 0.65618661 0.00946586 0.13083164 0.20351589
 3.54969574e-02 3.38066261e-04 3.38066261e-04 9.63826910e-01
 7.57268425e-02 3.38066261e-04 8.97565923e-01 2.63691684e-02
 0.77383367 0.02062204 0.1352265  0.07031778

MOTIF STunmod1_l3_f_2
letter-probability matrix: alength= 4 w= 9 
 0.27317073 0.15414634 0.41268293 0.16      
 0.00097561 0.27707317 0.00097561 0.72097561
 0.42439024 0.01463415 0.53756098 0.02341463
 0.36682927 0.26536585 0.36682927 0.00097561
 9.75609756e-04 9.75609756e-04 9.75609756e-04 9.97073171e-01
 0.90439024 0.00097561 0.09365854 0.00097561
 0.46146341 0.00097561 0.51609756 0.02146341
 0.95902439 0.0195122  0.0204878  0.00097561
 0.01073171 0.07804878 0.02536585 0.88585366

MOTIF STunmod1_l3_f_3
letter-probability matrix: alength= 4 w= 9 
 0.20339547 0.1644474  0.40312916 0.22902796
 3.32889481e-04 3.32889481e-04 3.32889481e-04 9.99001332e-01
 6.85086551e-01 3.32889481e-04 3.14247670e-01 3.32889481e-04
 5.43941411e-01 3.32889481e-04 4.55392810e-01 3.32889481e-04
 3.32889481e-04 3.32889481e-04 3.32889481e-04 9.99001332e-01
 9.36085220e-01 3.32889481e-04 6.32490013e-02 3.32889481e-04
 4.67043941e-01 3.32889481e-04 5.32290280e-01 3.32889481e-04
 0.33488682 0.25       0.25965379 0.15545939
 0.22070573 0.26198402 0.33155792 0.18575233

MOTIF STunmod1_l3_f_4
letter-probability matrix: alength= 4 w= 9 
 0.52430044 0.13696613 0.20225822 0.13647521
 0.15562101 0.18605793 0.09965636 0.5586647 
 0.32891507 0.06038292 0.49140893 0.11929308
 4.90918017e-04 2.82768778e-01 7.36377025e-03 7.09376534e-01
 0.08149239 0.08051055 0.08492882 0.75306824
 0.33333333 0.23956799 0.35198822 0.07511046
 8.72852234e-01 4.90918017e-04 7.31467845e-02 5.35100638e-02
 7.11831124e-02 7.36377025e-02 4.90918017e-04 8.54688267e-01
 0.04663721 0.01767305 0.87285223 0.06283751

MOTIF STunmod1_l3_f_5
letter-probability matrix: alength= 4 w= 9 
 0.47674819 0.26076473 0.16362384 0.09886324
 3.77884947e-01 7.57836721e-02 3.44471237e-04 5.45986910e-01
 0.03616948 0.01929039 0.48570444 0.45883569
 0.43678953 0.12297623 0.33758181 0.10265243
 5.21529452e-01 3.44471237e-04 8.06062694e-02 3.97519807e-01
 0.00310024 0.00206683 0.4801929  0.51464003
 0.17464692 0.14708922 0.61246986 0.06579401
 0.26007578 0.19359283 0.39476404 0.15156734
 0.21632794 0.38270754 0.25456424 0.14640028

MOTIF STunmod1_l3_f_6
letter-probability matrix: alength= 4 w= 9 
 0.68575233 0.04926764 0.23801598 0.02696405
 0.56557923 0.16677763 0.09786951 0.16977364
 0.2150466  0.25166445 0.26065246 0.27263648
 7.63981358e-01 3.32889481e-04 2.35352863e-01 3.32889481e-04
 0.09287617 0.05126498 0.05858855 0.79727031
 0.05259654 0.05159787 0.81890812 0.07689747
 0.29094541 0.00499334 0.66045273 0.04360852
 0.27463382 0.2879494  0.14647137 0.29094541
 0.15912117 0.11584554 0.57556591 0.14946738

MOTIF STunmod1_l3_f_7
letter-probability matrix: alength= 4 w= 9 
 0.28417653 0.26193039 0.19375673 0.26013635
 0.67886616 0.1722282  0.04556871 0.10333692
 0.71474704 0.10118407 0.01327592 0.17079297
 3.97560100e-01 3.69573018e-02 5.65123789e-01 3.58808755e-04
 0.12127736 0.04951561 0.42267671 0.40653032
 3.58808755e-04 3.15751704e-02 3.58808755e-03 9.64477933e-01
 3.58808755e-04 3.58808755e-04 1.24506638e-01 8.74775745e-01
 5.04843918e-01 3.58808755e-04 4.94438464e-01 3.58808755e-04
 9.20703265e-01 3.58808755e-04 7.85791173e-02 3.58808755e-04

MOTIF STunmod1_l3_f_8
letter-probability matrix: alength= 4 w= 9 
 0.15282505 0.37985024 0.16950306 0.29782165
 0.10551396 0.06603131 0.52382573 0.304629  
 0.12457454 0.2437032  0.43396869 0.19775357
 5.29952349e-01 4.61538462e-01 8.16882233e-03 3.40367597e-04
 0.58781484 0.01769912 0.29509871 0.09938734
 9.86385296e-01 3.40367597e-04 3.40367597e-04 1.29339687e-02
 3.40367597e-04 3.40367597e-04 1.29339687e-02 9.86385296e-01
 1.29339687e-02 3.40367597e-04 9.86385296e-01 3.40367597e-04
 0.00918993 0.18005446 0.30156569 0.50918993

MOTIF STunmod1_l3_f_9
letter-probability matrix: alength= 4 w= 9 
 0.23141153 0.3666004  0.18767396 0.21431412
 0.38846918 0.14035785 0.38568588 0.08548708
 0.38926441 0.055666   0.06640159 0.48866799
 0.17932406 0.52723658 0.03379722 0.25964215
 3.97614314e-04 3.97614314e-04 3.97614314e-04 9.98807157e-01
 2.28628231e-01 3.97614314e-04 7.70576541e-01 3.97614314e-04
 9.98807157e-01 3.97614314e-04 3.97614314e-04 3.97614314e-04
 0.2055666  0.01988072 0.10059642 0.67395626
 0.37296223 0.09065606 0.52405567 0.01232604

MOTIF STunmod1_l3_f_10
letter-probability matrix: alength= 4 w= 9 
 0.15265805 0.3908046  0.16056034 0.29597701
 0.21228448 0.09734195 0.5545977  0.13577586
 0.0391523  0.06573276 0.02047414 0.8746408 
 6.41522989e-01 9.73419540e-02 2.60775862e-01 3.59195402e-04
 8.54166667e-01 3.59195402e-04 1.45114943e-01 3.59195402e-04
 0.04920977 0.09518678 0.02227011 0.83333333
 0.05028736 0.11566092 0.80244253 0.0316092 
 0.74676724 0.03053161 0.08728448 0.13541667
 0.05962644 0.15696839 0.16091954 0.62248563

MOTIF STunmod1_l3_f_11
letter-probability matrix: alength= 4 w= 9 
 0.47436751 0.14214381 0.17443409 0.20905459
 9.14447403e-01 5.79227696e-02 3.32889481e-04 2.72969374e-02
 8.88814913e-02 8.42210386e-02 3.32889481e-04 8.26564581e-01
 7.75632490e-01 4.99334221e-02 3.32889481e-04 1.74101198e-01
 2.49667111e-01 2.46005326e-01 5.03994674e-01 3.32889481e-04
 0.37916112 0.31091877 0.29727031 0.0126498 
 3.32889481e-04 5.12316911e-01 1.41145140e-01 3.46205060e-01
 0.30592543 0.63315579 0.03262317 0.02829561
 0.64181092 0.14513981 0.14347537 0.0695739 

MOTIF STunmod1_l3_f_12
letter-probability matrix: alength= 4 w= 9 
 0.47503329 0.07689747 0.29027963 0.15778961
 3.32889481e-04 4.32756325e-02 3.32889481e-04 9.56058589e-01
 0.21338216 0.4460719  0.00199734 0.3385486 
 0.11218375 0.36517976 0.01498003 0.50765646
 9.53395473e-01 3.32889481e-04 4.59387483e-02 3.32889481e-04
 0.21071904 0.41344874 0.01031957 0.36551265
 0.22869507 0.00366178 0.25066578 0.51697736
 0.65878828 0.1045273  0.19474035 0.04194407
 0.14347537 0.13981358 0.07023968 0.64647137

MOTIF STunmod1_l3_f_13
letter-probability matrix: alength= 4 w= 9 
 0.40146471 0.15279627 0.22170439 0.22403462
 0.10985353 0.21471372 0.20306258 0.47237017
 3.32889481e-04 3.32889481e-04 3.32889481e-04 9.99001332e-01
 3.32889481e-04 3.89480692e-02 7.14713715e-01 2.46005326e-01
 3.32889481e-04 3.32889481e-04 3.32889481e-04 9.99001332e-01
 9.47736352e-01 3.32889481e-04 5.15978695e-02 3.32889481e-04
 3.21238349e-01 3.32889481e-04 6.78095872e-01 3.32889481e-04
 0.35486019 0.24733688 0.2849534  0.11284953
 0.16577896 0.47969374 0.12316911 0.23135819

MOTIF STunmod1_l3_f_14
letter-probability matrix: alength= 4 w= 9 
 0.27679623 0.1986651  0.3325481  0.19199058
 0.07499018 0.04161759 0.00785238 0.87553985
 0.85551629 0.01374166 0.08755399 0.04318806
 2.00628190e-01 3.92618767e-04 6.99254024e-01 9.97251669e-02
 3.92618767e-04 3.92618767e-04 3.92618767e-04 9.98822144e-01
 6.52925010e-01 3.92618767e-04 3.46289753e-01 3.92618767e-04
 8.00157048e-01 3.92618767e-04 1.99057715e-01 3.92618767e-04
 0.48213585 0.16686298 0.20455438 0.1464468 
 0.2406753  0.17628583 0.12367491 0.45936396

MOTIF STunmod1_l3_f_15
letter-probability matrix: alength= 4 w= 9 
 0.2712766  0.26677578 0.2487725  0.21317512
 0.40057283 0.15302782 0.27332242 0.17307692
 0.53600655 0.12561375 0.20908347 0.12929624
 9.98772504e-01 4.09165303e-04 4.09165303e-04 4.09165303e-04
 4.09165303e-04 4.09165303e-04 4.09165303e-04 9.98772504e-01
 4.09165303e-04 4.09165303e-04 9.98772504e-01 4.09165303e-04
 3.06873977e-01 4.09165303e-04 1.08837971e-01 5.83878887e-01
 0.39116203 0.14811784 0.24099836 0.21972177
 4.86906710e-01 4.09165303e-04 4.98363339e-01 1.43207856e-02

MOTIF STunmod1_l3_f_16
letter-probability matrix: alength= 4 w= 9 
 0.63013699 0.01369863 0.15068493 0.20547945
 0.54794521 0.1369863  0.01369863 0.30136986
 0.7260274  0.01369863 0.24657534 0.01369863
 0.01369863 0.01369863 0.01369863 0.95890411
 0.95890411 0.01369863 0.01369863 0.01369863
 0.15068493 0.01369863 0.82191781 0.01369863
 0.15068493 0.01369863 0.01369863 0.82191781
 0.01369863 0.95890411 0.01369863 0.01369863
 0.01369863 0.15068493 0.82191781 0.01369863

MOTIF STunmod1_l3_f_17
letter-probability matrix: alength= 4 w= 9 
 0.31746032 0.01587302 0.6031746  0.06349206
 0.80952381 0.15873016 0.01587302 0.01587302
 0.17460317 0.01587302 0.79365079 0.01587302
 0.01587302 0.65079365 0.01587302 0.31746032
 0.01587302 0.01587302 0.79365079 0.17460317
 0.01587302 0.01587302 0.26984127 0.6984127 
 0.6984127  0.01587302 0.01587302 0.26984127
 0.01587302 0.26984127 0.01587302 0.6984127 
 0.01587302 0.01587302 0.95238095 0.01587302

MOTIF STunmod1_l3_f_18
letter-probability matrix: alength= 4 w= 9 
 0.37706044 0.24896978 0.19608516 0.17788462
 0.17754121 0.37809066 0.15041209 0.29395604
 0.11504121 0.58070055 0.06490385 0.2393544 
 0.16311813 0.12740385 0.02129121 0.68818681
 0.82864011 0.01923077 0.06627747 0.08585165
 6.04395604e-02 8.91483516e-01 3.43406593e-04 4.77335165e-02
 9.98969780e-01 3.43406593e-04 3.43406593e-04 3.43406593e-04
 2.34890110e-01 2.55837912e-01 5.08928571e-01 3.43406593e-04
 0.07245879 0.05254121 0.83173077 0.04326923

MOTIF STunmod1_l3_f_19
letter-probability matrix: alength= 4 w= 9 
 0.35852197 0.13648469 0.36750999 0.13748336
 3.32889481e-04 3.32889481e-04 3.32889481e-04 9.99001332e-01
 8.81491345e-01 3.32889481e-04 1.17842876e-01 3.32889481e-04
 3.62516644e-01 3.32889481e-04 6.36817577e-01 3.32889481e-04
 3.32889481e-04 3.32889481e-04 3.32889481e-04 9.99001332e-01
 8.02263648e-01 3.32889481e-04 1.97070573e-01 3.32889481e-04
 6.92410120e-01 3.32889481e-04 3.06924101e-01 3.32889481e-04
 0.33155792 0.21138482 0.2879494  0.16910786
 0.27996005 0.23535286 0.24467377 0.24001332

MOTIF STunmod1_l3_f_20
letter-probability matrix: alength= 4 w= 9 
 0.73601864 0.04194407 0.17543276 0.04660453
 1.76764314e-01 3.32889481e-04 3.32889481e-04 8.22569907e-01
 0.00332889 0.00399467 0.77563249 0.21704394
 0.06058589 0.09121172 0.67743009 0.1707723 
 7.09054594e-01 2.26697736e-01 3.32889481e-04 6.39147803e-02
 0.4051265  0.07390146 0.11817577 0.40279627
 0.46071904 0.1707723  0.27696405 0.09154461
 0.30326232 0.17609854 0.29960053 0.22103862
 0.2057257  0.22336884 0.123502   0.44740346

MOTIF STunmod1_l3_f_21
letter-probability matrix: alength= 4 w= 9 
 0.16378162 0.2310253  0.49733688 0.10785619
 0.00765646 0.5379494  0.1138482  0.34054594
 0.03561917 0.17143808 0.57789614 0.2150466 
 0.08422104 0.27663116 0.01864181 0.62050599
 0.48901465 0.30659121 0.09853529 0.10585885
 0.30159787 0.00865513 0.6804261  0.00932091
 0.01797603 0.07556591 0.02130493 0.88515313
 0.68075899 0.03095872 0.25798935 0.03029294
 0.60219707 0.01198402 0.38382157 0.00199734

MOTIF STunmod1_l3_f_22
letter-probability matrix: alength= 4 w= 9 
 0.15889831 0.28107345 0.1680791  0.39194915
 0.24011299 0.25317797 0.28248588 0.22422316
 0.5384887  0.32344633 0.08403955 0.05402542
 6.17937853e-01 3.53107345e-04 3.53107345e-04 3.81355932e-01
 3.53107345e-04 3.53107345e-04 3.81355932e-01 6.17937853e-01
 0.26483051 0.03248588 0.6680791  0.03460452
 5.44844633e-01 3.53107345e-04 1.55720339e-01 2.99081921e-01
 0.17055085 0.10663842 0.30861582 0.41419492
 0.14618644 0.05896893 0.49293785 0.30190678

MOTIF STunmod1_l3_f_23
letter-probability matrix: alength= 4 w= 9 
 0.25266312 0.3828229  0.22869507 0.13581891
 9.21105193e-01 3.32889481e-04 7.82290280e-02 3.32889481e-04
 0.21937417 0.09653795 0.12083888 0.563249  
 0.1298269  0.12716378 0.626498   0.11651132
 7.31358189e-01 3.32889481e-04 1.16511318e-02 2.56657790e-01
 0.1045273  0.01165113 0.08122503 0.80259654
 2.08721704e-01 3.32889481e-04 7.79294274e-01 1.16511318e-02
 0.62583222 0.08055925 0.17210386 0.12150466
 0.4494008  0.26797603 0.15878828 0.12383489

MOTIF STunmod1_l3_f_24
letter-probability matrix: alength= 4 w= 9 
 0.3229028  0.48568575 0.05825566 0.13315579
 0.40346205 0.2213715  0.3608522  0.01431425
 8.96471372e-01 4.99334221e-02 5.32623169e-02 3.32889481e-04
 3.32889481e-04 5.65912117e-03 3.32889481e-04 9.93675100e-01
 3.32889481e-04 3.32889481e-04 9.93675100e-01 5.65912117e-03
 5.65912117e-03 3.32889481e-04 9.60719041e-01 3.32889481e-02
 0.59587217 0.28894807 0.11185087 0.00332889
 0.14047936 0.1045273  0.31790945 0.43708389
 0.23268975 0.27996005 0.30326232 0.18408788

MOTIF STunmod1_l3_f_25
letter-probability matrix: alength= 4 w= 9 
 0.59117402 0.12323064 0.22106578 0.06452956
 0.02289759 0.09242298 0.40008326 0.48459617
 4.16319734e-04 6.32805995e-02 1.58201499e-01 7.78101582e-01
 0.12781016 0.20108243 0.22855953 0.44254788
 0.12781016 0.14404663 0.1203164  0.60782681
 0.73688593 0.04621149 0.04371357 0.17318901
 4.26727727e-01 4.16319734e-04 4.45462115e-02 5.28309742e-01
 0.06161532 0.01582015 0.48667777 0.43588676
 0.2889259  0.08617818 0.48459617 0.14029975

MOTIF STunmod1_l3_f_26
letter-probability matrix: alength= 4 w= 9 
 0.67210386 0.0505992  0.20206391 0.07523302
 0.0412783  0.09054594 0.7276964  0.14047936
 3.32889481e-04 1.19174434e-01 3.32889481e-04 8.80159787e-01
 0.23601864 0.26797603 0.38315579 0.11284953
 0.12749667 0.20039947 0.05326232 0.61884154
 9.38082557e-01 3.32889481e-04 3.32889481e-04 6.12516644e-02
 0.04194407 0.01864181 0.21904128 0.72037284
 0.14613848 0.21737683 0.45805593 0.17842876
 0.27263648 0.09121172 0.47603196 0.16011984

MOTIF STunmod1_l3_f_27
letter-probability matrix: alength= 4 w= 9 
 0.626498   0.2626498  0.07989348 0.03095872
 0.40912117 0.20705726 0.23668442 0.14713715
 0.01398136 0.38215712 0.58688415 0.01697736
 1.27496671e-01 5.72902796e-01 2.99267643e-01 3.32889481e-04
 3.32889481e-04 5.04660453e-01 3.39214381e-01 1.55792277e-01
 3.32889481e-04 2.63981358e-01 6.78428762e-01 5.72569907e-02
 2.62982690e-02 3.13914780e-01 6.59454061e-01 3.32889481e-04
 0.05159787 0.08388815 0.84221039 0.0223036 
 0.04194407 0.17210386 0.61451398 0.17143808

MOTIF STunmod1_l3_f_28
letter-probability matrix: alength= 4 w= 9 
 0.12782956 0.22170439 0.51797603 0.13249001
 3.32889481e-04 6.17842876e-01 5.29294274e-02 3.28894807e-01
 3.32889481e-04 5.36284953e-01 3.73169108e-01 9.02130493e-02
 0.01764314 0.62516644 0.00599201 0.3511984 
 0.21271638 0.69806924 0.00798935 0.08122503
 3.32889481e-04 1.92410120e-01 3.32889481e-04 8.06924101e-01
 0.82356858 0.08721704 0.03561917 0.05359521
 0.46338216 0.02829561 0.44873502 0.05958722
 0.37716378 0.09520639 0.31857523 0.20905459

MOTIF STunmod1_l3_f_29
letter-probability matrix: alength= 4 w= 9 
 0.62050599 0.13648469 0.11950732 0.123502  
 5.66577896e-01 2.39347537e-01 3.32889481e-04 1.93741678e-01
 5.59254328e-02 9.40079893e-01 3.32889481e-04 3.66178429e-03
 0.40412783 0.00765646 0.23002663 0.35818908
 0.68841545 0.03994674 0.02596538 0.24567244
 2.95605859e-01 5.52596538e-01 3.32889481e-04 1.51464714e-01
 0.82190413 0.02363515 0.01697736 0.13748336
 0.44540613 0.25466045 0.25499334 0.04494008
 0.2087217  0.00532623 0.78328895 0.00266312

MOTIF STunmod1_l3_f_30
letter-probability matrix: alength= 4 w= 9 
 0.69671582 0.05428954 0.22520107 0.02379357
 0.53786863 0.1266756  0.15951743 0.17593834
 0.2419571  0.26541555 0.22050938 0.27211796
 6.35388740e-01 3.35120643e-04 3.63941019e-01 3.35120643e-04
 0.17292225 0.11327078 0.16420912 0.54959786
 0.08847185 0.33713137 0.48994638 0.0844504 
 4.66823056e-01 3.35120643e-04 5.00335121e-01 3.25067024e-02
 0.04557641 0.23257373 0.25435657 0.4674933 
 0.13002681 0.13806971 0.69436997 0.03753351

MOTIF STunmod1_l3_f_31
letter-probability matrix: alength= 4 w= 9 
 3.37268128e-04 7.47723440e-01 1.21416526e-02 2.39797639e-01
 0.23507589 0.46441821 0.29679595 0.00370995
 0.30590219 0.65261383 0.00269815 0.03878583
 7.60876897e-01 2.23608769e-01 1.51770658e-02 3.37268128e-04
 0.15143339 0.24249578 0.3777403  0.22833052
 0.08229342 0.30893761 0.51062395 0.09814503
 0.25193929 0.62462057 0.09342327 0.03001686
 0.07318718 0.10657673 0.46576728 0.3544688 
 0.2762226  0.18583474 0.33794266 0.2       

MOTIF STunmod1_l3_f_32
letter-probability matrix: alength= 4 w= 9 
 0.04393305 0.04811715 0.05648536 0.85146444
 0.08891213 0.00104603 0.5        0.41004184
 0.25627615 0.0251046  0.5292887  0.18933054
 0.44665272 0.28661088 0.18933054 0.07740586
 0.00627615 0.38598326 0.07635983 0.53138075
 0.00104603 0.56589958 0.42991632 0.00313808
 0.16213389 0.7541841  0.04288703 0.04079498
 0.12761506 0.65899582 0.13075314 0.08263598
 0.18828452 0.64644351 0.06171548 0.10355649

MOTIF STunmod1_l3_f_33
letter-probability matrix: alength= 4 w= 9 
 0.48002663 0.16611185 0.28362184 0.07023968
 0.35552597 0.49533955 0.12749667 0.02163782
 0.16744341 0.04494008 0.38215712 0.40545939
 0.56158455 0.07822903 0.20073236 0.15945406
 7.33022636e-01 3.32889481e-04 3.32889481e-04 2.66311585e-01
 3.32889481e-04 3.32889481e-04 2.66311585e-01 7.33022636e-01
 0.23169108 0.00798935 0.73468708 0.02563249
 0.37882823 0.0286285  0.47403462 0.11850866
 0.36284953 0.24966711 0.35486019 0.03262317

MOTIF STunmod1_l3_f_34
letter-probability matrix: alength= 4 w= 9 
 0.4048228  0.27731092 0.15272196 0.16514432
 0.08403361 0.3536719  0.38911217 0.17318232
 0.51260504 0.24625502 0.06540007 0.17573986
 8.98794300e-02 9.09389843e-01 3.65363537e-04 3.65363537e-04
 3.65363537e-04 9.86481549e-03 9.58713920e-01 3.10559006e-02
 3.65363537e-04 3.72305444e-01 3.65363537e-04 6.26963829e-01
 0.89660212 0.04676653 0.01717209 0.03945926
 2.47716478e-01 3.30288637e-01 3.65363537e-04 4.21629521e-01
 0.58092802 0.31750091 0.05882353 0.04274753

MOTIF STunmod1_l3_f_35
letter-probability matrix: alength= 4 w= 9 
 0.0912148  0.10340479 0.51197982 0.29340059
 4.20344683e-04 4.20344683e-04 2.24043716e-01 7.75115595e-01
 0.02900378 0.00336276 0.11559479 0.85203867
 0.13324926 0.00714586 0.65447667 0.20512821
 0.26691887 0.18242959 0.32786885 0.22278268
 0.53005464 0.00294241 0.28793611 0.17906683
 0.42160572 0.02900378 0.22320303 0.32618747
 0.12316099 0.1458596  0.59983186 0.13114754
 0.34089954 0.38209332 0.1185372  0.15846995

MOTIF STunmod1_l3_f_36
letter-probability matrix: alength= 4 w= 9 
 0.00850547 0.0328068  0.16767922 0.79100851
 0.00121507 0.0145808  0.58323208 0.40097205
 0.05710814 0.00121507 0.87606318 0.06561361
 0.57472661 0.28068044 0.00121507 0.14337789
 0.80558931 0.00121507 0.19198056 0.00121507
 0.25030377 0.06561361 0.18104496 0.50303767
 0.01701094 0.17861482 0.51883354 0.2855407 
 0.04860267 0.70595383 0.08262454 0.16281896
 0.33292831 0.08505468 0.21142163 0.37059538

MOTIF STunmod1_l3_f_37
letter-probability matrix: alength= 4 w= 9 
 0.44324324 0.32576577 0.14594595 0.08504505
 0.49369369 0.08216216 0.40288288 0.02126126
 0.25117117 0.3163964  0.02126126 0.41117117
 0.3790991  0.35387387 0.21657658 0.05045045
 9.98918919e-01 3.60360360e-04 3.60360360e-04 3.60360360e-04
 3.60360360e-04 3.60360360e-04 3.60360360e-04 9.98918919e-01
 3.60360360e-04 3.60360360e-04 9.98918919e-01 3.60360360e-04
 0.59891892 0.07351351 0.14198198 0.18558559
 0.25621622 0.1809009  0.37333333 0.18954955

MOTIF STunmod1_l3_f_38
letter-probability matrix: alength= 4 w= 9 
 0.76065246 0.0063249  0.22270306 0.01031957
 8.19573901e-01 1.16511318e-02 1.68442077e-01 3.32889481e-04
 0.28195739 0.23302264 0.18075899 0.30426099
 0.37117177 0.05126498 0.376498   0.20106525
 0.85685752 0.02363515 0.0918775  0.02762983
 0.13548602 0.03961385 0.31824234 0.50665779
 5.11651132e-01 3.32889481e-04 3.32889481e-04 4.87683089e-01
 3.32889481e-04 7.98934754e-03 8.87483356e-01 1.04194407e-01
 0.2087217  0.07390146 0.29826897 0.41910786

MOTIF STunmod1_l3_f_39
letter-probability matrix: alength= 4 w= 9 
 0.42682927 0.07723577 0.25609756 0.2398374 
 0.15447154 0.41463415 0.00406504 0.42682927
 0.98780488 0.00406504 0.00406504 0.00406504
 0.98780488 0.00406504 0.00406504 0.00406504
 0.48373984 0.00406504 0.50813008 0.00406504
 0.98780488 0.00406504 0.00406504 0.00406504
 0.00406504 0.00406504 0.00406504 0.98780488
 0.00406504 0.00406504 0.98780488 0.00406504
 0.00406504 0.00406504 0.98780488 0.00406504

MOTIF STunmod1_l3_f_40
letter-probability matrix: alength= 4 w= 9 
 0.18608522 0.21770972 0.23302264 0.36318242
 0.4334221  0.13015979 0.06757656 0.36884154
 8.23235686e-01 3.32889481e-04 1.06191744e-01 7.02396804e-02
 6.01531292e-01 3.32889481e-04 3.32889481e-04 3.97802929e-01
 5.75898802e-02 7.72303595e-02 8.64846871e-01 3.32889481e-04
 3.22902796e-02 7.48335553e-01 3.32889481e-04 2.19041278e-01
 3.32889481e-04 1.25499334e-01 3.40545939e-01 5.33621838e-01
 0.0316245  0.39946738 0.27929427 0.28961385
 0.60685752 0.13015979 0.13681758 0.12616511

MOTIF STunmod1_l3_f_41
letter-probability matrix: alength= 4 w= 9 
 0.34164134 0.10820669 0.5331307  0.01702128
 0.47477204 0.01094225 0.51367781 0.0006079 
 9.98176292e-01 6.07902736e-04 6.07902736e-04 6.07902736e-04
 9.98176292e-01 6.07902736e-04 6.07902736e-04 6.07902736e-04
 7.03951368e-01 4.43768997e-02 6.07902736e-04 2.51063830e-01
 0.04863222 0.4212766  0.25288754 0.27720365
 5.47112462e-02 1.93313070e-01 6.07902736e-04 7.51367781e-01
 0.3787234  0.0006079  0.59148936 0.02917933
 0.46261398 0.00790274 0.48024316 0.04924012

MOTIF STunmod1_l3_f_42
letter-probability matrix: alength= 4 w= 9 
 0.02811245 0.45582329 0.45582329 0.06024096
 0.07429719 0.54417671 0.37951807 0.00200803
 0.00200803 0.60240964 0.1746988  0.22088353
 0.22088353 0.7248996  0.05220884 0.00200803
 0.0502008  0.37751004 0.437751   0.13453815
 0.09437751 0.02811245 0.87550201 0.00200803
 0.00200803 0.01405622 0.98192771 0.00200803
 0.00200803 0.00200803 0.9939759  0.00200803
 0.04618474 0.23293173 0.67269076 0.04819277

MOTIF STunmod1_l3_f_43
letter-probability matrix: alength= 4 w= 9 
 0.60419441 0.12749667 0.21537949 0.05292943
 0.42043941 0.03628495 0.05892144 0.48435419
 0.84653795 0.00532623 0.14513981 0.00299601
 0.19374168 0.09320905 0.70406125 0.00898802
 2.66311585e-03 3.32889481e-04 8.47536618e-01 1.49467377e-01
 8.63848202e-01 1.35486019e-01 3.32889481e-04 3.32889481e-04
 0.12083888 0.06724368 0.61584554 0.1960719 
 0.09587217 0.18009321 0.02629827 0.69773635
 8.02263648e-02 3.02263648e-01 3.32889481e-04 6.17177097e-01

MOTIF STunmod1_l3_f_44
letter-probability matrix: alength= 4 w= 9 
 0.50956055 0.11975847 0.22039584 0.15028514
 0.34384435 0.07715532 0.32807783 0.25092251
 3.35457900e-04 1.33847702e-01 1.67728950e-03 8.64139550e-01
 0.02448843 0.01408923 0.30727944 0.65414291
 0.03019121 0.01543106 0.54880912 0.4055686 
 0.1888628  0.1019792  0.01777927 0.69137873
 2.34820530e-03 8.78899698e-02 3.35457900e-04 9.09426367e-01
 0.26232808 0.00603824 0.63871184 0.09292184
 0.56759477 0.01509561 0.32740691 0.08990272

MOTIF STunmod1_l3_f_45
letter-probability matrix: alength= 4 w= 9 
 0.29061252 0.24633822 0.38814913 0.07490013
 0.07157124 0.24001332 0.45006658 0.23834887
 0.0855526  0.05525965 0.50599201 0.35319574
 3.32889481e-04 3.32889481e-04 5.57256991e-01 4.42077230e-01
 4.22103862e-01 3.32889481e-04 5.77230360e-01 3.32889481e-04
 2.36351531e-02 1.19174434e-01 8.56857523e-01 3.32889481e-04
 0.00998668 0.0316245  0.45605859 0.50233023
 0.22802929 0.23069241 0.44474035 0.09653795
 0.41111851 0.22569907 0.3292277  0.03395473

MOTIF STunmod1_l3_f_46
letter-probability matrix: alength= 4 w= 9 
 0.10761259 0.21482662 0.4428059  0.23475488
 0.23355919 0.09445994 0.36070147 0.31127939
 2.26385014e-01 1.25946592e-01 6.47269829e-01 3.98565165e-04
 3.98565165e-04 9.98804305e-01 3.98565165e-04 3.98565165e-04
 2.86568354e-01 3.98565165e-04 7.12634516e-01 3.98565165e-04
 0.73854125 0.01753687 0.17536867 0.06855321
 3.54722997e-02 8.66082104e-01 3.98565165e-04 9.80470307e-02
 0.22758071 0.0697489  0.65763252 0.04503786
 0.50737346 0.17337585 0.07772021 0.24153049

MOTIF STunmod1_l3_f_47
letter-probability matrix: alength= 4 w= 9 
 0.1285591  0.25798102 0.33563417 0.27782571
 0.12553926 0.32786885 0.25064711 0.29594478
 0.75194133 0.04831752 0.188956   0.01078516
 5.91026747e-02 4.31406385e-04 4.31406385e-04 9.40034513e-01
 0.10526316 0.01509922 0.34253667 0.53710095
 4.31406385e-04 4.31406385e-04 4.31406385e-04 9.98705781e-01
 7.16566005e-01 4.31406385e-04 2.82571182e-01 4.31406385e-04
 7.18291631e-01 4.31406385e-04 2.80845557e-01 4.31406385e-04
 0.34167386 0.02459016 0.6147541  0.01898188

MOTIF STunmod1_l3_f_48
letter-probability matrix: alength= 4 w= 9 
 0.5379494  0.15113182 0.18541944 0.12549933
 0.05459387 0.16078562 0.28994674 0.49467377
 3.32889481e-04 4.79360852e-02 9.50399467e-01 1.33155792e-03
 0.06458056 0.51464714 0.4051265  0.01564581
 0.00665779 0.66011984 0.16111851 0.17210386
 0.01398136 0.83455393 0.13049268 0.02097204
 0.13515313 0.70838881 0.14913449 0.00732357
 0.11684421 0.3798269  0.41278296 0.09054594
 0.13182423 0.22403462 0.45539281 0.18874834

MOTIF STunmod1_l3_f_49
letter-probability matrix: alength= 4 w= 9 
 0.17451711 0.08031176 0.05015249 0.69501864
 0.31718062 0.05388004 0.2395798  0.38935954
 0.16435107 0.1202982  0.07624534 0.63910539
 0.84784819 0.01660454 0.03320908 0.10233819
 0.57878685 0.0382921  0.17011183 0.21280922
 0.03659776 0.27719417 0.14639105 0.53981701
 6.77736361e-04 4.67638089e-02 6.64181633e-02 8.86140291e-01
 0.06641816 0.043714   0.18197221 0.70789563
 0.52456794 0.08437818 0.23619112 0.15486276

MOTIF STunmod1_l3_f_50
letter-probability matrix: alength= 4 w= 9 
 0.28330275 0.24440367 0.23853211 0.23376147
 0.22458716 0.17431193 0.28440367 0.31669725
 0.23669725 0.13174312 0.34752294 0.2840367 
 3.66972477e-04 3.66972477e-04 3.66972477e-04 9.98899083e-01
 8.41467890e-01 3.66972477e-04 1.57798165e-01 3.66972477e-04
 4.06972477e-01 3.66972477e-04 5.92293578e-01 3.66972477e-04
 3.66972477e-04 3.66972477e-04 3.66972477e-04 9.98899083e-01
 7.36513761e-01 3.66972477e-04 2.62752294e-01 3.66972477e-04
 5.65137615e-01 3.66972477e-04 4.34128440e-01 3.66972477e-04

MOTIF STunmod1_l3_f_51
letter-probability matrix: alength= 4 w= 9 
 0.14521008 0.0887395  0.14285714 0.62319328
 3.36134454e-04 9.24369748e-02 3.89915966e-02 8.68235294e-01
 0.74722689 0.06453782 0.05680672 0.13142857
 0.20134454 0.27831933 0.22588235 0.29445378
 8.56134454e-01 3.36134454e-04 3.36134454e-03 1.40168067e-01
 0.0097479  0.34285714 0.43260504 0.21478992
 0.2497479  0.0087395  0.16235294 0.57915966
 0.18655462 0.09042017 0.69243697 0.03058824
 0.40773109 0.12403361 0.38689076 0.08134454

MOTIF STunmod1_l3_f_52
letter-probability matrix: alength= 4 w= 9 
 0.47004778 0.08416024 0.39250276 0.05328923
 0.47188534 0.26497611 0.17603822 0.08710033
 0.70819552 0.05328923 0.19808894 0.04042631
 0.74237413 0.21830209 0.02940096 0.00992282
 3.67511944e-04 3.67144432e-01 7.86475560e-02 5.53840500e-01
 3.67511944e-04 3.67511944e-04 3.67511944e-04 9.98897464e-01
 2.90334436e-02 3.67511944e-04 9.70231533e-01 3.67511944e-04
 3.67511944e-04 3.67511944e-04 8.23961779e-01 1.75303197e-01
 0.66482911 0.13156928 0.14332966 0.06027196

MOTIF STunmod1_l3_f_53
letter-probability matrix: alength= 4 w= 9 
 0.28595206 0.18275632 0.22237017 0.30892144
 8.84487350e-01 3.32889481e-04 1.12183755e-01 2.99600533e-03
 0.10985353 0.10186418 0.13581891 0.65246338
 9.75366178e-02 3.32889481e-04 5.50932091e-01 3.51198402e-01
 7.37350200e-01 3.32889481e-04 1.42809587e-01 1.19507324e-01
 0.2213715  0.09986684 0.27796272 0.40079893
 3.32889481e-04 3.32889481e-04 1.75432756e-01 8.23901465e-01
 0.71271638 0.02762983 0.22237017 0.03728362
 0.53628495 0.0349534  0.40046605 0.02829561

MOTIF STunmod1_l3_f_54
letter-probability matrix: alength= 4 w= 9 
 0.14147803 0.27163782 0.15479361 0.43209055
 9.49400799e-01 3.32889481e-04 4.86018642e-02 1.66444740e-03
 0.17643142 0.20039947 0.45006658 0.17310253
 0.35486019 0.46571238 0.00599201 0.17343542
 0.83089214 0.15645806 0.00998668 0.00266312
 2.94607190e-01 3.32889481e-04 1.53794940e-01 5.51264980e-01
 3.32889481e-04 2.72969374e-02 3.32889481e-04 9.72037284e-01
 0.3575233  0.01697736 0.02430093 0.6011984 
 0.09687084 0.15113182 0.41378162 0.33821571

MOTIF STunmod1_l3_f_55
letter-probability matrix: alength= 4 w= 9 
 0.28335057 0.25577387 0.11237504 0.34850052
 0.36332299 0.15718718 0.41227163 0.0672182 
 0.27231989 0.33160979 0.14856946 0.24750086
 5.10168907e-02 1.04791451e-01 3.44708721e-04 8.43846949e-01
 0.72009652 0.00620476 0.2016546  0.07204412
 0.1820062  0.03033437 0.73836608 0.04929335
 2.90589452e-01 3.24026198e-02 3.44708721e-04 6.76663220e-01
 0.06239228 0.08066184 0.50120648 0.3557394 
 0.15580834 0.36125474 0.37228542 0.1106515 

MOTIF STunmod1_l3_f_56
letter-probability matrix: alength= 4 w= 9 
 0.52380952 0.16139907 0.20396123 0.11083017
 0.40160135 0.22756005 0.06068268 0.31015592
 0.23767383 0.08175306 0.25579435 0.42477876
 0.21196797 0.10198062 0.37715971 0.3088917 
 6.60345554e-01 3.28697851e-02 3.06363253e-01 4.21407501e-04
 3.38811631e-01 4.21407501e-04 4.21407501e-04 6.60345554e-01
 4.21407501e-04 4.21407501e-04 6.60345554e-01 3.38811631e-01
 0.21997472 0.09903076 0.53476612 0.1462284 
 0.31858407 0.22629583 0.28150021 0.17361989

MOTIF STunmod1_l3_f_57
letter-probability matrix: alength= 4 w= 9 
 0.4441756  0.08468718 0.35741445 0.11372278
 0.4414103  0.15451089 0.24023505 0.16384376
 0.37815417 0.32111994 0.1316972  0.16902869
 9.62322848e-01 3.45661943e-04 3.69858279e-02 3.45661943e-04
 0.53646733 0.0636018  0.02938127 0.3705496 
 0.57379882 0.05288628 0.21845835 0.15485655
 9.89630142e-01 3.45661943e-04 9.67853439e-03 3.45661943e-04
 3.45661943e-04 3.45661943e-04 1.00241963e-02 9.89284480e-01
 1.00241963e-02 3.45661943e-04 9.89284480e-01 3.45661943e-04

MOTIF STunmod1_l3_f_58
letter-probability matrix: alength= 4 w= 9 
 0.23378441 0.30331311 0.08866076 0.37424172
 0.06579561 0.02146524 0.39337378 0.51936538
 0.00979935 0.06579561 0.12039197 0.80401307
 4.31171255e-01 4.66635558e-04 5.11432571e-01 5.69295380e-02
 2.15118992e-01 2.75781615e-01 4.66635558e-04 5.08632758e-01
 4.21371909e-01 4.66635558e-04 5.43163789e-01 3.49976668e-02
 4.73168455e-01 1.04993000e-01 4.66635558e-04 4.21371909e-01
 0.10125992 0.00746617 0.7480168  0.14325712
 0.47456836 0.23611759 0.0709286  0.21838544

MOTIF STunmod1_l3_f_59
letter-probability matrix: alength= 4 w= 9 
 0.58543984 0.05729693 0.34614088 0.01112235
 0.19649478 0.32119987 0.21166161 0.27064375
 0.20963937 0.26963263 0.19615774 0.32457027
 9.32928884e-01 3.37040782e-04 6.63970340e-02 3.37040782e-04
 6.63970340e-02 3.37040782e-04 3.37040782e-04 9.32928884e-01
 3.37040782e-04 3.37040782e-04 9.32928884e-01 6.63970340e-02
 3.37040782e-04 7.07785642e-02 1.87394675e-01 7.41489720e-01
 0.49983148 0.0273003  0.29592181 0.17694641
 0.60296596 0.11054938 0.21132457 0.07516009

MOTIF STunmod1_l3_f_60
letter-probability matrix: alength= 4 w= 9 
 0.28165503 0.36889332 0.17198405 0.1774676 
 9.87537388e-01 4.98504487e-04 1.14656032e-02 4.98504487e-04
 0.17547358 0.02941176 0.03240279 0.76271186
 0.06031904 0.06829511 0.80059821 0.07078764
 0.64057827 0.11565304 0.13509472 0.10867398
 0.18245264 0.14107677 0.02841476 0.64805583
 4.98504487e-04 1.09172483e-01 6.89431705e-01 2.00897308e-01
 0.0777667  0.21934197 0.63409771 0.06879362
 0.30957129 0.40727817 0.18644068 0.09670987

MOTIF STunmod1_l3_f_61
letter-probability matrix: alength= 4 w= 9 
 0.10819219 0.37711718 0.37262357 0.14206706
 0.28586243 0.33944003 0.22156931 0.15312824
 0.11648807 0.42723816 0.17767024 0.27860353
 3.18700311e-01 6.68855859e-01 1.20981680e-02 3.45661943e-04
 6.18389215e-01 1.91151054e-01 1.90114068e-01 3.45661943e-04
 0.16833737 0.03007259 0.27134462 0.53024542
 0.487729   0.10508123 0.09056343 0.31662634
 7.88109229e-02 3.45661943e-04 9.20497753e-01 3.45661943e-04
 0.00345662 0.00829589 0.97926028 0.00898721

MOTIF STunmod1_l3_f_62
letter-probability matrix: alength= 4 w= 9 
 4.75511175e-04 2.84831194e-01 4.75511175e-04 7.14217784e-01
 0.7146933  0.13884926 0.05040418 0.09605326
 1.26961484e-01 4.75511175e-04 3.39990490e-01 5.32572515e-01
 0.77841179 0.00237756 0.20446981 0.01474085
 0.10699001 0.14075131 0.20399429 0.54826438
 0.48169282 0.04517356 0.08654303 0.38659058
 0.46267237 0.05563481 0.09510223 0.38659058
 0.43604375 0.08131241 0.01236329 0.47028055
 0.39942939 0.07560628 0.01093676 0.51402758

MOTIF STunmod1_l3_f_63
letter-probability matrix: alength= 4 w= 9 
 0.18275632 0.19374168 0.4650466  0.15845539
 3.32889481e-04 3.32889481e-04 3.32889481e-04 9.99001332e-01
 7.76631158e-01 3.32889481e-04 2.22703063e-01 3.32889481e-04
 3.53528628e-01 3.32889481e-04 6.45805593e-01 3.32889481e-04
 3.32889481e-04 3.32889481e-04 3.32889481e-04 9.99001332e-01
 6.85752330e-01 3.32889481e-04 3.13581891e-01 3.32889481e-04
 6.79427430e-01 3.32889481e-04 3.19906791e-01 3.32889481e-04
 0.32123835 0.24334221 0.25199734 0.1834221 
 0.2723036  0.27097204 0.22969374 0.22703063

MOTIF STunmod1_l3_f_64
letter-probability matrix: alength= 4 w= 9 
 0.34978843 0.25352609 0.21791255 0.17877292
 0.43300423 0.14844852 0.30535966 0.11318759
 0.16572638 0.12623413 0.39315938 0.31488011
 3.52609309e-04 3.52609309e-04 3.52609309e-04 9.98942172e-01
 7.20380818e-01 3.52609309e-04 2.78913963e-01 3.52609309e-04
 4.54513399e-01 3.52609309e-04 5.44781382e-01 3.52609309e-04
 3.52609309e-04 3.52609309e-04 3.52609309e-04 9.98942172e-01
 7.82440056e-01 3.52609309e-04 2.16854725e-01 3.52609309e-04
 6.91114245e-01 3.52609309e-04 3.08180536e-01 3.52609309e-04

MOTIF STunmod1_l3_f_65
letter-probability matrix: alength= 4 w= 9 
 0.2510917  0.06077147 0.53311499 0.15502183
 0.00691412 0.48689956 0.00218341 0.50400291
 0.35334789 0.03384279 0.54621543 0.06659389
 0.09788937 0.55167394 0.11644833 0.23398836
 6.50655022e-01 2.18704512e-01 1.30276565e-01 3.63901019e-04
 3.63901019e-04 3.56986900e-01 3.63901019e-04 6.42285298e-01
 3.63901019e-04 3.40975255e-01 6.42285298e-01 1.63755459e-02
 0.15538574 0.55422125 0.13173217 0.15866084
 0.26601164 0.26346434 0.18231441 0.28820961

MOTIF STunmod1_l3_f_66
letter-probability matrix: alength= 4 w= 9 
 0.31607729 0.10061976 0.36055414 0.22274882
 0.2300401  0.26904849 0.20123952 0.29967189
 0.07692308 0.82355086 0.03390448 0.06562158
 1.52752461e-01 3.64564346e-04 8.46518410e-01 3.64564346e-04
 0.22129056 0.63871673 0.06780897 0.07218374
 3.75501276e-02 9.21254101e-01 3.64564346e-04 4.08312067e-02
 0.8005833  0.10900474 0.0521327  0.03827926
 3.64564346e-04 5.16952242e-01 3.64564346e-04 4.82318629e-01
 0.04156034 0.44768502 0.49617207 0.01458257

MOTIF STunmod1_l3_f_67
letter-probability matrix: alength= 4 w= 9 
 0.4639282  0.16741457 0.20020711 0.16845012
 0.1622368  0.13117018 0.43907491 0.26751812
 0.38591647 0.28857439 0.29030031 0.03520884
 0.54297549 0.01104591 0.32516396 0.12081464
 9.98964446e-01 3.45184674e-04 3.45184674e-04 3.45184674e-04
 3.45184674e-04 3.45184674e-04 3.45184674e-04 9.98964446e-01
 3.45184674e-04 3.45184674e-04 9.98964446e-01 3.45184674e-04
 5.17777011e-03 3.45184674e-04 7.77355885e-01 2.17121160e-01
 0.56161546 0.16879531 0.2657922  0.00379703

MOTIF STunmod1_l3_f_68
letter-probability matrix: alength= 4 w= 9 
 0.00466045 0.29560586 0.05725699 0.6424767 
 0.12083888 0.0729028  0.35918775 0.44707057
 0.22869507 0.05359521 0.15146471 0.56624501
 7.68974700e-01 3.42876165e-02 3.32889481e-04 1.96404794e-01
 2.30359521e-01 3.32889481e-04 3.32889481e-04 7.68974700e-01
 2.99600533e-03 3.32889481e-04 7.68974700e-01 2.27696405e-01
 0.1328229  0.32157124 0.28262317 0.26298269
 0.22037284 0.19507324 0.23868176 0.34587217
 0.32423435 0.26830892 0.25099867 0.15645806

MOTIF STunmod1_l3_f_69
letter-probability matrix: alength= 4 w= 9 
 0.0625     0.23924731 0.12298387 0.57526882
 0.33400538 0.22143817 0.12231183 0.32224462
 0.67573925 0.12298387 0.09610215 0.10517473
 0.63944892 0.17607527 0.02721774 0.15725806
 3.36021505e-04 2.85618280e-02 2.35215054e-03 9.68750000e-01
 0.59408602 0.04435484 0.02016129 0.34139785
 0.00604839 0.32728495 0.45530914 0.21135753
 0.27083333 0.21606183 0.01041667 0.50268817
 0.11155914 0.39717742 0.10987903 0.38138441

MOTIF STunmod1_l3_f_70
letter-probability matrix: alength= 4 w= 9 
 0.07190413 0.16744341 0.24001332 0.52063915
 0.10386152 0.51697736 0.14347537 0.23568575
 3.92143808e-01 6.07190413e-01 3.32889481e-04 3.32889481e-04
 8.75499334e-01 8.65512650e-02 3.32889481e-04 3.76165113e-02
 0.08588549 0.5286285  0.06458056 0.32090546
 4.29427430e-01 5.03994674e-01 6.62450067e-02 3.32889481e-04
 6.78428762e-01 3.32889481e-04 4.89347537e-02 2.72303595e-01
 0.2120506  0.49167776 0.17643142 0.11984021
 0.24900133 0.32822903 0.15612517 0.26664447

MOTIF STunmod1_l3_f_71
letter-probability matrix: alength= 4 w= 9 
 0.00149477 0.11958146 0.00149477 0.877429  
 0.33781764 0.00149477 0.55605381 0.10463378
 0.13303438 0.64424514 0.00149477 0.22122571
 0.9955157  0.00149477 0.00149477 0.00149477
 0.00149477 0.02690583 0.00149477 0.97010463
 0.00149477 0.02690583 0.97010463 0.00149477
 0.32884903 0.39013453 0.02092676 0.26008969
 0.67563528 0.12107623 0.15396114 0.04932735
 0.64723468 0.1793722  0.16143498 0.01195815

MOTIF STunmod1_l3_f_72
letter-probability matrix: alength= 4 w= 9 
 0.14690332 0.21714502 0.35422961 0.28172205
 0.081571   0.0347432  0.83723565 0.04645015
 3.77643505e-04 6.80891239e-01 3.77643505e-04 3.18353474e-01
 3.39879154e-02 3.77643505e-04 9.38821752e-01 2.68126888e-02
 3.77643505e-04 4.56948640e-02 8.92371601e-01 6.15558912e-02
 0.30777946 0.47167674 0.16351964 0.05702417
 0.32439577 0.13557402 0.10045317 0.43957704
 0.23225076 0.25566465 0.41918429 0.0929003 
 0.61669184 0.18466767 0.12386707 0.07477341

MOTIF STunmod1_l3_f_73
letter-probability matrix: alength= 4 w= 9 
 0.39014647 0.34953395 0.09886818 0.1614514 
 0.57090546 0.17243675 0.08288948 0.17376831
 0.10652463 0.0126498  0.80992011 0.07090546
 0.02463382 0.13082557 0.05492676 0.78961385
 0.08155792 0.30992011 0.18408788 0.42443409
 3.32889481e-04 3.32889481e-04 3.32889481e-04 9.99001332e-01
 9.75366178e-01 3.32889481e-04 2.39680426e-02 3.32889481e-04
 7.90612517e-01 3.32889481e-04 2.08721704e-01 3.32889481e-04
 0.46870839 0.02163782 0.27396804 0.23568575

MOTIF STunmod1_l3_f_74
letter-probability matrix: alength= 4 w= 9 
 9.12710007e-01 5.00365230e-02 3.68882396e-02 3.65230095e-04
 3.65230095e-04 4.01753104e-03 3.65230095e-04 9.95252009e-01
 3.65230095e-04 3.65230095e-04 9.98904310e-01 3.65230095e-04
 3.65230095e-04 5.84368152e-03 9.79181885e-01 1.46092038e-02
 0.19138057 0.37107378 0.26880935 0.1687363 
 0.08363769 0.11723886 0.29437546 0.50474799
 0.18955442 0.27903579 0.29912345 0.23228634
 0.59605551 0.22023375 0.06756757 0.11614317
 0.20562454 0.11943024 0.1734843  0.50146092

MOTIF STunmod1_l3_f_75
letter-probability matrix: alength= 4 w= 9 
 0.07827855 0.54049475 0.28227719 0.09894951
 0.11521518 0.06946798 0.74381566 0.07150119
 0.15282955 0.72517791 0.00914944 0.1128431 
 9.38664859e-02 9.05455778e-01 3.38868180e-04 3.38868180e-04
 8.99695019e-01 5.25245679e-02 4.74415452e-02 3.38868180e-04
 0.00542189 0.2694002  0.03049814 0.69467977
 0.22094205 0.44188411 0.22229753 0.11487631
 0.45442223 0.02643172 0.44696713 0.07217892
 0.19654354 0.25821755 0.19823789 0.34700102

MOTIF STunmod1_l3_f_76
letter-probability matrix: alength= 4 w= 9 
 3.32889481e-04 4.24434088e-01 4.66045273e-03 5.70572570e-01
 0.04993342 0.05525965 0.67043941 0.22436751
 0.03861518 0.10519308 0.34320905 0.51298269
 0.47636485 0.31491345 0.08455393 0.12416778
 0.06458056 0.02296937 0.15113182 0.76131824
 9.90013316e-01 3.32889481e-04 9.32090546e-03 3.32889481e-04
 1.43142477e-02 3.32889481e-04 5.08655126e-01 4.76697736e-01
 0.18908123 0.0539281  0.50998668 0.24700399
