MEME version 5.3.0

ALPHABET= ACGT

strands: + -

Background letter frequencies
A 0.25 C 0.25 G 0.25 T 0.25

MOTIF STunmod1_l3_f_0
letter-probability matrix: alength= 4 w= 9 
 0.15738162 0.43593315 0.10167131 0.30501393
 0.25522284 0.17931755 0.46448468 0.10097493
 0.05710306 0.09610028 0.7893454  0.05745125
 0.0097493  0.37360724 0.49756267 0.11908078
 2.43732591e-03 8.26253482e-01 1.70961003e-01 3.48189415e-04
 3.48189415e-04 9.84331476e-01 1.49721448e-02 3.48189415e-04
 0.02402507 0.86455432 0.03690808 0.07451253
 0.02123955 0.74860724 0.13231198 0.09784123
 0.15598886 0.43384401 0.27681058 0.13335655

MOTIF STunmod1_l3_f_1
letter-probability matrix: alength= 4 w= 9 
 0.4649898  0.28008158 0.21210061 0.04282801
 0.27600272 0.41740313 0.20360299 0.10299116
 3.39904827e-04 8.36505778e-01 9.85723997e-03 1.53297077e-01
 0.13290279 0.67777022 0.01121686 0.17811013
 4.23181509e-01 3.39904827e-04 5.76138681e-01 3.39904827e-04
 3.39904827e-04 3.77294358e-02 6.00611829e-01 3.61318831e-01
 0.13936098 0.00985724 0.23385452 0.61692726
 0.48674371 0.03365058 0.43575799 0.04384772
 0.19442556 0.1267845  0.11760707 0.56118287

MOTIF STunmod1_l3_f_2
letter-probability matrix: alength= 4 w= 9 
 3.32889481e-04 9.08788282e-02 1.29826897e-02 8.95805593e-01
 3.32889481e-04 2.98268975e-01 3.01264980e-01 4.00133156e-01
 0.30026631 0.01964048 0.34221039 0.33788282
 0.77163782 0.11351531 0.06158455 0.05326232
 4.45739015e-01 3.32889481e-04 3.32889481e-04 5.53595206e-01
 3.32889481e-04 3.32889481e-04 5.53595206e-01 4.45739015e-01
 0.11484687 0.16378162 0.5063249  0.2150466 
 0.38348868 0.18641811 0.13249001 0.2976032 
 0.38182423 0.27929427 0.10086551 0.23801598

MOTIF STunmod1_l3_f_3
letter-probability matrix: alength= 4 w= 9 
 0.14468674 0.27898927 0.20214607 0.37417792
 0.20041537 0.08515057 0.22083766 0.4935964 
 0.20456906 0.13741779 0.23502942 0.42298373
 0.96746279 0.00380755 0.01523018 0.01349948
 3.46140533e-04 9.69193493e-03 3.46140533e-04 9.89615784e-01
 3.39217722e-02 3.46140533e-04 9.65385947e-01 3.46140533e-04
 9.78885427e-01 6.57667013e-03 3.46140533e-04 1.41917619e-02
 0.19660782 0.07753548 0.28383524 0.44202146
 0.42367601 0.1408792  0.24991346 0.18553133

MOTIF STunmod1_l3_f_4
letter-probability matrix: alength= 4 w= 9 
 0.91021378 0.01140143 0.07268409 0.00570071
 4.75059382e-04 2.04275534e-02 4.75059382e-04 9.78622328e-01
 0.15914489 0.23372922 0.55344418 0.05368171
 0.47220903 0.00902613 0.51448931 0.00427553
 0.45653207 0.06128266 0.47125891 0.01092637
 8.86460808e-01 2.99287411e-02 8.31353919e-02 4.75059382e-04
 6.79334917e-01 4.75059382e-04 3.19714964e-01 4.75059382e-04
 0.21662708 0.0935867  0.19334917 0.49643705
 0.16009501 0.33349169 0.03135392 0.47505938

MOTIF STunmod1_l3_f_5
letter-probability matrix: alength= 4 w= 9 
 0.10638298 0.53191489 0.0212766  0.34042553
 0.0212766  0.0212766  0.34042553 0.61702128
 0.0212766  0.0212766  0.93617021 0.0212766 
 0.0212766  0.0212766  0.93617021 0.0212766 
 0.0212766  0.93617021 0.0212766  0.0212766 
 0.0212766  0.93617021 0.0212766  0.0212766 
 0.0212766  0.93617021 0.0212766  0.0212766 
 0.0212766  0.0212766  0.93617021 0.0212766 
 0.17021277 0.27659574 0.29787234 0.25531915

MOTIF STunmod1_l3_f_6
letter-probability matrix: alength= 4 w= 9 
 0.03678811 0.05270605 0.53342766 0.37707817
 3.53731871e-04 1.45030067e-02 2.22851079e-02 9.62858154e-01
 0.14467634 0.28758401 0.08595684 0.48178281
 0.45525292 0.08631058 0.1531659  0.3052706 
 0.79200566 0.02546869 0.09975239 0.08277326
 2.70958613e-01 3.53731871e-04 1.90307747e-01 5.38379908e-01
 0.02087018 0.02971348 0.21719137 0.73222497
 0.26353024 0.31446763 0.06579413 0.35620799
 0.10010612 0.34701097 0.0898479  0.46303502

MOTIF STunmod1_l3_f_7
letter-probability matrix: alength= 4 w= 9 
 3.85818908e-01 9.98668442e-03 6.03861518e-01 3.32889481e-04
 9.58721704e-02 3.32889481e-04 8.76165113e-01 2.76298269e-02
 0.21904128 0.45439414 0.15346205 0.17310253
 1.69107856e-01 3.32889481e-04 8.26564581e-01 3.99467377e-03
 0.10019973 0.00865513 0.75599201 0.13515313
 0.26131824 0.10985353 0.38482024 0.24400799
 0.19374168 0.00998668 0.4207723  0.37549933
 0.38715047 0.0349534  0.28861518 0.28928096
 0.79194407 0.13448735 0.0569241  0.01664447

MOTIF STunmod1_l3_f_8
letter-probability matrix: alength= 4 w= 9 
 0.07930514 0.31344411 0.50528701 0.10196375
 7.55287009e-04 1.37462236e-01 8.61027190e-01 7.55287009e-04
 7.55287009e-04 7.55287009e-04 7.55287009e-04 9.97734139e-01
 7.55287009e-04 7.55287009e-04 9.97734139e-01 7.55287009e-04
 7.55287009e-04 7.55287009e-04 9.97734139e-01 7.55287009e-04
 0.30589124 0.69259819 0.00075529 0.00075529
 0.17824773 0.51812689 0.081571   0.22205438
 0.18731118 0.51812689 0.29380665 0.00075529
 0.23111782 0.29229607 0.36858006 0.10800604

MOTIF STunmod1_l3_f_9
letter-probability matrix: alength= 4 w= 9 
 0.1708383  0.21493842 0.38657132 0.22765197
 0.30115217 0.40683353 0.23400874 0.05800556
 3.21811681e-02 2.35597934e-01 7.31823600e-01 3.97298371e-04
 3.97298371e-04 3.93325387e-02 9.59872865e-01 3.97298371e-04
 3.97298371e-04 4.23122765e-01 5.73698848e-01 2.78108860e-03
 3.97298371e-04 9.53516091e-01 4.56893127e-02 3.97298371e-04
 0.38021454 0.43623361 0.13230036 0.05125149
 0.01589193 0.20143027 0.43027414 0.35240366
 0.07628129 0.13269766 0.73301549 0.05800556

MOTIF STunmod1_l3_f_10
letter-probability matrix: alength= 4 w= 9 
 0.38116592 0.38047603 0.11314246 0.12521559
 7.80614005e-01 5.86409107e-03 2.13176958e-01 3.44946533e-04
 0.49706795 0.20213867 0.06036564 0.24042773
 3.81165919e-01 1.20041394e-01 4.98447741e-01 3.44946533e-04
 9.51362539e-01 3.44946533e-04 4.79475681e-02 3.44946533e-04
 3.44946533e-04 4.79475681e-02 3.44946533e-04 9.51362539e-01
 3.44946533e-04 7.93377027e-03 9.75163850e-01 1.65574336e-02
 0.01828217 0.09899966 0.65919283 0.22352535
 0.23214902 0.50086237 0.19075543 0.07623318

MOTIF STunmod1_l3_f_11
letter-probability matrix: alength= 4 w= 9 
 0.40579228 0.22936085 0.16178429 0.20306258
 0.2626498  0.40745672 0.16011984 0.16977364
 1.46471372e-02 9.62716378e-01 3.32889481e-04 2.23035952e-02
 0.3988016  0.01231691 0.50066578 0.08821571
 0.48901465 0.18408788 0.00466045 0.32223702
 2.35685752e-01 7.15712383e-01 3.32889481e-04 4.82689747e-02
 7.95938748e-01 3.32889481e-04 6.32490013e-03 1.97403462e-01
 1.06524634e-02 1.58122503e-01 8.30892144e-01 3.32889481e-04
 3.32889481e-04 6.99067909e-03 9.92343542e-01 3.32889481e-04

MOTIF STunmod1_l3_f_12
letter-probability matrix: alength= 4 w= 9 
 0.45539281 0.16211718 0.2849534  0.09753662
 0.67110519 0.02463382 0.25033289 0.0539281 
 3.32889481e-04 9.88681758e-02 2.99600533e-02 8.70838881e-01
 1.06524634e-02 3.32889481e-04 7.95938748e-01 1.93075899e-01
 1.83089214e-01 3.32889481e-04 7.08721704e-01 1.07856192e-01
 9.10785619e-01 8.85486019e-02 3.32889481e-04 3.32889481e-04
 5.12649800e-02 3.32889481e-04 2.69307590e-01 6.79094541e-01
 0.50166445 0.11784288 0.16311585 0.21737683
 0.48968043 0.17776298 0.21604527 0.11651132

MOTIF STunmod1_l3_f_13
letter-probability matrix: alength= 4 w= 9 
 0.1994008  0.22436751 0.39014647 0.18608522
 3.32889481e-04 3.32889481e-04 3.32889481e-04 9.99001332e-01
 7.08388815e-01 3.32889481e-04 2.90945406e-01 3.32889481e-04
 6.62450067e-01 3.32889481e-04 3.36884154e-01 3.32889481e-04
 3.32889481e-04 3.32889481e-04 3.32889481e-04 9.99001332e-01
 9.69707057e-01 3.32889481e-04 2.96271638e-02 3.32889481e-04
 5.45605859e-01 3.32889481e-04 4.53728362e-01 3.32889481e-04
 0.32756325 0.2087217  0.35053262 0.11318242
 0.17343542 0.29394141 0.34786951 0.18475366

MOTIF STunmod1_l3_f_14
letter-probability matrix: alength= 4 w= 9 
 0.35929563 0.2749746  0.2346766  0.13105317
 0.47917372 0.01659329 0.49238063 0.01185235
 0.34710464 0.20521504 0.12935997 0.31832035
 0.38909583 0.0866915  0.40264138 0.12157128
 9.98984084e-01 3.38638673e-04 3.38638673e-04 3.38638673e-04
 3.38638673e-04 3.38638673e-04 3.38638673e-04 9.98984084e-01
 3.38638673e-04 3.38638673e-04 9.98984084e-01 3.38638673e-04
 8.42194379e-01 2.20115137e-02 3.38638673e-04 1.35455469e-01
 0.38096851 0.06298679 0.49339655 0.06264815

MOTIF STunmod1_l3_f_15
letter-probability matrix: alength= 4 w= 9 
 0.24038046 0.18071768 0.4306096  0.14829226
 0.18720277 0.04150454 0.44747082 0.32382188
 4.62602681e-01 4.32771293e-01 1.04193688e-01 4.32338954e-04
 0.48162559 0.01253783 0.13618677 0.36964981
 0.34327713 0.41418072 0.18849978 0.05404237
 0.30782534 0.01297017 0.45092953 0.22827497
 0.36057069 0.1664505  0.13791613 0.33506269
 0.65974924 0.23648941 0.09900562 0.00475573
 0.15131863 0.06009511 0.19239083 0.59619542

MOTIF STunmod1_l3_f_16
letter-probability matrix: alength= 4 w= 9 
 0.31724368 0.189747   0.37483356 0.11817577
 0.34653795 0.59254328 0.0412783  0.01964048
 6.21837550e-01 3.32889481e-04 6.99067909e-02 3.07922770e-01
 6.91744341e-01 3.32889481e-04 1.24833555e-01 1.83089214e-01
 0.50699068 0.01830892 0.10186418 0.37283622
 2.46005326e-01 3.32889481e-04 1.26830892e-01 6.26830892e-01
 0.04627164 0.0063249  0.27896138 0.66844208
 0.05326232 0.00432756 0.92809587 0.01431425
 0.14680426 0.1361518  0.58455393 0.13249001

MOTIF STunmod1_l3_f_17
letter-probability matrix: alength= 4 w= 9 
 0.76923077 0.07692308 0.07692308 0.07692308
 0.07692308 0.07692308 0.07692308 0.76923077
 0.07692308 0.07692308 0.76923077 0.07692308
 0.07692308 0.07692308 0.07692308 0.76923077
 0.76923077 0.07692308 0.07692308 0.07692308
 0.07692308 0.07692308 0.07692308 0.76923077
 0.07692308 0.07692308 0.07692308 0.76923077
 0.07692308 0.76923077 0.07692308 0.07692308
 0.07692308 0.76923077 0.07692308 0.07692308

MOTIF STunmod1_l3_f_18
letter-probability matrix: alength= 4 w= 9 
 0.10601614 0.25568599 0.14820249 0.49009538
 0.14269993 0.06272927 0.15003668 0.64453412
 1.79750550e-02 3.66837858e-04 7.44314013e-01 2.37344094e-01
 0.38261189 0.33272194 0.00623624 0.27842993
 8.16581071e-01 1.72780631e-01 3.66837858e-04 1.02714600e-02
 0.79567131 0.19112252 0.00403522 0.00917095
 0.41452678 0.51687454 0.04805576 0.02054292
 0.76302274 0.12509171 0.0862069  0.02567865
 0.72927366 0.03264857 0.03595011 0.20212766

MOTIF STunmod1_l3_f_19
letter-probability matrix: alength= 4 w= 9 
 0.64514925 0.18544776 0.08022388 0.0891791 
 0.09029851 0.08955224 0.5        0.32014925
 0.02350746 0.0141791  0.17985075 0.78246269
 3.73134328e-04 1.10447761e-01 4.98880597e-01 3.90298507e-01
 0.13656716 0.03507463 0.38544776 0.44291045
 0.68358209 0.09664179 0.13395522 0.0858209 
 4.83955224e-01 3.73134328e-04 6.90298507e-02 4.46641791e-01
 0.30186567 0.02089552 0.11716418 0.56007463
 0.28731343 0.04626866 0.62798507 0.03843284

MOTIF STunmod1_l3_f_20
letter-probability matrix: alength= 4 w= 9 
 0.10619174 0.30326232 0.43075899 0.15978695
 0.10519308 0.04094541 0.25033289 0.60352863
 3.32889481e-04 3.32889481e-04 9.99001332e-01 3.32889481e-04
 3.32889481e-04 3.32889481e-04 9.99001332e-01 3.32889481e-04
 2.97270306e-01 4.03794940e-01 2.98601864e-01 3.32889481e-04
 0.03428762 0.31824234 0.20639148 0.44107856
 0.25166445 0.24001332 0.21138482 0.29693742
 0.05892144 0.62316911 0.31424767 0.00366178
 0.18575233 0.11451398 0.63249001 0.06724368

MOTIF STunmod1_l3_f_21
letter-probability matrix: alength= 4 w= 9 
 0.34882059 0.20371694 0.27841315 0.16904932
 0.577198   0.10864904 0.12902073 0.18513224
 0.20478914 0.14331665 0.03681201 0.6150822 
 3.57398142e-04 3.57398142e-04 4.87133667e-01 5.12151537e-01
 0.44889207 0.12866333 0.27591137 0.14653324
 0.30664761 0.14367405 0.45175125 0.09792709
 3.57398142e-04 3.57398142e-04 3.57398142e-04 9.98927806e-01
 7.15511079e-01 3.57398142e-04 2.83774124e-01 3.57398142e-04
 7.48749107e-01 3.57398142e-04 2.50536097e-01 3.57398142e-04

MOTIF STunmod1_l3_f_23
letter-probability matrix: alength= 4 w= 9 
 0.61950732 0.20905459 0.11551265 0.05592543
 0.54094541 0.05659121 0.09653795 0.30592543
 4.39414115e-02 7.43342210e-01 3.32889481e-04 2.12383489e-01
 5.11984021e-01 3.32889481e-04 2.63981358e-01 2.23701731e-01
 0.03728362 0.07356858 0.86617843 0.02296937
 0.00266312 0.01331558 0.75033289 0.23368842
 0.54161119 0.37117177 0.08455393 0.00266312
 0.2120506  0.48302264 0.2150466  0.08988016
 0.14447403 0.41544607 0.25499334 0.18508655

MOTIF STunmod1_l3_f_24
letter-probability matrix: alength= 4 w= 9 
 0.31857523 0.2150466  0.28628495 0.18009321
 0.24966711 0.12416778 0.54294274 0.08322237
 3.32889481e-04 3.32889481e-04 9.99001332e-01 3.32889481e-04
 3.32889481e-04 6.92410120e-02 4.02796272e-02 8.90146471e-01
 1.49467377e-01 3.32889481e-04 7.19374168e-01 1.30825566e-01
 2.23035952e-02 3.32889481e-04 9.77030626e-01 3.32889481e-04
 6.75099867e-01 3.62849534e-02 2.88282290e-01 3.32889481e-04
 0.38149134 0.16411451 0.06857523 0.38581891
 0.50699068 0.14846871 0.20605859 0.13848202

MOTIF STunmod1_l3_f_25
letter-probability matrix: alength= 4 w= 9 
 0.66734007 0.04747475 0.26902357 0.01616162
 0.35387205 0.25218855 0.17811448 0.21582492
 0.27845118 0.21818182 0.40673401 0.096633  
 9.40067340e-01 3.36700337e-04 5.92592593e-02 3.36700337e-04
 0.03501684 0.03299663 0.0037037  0.92828283
 0.03198653 0.01616162 0.93838384 0.01346801
 2.18518519e-01 3.36700337e-04 7.77777778e-01 3.36700337e-03
 0.25925926 0.32087542 0.2013468  0.21851852
 0.15925926 0.12087542 0.55151515 0.16835017

MOTIF STunmod1_l3_f_26
letter-probability matrix: alength= 4 w= 9 
 0.44791667 0.29436728 0.1257716  0.13194444
 0.35262346 0.31018519 0.29436728 0.04282407
 0.0621142  0.17554012 0.19868827 0.56365741
 3.85802469e-04 1.08024691e-01 2.89351852e-02 8.62654321e-01
 0.30208333 0.21759259 0.23919753 0.24112654
 0.15393519 0.28896605 0.14351852 0.41358025
 9.95756173e-01 3.47222222e-03 3.85802469e-04 3.85802469e-04
 3.85802469e-04 3.47222222e-03 3.85802469e-04 9.95756173e-01
 3.85802469e-04 3.85802469e-04 9.95756173e-01 3.47222222e-03

MOTIF STunmod1_l3_f_27
letter-probability matrix: alength= 4 w= 9 
 0.36750999 0.20139814 0.39047936 0.04061252
 3.32889481e-04 3.32889481e-04 3.32889481e-04 9.99001332e-01
 9.16111851e-01 3.32889481e-04 8.32223702e-02 3.32889481e-04
 6.48468708e-01 3.32889481e-04 3.50865513e-01 3.32889481e-04
 0.02496671 0.17543276 0.5126498  0.28695073
 0.62450067 0.17210386 0.01964048 0.18375499
 0.13515313 0.3292277  0.25998668 0.27563249
 0.01331558 0.07057257 0.36817577 0.54793609
 0.32123835 0.12416778 0.50565912 0.04893475

MOTIF STunmod1_l3_f_28
letter-probability matrix: alength= 4 w= 9 
 0.24096796 0.13633265 0.24539877 0.37730061
 0.14178596 0.55555556 0.00817996 0.29447853
 0.30981595 0.31049761 0.20722563 0.1724608 
 0.17689162 0.03919564 0.15576005 0.62815269
 8.89911384e-01 6.95296524e-02 3.40831629e-04 4.02181322e-02
 9.71029312e-01 3.40831629e-04 1.09066121e-02 1.77232447e-02
 4.48534424e-01 3.40831629e-04 2.79481936e-02 5.23176551e-01
 1.46898432e-01 3.40831629e-04 1.79959100e-01 6.72801636e-01
 7.54942059e-01 3.40831629e-04 2.34151329e-01 1.05657805e-02

MOTIF STunmod1_l3_f_29
letter-probability matrix: alength= 4 w= 9 
 0.21537319 0.23505384 0.11882659 0.43074638
 0.3557371  0.09691794 0.41143706 0.13590791
 0.23059785 0.24433717 0.38655774 0.13850724
 0.20237653 0.41366506 0.37541775 0.00854066
 0.02859265 0.46416636 0.45711103 0.05012997
 3.71333086e-04 9.33902711e-01 4.86446342e-02 1.70813219e-02
 3.71333086e-04 9.70664686e-01 3.71333086e-04 2.85926476e-02
 2.07946528e-02 9.62866691e-01 1.59673227e-02 3.71333086e-04
 0.13776457 0.63497958 0.18900854 0.03824731

MOTIF STunmod1_l3_f_30
letter-probability matrix: alength= 4 w= 9 
 0.28324698 0.10431779 0.4507772  0.16165803
 0.00587219 0.04525043 0.25872193 0.69015544
 0.34404145 0.09153713 0.56096718 0.00345423
 0.47322971 0.05595855 0.43765112 0.03316062
 0.03868739 0.16200345 0.46252159 0.33678756
 0.01105354 0.12193437 0.75613126 0.11088083
 0.0984456  0.05492228 0.81070812 0.03592401
 0.00863558 0.16891192 0.80241796 0.02003454
 0.06044905 0.22037997 0.66943005 0.04974093

MOTIF STunmod1_l3_f_31
letter-probability matrix: alength= 4 w= 9 
 0.30929791 0.26944972 0.21062619 0.21062619
 0.48197343 0.20588235 0.18311195 0.12903226
 0.88899431 0.00094877 0.00094877 0.10910816
 0.00094877 0.00094877 0.10910816 0.88899431
 9.48766603e-04 9.48766603e-04 9.97153700e-01 9.48766603e-04
 0.02466793 0.30075901 0.10626186 0.5683112 
 0.27419355 0.14990512 0.22580645 0.35009488
 9.97153700e-01 9.48766603e-04 9.48766603e-04 9.48766603e-04
 9.48766603e-04 9.48766603e-04 9.48766603e-04 9.97153700e-01

MOTIF STunmod1_l3_f_32
letter-probability matrix: alength= 4 w= 9 
 0.48668442 0.44340879 0.05659121 0.01331558
 5.66910786e-01 8.98801598e-03 4.23768309e-01 3.32889481e-04
 0.04960053 0.30559254 0.41744341 0.22736352
 3.32889481e-04 5.30292943e-01 4.62716378e-02 4.23102530e-01
 5.38282290e-01 3.32889481e-04 4.16444740e-01 4.49400799e-02
 8.28894807e-02 6.42809587e-01 3.32889481e-04 2.73968043e-01
 7.20039947e-01 1.83089214e-02 2.61318242e-01 3.32889481e-04
 0.08788282 0.00366178 0.88681758 0.02163782
 0.0286285  0.04926764 0.91411451 0.00798935

MOTIF STunmod1_l3_f_33
letter-probability matrix: alength= 4 w= 9 
 0.05126498 0.14014647 0.68541944 0.12316911
 3.32889481e-04 3.76498003e-01 3.32889481e-04 6.22836218e-01
 0.14980027 0.03595206 0.76531292 0.04893475
 3.32889481e-04 3.32889481e-04 3.32889481e-04 9.99001332e-01
 9.77696405e-01 3.32889481e-04 2.16378162e-02 3.32889481e-04
 4.11118509e-01 3.32889481e-04 5.88215712e-01 3.32889481e-04
 0.45106525 0.07822903 0.43175766 0.03894807
 0.32656458 0.24400799 0.15778961 0.27163782
 0.10519308 0.186751   0.47902796 0.22902796

MOTIF STunmod1_l3_f_34
letter-probability matrix: alength= 4 w= 9 
 0.14964539 0.18723404 0.12836879 0.53475177
 0.57588652 0.11631206 0.2177305  0.09007092
 8.69503546e-01 7.09219858e-04 1.29078014e-01 7.09219858e-04
 0.58865248 0.04468085 0.05531915 0.31134752
 0.1858156  0.06453901 0.21985816 0.52978723
 8.73758865e-01 7.73049645e-02 4.82269504e-02 7.09219858e-04
 7.09219858e-04 9.92907801e-03 7.09219858e-04 9.88652482e-01
 9.37588652e-01 7.09219858e-04 2.05673759e-02 4.11347518e-02
 0.41134752 0.00070922 0.58723404 0.00070922

MOTIF STunmod1_l3_f_35
letter-probability matrix: alength= 4 w= 9 
 0.41277473 0.09993132 0.43475275 0.05254121
 0.1768544  0.18646978 0.17376374 0.46291209
 0.23523352 0.27678571 0.33379121 0.15418956
 9.47458791e-01 3.43406593e-04 5.18543956e-02 3.43406593e-04
 0.02369505 0.01510989 0.0154533  0.94574176
 0.01476648 0.00755495 0.95947802 0.01820055
 0.48798077 0.43131868 0.06387363 0.01682692
 0.02678571 0.04773352 0.38186813 0.54361264
 0.13392857 0.41929945 0.29464286 0.15212912

MOTIF STunmod1_l3_f_36
letter-probability matrix: alength= 4 w= 9 
 0.36104348 0.12591304 0.42121739 0.09182609
 0.61356522 0.01356522 0.35721739 0.01565217
 0.3986087  0.1986087  0.03652174 0.36626087
 3.85043478e-01 3.54086957e-01 2.60521739e-01 3.47826087e-04
 9.92347826e-01 3.47826087e-04 6.95652174e-03 3.47826087e-04
 3.47826087e-04 6.95652174e-03 3.47826087e-04 9.92347826e-01
 3.47826087e-04 3.82608696e-03 9.92347826e-01 3.47826087e-03
 0.11826087 0.02956522 0.59895652 0.25321739
 0.26365217 0.4706087  0.04834783 0.2173913 

MOTIF STunmod1_l3_f_37
letter-probability matrix: alength= 4 w= 9 
 0.18615565 0.44622605 0.15995307 0.20766523
 0.54595229 0.35041064 0.05514275 0.04849433
 0.27727806 0.12983966 0.10050841 0.49237388
 5.56511537e-01 3.91083301e-04 4.42706296e-01 3.91083301e-04
 0.27727806 0.05084083 0.05279625 0.61908487
 0.07587016 0.06531091 0.61282753 0.2459914 
 0.59366445 0.0164255  0.27258506 0.11732499
 0.15877982 0.10598357 0.18576457 0.54947204
 0.24677356 0.11849824 0.57802112 0.05670708

MOTIF STunmod1_l3_f_38
letter-probability matrix: alength= 4 w= 9 
 0.32889481 0.09287617 0.47336884 0.10486019
 0.09886818 0.01964048 0.22336884 0.6581225 
 0.03894807 0.04294274 0.60818908 0.30992011
 0.84454061 0.03828229 0.04727031 0.06990679
 0.69074567 0.00432756 0.16544607 0.13948069
 4.78362184e-01 2.19707057e-02 3.32889481e-04 4.99334221e-01
 4.21770972e-01 3.32889481e-04 4.62716378e-02 5.31624501e-01
 2.37683089e-01 3.32889481e-04 7.57656458e-01 4.32756325e-03
 0.40712383 0.15379494 0.32856192 0.11051931

MOTIF STunmod1_l3_f_39
letter-probability matrix: alength= 4 w= 9 
 0.35007278 0.06804949 0.5363901  0.04548763
 0.33624454 0.25545852 0.2136099  0.19468705
 0.59206696 0.02037846 0.28347889 0.10407569
 7.29257642e-01 3.63901019e-04 2.70014556e-01 3.63901019e-04
 0.39483261 0.21615721 0.1437409  0.24526929
 0.49272198 0.09497817 0.31222707 0.10007278
 9.98908297e-01 3.63901019e-04 3.63901019e-04 3.63901019e-04
 3.63901019e-04 3.63901019e-04 3.63901019e-04 9.98908297e-01
 3.63901019e-04 3.63901019e-04 9.98908297e-01 3.63901019e-04

MOTIF STunmod1_l3_f_40
letter-probability matrix: alength= 4 w= 9 
 0.21106632 0.19091242 0.15500183 0.44301942
 0.44265299 0.13521436 0.23818248 0.18395016
 0.33492122 0.15866618 0.40600953 0.10040308
 0.02418468 0.05899597 0.04250641 0.87431294
 0.7574203  0.01209234 0.10773177 0.12275559
 2.33785269e-01 4.76364969e-03 7.61084646e-01 3.66434591e-04
 3.66434591e-04 3.66434591e-04 3.66434591e-04 9.98900696e-01
 7.47526567e-01 3.66434591e-04 2.51740564e-01 3.66434591e-04
 7.32136314e-01 3.66434591e-04 2.67130817e-01 3.66434591e-04

MOTIF STunmod1_l3_f_41
letter-probability matrix: alength= 4 w= 9 
 0.36385069 0.21139489 0.32966601 0.09508841
 0.50491159 0.12180747 0.19724951 0.17603143
 0.01257367 0.19449902 0.33202358 0.46090373
 0.00628684 0.42868369 0.51630648 0.04872299
 0.13163065 0.60785855 0.23261297 0.02789784
 0.00825147 0.78585462 0.20078585 0.00510806
 3.92927308e-04 7.30844794e-01 4.24361493e-02 2.26326130e-01
 0.01375246 0.89037328 0.07819253 0.01768173
 0.10884086 0.38428291 0.30726916 0.19960707

MOTIF STunmod1_l3_f_42
letter-probability matrix: alength= 4 w= 9 
 0.02060675 0.20835718 0.31883228 0.45220378
 5.72409845e-04 5.72409845e-04 5.72409845e-04 9.98282770e-01
 4.05266171e-01 5.72409845e-04 5.93589010e-01 5.72409845e-04
 6.63995421e-01 5.72409845e-04 3.31425301e-01 4.00686892e-03
 0.17859187 0.54722381 0.00057241 0.27361191
 0.00057241 0.56668575 0.23526045 0.1974814 
 0.38694906 0.43732112 0.17344018 0.00228964
 0.43331425 0.06239267 0.38694906 0.11734402
 0.33485976 0.17286777 0.29479107 0.1974814 

MOTIF STunmod1_l3_f_43
letter-probability matrix: alength= 4 w= 9 
 0.03158967 0.53634511 0.02173913 0.41032609
 0.25611413 0.05027174 0.53940217 0.15421196
 0.01902174 0.6705163  0.02038043 0.29008152
 6.79347826e-01 2.75135870e-01 3.39673913e-04 4.51766304e-02
 3.45448370e-01 5.43478261e-03 3.39673913e-04 6.48777174e-01
 1.93953804e-01 3.71603261e-01 3.39673913e-04 4.34103261e-01
 7.47282609e-03 8.72961957e-01 3.39673913e-04 1.19225543e-01
 0.59001359 0.09001359 0.31283967 0.00713315
 0.17730978 0.12771739 0.34816576 0.34680707

MOTIF STunmod1_l3_f_44
letter-probability matrix: alength= 4 w= 9 
 0.03133609 0.42183196 0.47210744 0.07472452
 3.44352617e-04 8.95316804e-03 9.51790634e-01 3.89118457e-02
 0.10227273 0.32024793 0.47073003 0.10674931
 0.00619835 0.94834711 0.04304408 0.00241047
 0.32954545 0.28546832 0.34710744 0.03787879
 3.44352617e-04 3.13360882e-02 3.44352617e-04 9.67975207e-01
 5.53030303e-01 3.13360882e-02 4.15289256e-01 3.44352617e-04
 7.83402204e-01 3.44352617e-04 2.12809917e-01 3.44352617e-03
 0.184573   0.25137741 0.25378788 0.31026171

MOTIF STunmod1_l3_f_45
letter-probability matrix: alength= 4 w= 9 
 0.23302264 0.22303595 0.2310253  0.31291611
 0.04993342 0.21671105 0.32356858 0.40978695
 1.13515313e-01 3.32889481e-04 3.32889481e-04 8.85818908e-01
 7.06724368e-01 3.32889481e-04 1.79427430e-01 1.13515313e-01
 4.51731025e-01 3.32889481e-04 5.47603196e-01 3.32889481e-04
 3.32889481e-04 3.32889481e-04 3.32889481e-04 9.99001332e-01
 6.86085220e-01 3.32889481e-04 3.13249001e-01 3.32889481e-04
 8.96804261e-01 3.32889481e-04 1.02529960e-01 3.32889481e-04
 0.28195739 0.16977364 0.32090546 0.22736352

MOTIF STunmod1_l3_f_46
letter-probability matrix: alength= 4 w= 9 
 0.4700988 0.0650026 0.4399376 0.024961 
 5.20020801e-04 2.49609984e-02 5.25221009e-01 4.49297972e-01
 5.20020801e-04 5.20020801e-04 3.32293292e-01 6.66666667e-01
 0.07956318 0.08840354 0.64898596 0.18304732
 0.28133125 0.00884035 0.10712428 0.60270411
 0.48309932 0.22620905 0.02080083 0.2698908 
 0.44825793 0.01716069 0.2698908  0.26469059
 0.26469059 0.08372335 0.35829433 0.29329173
 0.39573583 0.15392616 0.1924077  0.25793032

MOTIF STunmod1_l3_f_47
letter-probability matrix: alength= 4 w= 9 
 0.20120439 0.22954304 0.27594757 0.29330499
 0.28232377 0.10768686 0.30357775 0.30641162
 0.40311725 0.07722281 0.34573149 0.17392844
 0.2334396  0.13425434 0.54410202 0.08820404
 0.30464045 0.38363443 0.24619199 0.06553312
 3.54233085e-04 8.21820758e-01 1.75699610e-01 2.12539851e-03
 3.54233085e-04 9.96811902e-01 3.54233085e-04 2.47963160e-03
 3.54233085e-04 9.96811902e-01 2.47963160e-03 3.54233085e-04
 0.04002834 0.84484591 0.0503011  0.06482465

MOTIF STunmod1_l3_f_48
letter-probability matrix: alength= 4 w= 9 
 0.39902507 0.21901114 0.32764624 0.05431755
 0.24965181 0.17130919 0.41608635 0.16295265
 0.09505571 0.28655989 0.23850975 0.37987465
 3.48189415e-04 3.48189415e-04 3.48189415e-04 9.98955432e-01
 6.73398329e-01 3.48189415e-04 3.25905292e-01 3.48189415e-04
 6.32660167e-01 3.48189415e-04 3.66643454e-01 3.48189415e-04
 3.48189415e-04 3.48189415e-04 3.48189415e-04 9.98955432e-01
 7.53133705e-01 3.48189415e-04 2.46169916e-01 3.48189415e-04
 7.55222841e-01 3.48189415e-04 2.44080780e-01 3.48189415e-04

MOTIF STunmod1_l3_f_49
letter-probability matrix: alength= 4 w= 9 
 0.29993342 0.4810253  0.11817577 0.10086551
 0.93109188 0.03661784 0.02097204 0.01131824
 0.44840213 0.01731025 0.29527297 0.23901465
 0.58388815 0.04194407 0.00798935 0.36617843
 3.32889481e-04 4.66045273e-03 5.65246338e-01 4.29760320e-01
 3.32889481e-04 3.32889481e-04 3.59520639e-02 9.63382157e-01
 4.12782956e-02 3.32889481e-04 9.04127830e-01 5.42609854e-02
 0.21238349 0.2689747  0.32756325 0.19107856
 0.18641811 0.08422104 0.25832224 0.47103862

MOTIF STunmod1_l3_f_50
letter-probability matrix: alength= 4 w= 9 
 0.37621541 0.30777861 0.19596111 0.12004488
 9.58489155e-01 3.73971578e-04 4.07629020e-02 3.73971578e-04
 0.20905011 0.09573672 0.03627524 0.65893792
 0.11817502 0.20007479 0.65033657 0.03141361
 0.61293942 0.0736724  0.16604338 0.1473448 
 0.0605834  0.08750935 0.12154076 0.73036649
 3.73971578e-04 3.73971578e-04 6.90351533e-01 3.08900524e-01
 0.33395662 0.04375467 0.57741212 0.04487659
 0.46933433 0.23186238 0.26028422 0.03851907

MOTIF STunmod1_l3_f_51
letter-probability matrix: alength= 4 w= 9 
 0.06142423 0.13196085 0.51805602 0.28855889
 0.25345933 0.47148161 0.2163348  0.05872427
 1.77185285e-01 2.92608842e-01 5.29868377e-01 3.37495781e-04
 2.24097199e-01 1.36685791e-01 6.38879514e-01 3.37495781e-04
 0.34053324 0.33918326 0.04286196 0.27742153
 2.36247047e-03 9.96962538e-01 3.37495781e-04 3.37495781e-04
 3.91495106e-02 1.82585218e-01 3.37495781e-04 7.77927776e-01
 0.70570368 0.03948701 0.06446169 0.19034762
 0.69355383 0.03341208 0.16301046 0.11002362

MOTIF STunmod1_l3_f_52
letter-probability matrix: alength= 4 w= 9 
 0.51895735 0.33175355 0.08056872 0.06872038
 0.22748815 0.76777251 0.00236967 0.00236967
 0.98815166 0.007109   0.00236967 0.00236967
 0.10189573 0.12322275 0.77251185 0.00236967
 0.07345972 0.48104265 0.43838863 0.007109  
 0.00236967 0.49763033 0.49763033 0.00236967
 0.46682464 0.32938389 0.03317536 0.17061611
 0.03791469 0.14691943 0.50947867 0.3056872 
 0.2535545  0.00236967 0.18720379 0.55687204

MOTIF STunmod1_l3_f_53
letter-probability matrix: alength= 4 w= 9 
 0.61741242 0.16996185 0.11307666 0.09954908
 0.15365938 0.48248352 0.09954908 0.26430801
 0.83732223 0.10926119 0.02115852 0.03225806
 9.76760319e-01 1.31807145e-02 9.71210545e-03 3.46860909e-04
 0.76205342 0.01075269 0.08740895 0.13978495
 9.46930281e-02 3.46860909e-04 4.78321193e-01 4.26638918e-01
 2.60839403e-01 3.46860909e-04 3.56226153e-01 3.82587582e-01
 0.26396115 0.01352758 0.64585501 0.07665626
 0.23170309 0.05896635 0.64828304 0.06104752

MOTIF STunmod1_l3_f_54
letter-probability matrix: alength= 4 w= 9 
 0.47569907 0.24600533 0.11451398 0.16378162
 0.1804261  0.07223702 0.32256991 0.42476698
 4.06125166e-02 1.51797603e-01 3.32889481e-04 8.07256991e-01
 0.06391478 0.00399467 0.92909454 0.00299601
 9.15446072e-02 6.24167776e-01 3.32889481e-04 2.83954727e-01
 2.19707057e-02 3.35219707e-01 3.32889481e-04 6.42476698e-01
 0.00366178 0.0505992  0.67809587 0.26764314
 0.22869507 0.19174434 0.06291611 0.51664447
 0.67210386 0.06890812 0.05426099 0.20472703

MOTIF STunmod1_l3_f_55
letter-probability matrix: alength= 4 w= 9 
 0.02430093 0.22736352 0.64647137 0.10186418
 2.25366178e-01 3.76165113e-02 7.36684421e-01 3.32889481e-04
 3.32889481e-04 8.50865513e-01 1.48468708e-01 3.32889481e-04
 0.03695073 0.05858855 0.89713715 0.00732357
 0.01964048 0.10386152 0.5349534  0.34154461
 0.28462051 0.4430759  0.25699068 0.01531292
 0.14181092 0.07956059 0.52030626 0.25832224
 0.22636485 0.14780293 0.44673768 0.17909454
 0.42310253 0.24201065 0.22103862 0.1138482 

MOTIF STunmod1_l3_f_56
letter-probability matrix: alength= 4 w= 9 
 0.49733688 0.12450067 0.30359521 0.07456724
 7.45672437e-02 3.32889481e-04 5.44940080e-01 3.80159787e-01
 0.373502   0.00998668 0.1581225  0.45838881
 3.32889481e-04 3.32889481e-03 4.57057257e-01 5.39280959e-01
 1.51464714e-01 3.32889481e-04 2.71637816e-01 5.76564581e-01
 4.22436751e-01 3.32889481e-04 3.92809587e-01 1.84420772e-01
 8.72170439e-02 3.32889481e-04 4.67376831e-01 4.45073236e-01
 0.21005326 0.12283622 0.37117177 0.29593875
 0.32623169 0.03595206 0.58754993 0.05026631

MOTIF STunmod1_l3_f_57
letter-probability matrix: alength= 4 w= 9 
 0.1998624  0.15858273 0.39800482 0.24355005
 2.19470244e-01 3.43997248e-04 3.18541452e-01 4.61644307e-01
 7.59201926e-01 6.84554524e-02 1.71998624e-01 3.43997248e-04
 0.30787754 0.02063983 0.58135535 0.09012728
 1.25558996e-01 3.43997248e-04 2.75197798e-03 8.71345029e-01
 0.72652219 0.00997592 0.22325421 0.04024768
 5.19435845e-02 3.43997248e-04 3.43997248e-04 9.47368421e-01
 0.30959752 0.22050224 0.18266254 0.2872377 
 0.02373581 0.03061576 0.6377709  0.30787754

MOTIF STunmod1_l3_f_58
letter-probability matrix: alength= 4 w= 9 
 0.25366178 0.38348868 0.25399467 0.10885486
 0.93608522 0.00299601 0.03894807 0.02197071
 0.0412783  0.00299601 0.0822237  0.873502  
 0.03928096 0.02363515 0.91511318 0.02197071
 0.33921438 0.01664447 0.6011984  0.04294274
 0.02396804 0.21970706 0.41910786 0.33721704
 0.03728362 0.13415446 0.73002663 0.09853529
 0.1391478  0.23069241 0.54494008 0.08521971
 0.19007989 0.24700399 0.46571238 0.09720373

MOTIF STunmod1_l3_f_59
letter-probability matrix: alength= 4 w= 9 
 0.36990212 0.15334421 0.28058728 0.19616639
 0.2862969  0.26916803 0.14396411 0.30057096
 0.29608483 0.03792822 0.57748777 0.08849918
 4.07830343e-04 2.31239804e-01 4.07830343e-04 7.67944535e-01
 0.11174551 0.15986949 0.44208809 0.2862969 
 0.2271615  0.43800979 0.02936378 0.30546493
 9.98776509e-01 4.07830343e-04 4.07830343e-04 4.07830343e-04
 4.07830343e-04 4.07830343e-04 4.07830343e-04 9.98776509e-01
 4.07830343e-04 4.07830343e-04 9.98776509e-01 4.07830343e-04

MOTIF STunmod1_l3_f_60
letter-probability matrix: alength= 4 w= 9 
 0.56557923 0.16544607 0.19074567 0.07822903
 0.4810253  0.07456724 0.0063249  0.43808256
 3.32889481e-04 3.32889481e-04 5.12316911e-01 4.87017310e-01
 0.06458056 0.00499334 0.8482024  0.0822237 
 0.09221039 0.21904128 0.59520639 0.09354194
 0.06158455 0.16278296 0.76331558 0.01231691
 0.02163782 0.07756325 0.68075899 0.22003995
 0.1960719  0.27330226 0.48801598 0.04260985
 0.16478029 0.25266312 0.44340879 0.1391478 

MOTIF STunmod1_l3_f_61
letter-probability matrix: alength= 4 w= 9 
 0.25299601 0.18475366 0.20705726 0.35519308
 3.32889481e-04 9.98668442e-03 4.31424767e-01 5.58255659e-01
 0.47569907 0.26231691 0.0412783  0.22070573
 8.62183755e-01 1.37150466e-01 3.32889481e-04 3.32889481e-04
 1.86750999e-01 3.32889481e-04 7.08055925e-01 1.04860186e-01
 1.29826897e-01 2.31025300e-01 3.32889481e-04 6.38814913e-01
 0.58355526 0.05292943 0.30193076 0.06158455
 0.85785619 0.00998668 0.01198402 0.1201731 
 0.31557923 0.13648469 0.09221039 0.4557257 

MOTIF STunmod1_l3_f_62
letter-probability matrix: alength= 4 w= 9 
 0.29320862 0.2456283  0.38592924 0.07523383
 0.33916226 0.27978853 0.18625458 0.19479463
 0.42415616 0.13745425 0.22407483 0.21431476
 9.65433103e-01 6.10004067e-03 2.80601871e-02 4.06669378e-04
 8.80845872e-01 4.06669378e-04 4.06669378e-04 1.18340789e-01
 4.06669378e-04 4.06669378e-04 4.06669378e-04 9.98779992e-01
 4.06669378e-04 4.06669378e-04 9.48352989e-01 5.08336722e-02
 5.08336722e-02 4.06669378e-04 9.48352989e-01 4.06669378e-04
 0.24074827 0.24806832 0.49044327 0.02074014

MOTIF STunmod1_l3_f_63
letter-probability matrix: alength= 4 w= 9 
 0.37547893 0.13716475 0.3440613  0.14329502
 0.37394636 0.35555556 0.14099617 0.12950192
 0.65977011 0.07356322 0.26590038 0.00076628
 0.39923372 0.00076628 0.00076628 0.59923372
 0.00076628 0.00076628 0.59923372 0.39923372
 0.48888889 0.00076628 0.50957854 0.00076628
 0.2137931  0.00076628 0.29655172 0.48888889
 0.11187739 0.11724138 0.55708812 0.2137931 
 0.1256705  0.09961686 0.62528736 0.14942529

MOTIF STunmod1_l3_f_64
letter-probability matrix: alength= 4 w= 9 
 0.34039334 0.10438729 0.42170953 0.13350983
 0.03630862 0.04538578 0.81354009 0.10476551
 3.78214826e-04 2.43570348e-01 9.19062027e-02 6.64145234e-01
 0.05900151 0.01626324 0.84984871 0.07488654
 3.78214826e-04 3.24886536e-01 4.74659607e-01 2.00075643e-01
 0.2984115  0.3366112  0.36270802 0.00226929
 3.78214826e-04 6.53933434e-01 2.76096823e-02 3.18078669e-01
 0.00642965 0.72390318 0.19667171 0.07299546
 0.21331316 0.65090772 0.05597579 0.07980333

MOTIF STunmod1_l3_f_65
letter-probability matrix: alength= 4 w= 9 
 0.02673312 0.39691889 0.14227458 0.4340734 
 0.64295424 0.21024014 0.1082918  0.03851382
 9.90937925e-01 8.15586769e-03 4.53103761e-04 4.53103761e-04
 9.24331672e-02 4.53103761e-04 2.71862256e-03 9.04395106e-01
 8.77208881e-01 4.53103761e-04 7.38559130e-02 4.84821024e-02
 4.63072043e-01 4.53103761e-04 5.36021749e-01 4.53103761e-04
 3.77435433e-01 1.29587676e-01 4.92523788e-01 4.53103761e-04
 0.04485727 0.2886271  0.47122791 0.19528772
 0.18622565 0.50521069 0.16492977 0.14363389

MOTIF STunmod1_l3_f_66
letter-probability matrix: alength= 4 w= 9 
 0.14629259 0.47294589 0.15230461 0.22845691
 0.00200401 0.03006012 0.83767535 0.13026052
 0.00200401 0.68136273 0.02204409 0.29458918
 0.00200401 0.99398798 0.00200401 0.00200401
 0.95791583 0.01202405 0.02805611 0.00200401
 0.21643287 0.29058116 0.28456914 0.20841683
 0.13627255 0.44088176 0.42084168 0.00200401
 0.99398798 0.00200401 0.00200401 0.00200401
 0.00200401 0.00200401 0.00200401 0.99398798

MOTIF STunmod1_l3_f_67
letter-probability matrix: alength= 4 w= 9 
 0.04046763 0.05440647 0.05305755 0.85206835
 0.0368705  0.08048561 0.68884892 0.19379496
 0.17401079 0.01933453 0.59847122 0.20818345
 7.13579137e-01 4.22661871e-02 4.49640288e-04 2.43705036e-01
 0.08633094 0.14118705 0.24910072 0.52338129
 0.14388489 0.5881295  0.12859712 0.13938849
 0.10071942 0.58138489 0.10611511 0.21178058
 0.08543165 0.07778777 0.23201439 0.60476619
 0.31294964 0.49010791 0.08767986 0.10926259

MOTIF STunmod1_l3_f_68
letter-probability matrix: alength= 4 w= 9 
 0.37683089 0.18774967 0.29727031 0.13814913
 0.24766977 0.10952064 0.26464714 0.37816245
 3.32889481e-04 3.32889481e-04 3.32889481e-04 9.99001332e-01
 1.35818908e-01 3.32889481e-04 8.39547270e-01 2.43009321e-02
 0.00266312 0.21904128 0.51398136 0.26431425
 5.12649800e-02 3.32889481e-04 3.32889481e-04 9.48069241e-01
 7.09387483e-01 3.32889481e-04 2.39014647e-01 5.12649800e-02
 5.59587217e-01 3.32889481e-04 4.33422104e-01 6.65778961e-03
 0.38548602 0.11551265 0.14314248 0.35585885

MOTIF STunmod1_l3_f_69
letter-probability matrix: alength= 4 w= 9 
 0.24762575 0.16461484 0.20365811 0.3841013 
 0.29651776 0.18501583 0.25466057 0.26380584
 0.2891312  0.22405909 0.15617306 0.33063665
 0.03095322 0.04889202 0.02602884 0.89412592
 6.44037988e-01 3.51741119e-04 3.47168484e-01 8.44178684e-03
 0.7981006  0.00351741 0.18888498 0.00949701
 3.51741119e-04 3.51741119e-04 3.51741119e-04 9.98944777e-01
 9.98944777e-01 3.51741119e-04 3.51741119e-04 3.51741119e-04
 5.04748505e-01 3.51741119e-04 4.94548013e-01 3.51741119e-04

MOTIF STunmod1_l3_f_70
letter-probability matrix: alength= 4 w= 9 
 0.50721649 0.00206186 0.48865979 0.00206186
 0.07835052 0.00206186 0.85979381 0.05979381
 0.05979381 0.00206186 0.93608247 0.00206186
 0.87216495 0.00206186 0.06597938 0.05979381
 0.99381443 0.00206186 0.00206186 0.00206186
 0.00206186 0.00206186 0.00206186 0.99381443
 0.04742268 0.00206186 0.65154639 0.29896907
 0.44123711 0.37113402 0.09484536 0.09278351
 0.35876289 0.04123711 0.31340206 0.28659794

MOTIF STunmod1_l3_f_71
letter-probability matrix: alength= 4 w= 9 
 0.27896138 0.21138482 0.3385486  0.17110519
 0.0379494  0.1454727  0.66810919 0.14846871
 3.32889481e-04 5.35952064e-02 3.32889481e-04 9.45739015e-01
 0.59287617 0.14946738 0.23069241 0.02696405
 0.45938748 0.12283622 0.37683089 0.04094541
 3.32889481e-04 3.32889481e-04 3.32889481e-04 9.99001332e-01
 9.45073236e-01 3.32889481e-04 5.42609854e-02 3.32889481e-04
 7.73968043e-01 3.32889481e-04 2.25366178e-01 3.32889481e-04
 0.26231691 0.25832224 0.25532623 0.22403462

MOTIF STunmod1_l3_f_72
letter-probability matrix: alength= 4 w= 9 
 0.2003663  0.27655678 0.36410256 0.15897436
 8.24175824e-02 3.66300366e-04 4.47252747e-01 4.69963370e-01
 0.00549451 0.02747253 0.42234432 0.54468864
 2.09890110e-01 7.29670330e-01 3.66300366e-04 6.00732601e-02
 9.61904762e-01 3.66300366e-04 3.73626374e-02 3.66300366e-04
 5.04395604e-01 7.21611722e-02 3.66300366e-04 4.23076923e-01
 7.43956044e-01 3.66300366e-04 3.66300366e-04 2.55311355e-01
 0.66227106 0.01025641 0.32344322 0.0040293 
 0.16080586 0.00622711 0.51941392 0.31355311

MOTIF STunmod1_l3_f_73
letter-probability matrix: alength= 4 w= 9 
 0.17750084 0.15594476 0.57494106 0.09161334
 0.19804648 0.04277535 0.68507915 0.07409902
 0.26675648 0.31525766 0.05995285 0.35803301
 0.06096329 0.06567868 0.0515325  0.82182553
 0.47524419 0.18053217 0.19501516 0.14920849
 0.1569552  0.07982486 0.01111485 0.75210509
 8.08016167e-01 3.36813742e-04 2.52610307e-02 1.66385989e-01
 0.85517009 0.07140451 0.04311216 0.03031324
 0.20983496 0.13135736 0.01818794 0.64061974

MOTIF STunmod1_l3_f_74
letter-probability matrix: alength= 4 w= 9 
 0.30043639 0.3121853  0.16448473 0.22289359
 0.34911044 0.18227593 0.33937563 0.129238  
 9.98992951e-01 3.35683115e-04 3.35683115e-04 3.35683115e-04
 3.35683115e-04 3.35683115e-04 3.35683115e-04 9.98992951e-01
 3.35683115e-04 3.35683115e-04 9.98992951e-01 3.35683115e-04
 3.35683115e-04 3.35683115e-04 9.98992951e-01 3.35683115e-04
 2.51762336e-01 7.15676401e-01 3.22255791e-02 3.35683115e-04
 0.20711648 0.21886539 0.35683115 0.21718698
 0.19939577 0.27056059 0.26854649 0.26149715

MOTIF STunmod1_l3_f_75
letter-probability matrix: alength= 4 w= 9 
 3.44234079e-04 7.49397590e-01 7.40103270e-02 1.76247849e-01
 0.09810671 0.52633391 0.33562823 0.03993115
 3.44234079e-04 9.59036145e-01 3.44234079e-04 4.02753873e-02
 3.44234079e-04 9.57314974e-01 3.44234079e-04 4.19965577e-02
 1.99655766e-02 9.58691910e-01 3.44234079e-04 2.09982788e-02
 0.36006885 0.46678141 0.07814114 0.09500861
 0.47917384 0.1222031  0.16488812 0.23373494
 0.14939759 0.08984509 0.44027539 0.32048193
 0.19586919 0.20172117 0.46024096 0.14216867

MOTIF STunmod1_l3_f_76
letter-probability matrix: alength= 4 w= 9 
 0.87450067 0.04627164 0.04394141 0.03528628
 0.44740346 0.11750999 0.07789614 0.35719041
 0.21338216 0.12683089 0.47603196 0.18375499
 0.73302264 0.02097204 0.22802929 0.01797603
 2.66311585e-01 3.32889481e-04 3.32889481e-04 7.33022636e-01
 3.32889481e-04 3.32889481e-04 7.33022636e-01 2.66311585e-01
 0.04494008 0.15246338 0.58954727 0.21304927
 0.37316911 0.2120506  0.32423435 0.09054594
 0.39081225 0.08588549 0.34087883 0.18242344

MOTIF STunmod1_l3_f_77
letter-probability matrix: alength= 4 w= 9 
 0.60503195 0.05311502 0.20247604 0.139377  
 0.15854633 0.24760383 0.46365815 0.13019169
 0.19928115 0.53594249 0.25798722 0.00678914
