MEME version 5.3.0

ALPHABET= ACGT

strands: + -

Background letter frequencies
A 0.25 C 0.25 G 0.25 T 0.25

MOTIF STunmod1_l3_f_0
letter-probability matrix: alength= 4 w= 9 
 0.30882353 0.24411765 0.23088235 0.21617647
 0.33235294 0.23088235 0.275      0.16176471
 0.99558824 0.00147059 0.00147059 0.00147059
 0.00147059 0.00147059 0.00147059 0.99558824
 0.00147059 0.00147059 0.99558824 0.00147059
 0.78970588 0.00147059 0.20735294 0.00147059
 0.00147059 0.00147059 0.00147059 0.99558824
 0.00147059 0.00147059 0.99558824 0.00147059
 0.23088235 0.14558824 0.41911765 0.20441176

MOTIF STunmod1_l3_f_1
letter-probability matrix: alength= 4 w= 9 
 0.86179508 0.0802224  0.04527403 0.0127085 
 0.35345512 0.0420969  0.22001589 0.38443209
 0.5822081  0.06433678 0.299444   0.05401112
 8.45909452e-02 9.14614774e-01 3.97140588e-04 3.97140588e-04
 5.46465449e-01 3.97140588e-04 4.52740270e-01 3.97140588e-04
 9.71405878e-01 1.46942017e-02 3.97140588e-04 1.35027800e-02
 0.76846704 0.04845115 0.11358221 0.0694996 
 0.68546465 0.0675139  0.00873709 0.23828435
 2.97458300e-01 2.42255759e-02 3.97140588e-04 6.77918983e-01

MOTIF STunmod1_l3_f_2
letter-probability matrix: alength= 4 w= 9 
 0.38282078 0.37963945 0.12796041 0.10957936
 0.63662071 0.08589608 0.22375398 0.05372923
 0.69105691 0.10922587 0.15376458 0.04595263
 3.53481796e-04 3.39342524e-02 3.53481796e-04 9.65358784e-01
 0.14492754 0.03464122 0.62990456 0.19052669
 0.11594203 0.10957936 0.39271828 0.38176034
 8.93601979e-01 1.83810534e-02 8.76634853e-02 3.53481796e-04
 3.53481796e-04 9.54400848e-03 2.04312478e-01 7.85790032e-01
 0.05797101 0.03358077 0.85966773 0.04878049

MOTIF STunmod1_l3_f_3
letter-probability matrix: alength= 4 w= 9 
 0.22636485 0.27163782 0.19540613 0.30659121
 0.24134487 0.20206391 0.34753662 0.20905459
 3.32889481e-04 3.32889481e-04 3.32889481e-04 9.99001332e-01
 9.10785619e-01 3.32889481e-04 8.85486019e-02 3.32889481e-04
 3.06924101e-01 3.32889481e-04 6.92410120e-01 3.32889481e-04
 3.32889481e-04 3.32889481e-04 3.32889481e-04 9.99001332e-01
 7.45339547e-01 3.32889481e-04 2.53994674e-01 3.32889481e-04
 6.21837550e-01 3.32889481e-04 3.77496671e-01 3.32889481e-04
 0.34753662 0.2120506  0.24334221 0.19707057

MOTIF STunmod1_l3_f_4
letter-probability matrix: alength= 4 w= 9 
 0.7544368  0.09416878 0.13400942 0.01738501
 0.26584571 0.07135096 0.02607751 0.63672582
 0.16733068 0.01992032 0.789569   0.02318001
 0.39224919 0.02064469 0.56682361 0.02028251
 0.05795002 0.44657733 0.08547628 0.40999638
 0.01340094 0.36073886 0.50742485 0.11843535
 0.03042376 0.38029699 0.28033321 0.30894603
 0.21151757 0.64070989 0.1169866  0.03078595
 0.14161536 0.45056139 0.12495473 0.28286853

MOTIF STunmod1_l3_f_5
letter-probability matrix: alength= 4 w= 9 
 3.32889481e-04 3.32889481e-04 3.32889481e-04 9.99001332e-01
 7.45339547e-01 3.32889481e-04 2.53994674e-01 3.32889481e-04
 4.20439414e-01 3.32889481e-04 5.78894807e-01 3.32889481e-04
 3.32889481e-04 3.32889481e-04 3.32889481e-04 9.99001332e-01
 8.25565912e-01 3.32889481e-04 1.73768309e-01 3.32889481e-04
 5.40945406e-01 3.32889481e-04 4.58388815e-01 3.32889481e-04
 0.3005992  0.30026631 0.27962716 0.11950732
 0.22203728 0.23035952 0.29627164 0.25133156
 0.27996005 0.24500666 0.25565912 0.21937417

MOTIF STunmod1_l3_f_6
letter-probability matrix: alength= 4 w= 9 
 0.06506849 0.14212329 0.04666096 0.74614726
 0.27696918 0.00214041 0.45462329 0.26626712
 4.28082192e-04 2.58133562e-01 6.42123288e-03 7.35017123e-01
 5.18835616e-01 4.28082192e-04 9.33219178e-02 3.87414384e-01
 0.02440068 0.50513699 0.06549658 0.40496575
 0.07876712 0.09974315 0.07191781 0.74957192
 0.35017123 0.23672945 0.23458904 0.17851027
 0.19734589 0.02482877 0.45590753 0.32191781
 0.16395548 0.16010274 0.09674658 0.57919521

MOTIF STunmod1_l3_f_7
letter-probability matrix: alength= 4 w= 9 
 0.3050557  0.25621251 0.20994002 0.22879177
 0.2167952  0.30762639 0.05655527 0.41902314
 9.54584404e-01 8.56898029e-04 4.37017995e-02 8.56898029e-04
 0.71122536 0.0008569  0.20651243 0.08140531
 0.24764353 0.0445587  0.4781491  0.22964867
 9.97429306e-01 8.56898029e-04 8.56898029e-04 8.56898029e-04
 8.56898029e-04 8.56898029e-04 8.56898029e-04 9.97429306e-01
 8.56898029e-04 8.56898029e-04 9.97429306e-01 8.56898029e-04
 0.0008569  0.04627249 0.59554413 0.35732648

MOTIF STunmod1_l3_f_8
letter-probability matrix: alength= 4 w= 9 
 0.35236052 0.11759657 0.25321888 0.27682403
 5.67381974e-01 3.87553648e-01 4.46351931e-02 4.29184549e-04
 0.81287554 0.06051502 0.12017167 0.00643777
 9.92703863e-01 4.29184549e-04 6.43776824e-03 4.29184549e-04
 0.29270386 0.00686695 0.62274678 0.0776824 
 4.29184549e-04 1.41630901e-02 3.69098712e-01 6.16309013e-01
 0.58669528 0.13819742 0.09613734 0.17896996
 0.38583691 0.11545064 0.1583691  0.34034335
 7.42918455e-01 1.09442060e-01 4.29184549e-04 1.47210300e-01

MOTIF STunmod1_l3_f_9
letter-probability matrix: alength= 4 w= 9 
 0.15580866 0.24145786 0.12072893 0.48200456
 0.2501139  0.12072893 0.35261959 0.27653759
 0.33986333 0.32892938 0.18314351 0.14806378
 9.94533030e-01 4.55580866e-04 4.55580866e-03 4.55580866e-04
 7.28929385e-03 4.55580866e-04 1.13895216e-02 9.80865604e-01
 7.28929385e-03 4.55580866e-04 9.91799544e-01 4.55580866e-04
 0.26651481 0.03735763 0.20820046 0.48792711
 0.19362187 0.27289294 0.26150342 0.27198178
 0.36400911 0.12801822 0.43462415 0.07334852

MOTIF STunmod1_l3_f_10
letter-probability matrix: alength= 4 w= 9 
 0.15473251 0.41522634 0.18641975 0.2436214 
 0.41728395 0.37942387 0.11069959 0.09259259
 5.51028807e-01 1.65843621e-01 2.82716049e-01 4.11522634e-04
 7.69958848e-01 4.11522634e-04 4.11522634e-04 2.29218107e-01
 4.11522634e-04 4.11522634e-04 2.29218107e-01 7.69958848e-01
 2.26748971e-01 2.88065844e-03 7.69958848e-01 4.11522634e-04
 0.0308642  0.0037037  0.14691358 0.81851852
 0.2781893  0.00946502 0.64238683 0.06995885
 0.18806584 0.05884774 0.37695473 0.37613169

MOTIF STunmod1_l3_f_11
letter-probability matrix: alength= 4 w= 9 
 0.15491975 0.63363573 0.20481507 0.00662945
 8.58339149e-02 3.48918353e-04 9.13468248e-01 3.48918353e-04
 0.15387299 0.45638521 0.17515701 0.21458479
 3.80321005e-02 9.44870900e-01 1.67480809e-02 3.48918353e-04
 5.79902303e-01 3.48918353e-04 4.19399860e-01 3.48918353e-04
 1.67480809e-02 5.86880670e-01 3.48918353e-04 3.96022331e-01
 0.28262387 0.19330077 0.49092812 0.03314724
 0.68039079 0.04954641 0.1786462  0.09141661
 0.37997209 0.13712491 0.0837404  0.3991626 

MOTIF STunmod1_l3_f_12
letter-probability matrix: alength= 4 w= 9 
 0.39136442 0.13989637 0.22625216 0.24248705
 0.31571675 0.37029361 0.12020725 0.19378238
 9.34715026e-01 6.45941278e-02 3.45423143e-04 3.45423143e-04
 4.69084629e-01 3.45423143e-04 4.25215889e-01 1.05354059e-01
 4.43868739e-01 3.45423143e-04 1.64421416e-01 3.91364421e-01
 3.45423143e-04 3.45423143e-04 7.25388601e-03 9.92055268e-01
 3.45423143e-04 3.45423143e-04 2.24525043e-02 9.76856649e-01
 1.00863558e-01 3.45423143e-04 8.66321244e-01 3.24697755e-02
 0.39205527 0.04248705 0.47115717 0.09430052

MOTIF STunmod1_l3_f_13
letter-probability matrix: alength= 4 w= 9 
 0.76726343 0.00255754 0.22762148 0.00255754
 0.20971867 0.2685422  0.14066496 0.38107417
 0.13043478 0.36828645 0.32480818 0.17647059
 0.75191816 0.00255754 0.24296675 0.00255754
 0.04859335 0.17391304 0.03580563 0.74168798
 0.09462916 0.09974425 0.80306905 0.00255754
 0.8286445  0.00255754 0.16624041 0.00255754
 0.03836317 0.04347826 0.08951407 0.8286445 
 0.00255754 0.00255754 0.99232737 0.00255754

MOTIF STunmod1_l3_f_14
letter-probability matrix: alength= 4 w= 9 
 3.32889481e-04 1.10519308e-01 2.86284953e-02 8.60519308e-01
 0.11185087 0.12283622 0.25466045 0.51065246
 0.186751   0.10286285 0.08089214 0.62949401
 0.79660453 0.01531292 0.03062583 0.15745672
 0.15545939 0.03062583 0.03628495 0.77762983
 0.0729028  0.00332889 0.72836218 0.19540613
 0.2023968  0.16677763 0.27896138 0.35186418
 0.22902796 0.22170439 0.26964048 0.27962716
 0.31491345 0.31158455 0.11684421 0.25665779

MOTIF STunmod1_l3_f_16
letter-probability matrix: alength= 4 w= 9 
 0.34301332 0.16672361 0.37137    0.11889306
 0.18073112 0.22958661 0.4605398  0.12914247
 0.17184831 0.24086095 0.49914588 0.08814486
 3.41646737e-04 1.66723608e-01 6.77143833e-01 1.55790912e-01
 0.00307482 0.65015374 0.30645712 0.04031431
 3.41646737e-04 8.79740348e-01 1.19576358e-01 3.41646737e-04
 3.41646737e-04 9.90092245e-01 9.22446191e-03 3.41646737e-04
 0.02425692 0.85787496 0.08438674 0.03348138
 0.18312265 0.59070721 0.18107277 0.04509737

MOTIF STunmod1_l3_f_18
letter-probability matrix: alength= 4 w= 9 
 0.58419498 0.09194978 0.16469719 0.15915805
 0.0295421  0.21085672 0.07200886 0.68759232
 0.35856721 0.02917282 0.45088626 0.16137371
 3.69276219e-04 1.40694239e-01 1.62481536e-02 8.42688331e-01
 0.13700148 0.00997046 0.02695716 0.8260709 
 0.10118168 0.11890694 0.12629247 0.65361891
 5.40989660e-01 3.69276219e-04 1.22968981e-01 3.35672083e-01
 0.19423929 0.01661743 0.3042836  0.48485968
 0.34084195 0.0450517  0.45051699 0.16358936

MOTIF STunmod1_l3_f_19
letter-probability matrix: alength= 4 w= 9 
 0.44473512 0.23283192 0.12753434 0.19489863
 0.63178548 0.05101373 0.25179856 0.06540222
 8.82930020e-02 8.65925441e-01 6.54022237e-04 4.51275343e-02
 7.74362328e-01 2.24329627e-01 6.54022237e-04 6.54022237e-04
 9.98037933e-01 6.54022237e-04 6.54022237e-04 6.54022237e-04
 0.21582734 0.56899935 0.21451929 0.00065402
 0.40810988 0.0941792  0.4970569  0.00065402
 9.98037933e-01 6.54022237e-04 6.54022237e-04 6.54022237e-04
 1.33420536e-01 1.04643558e-02 6.54022237e-04 8.55461086e-01

MOTIF STunmod1_l3_f_20
letter-probability matrix: alength= 4 w= 9 
 0.00609101 0.10605518 0.18344679 0.70440702
 0.01254031 0.05051953 0.13471874 0.80222143
 0.14905052 0.13328556 0.10713006 0.61053386
 5.60372626e-01 3.58294518e-04 2.15693300e-01 2.23575779e-01
 0.43389466 0.1501254  0.01039054 0.40558939
 0.35435328 0.02508062 0.04084558 0.57972053
 0.36653529 0.02221426 0.42386241 0.18738803
 0.12540308 0.24471516 0.04944464 0.58043712
 0.15120029 0.13865998 0.53636689 0.17377284

MOTIF STunmod1_l3_f_21
letter-probability matrix: alength= 4 w= 9 
 0.17609854 0.27796272 0.436751   0.10918775
 0.30193076 0.4494008  0.19873502 0.04993342
 0.01231691 0.83422104 0.0758988  0.07756325
 0.03129161 0.64147803 0.27596538 0.05126498
 0.00665779 0.65778961 0.20838881 0.12716378
 0.11284953 0.73768309 0.12716378 0.0223036 
 0.08655126 0.20938748 0.63415446 0.06990679
 0.00299601 0.07157124 0.91478029 0.01065246
 0.03262317 0.06924101 0.87183755 0.02629827

MOTIF STunmod1_l3_f_22
letter-probability matrix: alength= 4 w= 9 
 0.3262637  0.28667374 0.1534111  0.23365147
 0.3184871  0.25910216 0.23647932 0.18593142
 0.04489219 0.29197596 0.22481442 0.43831743
 3.53481796e-04 3.53481796e-04 9.61470484e-02 9.03145988e-01
 0.3262637  0.18981972 0.4524567  0.03145988
 3.53481796e-04 3.53481796e-04 3.53481796e-04 9.98939555e-01
 9.98939555e-01 3.53481796e-04 3.53481796e-04 3.53481796e-04
 9.67126193e-01 3.53481796e-04 3.21668434e-02 3.53481796e-04
 0.47295864 0.01060445 0.45457759 0.06185931

MOTIF STunmod1_l3_f_23
letter-probability matrix: alength= 4 w= 9 
 0.29094541 0.24866844 0.18408788 0.27629827
 0.24167776 0.17942743 0.45972037 0.11917443
 3.32889481e-04 3.32889481e-04 3.32889481e-04 9.99001332e-01
 8.86817577e-01 3.32889481e-04 1.12516644e-01 3.32889481e-04
 4.97336884e-01 3.32889481e-04 5.01997337e-01 3.32889481e-04
 3.32889481e-04 3.32889481e-04 3.32889481e-04 9.99001332e-01
 7.30026631e-01 3.32889481e-04 2.69307590e-01 3.32889481e-04
 7.33355526e-01 3.32889481e-04 2.65978695e-01 3.32889481e-04
 0.39414115 0.12683089 0.25932091 0.21970706

MOTIF STunmod1_l3_f_24
letter-probability matrix: alength= 4 w= 9 
 0.23684211 0.17982456 0.37244152 0.21089181
 0.24853801 0.44115497 0.15131579 0.15899123
 0.17982456 0.23282164 0.53947368 0.04788012
 0.01937135 0.69700292 0.03435673 0.24926901
 7.93128655e-02 6.67397661e-01 2.52923977e-01 3.65497076e-04
 7.74853801e-02 5.98684211e-01 3.23464912e-01 3.65497076e-04
 0.00219298 0.86805556 0.05226608 0.07748538
 3.25292398e-02 6.42909357e-01 3.24195906e-01 3.65497076e-04
 0.10489766 0.24817251 0.60709064 0.03983918

MOTIF STunmod1_l3_f_25
letter-probability matrix: alength= 4 w= 9 
 0.26583159 0.15901183 0.44084899 0.13430759
 0.30480167 0.26791928 0.17327766 0.25400139
 0.44363257 0.28740431 0.16527488 0.10368824
 9.98956159e-01 3.47947112e-04 3.47947112e-04 3.47947112e-04
 3.47947112e-04 3.47947112e-04 3.47947112e-04 9.98956159e-01
 3.47947112e-04 3.47947112e-04 9.98956159e-01 3.47947112e-04
 1.89979123e-01 3.47947112e-04 7.48086291e-01 6.15866388e-02
 0.2769659  0.41927627 0.06819763 0.23556019
 0.12143354 0.03583855 0.45163535 0.39109255

MOTIF STunmod1_l3_f_26
letter-probability matrix: alength= 4 w= 9 
 0.22303595 0.10619174 0.49134487 0.17942743
 1.16511318e-01 3.32889481e-04 6.29161119e-02 8.20239680e-01
 8.10918775e-01 4.29427430e-02 1.45805593e-01 3.32889481e-04
 3.32889481e-04 3.32889481e-04 9.99001332e-01 3.32889481e-04
 3.32889481e-04 1.13182423e-02 9.59387483e-01 2.89613848e-02
 3.32889481e-04 4.99334221e-03 7.44673768e-01 2.50000000e-01
 0.13581891 0.49134487 0.3229028  0.04993342
 0.26065246 0.22603196 0.23901465 0.27430093
 0.22969374 0.33089214 0.17776298 0.26165113

MOTIF STunmod1_l3_f_27
letter-probability matrix: alength= 4 w= 9 
 0.01162791 0.01162791 0.70930233 0.26744186
 0.01162791 0.01162791 0.01162791 0.96511628
 0.38372093 0.01162791 0.59302326 0.01162791
 0.25581395 0.01162791 0.01162791 0.72093023
 0.96511628 0.01162791 0.01162791 0.01162791
 0.01162791 0.01162791 0.01162791 0.96511628
 0.23255814 0.20930233 0.46511628 0.09302326
 0.01162791 0.01162791 0.20930233 0.76744186
 0.52325581 0.09302326 0.01162791 0.37209302

MOTIF STunmod1_l3_f_28
letter-probability matrix: alength= 4 w= 9 
 0.50266312 0.17842876 0.18874834 0.13015979
 0.34620506 0.04227696 0.51697736 0.09454061
 0.07623169 0.01165113 0.23801598 0.6741012 
 0.01464714 0.02729694 0.07623169 0.88182423
 0.26398136 0.49467377 0.00865513 0.23268975
 2.69640479e-02 6.65778961e-03 3.32889481e-04 9.66045273e-01
 9.59054594e-01 3.32889481e-04 1.36484687e-02 2.69640479e-02
 8.03595206e-01 3.32889481e-04 1.33155792e-01 6.29161119e-02
 0.21537949 0.15712383 0.36351531 0.26398136

MOTIF STunmod1_l3_f_29
letter-probability matrix: alength= 4 w= 9 
 0.59387483 0.060253   0.3069241  0.03894807
 0.1741012  0.18109188 0.12782956 0.51697736
 0.49267643 0.00499334 0.4557257  0.04660453
 0.47170439 0.00898802 0.23635153 0.28295606
 0.50832224 0.04627164 0.0729028  0.37250333
 5.49267643e-02 8.10252996e-01 3.32889481e-04 1.34487350e-01
 0.813249   0.14447403 0.02430093 0.01797603
 0.81491345 0.10386152 0.01830892 0.06291611
 0.8258988  0.01231691 0.04227696 0.11950732

MOTIF STunmod1_l3_f_30
letter-probability matrix: alength= 4 w= 9 
 0.00499334 0.04593875 0.00266312 0.94640479
 0.44540613 0.00965379 0.44440746 0.10053262
 0.62949401 0.12450067 0.10386152 0.14214381
 0.89314248 0.0159787  0.04860186 0.04227696
 0.11917443 0.01231691 0.04227696 0.82623169
 0.02363515 0.51065246 0.14214381 0.32356858
 0.20938748 0.1108522  0.25299601 0.42676431
 0.32756325 0.25699068 0.3418775  0.07356858
 0.47902796 0.13715047 0.15778961 0.22603196

MOTIF STunmod1_l3_f_31
letter-probability matrix: alength= 4 w= 9 
 0.32822903 0.25099867 0.08089214 0.33988016
 0.46238349 0.13482024 0.10785619 0.29494008
 0.11151798 0.06724368 0.59753662 0.22370173
 0.00499334 0.04527297 0.01498003 0.93475366
 5.36950732e-01 1.22503329e-01 3.40213049e-01 3.32889481e-04
 5.07989348e-01 3.32889481e-04 3.69174434e-01 1.22503329e-01
 5.79227696e-01 7.98934754e-03 3.32889481e-04 4.12450067e-01
 0.37949401 0.52729694 0.00199734 0.09121172
 0.52063915 0.31924101 0.01631158 0.14380826

MOTIF STunmod1_l3_f_32
letter-probability matrix: alength= 4 w= 9 
 0.67010652 0.06557923 0.13348868 0.13082557
 0.55659121 0.01764314 0.13581891 0.28994674
 0.04860186 0.01065246 0.00399467 0.936751  
 1.46471372e-02 3.32889481e-04 8.52197071e-02 8.99800266e-01
 3.62849534e-02 3.32889481e-04 7.01731025e-01 2.61651132e-01
 0.00532623 0.04327563 0.20505992 0.74633822
 0.20206391 0.17543276 0.02796272 0.59454061
 0.09154461 0.40878828 0.03262317 0.46704394
 0.38249001 0.13049268 0.13182423 0.35519308

MOTIF STunmod1_l3_f_33
letter-probability matrix: alength= 4 w= 9 
 0.23458647 0.12180451 0.53834586 0.10526316
 0.00150376 0.03609023 0.4        0.56240602
 0.01954887 0.00150376 0.0887218  0.89022556
 0.13533835 0.04360902 0.67218045 0.14887218
 0.26766917 0.24360902 0.01954887 0.46917293
 0.85714286 0.00150376 0.00150376 0.13984962
 0.00150376 0.00150376 0.13984962 0.85714286
 0.00150376 0.13984962 0.85714286 0.00150376
 0.45714286 0.22105263 0.08270677 0.23909774

MOTIF STunmod1_l3_f_34
letter-probability matrix: alength= 4 w= 9 
 0.36761993 0.36946494 0.14575646 0.11715867
 0.53597786 0.23154982 0.07887454 0.15359779
 0.2001845  0.21817343 0.49446494 0.08717712
 4.61254613e-04 8.67619926e-01 4.61254613e-04 1.31457565e-01
 0.01060886 0.80950185 0.16651292 0.01337638
 0.0853321  0.62776753 0.19142066 0.0954797 
 0.65774908 0.27260148 0.02075646 0.04889299
 0.01937269 0.17666052 0.08394834 0.72001845
 0.0152214  0.0447417  0.92158672 0.01845018

MOTIF STunmod1_l3_f_35
letter-probability matrix: alength= 4 w= 9 
 8.24596774e-01 1.61290323e-02 1.58938172e-01 3.36021505e-04
 0.23924731 0.22983871 0.15490591 0.37600806
 0.2671371  0.16901882 0.44052419 0.12331989
 9.98991935e-01 3.36021505e-04 3.36021505e-04 3.36021505e-04
 3.36021505e-04 3.36021505e-04 3.36021505e-04 9.98991935e-01
 3.36021505e-04 3.36021505e-04 9.98991935e-01 3.36021505e-04
 0.04805108 0.32056452 0.05141129 0.57997312
 0.27721774 0.21942204 0.45766129 0.04569892
 0.17573925 0.3797043  0.18111559 0.26344086

MOTIF STunmod1_l3_f_36
letter-probability matrix: alength= 4 w= 9 
 0.3777403  0.28667791 0.17369309 0.1618887 
 9.01349073e-01 8.43170320e-04 8.43170320e-04 9.69645868e-02
 8.43170320e-04 8.43170320e-04 9.69645868e-02 9.01349073e-01
 4.30016863e-02 1.85497470e-02 9.37605396e-01 8.43170320e-04
 0.55059022 0.4005059  0.00084317 0.04806071
 0.12900506 0.15598651 0.03035413 0.6846543 
 0.05480607 0.15598651 0.66020236 0.12900506
 0.17959528 0.15598651 0.49325464 0.17116358
 0.33052277 0.24030354 0.30185497 0.12731872

MOTIF STunmod1_l3_f_37
letter-probability matrix: alength= 4 w= 9 
 0.51665279 0.18859284 0.19150708 0.10324729
 0.35678601 0.01332223 0.53330558 0.09658618
 4.16319734e-04 1.99833472e-02 2.54787677e-01 7.24812656e-01
 0.02664446 0.11781848 0.30099917 0.55453789
 0.14238135 0.15320566 0.29517069 0.4092423 
 0.40674438 0.08617818 0.12822648 0.37885096
 5.48709409e-01 7.11906744e-02 4.16319734e-04 3.79683597e-01
 0.03830142 0.03330558 0.3796836  0.54870941
 0.04163197 0.18526228 0.6540383  0.11906744

MOTIF STunmod1_l3_f_38
letter-probability matrix: alength= 4 w= 9 
 0.30075503 0.63548658 0.05830537 0.00545302
 4.19463087e-04 4.19463087e-04 6.98406040e-01 3.00755034e-01
 4.19463087e-04 5.45302013e-03 9.89093960e-01 5.03355705e-03
 0.01761745 0.3829698  0.4647651  0.13464765
 9.33724832e-01 4.27852349e-02 2.30704698e-02 4.19463087e-04
 0.1216443  0.54278523 0.24916107 0.0864094 
 0.30536913 0.25922819 0.26719799 0.1682047 
 0.18246644 0.50713087 0.11954698 0.1908557 
 0.25251678 0.35192953 0.17785235 0.21770134

MOTIF STunmod1_l3_f_39
letter-probability matrix: alength= 4 w= 9 
 0.48368842 0.08355526 0.4270972  0.00565912
 3.32889481e-04 5.99201065e-03 8.65512650e-03 9.85019973e-01
 6.91411451e-01 1.86418109e-02 2.89613848e-01 3.32889481e-04
 5.49600533e-01 2.09720373e-02 4.29094541e-01 3.32889481e-04
 3.32889481e-04 7.98934754e-03 1.99733688e-03 9.89680426e-01
 7.03395473e-01 9.65379494e-03 2.86617843e-01 3.32889481e-04
 6.63781625e-01 9.65379494e-03 3.26231691e-01 3.32889481e-04
 0.26165113 0.1171771  0.32423435 0.29693742
 0.31391478 0.17177097 0.33422104 0.18009321

MOTIF STunmod1_l3_f_40
letter-probability matrix: alength= 4 w= 9 
 0.5623793  0.10583237 0.17651603 0.15527231
 0.03205871 0.06411742 0.68559289 0.21823098
 0.0023175  0.40672074 0.05909618 0.53186559
 0.0390112  0.69177289 0.2425647  0.02665122
 0.05021244 0.75511781 0.04325995 0.15140981
 1.93124759e-02 9.79915025e-01 3.86249517e-04 3.86249517e-04
 0.01429123 0.57203553 0.29123214 0.1224411 
 0.03051371 0.27037466 0.61259173 0.08651989
 0.17921978 0.4383932  0.36423329 0.01815373

MOTIF STunmod1_l3_f_41
letter-probability matrix: alength= 4 w= 9 
 0.38304094 0.19298246 0.25730994 0.16666667
 0.99122807 0.00292398 0.00292398 0.00292398
 0.24561404 0.26608187 0.37134503 0.11695906
 0.00292398 0.09356725 0.00292398 0.9005848 
 0.00292398 0.09356725 0.9005848  0.00292398
 0.00292398 0.09356725 0.77777778 0.12573099
 0.12573099 0.00292398 0.00292398 0.86842105
 0.04678363 0.02923977 0.79824561 0.12573099
 0.00292398 0.00292398 0.51754386 0.47660819

MOTIF STunmod1_l3_f_42
letter-probability matrix: alength= 4 w= 9 
 3.32889481e-04 3.32889481e-04 3.32889481e-04 9.99001332e-01
 7.30359521e-01 3.32889481e-04 2.68974700e-01 3.32889481e-04
 5.07989348e-01 3.32889481e-04 4.91344874e-01 3.32889481e-04
 3.32889481e-04 3.32889481e-04 3.32889481e-04 9.99001332e-01
 8.17909454e-01 3.32889481e-04 1.81424767e-01 3.32889481e-04
 3.97802929e-01 3.32889481e-04 6.01531292e-01 3.32889481e-04
 0.32789614 0.24267643 0.27430093 0.1551265 
 0.26065246 0.24500666 0.25599201 0.23834887
 0.29860186 0.22503329 0.24101198 0.23535286

MOTIF STunmod1_l3_f_43
letter-probability matrix: alength= 4 w= 9 
 0.90165531 0.04186952 0.02142162 0.03505355
 0.73904576 0.01557936 0.02726388 0.218111  
 0.00097371 0.4654333  0.14216164 0.39143135
 0.17916261 0.37682571 0.02142162 0.42259007
 0.08373905 0.0097371  0.33592989 0.57059396
 0.65530672 0.22492697 0.00097371 0.1187926 
 0.25998053 0.00097371 0.01071081 0.72833496
 0.14605648 0.03700097 0.42648491 0.39045764
 0.13924051 0.24537488 0.50438169 0.11100292

MOTIF STunmod1_l3_f_44
letter-probability matrix: alength= 4 w= 9 
 0.16577896 0.24034621 0.3798269  0.21404794
 3.32889481e-04 3.32889481e-04 3.32889481e-04 9.99001332e-01
 8.44207723e-01 3.32889481e-04 1.55126498e-01 3.32889481e-04
 4.10119840e-01 3.32889481e-04 5.89214381e-01 3.32889481e-04
 3.32889481e-04 3.32889481e-04 3.32889481e-04 9.99001332e-01
 8.26231691e-01 3.32889481e-04 1.73102530e-01 3.32889481e-04
 6.27496671e-01 3.32889481e-04 3.71837550e-01 3.32889481e-04
 0.3924767  0.17809587 0.31691079 0.11251664
 0.25332889 0.21704394 0.23135819 0.29826897

MOTIF STunmod1_l3_f_45
letter-probability matrix: alength= 4 w= 9 
 0.31453362 0.22053507 0.31561822 0.14931309
 0.19920463 0.25488069 0.26355748 0.28235719
 0.11713666 0.2736804  0.40419378 0.20498915
 3.61532899e-04 3.61532899e-04 3.61532899e-04 9.98915401e-01
 7.49819234e-01 3.61532899e-04 2.49457701e-01 3.61532899e-04
 4.65292842e-01 3.61532899e-04 5.33984093e-01 3.61532899e-04
 3.61532899e-04 3.61532899e-04 3.61532899e-04 9.98915401e-01
 9.17570499e-01 3.61532899e-04 8.17064353e-02 3.61532899e-04
 6.39190166e-01 3.61532899e-04 3.60086768e-01 3.61532899e-04

MOTIF STunmod1_l3_f_46
letter-probability matrix: alength= 4 w= 9 
 0.18853821 0.23006645 0.41320598 0.16818937
 0.36461794 0.58222591 0.00872093 0.04443522
 0.82682724 0.05357143 0.09634551 0.02325581
 4.15282392e-04 4.15282392e-04 9.50166113e-01 4.90033223e-02
 1.28737542e-02 2.39617940e-01 4.15282392e-04 7.47093023e-01
 0.05066445 0.05066445 0.85714286 0.04152824
 0.035299   0.40282392 0.21013289 0.35174419
 0.67857143 0.08513289 0.06436877 0.17192691
 0.04318937 0.03820598 0.03986711 0.87873754

MOTIF STunmod1_l3_f_47
letter-probability matrix: alength= 4 w= 9 
 0.37849534 0.34520639 0.20772304 0.06857523
 6.49134487e-01 9.95339547e-02 2.50998668e-01 3.32889481e-04
 2.06391478e-02 1.49800266e-02 9.64047936e-01 3.32889481e-04
 3.32889481e-04 3.32889481e-04 9.99001332e-01 3.32889481e-04
 7.32356858e-03 3.32889481e-04 9.92010652e-01 3.32889481e-04
 3.32889481e-04 2.09720373e-01 7.38681758e-01 5.12649800e-02
 4.41411451e-01 1.24500666e-01 4.33754993e-01 3.32889481e-04
 0.13015979 0.30193076 0.55592543 0.01198402
 0.15845539 0.2563249  0.51065246 0.07456724

MOTIF STunmod1_l3_f_48
letter-probability matrix: alength= 4 w= 9 
 0.03892216 0.1991018  0.07185629 0.69011976
 0.3008982  0.16167665 0.26197605 0.2754491 
 0.6257485  0.26197605 0.07035928 0.04191617
 0.88173653 0.07335329 0.01796407 0.02694611
 0.91467066 0.04041916 0.02844311 0.01646707
 0.82035928 0.00149701 0.17664671 0.00149701
 0.00149701 0.00149701 0.00149701 0.99550898
 0.00149701 0.00149701 0.9760479  0.02095808
 0.00149701 0.02245509 0.66317365 0.31287425

MOTIF STunmod1_l3_f_49
letter-probability matrix: alength= 4 w= 9 
 0.25665779 0.07656458 0.31524634 0.35153129
 0.09287617 0.04460719 0.0159787  0.84653795
 3.99467377e-02 3.32889481e-04 9.38748336e-02 8.65845539e-01
 1.99733688e-03 3.32889481e-04 3.32889481e-04 9.97336884e-01
 0.14081225 0.0349534  0.30592543 0.51830892
 0.09154461 0.19207723 0.08255659 0.63382157
 0.15845539 0.17043941 0.07723036 0.59387483
 0.20905459 0.34687084 0.04960053 0.39447403
 0.09587217 0.25699068 0.16411451 0.48302264

MOTIF STunmod1_l3_f_50
letter-probability matrix: alength= 4 w= 9 
 0.11950732 0.48668442 0.35719041 0.03661784
 4.96338216e-01 3.32889481e-04 5.02996005e-01 3.32889481e-04
 0.18375499 0.36185087 0.34553928 0.10885486
 0.1075233  0.26165113 0.51098535 0.11984021
 0.59520639 0.17010652 0.21404794 0.02063915
 0.02063915 0.24900133 0.10219707 0.62816245
 8.38881491e-02 2.82956059e-02 8.87483356e-01 3.32889481e-04
 0.01065246 0.00399467 0.76964048 0.21571238
 0.25865513 0.34320905 0.23002663 0.16810919

MOTIF STunmod1_l3_f_51
letter-probability matrix: alength= 4 w= 9 
 0.11393351 0.2484124  0.29548001 0.34217408
 0.11094509 0.00821815 0.86925663 0.01158013
 3.73552484e-04 1.53156518e-02 8.31154277e-01 1.53156518e-01
 0.07358984 0.18976466 0.67986552 0.05677998
 3.73552484e-04 3.73552484e-04 3.73552484e-04 9.98879343e-01
 9.19686216e-01 3.73552484e-04 7.95666791e-02 3.73552484e-04
 3.19387374e-01 3.73552484e-04 6.79865521e-01 3.73552484e-04
 0.14456481 0.23459096 0.4654464  0.15539783
 0.21516623 0.3003362  0.24318267 0.2413149 

MOTIF STunmod1_l3_f_52
letter-probability matrix: alength= 4 w= 9 
 0.38282337 0.12656467 0.34109875 0.14951321
 3.47705146e-04 2.44784423e-01 3.47705146e-04 7.54520167e-01
 6.39777469e-02 3.47705146e-04 7.42698192e-01 1.92976356e-01
 3.47705146e-04 1.12656467e-01 3.47705146e-04 8.86648122e-01
 0.40785814 0.00417246 0.24095967 0.34700974
 0.12273992 0.50625869 0.25486787 0.11613352
 8.48400556e-01 3.47705146e-04 1.42559110e-01 8.69262865e-03
 0.2430459  0.15716273 0.17176634 0.42802503
 0.22878999 0.15229485 0.5678025  0.05111266

MOTIF STunmod1_l3_f_53
letter-probability matrix: alength= 4 w= 9 
 0.02380952 0.33234127 0.00347222 0.64037698
 0.02281746 0.03571429 0.77480159 0.16666667
 0.17361111 0.00843254 0.76934524 0.04861111
 9.94047619e-01 1.98412698e-03 4.96031746e-04 3.47222222e-03
 0.1359127  0.01438492 0.29662698 0.5530754 
 1.47817460e-01 7.31150794e-01 4.96031746e-04 1.20535714e-01
 0.14434524 0.46974206 0.16666667 0.21924603
 0.0297619  0.03720238 0.13244048 0.80059524
 0.65724206 0.1547619  0.09474206 0.09325397

MOTIF STunmod1_l3_f_54
letter-probability matrix: alength= 4 w= 9 
 0.11304348 0.03478261 0.34782609 0.50434783
 0.26086957 0.07826087 0.3826087  0.27826087
 0.00434783 0.00434783 0.00434783 0.98695652
 0.98695652 0.00434783 0.00434783 0.00434783
 0.00434783 0.00434783 0.98695652 0.00434783
 0.04782609 0.71304348 0.21304348 0.02608696
 0.00434783 0.72608696 0.03913043 0.23043478
 0.04782609 0.03478261 0.00434783 0.91304348
 0.00434783 0.7826087  0.00434783 0.20869565

MOTIF STunmod1_l3_f_55
letter-probability matrix: alength= 4 w= 9 
 0.26804124 0.10771418 0.56594383 0.05830075
 0.12939922 0.04514753 0.48169214 0.34376111
 0.60327053 0.31745467 0.00710985 0.07216495
 3.55492357e-04 3.55492357e-04 3.06789904e-01 6.92499111e-01
 0.04514753 0.09811589 0.64841806 0.20831852
 1.85567010e-01 5.88339851e-01 3.55492357e-04 2.25737647e-01
 0.42232492 0.17241379 0.12122289 0.28403839
 0.45609669 0.15783861 0.32065411 0.06541059
 0.49484536 0.0838962  0.32989691 0.09136154

MOTIF STunmod1_l3_f_56
letter-probability matrix: alength= 4 w= 9 
 0.30685921 0.22743682 0.24187726 0.22382671
 0.31227437 0.22563177 0.25270758 0.20938628
 0.99458484 0.00180505 0.00180505 0.00180505
 0.00180505 0.00180505 0.00180505 0.99458484
 0.00180505 0.00180505 0.99458484 0.00180505
 0.99458484 0.00180505 0.00180505 0.00180505
 0.00180505 0.00180505 0.00180505 0.99458484
 0.00180505 0.00180505 0.99458484 0.00180505
 0.28880866 0.19855596 0.3032491  0.20938628

MOTIF STunmod1_l3_f_57
letter-probability matrix: alength= 4 w= 9 
 0.41935484 0.03225806 0.51612903 0.03225806
 0.03225806 0.41935484 0.51612903 0.03225806
 0.03225806 0.90322581 0.03225806 0.03225806
 0.90322581 0.03225806 0.03225806 0.03225806
 0.03225806 0.90322581 0.03225806 0.03225806
 0.03225806 0.90322581 0.03225806 0.03225806
 0.90322581 0.03225806 0.03225806 0.03225806
 0.03225806 0.90322581 0.03225806 0.03225806
 0.03225806 0.03225806 0.90322581 0.03225806

MOTIF STunmod1_l3_f_58
letter-probability matrix: alength= 4 w= 9 
 0.7544757  0.04420899 0.17720132 0.02411399
 0.01351845 0.00548045 0.03288272 0.94811838
 2.05334308e-01 1.03763244e-01 6.90537084e-01 3.65363537e-04
 5.10047497e-01 3.87285349e-02 4.50858604e-01 3.65363537e-04
 0.0891487  0.25867738 0.61454147 0.03763244
 0.00657654 0.03032517 0.71501644 0.24808184
 0.21958349 0.34746072 0.3697479  0.06320789
 0.04165144 0.69126781 0.17573986 0.09134088
 0.08439898 0.29886737 0.50639386 0.11033979

MOTIF STunmod1_l3_f_59
letter-probability matrix: alength= 4 w= 9 
 0.60903269 0.05830806 0.27536232 0.05729693
 0.41456016 0.01988541 0.15099427 0.41456016
 7.19582069e-01 9.43714189e-03 2.70643748e-01 3.37040782e-04
 0.43377149 0.09234917 0.46814965 0.00572969
 0.00438153 0.1479609  0.44118638 0.40647118
 0.16683519 0.39973037 0.1371756  0.29625885
 0.14964611 0.00572969 0.37074486 0.47387934
 6.74081564e-02 3.37040782e-04 6.03303000e-02 8.71924503e-01
 0.74014156 0.02662622 0.06471183 0.16852039

MOTIF STunmod1_l3_f_60
letter-probability matrix: alength= 4 w= 9 
 0.17367459 0.23400366 0.31444241 0.27787934
 0.23583181 0.03656307 0.45886654 0.26873857
 0.60146252 0.00182815 0.20292505 0.19378428
 0.54113346 0.00182815 0.45521024 0.00182815
 0.00182815 0.00182815 0.45521024 0.54113346
 0.45521024 0.00182815 0.54113346 0.00182815
 0.95612431 0.00182815 0.00182815 0.04021938
 0.00182815 0.00182815 0.00182815 0.99451554
 0.06398537 0.32906764 0.54844607 0.05850091

MOTIF STunmod1_l3_f_61
letter-probability matrix: alength= 4 w= 9 
 0.03100304 0.30455927 0.1768997  0.48753799
 0.31550152 0.55440729 0.0006079  0.12948328
 0.57021277 0.0006079  0.42857143 0.0006079 
 1.56231003e-01 7.01519757e-01 6.07902736e-04 1.41641337e-01
 0.06200608 0.71489362 0.03708207 0.18601824
 9.98176292e-01 6.07902736e-04 6.07902736e-04 6.07902736e-04
 2.67477204e-02 3.34346505e-02 6.07902736e-04 9.39209726e-01
 0.28571429 0.69908815 0.01337386 0.00182371
 0.44012158 0.17629179 0.12279635 0.26079027

MOTIF STunmod1_l3_f_62
letter-probability matrix: alength= 4 w= 9 
 0.22302158 0.27158273 0.18345324 0.32194245
 0.45863309 0.06055156 0.18285372 0.29796163
 0.46822542 0.09172662 0.10971223 0.33033573
 0.23920863 0.09772182 0.42446043 0.23860911
 9.98201439e-01 5.99520384e-04 5.99520384e-04 5.99520384e-04
 5.99520384e-04 5.99520384e-04 5.99520384e-04 9.98201439e-01
 5.99520384e-04 5.99520384e-04 9.98201439e-01 5.99520384e-04
 0.71942446 0.11630695 0.09232614 0.07194245
 0.19304556 0.22002398 0.39148681 0.19544365

MOTIF STunmod1_l3_f_63
letter-probability matrix: alength= 4 w= 9 
 0.28062583 0.16411451 0.20772304 0.34753662
 0.03928096 0.31824234 0.55758988 0.08488682
 0.06058589 0.09221039 0.28894807 0.55825566
 2.87283622e-01 5.51930759e-01 3.32889481e-04 1.60452730e-01
 0.49234354 0.25299601 0.0349534  0.21970706
 3.32889481e-04 3.32889481e-04 3.32889481e-04 9.99001332e-01
 9.29760320e-01 3.32889481e-04 6.95739015e-02 3.32889481e-04
 7.36351531e-01 3.32889481e-04 2.62982690e-01 3.32889481e-04
 0.53695073 0.13149134 0.21038615 0.12117177

MOTIF STunmod1_l3_f_64
letter-probability matrix: alength= 4 w= 9 
 0.46071904 0.27463382 0.26098535 0.00366178
 0.52430093 0.00898802 0.45805593 0.00865513
 9.99001332e-01 3.32889481e-04 3.32889481e-04 3.32889481e-04
 3.32889481e-04 3.32889481e-04 3.32889481e-04 9.99001332e-01
 3.32889481e-04 3.32889481e-04 9.99001332e-01 3.32889481e-04
 5.99866844e-01 3.32889481e-04 3.80492676e-01 1.93075899e-02
 0.61185087 0.00932091 0.3069241  0.07190413
 0.1804261  0.2659787  0.30459387 0.24900133
 0.3482024  0.33688415 0.22103862 0.09387483

MOTIF STunmod1_l3_f_65
letter-probability matrix: alength= 4 w= 9 
 0.03561116 0.18094321 0.00288739 0.78055823
 9.62463908e-04 9.62463908e-04 9.97112608e-01 9.62463908e-04
 9.62463908e-04 9.62463908e-04 9.62463908e-04 9.97112608e-01
 0.56111646 0.00096246 0.43695861 0.00096246
 0.45813282 0.00096246 0.53994225 0.00096246
 0.02887392 0.63811357 0.01154957 0.32146295
 0.04138595 0.41289702 0.27430221 0.27141482
 0.16169394 0.16458133 0.25409047 0.41963426
 0.50048123 0.12704524 0.29258903 0.0798845 

MOTIF STunmod1_l3_f_66
letter-probability matrix: alength= 4 w= 9 
 0.64580559 0.05326232 0.19507324 0.10585885
 0.61451398 0.00499334 0.02729694 0.35319574
 0.11517976 0.03661784 0.25399467 0.59420772
 0.90545939 0.02063915 0.04627164 0.02762983
 2.48335553e-01 3.32889481e-04 7.38348868e-01 1.29826897e-02
 0.05725699 0.02030626 0.08322237 0.83921438
 0.20772304 0.13215712 0.11151798 0.54860186
 0.35252996 0.03828229 0.10219707 0.50699068
 0.41810919 0.06924101 0.36284953 0.14980027

MOTIF STunmod1_l3_f_67
letter-probability matrix: alength= 4 w= 9 
 0.50099867 0.16478029 0.18874834 0.1454727 
 0.41478029 0.10719041 0.09786951 0.38015979
 2.97936085e-01 3.32889481e-04 1.63781625e-01 5.37949401e-01
 0.04926764 0.21338216 0.37816245 0.35918775
 0.0063249  0.37549933 0.5855526  0.03262317
 0.88315579 0.0442743  0.00466045 0.06790945
 9.80026631e-01 1.06524634e-02 3.32889481e-04 8.98801598e-03
 0.39014647 0.30159787 0.00366178 0.30459387
 0.63681758 0.26464714 0.01797603 0.08055925

MOTIF STunmod1_l3_f_68
letter-probability matrix: alength= 4 w= 9 
 0.28029294 0.15645806 0.24733688 0.31591212
 0.91711052 0.03195739 0.03928096 0.01165113
 8.98801598e-02 3.32889481e-04 3.32889481e-04 9.09454061e-01
 3.32889481e-04 3.32889481e-04 9.09454061e-01 8.98801598e-02
 5.26964048e-01 3.32889481e-04 3.69507324e-01 1.03195739e-01
 0.17043941 0.25133156 0.06857523 0.50965379
 0.20772304 0.69474035 0.03462051 0.06291611
 0.123502   0.19873502 0.34354194 0.33422104
 0.39314248 0.08754993 0.34354194 0.17576565

MOTIF STunmod1_l3_f_69
letter-probability matrix: alength= 4 w= 9 
 0.37127846 0.15831874 0.17828371 0.29211909
 0.67740806 0.041331   0.21961471 0.06164623
 0.55201401 0.10683012 0.17408056 0.16707531
 5.28546410e-01 3.50262697e-04 1.48511384e-01 3.22591944e-01
 1.48511384e-01 3.50262697e-04 3.22591944e-01 5.28546410e-01
 0.00420315 0.01821366 0.56322242 0.41436077
 4.92119089e-01 3.50262697e-04 2.59544658e-01 2.47985989e-01
 0.37302977 0.17057793 0.22591944 0.23047285
 0.18598949 0.19579685 0.26059545 0.35761821

MOTIF STunmod1_l3_f_70
letter-probability matrix: alength= 4 w= 9 
 0.27297206 0.07876136 0.54459778 0.1036688 
 0.21070347 0.41063615 0.20632784 0.17233255
 0.52440256 0.09727365 0.13530798 0.24301582
 7.34096264e-01 8.01077078e-02 1.85459441e-01 3.36587008e-04
 4.53719286e-01 3.36587008e-04 3.60148098e-02 5.09929317e-01
 0.00572198 0.04005385 0.50050488 0.45371929
 2.24840121e-01 3.36587008e-04 7.74486705e-01 3.36587008e-04
 0.12251767 0.28879165 0.26220128 0.3264894 
 0.16526422 0.22618647 0.50488051 0.1036688 

MOTIF STunmod1_l3_f_71
letter-probability matrix: alength= 4 w= 9 
 0.46522195 0.39042293 0.05277875 0.09157637
 0.54072003 0.19119189 0.22754282 0.04054526
 9.98951416e-01 3.49528137e-04 3.49528137e-04 3.49528137e-04
 3.84480951e-02 3.49528137e-04 3.49528137e-04 9.60852849e-01
 3.49528137e-04 3.49528137e-04 9.60852849e-01 3.84480951e-02
 0.54386578 0.01957358 0.10380986 0.33275079
 0.28905977 0.09961552 0.24956309 0.36176162
 0.23558196 0.08458581 0.61516952 0.06466271
 0.1527438  0.09297448 0.54316672 0.21111499

MOTIF STunmod1_l3_f_72
letter-probability matrix: alength= 4 w= 9 
 0.18001526 0.23874905 0.43440122 0.14683448
 0.14683448 0.27993898 0.23798627 0.33524027
 0.01182304 0.66018307 0.00419527 0.32379863
 0.13920671 0.36956522 0.40236461 0.08886346
 0.01144165 0.43478261 0.44774981 0.10602593
 3.81388253e-04 9.98855835e-01 3.81388253e-04 3.81388253e-04
 3.81388253e-04 9.98855835e-01 3.81388253e-04 3.81388253e-04
 0.04919908 0.58962624 0.33218917 0.02898551
 0.17963387 0.56331045 0.23646072 0.02059497

MOTIF STunmod1_l3_f_73
letter-probability matrix: alength= 4 w= 9 
 0.28462051 0.49600533 0.12450067 0.0948735 
 7.54327563e-01 2.13382157e-01 3.19573901e-02 3.32889481e-04
 0.81491345 0.0316245  0.0569241  0.09653795
 0.62283622 0.13548602 0.1770972  0.06458056
 0.55825566 0.21704394 0.10486019 0.11984021
 0.51498003 0.00765646 0.01431425 0.46304927
 3.32889481e-04 3.32889481e-04 4.63049268e-01 5.36284953e-01
 3.46205060e-02 3.32889481e-04 8.78162450e-01 8.68841545e-02
 0.28595206 0.13182423 0.41844208 0.16378162

MOTIF STunmod1_l3_f_74
letter-probability matrix: alength= 4 w= 9 
 0.61706416 0.16795432 0.16560296 0.04937857
 0.44843802 0.04568357 0.43600941 0.069869  
 0.09439033 0.35975815 0.1790393  0.36681223
 3.35908633e-04 3.09035942e-01 3.35908633e-04 6.90292241e-01
 3.35908633e-04 3.35908633e-04 3.35908633e-04 9.98992274e-01
 2.62344642e-01 3.35908633e-04 7.36983540e-01 3.35908633e-04
 9.66073228e-01 3.35908633e-04 3.32549547e-02 3.35908633e-04
 0.18239839 0.35236816 0.01578771 0.44944575
 0.06550218 0.19717837 0.39267719 0.34464226

MOTIF STunmod1_l3_f_75
letter-probability matrix: alength= 4 w= 9 
 0.35171455 0.1742354  0.37673772 0.09731233
 0.62557924 0.09545876 0.2557924  0.0231696 
 4.63392030e-04 2.87303058e-02 1.68211307e-01 8.02594995e-01
 4.63392030e-04 4.63392030e-04 9.93512512e-01 5.56070436e-03
 4.63392030e-04 4.63392030e-04 4.63392030e-04 9.98609824e-01
 9.20296571e-01 4.63392030e-04 7.87766450e-02 4.63392030e-04
 8.07228916e-01 4.63392030e-04 1.91844300e-01 4.63392030e-04
 0.47451344 0.22845227 0.26227989 0.0347544 
 0.26506024 0.18443003 0.3781279  0.17238184

MOTIF STunmod1_l3_f_76
letter-probability matrix: alength= 4 w= 9 
 0.01997337 0.31824234 0.17443409 0.4873502 
 0.50432756 0.31358189 0.00732357 0.17476698
 3.32889481e-04 5.99201065e-03 9.84687084e-01 8.98801598e-03
 1.04860186e-01 5.16644474e-01 3.32889481e-04 3.78162450e-01
 0.10885486 0.55792277 0.31225033 0.02097204
 0.01098535 0.52496671 0.35918775 0.10486019
 0.03362184 0.33155792 0.01631158 0.61850866
 0.06125166 0.40645806 0.46704394 0.06524634
 0.07723036 0.33055925 0.39713715 0.19507324

MOTIF STunmod1_l3_f_77
letter-probability matrix: alength= 4 w= 9 
 0.38096961 0.32959479 0.12952243 0.15991317
 0.42474674 0.17691751 0.09768452 0.30065123
 0.49602026 0.13675832 0.32489146 0.04232996
 0.6512301  0.07778582 0.03219971 0.23878437
 0.10600579 0.03545586 0.23335745 0.6251809 
 3.71924747e-01 3.61794501e-04 6.27351664e-01 3.61794501e-04
 0.03183792 0.44645441 0.12735166 0.39435601
 0.07561505 0.43270622 0.48227207 0.00940666
 0.2102026  0.24782923 0.29956585 0.24240232

MOTIF STunmod1_l3_f_78
letter-probability matrix: alength= 4 w= 9 
 0.00149031 0.00149031 0.00149031 0.99552906
 0.00149031 0.00149031 0.99552906 0.00149031
 0.00149031 0.00149031 0.99552906 0.00149031
 0.05216095 0.94485842 0.00149031 0.00149031
 0.42771982 0.25782414 0.23845007 0.07600596
 0.73621461 0.03874814 0.21013413 0.01490313
 0.16691505 0.5052161  0.04023845 0.2876304 
 0.21460507 0.58271237 0.18330849 0.01937407
 0.5052161  0.14307004 0.11624441 0.23546945

MOTIF STunmod1_l3_f_79
letter-probability matrix: alength= 4 w= 9 
 0.1946447  0.20151047 0.17095778 0.43288706
 0.26536217 0.15928596 0.36903536 0.20631651
 9.75626502e-01 3.43288706e-04 1.88808788e-02 5.14933059e-03
