MEME version 5.3.0

ALPHABET= ACGT

strands: + -

Background letter frequencies
A 0.25 C 0.25 G 0.25 T 0.25

MOTIF STunmod1_l3_f_0
letter-probability matrix: alength= 4 w= 9 
 0.42543276 0.06990679 0.35952064 0.14513981
 7.94607190e-01 1.66111851e-01 3.89480692e-02 3.32889481e-04
 4.87683089e-01 3.32889481e-04 2.29693742e-01 2.82290280e-01
 1.69107856e-01 3.32889481e-04 8.30226365e-01 3.32889481e-04
 0.04993342 0.04394141 0.88082557 0.0252996 
 3.32889481e-04 3.32889481e-04 2.52996005e-02 9.74034621e-01
 6.94074567e-01 3.32889481e-04 3.05259654e-01 3.32889481e-04
 6.40479361e-01 3.32889481e-04 3.58854860e-01 3.32889481e-04
 0.36185087 0.0665779  0.35486019 0.21671105

MOTIF STunmod1_l3_f_1
letter-probability matrix: alength= 4 w= 9 
 0.12539185 0.21904389 0.40673981 0.24882445
 0.1700627  0.58816614 0.10540752 0.13636364
 0.03056426 0.63557994 0.22100313 0.11285266
 0.00431034 0.94200627 0.02351097 0.03017241
 0.01684953 0.82484326 0.02155172 0.13675549
 3.91849530e-04 1.33228840e-02 1.52429467e-01 8.33855799e-01
 0.11912226 0.00274295 0.22688088 0.65125392
 0.00822884 0.37029781 0.25822884 0.36324451
 0.2507837  0.08934169 0.35658307 0.30329154

MOTIF STunmod1_l3_f_2
letter-probability matrix: alength= 4 w= 9 
 0.30398757 0.41584671 0.12894873 0.15121699
 0.46556189 0.21802175 0.28275505 0.03366132
 0.12221647 0.08234076 0.5670637  0.22837908
 0.09528742 0.21905748 0.6809943  0.0046608 
 5.17866390e-04 5.17866390e-04 5.17866390e-04 9.98446401e-01
 9.98446401e-01 5.17866390e-04 5.17866390e-04 5.17866390e-04
 6.73226308e-03 5.17866390e-04 9.92232004e-01 5.17866390e-04
 0.01812532 0.21957535 0.16209218 0.60020715
 0.16053858 0.4992232  0.07405489 0.26618332

MOTIF STunmod1_l3_f_3
letter-probability matrix: alength= 4 w= 9 
 0.47368421 0.20121733 0.18689581 0.13820265
 0.28284998 0.17364841 0.37987827 0.16362334
 0.21195847 0.25778733 0.30254207 0.22771214
 3.58037952e-04 3.58037952e-04 3.58037952e-04 9.98925886e-01
 6.07948443e-01 3.58037952e-04 3.91335482e-01 3.58037952e-04
 6.06516291e-01 3.58037952e-04 3.92767633e-01 3.58037952e-04
 3.58037952e-04 3.58037952e-04 3.58037952e-04 9.98925886e-01
 8.86143931e-01 3.58037952e-04 1.13139993e-01 3.58037952e-04
 6.24418188e-01 3.58037952e-04 3.74865736e-01 3.58037952e-04

MOTIF STunmod1_l3_f_4
letter-probability matrix: alength= 4 w= 9 
 0.07683307 0.17667707 0.26482059 0.48166927
 0.01521061 0.23127925 0.15561622 0.59789392
 2.41419657e-01 3.90015601e-04 1.59906396e-02 7.42199688e-01
 0.01911076 0.03666147 0.53783151 0.40639626
 3.90015601e-04 1.05304212e-01 1.61856474e-01 7.32449298e-01
 0.049922   0.07020281 0.58307332 0.29680187
 0.25546022 0.10101404 0.50117005 0.14235569
 0.68291732 0.02301092 0.2624805  0.03159126
 0.12363495 0.08307332 0.27418097 0.51911076

MOTIF STunmod1_l3_f_5
letter-probability matrix: alength= 4 w= 9 
 0.06623932 0.11111111 0.61538462 0.20726496
 0.00213675 0.00213675 0.00213675 0.99358974
 0.39957265 0.00213675 0.59615385 0.00213675
 0.99358974 0.00213675 0.00213675 0.00213675
 0.71581197 0.14316239 0.13888889 0.00213675
 0.00213675 0.00213675 0.03418803 0.96153846
 0.00213675 0.00213675 0.00213675 0.99358974
 0.17521368 0.11111111 0.64102564 0.07264957
 0.3974359  0.16452991 0.11538462 0.32264957

MOTIF STunmod1_l3_f_6
letter-probability matrix: alength= 4 w= 9 
 0.27305606 0.27594937 0.25461121 0.19638336
 0.65244123 0.24159132 0.09511754 0.01084991
 0.0835443  0.04339964 0.10958409 0.76347197
 3.61663653e-04 1.27667269e-01 7.59132007e-01 1.12839060e-01
 3.57323689e-01 3.61663653e-04 6.41952984e-01 3.61663653e-04
 1.29837251e-01 5.12477396e-01 3.61663653e-04 3.57323689e-01
 6.32911392e-02 3.61663653e-04 7.34177215e-01 2.02169982e-01
 0.57757685 0.20904159 0.1522604  0.06112116
 0.14936709 0.09403255 0.48679928 0.26980108

MOTIF STunmod1_l3_f_7
letter-probability matrix: alength= 4 w= 9 
 0.53819036 0.12103408 0.27849589 0.06227967
 0.4657266  0.49079514 0.0297689  0.01370936
 6.29847239e-01 7.87309048e-02 2.91030161e-01 3.91696044e-04
 0.76576577 0.21425774 0.01292597 0.00705053
 0.0199765  0.14218566 0.26204465 0.57579318
 4.46141794e-01 3.91696044e-04 5.53074814e-01 3.91696044e-04
 2.03681943e-02 3.91696044e-04 5.33098316e-01 4.46141794e-01
 0.13121817 0.22169996 0.6439483  0.00313357
 0.21895809 0.11594203 0.43282413 0.23227575

MOTIF STunmod1_l3_f_8
letter-probability matrix: alength= 4 w= 9 
 0.01261077 0.36025903 0.00852079 0.61860941
 0.13326517 0.27027948 0.20824813 0.38820723
 0.2542604  0.01567825 0.14383095 0.5862304 
 7.15405590e-01 3.40831629e-04 3.40831629e-04 2.83912747e-01
 2.72665303e-03 1.02249489e-02 3.40831629e-04 9.86707566e-01
 3.40831629e-04 4.66939332e-02 9.29788684e-01 2.31765508e-02
 0.37321063 0.33469666 0.00920245 0.28289025
 0.39706885 0.14314928 0.20722563 0.25255624
 0.33094751 0.40252215 0.01601909 0.25051125

MOTIF STunmod1_l3_f_9
letter-probability matrix: alength= 4 w= 9 
 0.54094541 0.1804261  0.19806924 0.08055925
 0.26531292 0.3575233  0.35619174 0.02097204
 9.33089214e-01 1.69773635e-02 3.32889481e-04 4.96005326e-02
 0.6644474  0.29627164 0.02796272 0.01131824
 0.50865513 0.37782956 0.10319574 0.01031957
 3.32889481e-04 3.32889481e-04 3.32889481e-04 9.99001332e-01
 9.32090546e-01 1.56458056e-02 3.32889481e-04 5.19307590e-02
 8.70173103e-01 8.72170439e-02 3.32889481e-04 4.22769640e-02
 0.44007989 0.24866844 0.03395473 0.27729694

MOTIF STunmod1_l3_f_10
letter-probability matrix: alength= 4 w= 9 
 0.53704963 0.267845   0.06900068 0.12610469
 0.32664854 0.14276003 0.02005438 0.51053705
 2.07681849e-01 3.39904827e-04 7.72943576e-01 1.90346703e-02
 0.02311353 0.10740993 0.48980286 0.37967369
 0.18048946 0.40176751 0.25220938 0.16553365
 3.39904827e-04 3.39904827e-04 4.07885792e-03 9.95241332e-01
 9.12304555e-01 3.39904827e-04 8.70156356e-02 3.39904827e-04
 2.70904147e-01 3.39904827e-04 7.24677090e-01 4.07885792e-03
 0.47246771 0.12916383 0.2957172  0.10265126

MOTIF STunmod1_l3_f_11
letter-probability matrix: alength= 4 w= 9 
 0.4478151  0.21704586 0.06536656 0.26977248
 0.1910437  0.16756952 0.23618635 0.40520043
 0.09570242 0.44673167 0.32286024 0.13470567
 0.68219574 0.29324666 0.01372337 0.01083424
 0.76561936 0.03358613 0.14698447 0.05381004
 8.95991333e-01 1.03286385e-01 3.61141206e-04 3.61141206e-04
 1.03286385e-01 3.61141206e-04 3.61141206e-04 8.95991333e-01
 0.06717226 0.01011195 0.89599133 0.02672445
 0.09750813 0.1498736  0.47778982 0.27482846

MOTIF STunmod1_l3_f_12
letter-probability matrix: alength= 4 w= 9 
 0.27296937 0.49234354 0.13348868 0.1011984 
 0.15945406 0.75233023 0.02762983 0.06058589
 1.71770972e-01 7.49334221e-01 3.32889481e-04 7.85619174e-02
 0.41877497 0.43641811 0.0948735  0.04993342
 0.40612517 0.15945406 0.37549933 0.05892144
 0.05093209 0.30825566 0.32456724 0.31624501
 6.32490013e-03 3.32889481e-04 9.93009321e-01 3.32889481e-04
 3.32889481e-04 3.32889481e-04 9.97003995e-01 2.33022636e-03
 0.08322237 0.20938748 0.68375499 0.02363515

MOTIF STunmod1_l3_f_13
letter-probability matrix: alength= 4 w= 9 
 0.20674235 0.19332645 0.51702786 0.08290334
 0.31475748 0.31647747 0.28001376 0.08875129
 0.00687994 0.46474028 0.41795666 0.11042312
 0.01341589 0.09528724 0.23563811 0.65565875
 0.3880289  0.15789474 0.37702098 0.07705538
 0.64465084 0.16855865 0.08496732 0.10182319
 3.43997248e-04 3.43997248e-04 3.43997248e-04 9.98968008e-01
 9.43928449e-01 3.43997248e-04 5.53835569e-02 3.43997248e-04
 6.08531132e-01 3.43997248e-04 3.90780874e-01 3.43997248e-04

MOTIF STunmod1_l3_f_14
letter-probability matrix: alength= 4 w= 9 
 0.2707088  0.22801025 0.22203245 0.27924851
 0.34671221 0.2177626  0.21947054 0.21605465
 0.94192997 0.03586678 0.00768574 0.01451751
 1.18701964e-01 8.53970965e-04 8.53970965e-04 8.79590094e-01
 8.53970965e-04 8.53970965e-04 8.79590094e-01 1.18701964e-01
 0.61571307 0.05550811 0.26387703 0.06490179
 0.4970111  0.00341588 0.01110162 0.48847139
 0.00085397 0.00085397 0.49871904 0.49957301
 0.13407344 0.09906063 0.65499573 0.1118702 

MOTIF STunmod1_l3_f_15
letter-probability matrix: alength= 4 w= 9 
 0.2849534  0.10153129 0.40645806 0.20705726
 0.2310253  0.24800266 0.30326232 0.21770972
 7.98934754e-01 5.32623169e-03 3.32889481e-04 1.95406125e-01
 6.59454061e-01 3.32889481e-04 7.05725699e-02 2.69640479e-01
 0.32390146 0.00932091 0.60619174 0.06058589
 6.03861518e-01 3.32889481e-04 1.90745672e-01 2.05059920e-01
 7.12383489e-01 3.32889481e-04 2.86950732e-01 3.32889481e-04
 4.69374168e-01 3.32889481e-03 5.26964048e-01 3.32889481e-04
 0.01531292 0.08821571 0.11917443 0.77729694

MOTIF STunmod1_l3_f_16
letter-probability matrix: alength= 4 w= 9 
 0.45933682 0.1895288  0.23280977 0.11832461
 0.1078534  0.14834206 0.20942408 0.53438045
 0.36893543 0.29354276 0.26352531 0.07399651
 0.35881326 0.05619546 0.11064572 0.47434555
 0.16649215 0.15427574 0.55602094 0.12321117
 0.87853403 0.02897033 0.0513089  0.04118674
 1.75567190e-01 3.49040140e-04 3.49040140e-04 8.23734729e-01
 3.49040140e-04 3.49040140e-04 8.23734729e-01 1.75567190e-01
 0.18603839 0.22059337 0.34136126 0.25200698

MOTIF STunmod1_l3_f_17
letter-probability matrix: alength= 4 w= 9 
 0.85099053 0.06890612 0.05167959 0.02842377
 0.39965547 0.00947459 0.05943152 0.53143842
 0.36089578 0.00516796 0.6124031  0.02153316
 0.07149009 0.5667528  0.00086133 0.36089578
 0.12144703 0.38673557 0.37639966 0.11541774
 0.26528854 0.64771748 0.04048234 0.04651163
 0.42807924 0.00086133 0.01550388 0.55555556
 0.29888028 0.05512489 0.07579673 0.57019811
 0.1791559  0.0292851  0.76055125 0.03100775

MOTIF STunmod1_l3_f_18
letter-probability matrix: alength= 4 w= 9 
 0.68281787 0.03058419 0.19347079 0.09312715
 0.3838488  0.01752577 0.1556701  0.44295533
 0.43883162 0.02714777 0.11477663 0.41924399
 7.73195876e-02 3.43642612e-04 3.34364261e-01 5.87972509e-01
 5.01718213e-01 1.59106529e-01 3.43642612e-04 3.38831615e-01
 0.16082474 0.01099656 0.04879725 0.77938144
 8.60137457e-01 3.43642612e-04 3.43642612e-04 1.39175258e-01
 5.15807560e-01 3.43642612e-04 2.74570447e-01 2.09278351e-01
 0.32817869 0.04639175 0.37147766 0.25395189

MOTIF STunmod1_l3_f_19
letter-probability matrix: alength= 4 w= 9 
 0.17625755 0.23782696 0.31509054 0.27082495
 0.32595573 0.21569416 0.15734406 0.30100604
 0.03702213 0.45311871 0.24668008 0.26317907
 2.77665996e-02 9.47686117e-01 4.02414487e-04 2.41448692e-02
 5.23138833e-01 4.02414487e-04 4.44668008e-01 3.17907445e-02
 4.02414487e-04 7.16297787e-02 9.27565392e-01 4.02414487e-04
 4.02414487e-04 3.24346076e-01 4.02414487e-04 6.74849095e-01
 4.02414487e-04 3.36418511e-01 5.57344064e-01 1.05835010e-01
 0.02454728 0.06317907 0.51750503 0.39476861

MOTIF STunmod1_l3_f_20
letter-probability matrix: alength= 4 w= 9 
 0.39613848 0.1298269  0.34986684 0.12416778
 0.373502   0.22103862 0.21371505 0.19174434
 0.07989348 0.74733688 0.12416778 0.04860186
 6.64114514e-01 8.82157124e-02 2.47336884e-01 3.32889481e-04
 9.99001332e-01 3.32889481e-04 3.32889481e-04 3.32889481e-04
 0.47902796 0.1677763  0.32456724 0.0286285 
 9.94007989e-01 5.32623169e-03 3.32889481e-04 3.32889481e-04
 9.75699068e-01 2.36351531e-02 3.32889481e-04 3.32889481e-04
 2.29027963e-01 3.32889481e-04 2.04394141e-01 5.66245007e-01

MOTIF STunmod1_l3_f_21
letter-probability matrix: alength= 4 w= 9 
 0.62450067 0.08122503 0.22536618 0.06890812
 0.05492676 0.13781625 0.22603196 0.58122503
 0.00332889 0.10486019 0.0792277  0.81258322
 0.42609854 0.04527297 0.51198402 0.01664447
 0.07090546 0.04494008 0.3292277  0.55492676
 2.52996005e-01 3.16245007e-02 3.32889481e-04 7.15046605e-01
 0.03695073 0.13182423 0.70539281 0.12583222
 0.58455393 0.01364847 0.0855526  0.31624501
 0.3861518  0.15579228 0.23368842 0.22436751

MOTIF STunmod1_l3_f_22
letter-probability matrix: alength= 4 w= 9 
 0.20406125 0.12816245 0.4683755  0.1994008 
 0.30659121 0.11251664 0.34221039 0.23868176
 3.26564581e-01 5.67909454e-01 1.05193076e-01 3.32889481e-04
 0.6424767  0.0286285  0.23202397 0.09687084
 0.8069241  0.00532623 0.09886818 0.08888149
 3.83155792e-01 3.32889481e-04 3.32889481e-04 6.16178429e-01
 3.56524634e-01 3.32889481e-04 1.16511318e-02 6.31491345e-01
 7.39014647e-02 3.32889481e-04 5.46271638e-01 3.79494008e-01
 0.01797603 0.00832224 0.9587217  0.01498003

MOTIF STunmod1_l3_f_23
letter-probability matrix: alength= 4 w= 9 
 0.00892857 0.33997253 0.01991758 0.63118132
 0.5418956  0.07142857 0.25103022 0.1356456 
 3.91483516e-01 2.11195055e-01 3.43406593e-04 3.96978022e-01
 0.93715659 0.00927198 0.02197802 0.03159341
 0.02026099 0.26510989 0.02953297 0.68509615
 0.01442308 0.55975275 0.21119505 0.21462912
 0.37019231 0.45157967 0.14388736 0.03434066
 0.55013736 0.1668956  0.01339286 0.26957418
 0.52953297 0.00309066 0.00343407 0.46394231

MOTIF STunmod1_l3_f_24
letter-probability matrix: alength= 4 w= 9 
 0.09197135 0.27139088 0.44817188 0.18846589
 0.00565398 0.42140972 0.41387109 0.15906521
 0.00452318 0.46211836 0.51828119 0.01507727
 3.76931775e-04 9.70222390e-01 2.90237467e-02 3.76931775e-04
 3.76931775e-04 9.98869205e-01 3.76931775e-04 3.76931775e-04
 3.76931775e-04 9.98869205e-01 3.76931775e-04 3.76931775e-04
 0.2906144  0.47757256 0.08970976 0.14210328
 0.31096871 0.36147757 0.27892951 0.0486242 
 0.26912929 0.16170373 0.45985677 0.10931021

MOTIF STunmod1_l3_f_25
letter-probability matrix: alength= 4 w= 9 
 0.0221998  0.11570804 0.38042381 0.48166835
 0.04507232 0.15573495 0.05785402 0.74133872
 0.20585267 0.08610831 0.63303061 0.07500841
 0.10393542 0.10225362 0.24285234 0.55095863
 0.37706021 0.02993609 0.29229734 0.30070636
 0.59569458 0.15539859 0.0366633  0.21224353
 3.36360579e-04 3.36360579e-04 1.35889674e-01 8.63437605e-01
 0.87588295 0.07500841 0.02791793 0.02119072
 0.3925328  0.05079045 0.48099563 0.07568113

MOTIF STunmod1_l3_f_26
letter-probability matrix: alength= 4 w= 9 
 0.40794979 0.16701534 0.31380753 0.11122734
 0.27022315 0.26046025 0.31868898 0.15062762
 0.22419805 0.11680614 0.34902371 0.30997211
 3.48675035e-04 3.48675035e-04 3.48675035e-04 9.98953975e-01
 8.50767085e-01 3.48675035e-04 1.48535565e-01 3.48675035e-04
 3.94002789e-01 3.48675035e-04 6.05299861e-01 3.48675035e-04
 3.48675035e-04 3.48675035e-04 3.48675035e-04 9.98953975e-01
 7.67782427e-01 3.48675035e-04 2.31520223e-01 3.48675035e-04
 5.69386332e-01 3.48675035e-04 4.29916318e-01 3.48675035e-04

MOTIF STunmod1_l3_f_27
letter-probability matrix: alength= 4 w= 9 
 0.09475293 0.26337239 0.16301579 0.47885889
 0.121243   0.46408558 0.18390219 0.23076923
 0.41314315 0.40499236 0.11462048 0.06724401
 9.98471727e-01 5.09424350e-04 5.09424350e-04 5.09424350e-04
 5.09424350e-04 5.09424350e-04 5.09424350e-04 9.98471727e-01
 5.09424350e-04 5.09424350e-04 9.98471727e-01 5.09424350e-04
 0.64544065 0.02496179 0.2572593  0.07233826
 0.15741212 0.05807438 0.46765155 0.31686195
 0.08558329 0.12531839 0.73764646 0.05145186

MOTIF STunmod1_l3_f_28
letter-probability matrix: alength= 4 w= 9 
 0.20464135 0.31751055 0.3104782  0.1673699 
 0.03305204 0.53094233 0.25668073 0.17932489
 0.15752461 0.35443038 0.48347398 0.00457103
 0.00527426 0.07489451 0.89662447 0.02320675
 0.0080872  0.34493671 0.4940225  0.15295359
 1.01969058e-02 1.11111111e-01 8.78340366e-01 3.51617440e-04
 3.51617440e-04 3.51617440e-04 9.98945148e-01 3.51617440e-04
 0.0966948  0.0302391  0.84915612 0.02390999
 0.04219409 0.12623066 0.7116737  0.11990155

MOTIF STunmod1_l3_f_29
letter-probability matrix: alength= 4 w= 9 
 0.19351621 0.3361596  0.22394015 0.24638404
 4.98753117e-04 4.98753117e-04 4.98753117e-04 9.98503741e-01
 9.98503741e-01 4.98753117e-04 4.98753117e-04 4.98753117e-04
 4.98753117e-04 4.98753117e-04 9.98503741e-01 4.98753117e-04
 0.0234414  0.40598504 0.01945137 0.55112219
 0.07381546 0.87431421 0.00798005 0.04389027
 0.04089776 0.24189526 0.37007481 0.34713217
 0.31072319 0.11970075 0.3680798  0.20149626
 0.19600998 0.33566085 0.15860349 0.30972569

MOTIF STunmod1_l3_f_30
letter-probability matrix: alength= 4 w= 9 
 0.71770972 0.07356858 0.13548602 0.07323569
 0.54660453 0.00233023 0.43308921 0.01797603
 0.1741012  0.03561917 0.07822903 0.7120506 
 0.27663116 0.02063915 0.56125166 0.14147803
 0.4650466  0.29926764 0.05093209 0.18475366
 1.56458056e-02 3.32889481e-04 3.52862850e-02 9.48735020e-01
 0.21937417 0.00665779 0.57956059 0.19440746
 0.68575233 0.09920107 0.15645806 0.05858855
 0.09387483 0.09886818 0.15213049 0.6551265 

MOTIF STunmod1_l3_f_31
letter-probability matrix: alength= 4 w= 9 
 0.303861   0.34169884 0.19498069 0.15945946
 0.66486486 0.09343629 0.19382239 0.04787645
 0.75521236 0.04942085 0.13474903 0.06061776
 0.45752896 0.15366795 0.13822394 0.25057915
 6.35521236e-01 4.24710425e-03 3.59845560e-01 3.86100386e-04
 9.98841699e-01 3.86100386e-04 3.86100386e-04 3.86100386e-04
 3.86100386e-04 3.86100386e-04 3.86100386e-04 9.98841699e-01
 3.86100386e-04 3.86100386e-04 9.98841699e-01 3.86100386e-04
 0.23899614 0.13590734 0.42818533 0.1969112 

MOTIF STunmod1_l3_f_32
letter-probability matrix: alength= 4 w= 9 
 0.41313689 0.18600368 0.29834254 0.10251688
 1.28913444e-02 6.13873542e-04 6.13873542e-04 9.85880909e-01
 0.60036832 0.0092081  0.38612646 0.00429711
 6.39042357e-01 6.13873542e-04 3.44383057e-01 1.59607121e-02
 6.13873542e-04 6.13873542e-04 6.13873542e-04 9.98158379e-01
 9.98158379e-01 6.13873542e-04 6.13873542e-04 6.13873542e-04
 1.24002455e-01 6.13873542e-04 8.74769797e-01 6.13873542e-04
 0.14426028 0.20380602 0.38551258 0.26642112
 0.25168815 0.30755064 0.22529159 0.21546961

MOTIF STunmod1_l3_f_33
letter-probability matrix: alength= 4 w= 9 
 0.00266312 0.00732357 0.35352863 0.63648469
 3.32889481e-04 3.32889481e-04 2.49667111e-02 9.74367510e-01
 0.05725699 0.06458056 0.41577896 0.46238349
 0.2340213  0.43175766 0.1804261  0.15379494
 9.28761651e-01 3.32889481e-04 2.66311585e-03 6.82423435e-02
 0.37050599 0.08888149 0.22902796 0.31158455
 0.01631158 0.02263648 0.05992011 0.90113182
 0.23535286 0.24600533 0.29993342 0.21870839
 0.39580559 0.21637816 0.22869507 0.15912117

MOTIF STunmod1_l3_f_34
letter-probability matrix: alength= 4 w= 9 
 0.60427807 0.16811497 0.1631016  0.06450535
 0.76470588 0.04044118 0.01804813 0.17680481
 0.1467246  0.03843583 0.26236631 0.55247326
 6.34024064e-01 3.34224599e-04 3.65307487e-01 3.34224599e-04
 3.53275401e-01 3.34224599e-04 1.23663102e-02 6.34024064e-01
 0.01336898 0.01437166 0.70220588 0.27005348
 0.17613636 0.09558824 0.26002674 0.46824866
 0.18315508 0.50601604 0.21423797 0.09659091
 0.26704545 0.32419786 0.25501337 0.15374332

MOTIF STunmod1_l3_f_35
letter-probability matrix: alength= 4 w= 9 
 0.46376812 0.28985507 0.23188406 0.01449275
 0.01449275 0.01449275 0.01449275 0.95652174
 0.95652174 0.01449275 0.01449275 0.01449275
 0.01449275 0.01449275 0.95652174 0.01449275
 0.01449275 0.01449275 0.95652174 0.01449275
 0.47826087 0.49275362 0.01449275 0.01449275
 0.01449275 0.01449275 0.01449275 0.95652174
 0.47826087 0.01449275 0.01449275 0.49275362
 0.01449275 0.01449275 0.34782609 0.62318841

MOTIF STunmod1_l3_f_37
letter-probability matrix: alength= 4 w= 9 
 0.34099358 0.23724231 0.26394052 0.15782359
 0.2598851  0.18418385 0.26664414 0.28928692
 0.10679284 0.25042244 0.28827307 0.35451166
 3.37952011e-04 3.37952011e-04 3.37952011e-04 9.98986144e-01
 8.05677594e-01 3.37952011e-04 1.93646502e-01 3.37952011e-04
 4.10949645e-01 3.37952011e-04 5.88374451e-01 3.37952011e-04
 3.37952011e-04 3.37952011e-04 3.37952011e-04 9.98986144e-01
 8.16830010e-01 3.37952011e-04 1.82494086e-01 3.37952011e-04
 5.70462994e-01 3.37952011e-04 4.28861102e-01 3.37952011e-04

MOTIF STunmod1_l3_f_38
letter-probability matrix: alength= 4 w= 9 
 0.09614059 0.18228808 0.23914542 0.48242591
 0.0137836  0.13094418 0.06374914 0.79152309
 0.30289456 0.00275672 0.05892488 0.63542385
 0.55410062 0.1574776  0.13955892 0.14886285
 4.97587870e-01 3.44589938e-04 3.51481737e-02 4.66919366e-01
 1.06822881e-01 3.44589938e-04 3.84217781e-01 5.08614748e-01
 3.68366644e-01 9.64851826e-02 5.34803584e-01 3.44589938e-04
 0.18435562 0.06030324 0.23259821 0.52274294
 0.38835286 0.30427292 0.14679531 0.16057891

MOTIF STunmod1_l3_f_39
letter-probability matrix: alength= 4 w= 9 
 0.42543276 0.31158455 0.14813582 0.11484687
 0.65545939 0.05992011 0.2626498  0.02197071
 9.69374168e-01 3.32889481e-04 3.32889481e-04 2.99600533e-02
 3.32889481e-04 1.63115846e-02 2.36351531e-02 9.59720373e-01
 3.96138482e-02 3.32889481e-04 9.59720373e-01 3.32889481e-04
 0.10885486 0.42177097 0.09920107 0.3701731 
 0.04993342 0.04161119 0.72303595 0.18541944
 0.11651132 0.33155792 0.4081225  0.14380826
 0.33255659 0.35386152 0.28362184 0.02996005

MOTIF STunmod1_l3_f_40
letter-probability matrix: alength= 4 w= 9 
 0.26593871 0.31736527 0.10109193 0.31560409
 0.1814019  0.24233885 0.17611835 0.40014089
 0.52624163 0.12257837 0.04579077 0.30538922
 0.25537161 0.12504403 0.20112716 0.4184572 
 9.40471997e-02 3.52236703e-04 3.52236703e-04 9.05248327e-01
 0.08066221 0.00598802 0.33990842 0.57344135
 3.98027474e-02 3.52236703e-04 9.44346601e-01 1.54984149e-02
 0.00563579 0.00176118 0.96794646 0.02465657
 0.03804156 0.34765763 0.59668897 0.01761184

MOTIF STunmod1_l3_f_41
letter-probability matrix: alength= 4 w= 9 
 0.42523033 0.39333806 0.0907158  0.0907158 
 8.44790928e-01 3.54358611e-04 1.54500354e-01 3.54358611e-04
 0.27285613 0.11445783 0.07512403 0.53756201
 0.07264352 0.16087881 0.52834869 0.23812899
 0.65520907 0.03012048 0.1318214  0.18284904
 1.21899362e-01 3.54358611e-04 1.24734231e-01 7.53012048e-01
 2.23954642e-01 3.54358611e-04 7.75336641e-01 3.54358611e-04
 0.08823529 0.04039688 0.69418852 0.17717931
 0.32778172 0.26860383 0.26399717 0.13961729

MOTIF STunmod1_l3_f_42
letter-probability matrix: alength= 4 w= 9 
 0.74067909 0.06125166 0.18908123 0.00898802
 0.39414115 0.13082557 0.39980027 0.07523302
 0.26198402 0.33988016 0.20306258 0.19507324
 8.41544607e-01 3.32889481e-04 3.32889481e-04 1.57789614e-01
 3.32889481e-04 3.32889481e-04 1.57789614e-01 8.41544607e-01
 1.16844208e-01 3.32889481e-04 8.64181092e-01 1.86418109e-02
 0.25898802 0.06358189 0.04494008 0.63249001
 0.22802929 0.20006658 0.42776298 0.14414115
 0.07656458 0.2626498  0.3418775  0.31890812

MOTIF STunmod1_l3_f_43
letter-probability matrix: alength= 4 w= 9 
 0.15454113 0.4084641  0.19543509 0.24155968
 0.28340466 0.20066572 0.46504993 0.0508797 
 0.28435568 0.29053733 0.09747979 0.3276272 
 4.75511175e-04 6.66191155e-01 7.51307656e-02 2.58202568e-01
 0.04802663 0.50974798 0.42035188 0.02187351
 4.75511175e-04 4.75511175e-04 4.75511175e-04 9.98573466e-01
 9.89063243e-01 4.75511175e-04 9.98573466e-03 4.75511175e-04
 2.72943414e-01 4.75511175e-04 7.26105563e-01 4.75511175e-04
 0.4807418  0.05468379 0.44174988 0.02282454

MOTIF STunmod1_l3_f_44
letter-probability matrix: alength= 4 w= 9 
 4.72703063e-02 3.32889481e-04 9.48069241e-01 4.32756325e-03
 0.10186418 0.123502   0.623502   0.15113182
 3.32889481e-04 2.83288948e-01 4.76697736e-01 2.39680426e-01
 3.32889481e-04 3.32889481e-04 9.99001332e-01 3.32889481e-04
 3.32889481e-04 8.32223702e-03 9.91011984e-01 3.32889481e-04
 3.32889481e-04 5.12649800e-01 3.28894807e-01 1.58122503e-01
 0.11218375 0.20772304 0.58422104 0.09587217
 0.39513981 0.14314248 0.26564581 0.1960719 
 0.49267643 0.24966711 0.11251664 0.14513981

MOTIF STunmod1_l3_f_45
letter-probability matrix: alength= 4 w= 9 
 0.04807692 0.3125     0.03185096 0.60757212
 0.17007212 0.24579327 0.46213942 0.12199519
 0.10036058 0.00841346 0.68990385 0.20132212
 6.00961538e-04 7.23557692e-01 6.00961538e-04 2.75240385e-01
 0.10516827 0.71394231 0.03365385 0.14723558
 0.015625   0.47055288 0.421875   0.09194712
 0.39963942 0.04987981 0.35096154 0.19951923
 0.06790865 0.02103365 0.31069712 0.60036058
 0.14122596 0.15985577 0.69050481 0.00841346

MOTIF STunmod1_l3_f_46
letter-probability matrix: alength= 4 w= 9 
 0.27961165 0.13203883 0.39300971 0.19533981
 0.29126214 0.2768932  0.14912621 0.28271845
 0.39223301 0.29165049 0.26640777 0.04970874
 8.41165049e-01 3.88349515e-04 1.58058252e-01 3.88349515e-04
 0.49126214 0.04815534 0.00970874 0.45087379
 0.28582524 0.02407767 0.4031068  0.28699029
 0.89320388 0.05126214 0.02990291 0.02563107
 3.88349515e-04 4.27184466e-03 3.88349515e-04 9.94951456e-01
 3.88349515e-04 4.27184466e-03 9.94951456e-01 3.88349515e-04

MOTIF STunmod1_l3_f_47
letter-probability matrix: alength= 4 w= 9 
 0.87918216 0.0260223  0.02416357 0.07063197
 0.00185874 0.00185874 0.00185874 0.99442379
 0.00185874 0.00185874 0.99442379 0.00185874
 0.81784387 0.00185874 0.14684015 0.03345725
 0.00185874 0.0260223  0.03717472 0.93494424
 0.0204461  0.01486989 0.91635688 0.04832714
 0.47769517 0.26579926 0.12639405 0.13011152
 0.16171004 0.25650558 0.28252788 0.29925651
 0.26394052 0.44052045 0.14126394 0.15427509

MOTIF STunmod1_l3_f_48
letter-probability matrix: alength= 4 w= 9 
 0.24098867 0.34912461 0.16615173 0.24373498
 0.64778579 0.15104703 0.11053896 0.09062822
 0.45005149 0.14830072 0.26639204 0.13525575
 6.03501545e-01 1.92928253e-01 2.03226914e-01 3.43288706e-04
 0.09234466 0.13731548 0.26055613 0.50978373
 0.40885685 0.01922417 0.48815654 0.08376244
 3.36422932e-01 3.43288706e-04 2.95571576e-01 3.67662204e-01
 0.02540336 0.2705115  0.3676622  0.33642293
 0.10161346 0.02540336 0.6807415  0.19224168

MOTIF STunmod1_l3_f_49
letter-probability matrix: alength= 4 w= 9 
 0.3195739  0.14081225 0.44474035 0.0948735 
 3.32889481e-04 3.32889481e-04 3.32889481e-04 9.99001332e-01
 7.04061252e-01 3.32889481e-04 2.95272969e-01 3.32889481e-04
 4.84021305e-01 3.32889481e-04 5.15312916e-01 3.32889481e-04
 3.32889481e-04 3.32889481e-04 3.32889481e-04 9.99001332e-01
 8.39214381e-01 3.32889481e-04 1.60119840e-01 3.32889481e-04
 5.93874834e-01 3.32889481e-04 4.05459387e-01 3.32889481e-04
 0.26065246 0.30659121 0.24966711 0.18308921
 0.33355526 0.18774967 0.25699068 0.22170439

MOTIF STunmod1_l3_f_50
letter-probability matrix: alength= 4 w= 9 
 0.04360852 0.19540613 0.08954727 0.67143808
 0.06058589 0.03595206 0.31757656 0.58588549
 0.01631158 0.35486019 0.07523302 0.55359521
 0.64480692 0.01398136 0.15912117 0.18209055
 0.22703063 0.1551265  0.00166445 0.61617843
 3.63515313e-01 3.32889481e-04 4.92010652e-01 1.44141145e-01
 0.00266312 0.23535286 0.18308921 0.57889481
 0.11884154 0.05559254 0.56125166 0.26431425
 0.19041278 0.36318242 0.1614514  0.2849534 

MOTIF STunmod1_l3_f_51
letter-probability matrix: alength= 4 w= 9 
 0.74893617 0.00425532 0.24255319 0.00425532
 0.28510638 0.00425532 0.00425532 0.70638298
 0.49787234 0.00425532 0.49361702 0.00425532
 0.00425532 0.45957447 0.31914894 0.21702128
 0.00425532 0.00425532 0.21702128 0.77446809
 0.0212766  0.57446809 0.21702128 0.18723404
 0.04255319 0.00425532 0.08085106 0.87234043
 0.27659574 0.28510638 0.10212766 0.33617021
 0.67659574 0.03829787 0.10638298 0.1787234 

MOTIF STunmod1_l3_f_52
letter-probability matrix: alength= 4 w= 9 
 0.43774967 0.02263648 0.4776964  0.06191744
 0.04527297 0.10419441 0.82723036 0.02330226
 0.00998668 0.11318242 0.86684421 0.00998668
 3.32889481e-04 3.32889481e-04 9.99001332e-01 3.32889481e-04
 3.32889481e-04 1.82756325e-01 8.16577896e-01 3.32889481e-04
 3.32889481e-04 2.74633822e-01 5.13981358e-01 2.11051931e-01
 0.11284953 0.16178429 0.20639148 0.5189747 
 0.29926764 0.41844208 0.19041278 0.0918775 
 0.45472703 0.16245007 0.2626498  0.1201731 

MOTIF STunmod1_l3_f_53
letter-probability matrix: alength= 4 w= 9 
 0.14447403 0.09753662 0.36451398 0.39347537
 0.51531292 0.0223036  0.39713715 0.06524634
 0.3575233  0.00665779 0.6328229  0.00299601
 0.83155792 0.03428762 0.08022636 0.0539281 
 1.65778961e-01 3.32889481e-04 1.33155792e-01 7.00732357e-01
 3.49533955e-02 3.32889481e-04 3.36218375e-02 9.31091877e-01
 0.10252996 0.1045273  0.34454061 0.44840213
 0.07423435 0.20173103 0.00532623 0.71870839
 0.17177097 0.25332889 0.02729694 0.5476032 

MOTIF STunmod1_l3_f_54
letter-probability matrix: alength= 4 w= 9 
 0.19878223 0.2002149  0.15723496 0.44376791
 0.1726361  0.06984241 0.18982808 0.56769341
 0.62249284 0.16117479 0.18051576 0.03581662
 5.24713467e-01 3.58166189e-04 3.76074499e-02 4.37320917e-01
 0.36604585 0.01755014 0.29226361 0.3241404 
 0.16833811 0.15401146 0.45487106 0.22277937
 3.58166189e-04 3.58166189e-04 3.58166189e-03 9.95702006e-01
 7.38538682e-01 3.58166189e-04 2.60744986e-01 3.58166189e-04
 5.71633238e-01 3.58166189e-04 4.24426934e-01 3.58166189e-03

MOTIF STunmod1_l3_f_55
letter-probability matrix: alength= 4 w= 9 
 0.28300483 0.0766084  0.37560431 0.26478245
 0.11230941 0.28263295 0.38452956 0.22052808
 1.65117144e-01 1.33134994e-01 7.01375976e-01 3.71885459e-04
 5.02417255e-01 7.80959464e-03 4.89401264e-01 3.71885459e-04
 0.66902194 0.2097434  0.03049461 0.09074005
 0.05466716 0.7671997  0.04946077 0.12867237
 0.0435106  0.23391595 0.00855337 0.71402008
 2.49163258e-02 6.92822611e-01 3.71885459e-04 2.81889178e-01
 0.45816289 0.3094087  0.10115284 0.13127557

MOTIF STunmod1_l3_f_56
letter-probability matrix: alength= 4 w= 9 
 0.32430603 0.15165877 0.41773866 0.10629655
 0.49356804 0.09004739 0.01963439 0.39675017
 0.46174678 0.28774543 0.10866622 0.14184157
 1.99052133e-01 3.38524035e-04 4.64793500e-01 3.35815843e-01
 2.33920108e-01 4.26878808e-01 3.38524035e-04 3.38862559e-01
 1.52335816e-02 2.64725796e-01 3.38524035e-04 7.19702099e-01
 9.98984428e-01 3.38524035e-04 3.38524035e-04 3.38524035e-04
 9.98984428e-01 3.38524035e-04 3.38524035e-04 3.38524035e-04
 0.69498984 0.08056872 0.15301286 0.07142857

MOTIF STunmod1_l3_f_57
letter-probability matrix: alength= 4 w= 9 
 8.49149508e-01 1.11906893e-02 1.39212175e-01 4.47627574e-04
 0.13160251 0.18755595 0.01432408 0.66651746
 0.08863026 0.18755595 0.68845121 0.03536258
 0.5179051  0.06222023 0.41271262 0.00716204
 0.12757386 0.27797672 0.02551477 0.56893465
 0.087735   0.19024172 0.62712623 0.09489705
 0.44897046 0.07251567 0.42793196 0.05058192
 0.11414503 0.28603402 0.16830797 0.43151298
 0.11101164 0.11324978 0.41674127 0.35899731

MOTIF STunmod1_l3_f_58
letter-probability matrix: alength= 4 w= 9 
 0.24047025 0.24367652 0.40399002 0.1118632 
 0.48236551 0.06590666 0.30388315 0.14784467
 0.58318489 0.01959387 0.06091913 0.3363021 
 0.2073388  0.08835055 0.50944068 0.19486997
 9.98931243e-01 3.56252227e-04 3.56252227e-04 3.56252227e-04
 3.56252227e-04 3.56252227e-04 3.56252227e-04 9.98931243e-01
 3.56252227e-04 3.56252227e-04 9.98931243e-01 3.56252227e-04
 0.07766299 0.05806911 0.78909868 0.07516922
 0.32418953 0.3765586  0.24225151 0.05700036

MOTIF STunmod1_l3_f_59
letter-probability matrix: alength= 4 w= 9 
 0.17286055 0.38663484 0.04602796 0.39447665
 0.32424139 0.28741902 0.34742584 0.04091374
 3.40947835e-04 2.42072963e-02 3.68564610e-01 6.06887146e-01
 0.0627344  0.02182066 0.15444937 0.76099557
 1.09785203e-01 2.13774293e-01 3.40947835e-04 6.76099557e-01
 9.98977156e-01 3.40947835e-04 3.40947835e-04 3.40947835e-04
 0.11455847 0.00511422 0.28605523 0.59427208
 0.69041937 0.03886805 0.11899079 0.15172179
 0.31946812 0.04193658 0.52471872 0.11387658

MOTIF STunmod1_l3_f_60
letter-probability matrix: alength= 4 w= 9 
 0.24760501 0.16654385 0.37988209 0.20596905
 0.1779661  0.29366249 0.19123066 0.33714075
 0.19933677 0.25460575 0.20817981 0.33787767
 3.68459838e-04 3.68459838e-04 3.68459838e-04 9.98894620e-01
 6.97126013e-01 3.68459838e-04 3.02137067e-01 3.68459838e-04
 4.34045689e-01 3.68459838e-04 5.65217391e-01 3.68459838e-04
 3.68459838e-04 3.68459838e-04 3.68459838e-04 9.98894620e-01
 7.99557848e-01 3.68459838e-04 1.99705232e-01 3.68459838e-04
 5.99484156e-01 3.68459838e-04 3.99778924e-01 3.68459838e-04

MOTIF STunmod1_l3_f_61
letter-probability matrix: alength= 4 w= 9 
 0.14682389 0.31114492 0.23354888 0.30848231
 0.64625333 0.16660327 0.05629517 0.13084823
 0.64321035 0.06466337 0.1369342  0.15519209
 8.64587296e-01 3.80372765e-04 1.34651959e-01 3.80372765e-04
 0.13921643 0.00304298 0.03233169 0.8254089 
 0.0167364  0.05363256 0.79155572 0.13807531
 3.17611259e-01 3.80372765e-04 5.30239635e-01 1.51768733e-01
 0.16051731 0.1913275  0.25903385 0.38912134
 0.10764549 0.19475086 0.65386078 0.04374287

MOTIF STunmod1_l3_f_62
letter-probability matrix: alength= 4 w= 9 
 0.31557923 0.17942743 0.40213049 0.10286285
 6.82423435e-01 2.29360852e-01 8.78828229e-02 3.32889481e-04
 0.55459387 0.30326232 0.09953395 0.04260985
 9.47070573e-01 1.83089214e-02 3.42876165e-02 3.32889481e-04
 0.67210386 0.06424767 0.16711052 0.09653795
 0.07456724 0.39014647 0.09520639 0.44007989
 9.33089214e-01 4.02796272e-02 2.62982690e-02 3.32889481e-04
 1.16844208e-01 3.32889481e-04 8.82490013e-01 3.32889481e-04
 3.32889481e-04 3.32889481e-04 9.99001332e-01 3.32889481e-04

MOTIF STunmod1_l3_f_63
letter-probability matrix: alength= 4 w= 9 
 0.31391478 0.47003995 0.04960053 0.16644474
 8.26897470e-01 6.92410120e-02 1.03528628e-01 3.32889481e-04
 0.46005326 0.28462051 0.11484687 0.14047936
 0.33954727 0.30992011 0.1424767  0.20805593
 0.33355526 0.25532623 0.40346205 0.00765646
 9.99001332e-01 3.32889481e-04 3.32889481e-04 3.32889481e-04
 3.32889481e-04 3.32889481e-04 3.32889481e-04 9.99001332e-01
 3.32889481e-04 3.32889481e-04 9.99001332e-01 3.32889481e-04
 0.22403462 0.11284953 0.42243675 0.24067909

MOTIF STunmod1_l3_f_64
letter-probability matrix: alength= 4 w= 9 
 0.81990679 0.05792277 0.09054594 0.0316245 
 0.5695739  0.4051265  0.01564581 0.00965379
 0.89846871 0.0412783  0.04360852 0.01664447
 0.14380826 0.06524634 0.36051931 0.4304261 
 0.11251664 0.73668442 0.11185087 0.03894807
 0.00466045 0.00332889 0.83788282 0.15412783
 0.06458056 0.15312916 0.74500666 0.03728362
 0.41544607 0.23135819 0.29993342 0.05326232
 0.19340879 0.1770972  0.08422104 0.54527297

MOTIF STunmod1_l3_f_65
letter-probability matrix: alength= 4 w= 9 
 0.09633313 0.09881914 0.45742697 0.34742076
 0.0459913  0.38036047 0.31448104 0.25916718
 0.05034183 0.80733375 0.077688   0.06463642
 8.29707893e-01 6.21504040e-04 1.69049099e-01 6.21504040e-04
 2.88999378e-01 6.86140460e-01 6.21504040e-04 2.42386576e-02
 9.06152890e-01 9.26041019e-02 6.21504040e-04 6.21504040e-04
 9.98135488e-01 6.21504040e-04 6.21504040e-04 6.21504040e-04
 0.1392169  0.51771287 0.00745805 0.33561218
 0.01926663 0.2461156  0.69049099 0.04412679

MOTIF STunmod1_l3_f_66
letter-probability matrix: alength= 4 w= 9 
 0.60350757 0.15990371 0.11726272 0.119326  
 5.08253095e-01 2.54470426e-02 3.43878955e-04 4.65955983e-01
 3.43878955e-04 2.54470426e-02 4.65955983e-01 5.08253095e-01
 0.26822558 0.08321871 0.56361761 0.0849381 
 0.61657497 0.09181568 0.07909216 0.21251719
 0.28679505 0.03679505 0.17331499 0.50309491
 0.14167813 0.03473177 0.49896836 0.32462173
 0.24656121 0.14236589 0.49209078 0.11898212
 0.25859697 0.2369326  0.2647868  0.23968363

MOTIF STunmod1_l3_f_67
letter-probability matrix: alength= 4 w= 9 
 0.31530576 0.36726759 0.14492754 0.17249912
 0.36938848 0.27606928 0.22198657 0.13255567
 0.21385649 0.09473312 0.39201131 0.29939908
 3.53481796e-04 4.83563097e-01 8.58960764e-02 4.30187345e-01
 3.53481796e-04 3.53481796e-04 9.82679392e-02 9.01025097e-01
 7.06963591e-01 3.53481796e-04 2.92329445e-01 3.53481796e-04
 9.74902793e-01 3.53481796e-04 2.43902439e-02 3.53481796e-04
 0.04524567 0.05655709 0.16578296 0.73241428
 3.53481796e-04 4.59526334e-03 9.28243195e-01 6.68080594e-02

MOTIF STunmod1_l3_f_68
letter-probability matrix: alength= 4 w= 9 
 0.34953395 0.40079893 0.10552597 0.14414115
 0.66910786 0.26131824 0.01165113 0.05792277
 0.75832224 0.1454727  0.05725699 0.03894807
 0.63448735 0.01398136 0.02396804 0.32756325
 0.36551265 0.13448735 0.10585885 0.39414115
 7.75632490e-02 3.32889481e-04 3.38215712e-01 5.83888149e-01
 0.01964048 0.04260985 0.75366178 0.18408788
 0.00932091 0.11551265 0.81258322 0.06258322
 0.19041278 0.39813582 0.2879494  0.123502  

MOTIF STunmod1_l3_f_69
letter-probability matrix: alength= 4 w= 9 
 0.17788462 0.46634615 0.04086538 0.31490385
 0.47115385 0.05048077 0.19230769 0.28605769
 0.48557692 0.26682692 0.125      0.12259615
 0.00240385 0.00240385 0.01923077 0.97596154
 0.00240385 0.01923077 0.93028846 0.04807692
 0.00240385 0.04567308 0.91346154 0.03846154
 0.00240385 0.99278846 0.00240385 0.00240385
 0.08894231 0.59375    0.07932692 0.23798077
 0.00240385 0.94471154 0.00240385 0.05048077

MOTIF STunmod1_l3_f_70
letter-probability matrix: alength= 4 w= 9 
 0.27935943 0.37010676 0.1797153  0.17081851
 0.30427046 0.29537367 0.18327402 0.21708185
 0.02669039 0.20640569 0.74199288 0.02491103
 0.00177936 0.83807829 0.00177936 0.15836299
 0.00177936 0.00177936 0.99466192 0.00177936
 0.00177936 0.00177936 0.99466192 0.00177936
 0.00177936 0.00177936 0.99466192 0.00177936
 0.00177936 0.00177936 0.99466192 0.00177936
 0.00177936 0.22419929 0.7455516  0.02846975

MOTIF STunmod1_l3_f_71
letter-probability matrix: alength= 4 w= 9 
 0.37122253 0.21394231 0.16483516 0.25      
 0.33207418 0.12809066 0.23832418 0.30151099
 0.28537088 0.02678571 0.04429945 0.64354396
 5.55975275e-01 3.43406593e-04 3.84958791e-01 5.87225275e-02
 0.84787088 0.03021978 0.05116758 0.07074176
 3.43406593e-04 3.43406593e-04 3.43406593e-04 9.98969780e-01
 9.23420330e-01 3.43406593e-04 7.58928571e-02 3.43406593e-04
 2.75068681e-01 3.43406593e-04 7.24244505e-01 3.43406593e-04
 0.51339286 0.13118132 0.22252747 0.13289835

MOTIF STunmod1_l3_f_72
letter-probability matrix: alength= 4 w= 9 
 0.41977364 0.1677763  0.25998668 0.15246338
 0.01298269 0.02163782 0.73002663 0.23535286
 0.00932091 0.07057257 0.00599201 0.91411451
 0.00898802 0.19806924 0.5665779  0.22636485
 3.32889481e-04 3.32889481e-04 3.32889481e-04 9.99001332e-01
 9.21105193e-01 3.32889481e-04 7.82290280e-02 3.32889481e-04
 7.20039947e-01 3.32889481e-04 2.79294274e-01 3.32889481e-04
 0.12949401 0.24334221 0.19507324 0.43209055
 0.19640479 0.26165113 0.42276964 0.11917443

MOTIF STunmod1_l3_f_73
letter-probability matrix: alength= 4 w= 9 
 0.00853432 0.12764378 0.5851577  0.27866419
 3.71057514e-04 2.33766234e-02 3.71057514e-04 9.75881262e-01
 5.34322820e-02 3.71057514e-04 8.87569573e-01 5.86270872e-02
 6.44526902e-01 7.71799629e-02 2.77922078e-01 3.71057514e-04
 7.33951763e-01 3.71057514e-04 2.65306122e-01 3.71057514e-04
 0.84341373 0.01187384 0.11539889 0.02931354
 6.45640074e-02 3.71057514e-04 8.83116883e-01 5.19480519e-02
 0.45974026 0.20222635 0.03858998 0.29944341
 0.27829314 0.23821892 0.12949907 0.35398887

MOTIF STunmod1_l3_f_74
letter-probability matrix: alength= 4 w= 9 
 0.02729694 0.44241012 0.19573901 0.33455393
 0.36584554 0.06857523 0.49234354 0.07323569
 3.32889481e-04 4.58721704e-01 1.06524634e-02 5.30292943e-01
 0.52330226 0.03462051 0.3448735  0.09720373
 0.16111851 0.19507324 0.0442743  0.59953395
 6.20173103e-01 3.32889481e-04 3.79161119e-01 3.32889481e-04
 1.30825566e-01 1.98402130e-01 3.32889481e-04 6.70439414e-01
 0.1361518  0.04627164 0.79227696 0.0252996 
 0.30426099 0.40712383 0.16644474 0.12217044

MOTIF STunmod1_l3_f_75
letter-probability matrix: alength= 4 w= 9 
 0.30193076 0.15246338 0.47237017 0.07323569
 2.14380826e-01 3.32889481e-04 7.82623169e-01 2.66311585e-03
 1.75099867e-01 3.32889481e-04 8.04593875e-01 1.99733688e-02
 1.80426099e-01 3.32889481e-04 8.18908123e-01 3.32889481e-04
 5.17310253e-01 3.32889481e-04 3.99800266e-01 8.25565912e-02
 0.26331558 0.00266312 0.4523968  0.2816245 
 0.19074567 0.1424767  0.42276964 0.24400799
 0.10319574 0.3258988  0.44141145 0.12949401
 0.37716378 0.37516644 0.22103862 0.02663116

MOTIF STunmod1_l3_f_76
letter-probability matrix: alength= 4 w= 9 
 0.00601132 0.03677511 0.95473833 0.00247525
 3.53606789e-04 6.25884017e-02 9.36704385e-01 3.53606789e-04
 3.53606789e-04 9.50495050e-01 4.59688826e-02 3.18246110e-03
 0.18670438 0.19306931 0.39285714 0.22736917
 2.02616690e-01 7.49646393e-01 3.53606789e-04 4.73833098e-02
 0.24929279 0.49964639 0.24929279 0.00176803
 0.36280057 0.26379066 0.24575672 0.12765205
 0.09335219 0.34123055 0.42892504 0.13649222
 0.48514851 0.11138614 0.32072136 0.08274399

MOTIF STunmod1_l3_f_77
letter-probability matrix: alength= 4 w= 9 
 0.44318611 0.14156285 0.30917327 0.10607777
 0.39260098 0.31294828 0.07436769 0.22008305
 0.76217441 0.06795017 0.06832767 0.10154775
 0.17289543 0.2416006  0.13288033 0.45262363
 9.98867497e-01 3.77500944e-04 3.77500944e-04 3.77500944e-04
 3.77500944e-04 3.77500944e-04 3.77500944e-04 9.98867497e-01
