MEME version 5.3.0

ALPHABET= ACGT

strands: + -

Background letter frequencies
A 0.25 C 0.25 G 0.25 T 0.25

MOTIF STunmod1_l3_f_1
letter-probability matrix: alength= 4 w= 9 
 0.51697736 0.22536618 0.16344874 0.09420772
 7.54993342e-01 2.37017310e-01 3.32889481e-04 7.65645806e-03
 9.16777630e-01 8.25565912e-02 3.32889481e-04 3.32889481e-04
 0.8954727  0.00299601 0.09454061 0.00699068
 8.20572570e-01 2.69640479e-02 3.32889481e-04 1.52130493e-01
 0.08355526 0.00732357 0.47336884 0.43575233
 0.50932091 0.19973369 0.12716378 0.16378162
 0.15912117 0.16577896 0.3608522  0.31424767
 0.06724368 0.26564581 0.0569241  0.61018642

MOTIF STunmod1_l3_f_2
letter-probability matrix: alength= 4 w= 9 
 0.0261547  0.35614914 0.04117974 0.57651642
 7.22314969e-01 5.56483027e-04 2.47078464e-01 3.00500835e-02
 0.26099054 0.67612688 0.01168614 0.05119644
 9.54368392e-01 3.89538119e-03 4.11797440e-02 5.56483027e-04
 9.98330551e-01 5.56483027e-04 5.56483027e-04 5.56483027e-04
 0.06622148 0.02838063 0.46132443 0.44407346
 0.54368392 0.06343907 0.01725097 0.37562604
 1.56371731e-01 5.56483027e-04 7.32888147e-01 1.10183639e-01
 0.08792432 0.13578186 0.56816917 0.20812465

MOTIF STunmod1_l3_f_3
letter-probability matrix: alength= 4 w= 9 
 0.58998371 0.06311075 0.28868078 0.05822476
 0.24022801 0.04030945 0.13680782 0.58265472
 0.29600977 0.0480456  0.62459283 0.03135179
 9.98778502e-01 4.07166124e-04 4.07166124e-04 4.07166124e-04
 4.07166124e-04 4.07166124e-04 4.07166124e-04 9.98778502e-01
 4.07166124e-04 4.07166124e-04 9.98778502e-01 4.07166124e-04
 0.38965798 0.11359935 0.06636808 0.43037459
 0.24348534 0.18973941 0.17345277 0.39332248
 0.48167752 0.29112378 0.06677524 0.16042345

MOTIF STunmod1_l3_f_4
letter-probability matrix: alength= 4 w= 9 
 0.31228785 0.10862186 0.14765784 0.43143245
 0.85743381 0.05804481 0.05838425 0.02613714
 4.29056348e-01 3.39443313e-04 3.70672098e-01 1.99932111e-01
 0.16089613 0.032926   0.25118805 0.55498982
 0.03598099 0.57162254 0.03835709 0.35403938
 0.80108622 0.15139172 0.0227427  0.02477936
 0.02308215 0.00441276 0.76782077 0.20468432
 7.02647658e-02 2.10454854e-02 3.39443313e-04 9.08350305e-01
 0.07535642 0.12423625 0.33536999 0.46503734

MOTIF STunmod1_l3_f_5
letter-probability matrix: alength= 4 w= 9 
 0.18308921 0.41577896 0.22869507 0.17243675
 5.33954727e-01 7.39014647e-02 3.91810919e-01 3.32889481e-04
 3.32889481e-04 3.32889481e-04 9.99001332e-01 3.32889481e-04
 3.32889481e-04 2.36351531e-02 6.17842876e-01 3.58189081e-01
 3.32889481e-04 1.53794940e-01 6.72769640e-01 1.73102530e-01
 3.32889481e-04 3.32889481e-04 3.32889481e-04 9.99001332e-01
 4.47403462e-01 3.32889481e-04 5.51930759e-01 3.32889481e-04
 7.36351531e-01 3.32889481e-04 2.62982690e-01 3.32889481e-04
 0.34454061 0.21105193 0.25898802 0.18541944

MOTIF STunmod1_l3_f_6
letter-probability matrix: alength= 4 w= 9 
 0.24633822 0.40446072 0.21071904 0.13848202
 0.54094541 0.02929427 0.4270972  0.00266312
 0.36251664 0.2023968  0.29061252 0.14447403
 0.27663116 0.15013316 0.35352863 0.21970706
 9.96338216e-01 2.99600533e-03 3.32889481e-04 3.32889481e-04
 3.32889481e-04 3.32889481e-04 3.32889481e-04 9.99001332e-01
 3.32889481e-04 3.32889481e-04 9.99001332e-01 3.32889481e-04
 3.32889481e-04 7.65645806e-03 9.79693742e-01 1.23169108e-02
 0.23268975 0.42643142 0.33655126 0.00432756

MOTIF STunmod1_l3_f_7
letter-probability matrix: alength= 4 w= 9 
 0.25009972 0.02193857 0.26804946 0.45991225
 0.40646191 0.07818109 0.46190666 0.05345034
 8.09732748e-01 3.98883127e-04 1.16872756e-01 7.29956123e-02
 8.07339450e-01 3.98883127e-04 1.73115277e-01 1.91463901e-02
 0.00757878 0.04228161 0.05185481 0.8982848 
 0.01874751 0.08456322 0.00638213 0.89030714
 0.43518149 0.13681691 0.39409653 0.03390507
 0.40406861 0.00438771 0.23055445 0.36098923
 0.31352214 0.14120463 0.02034304 0.5249302 

MOTIF STunmod1_l3_f_8
letter-probability matrix: alength= 4 w= 9 
 0.3861518  0.44007989 0.1298269  0.04394141
 0.79693742 0.07456724 0.08921438 0.03928096
 0.76764314 0.05625832 0.13215712 0.04394141
 0.25599201 0.03295606 0.00998668 0.70106525
 0.49567244 0.01764314 0.30825566 0.17842876
 3.32889481e-04 1.03528628e-01 3.64846871e-01 5.31291611e-01
 0.11251664 0.01531292 0.01964048 0.85252996
 0.05326232 0.08189081 0.73302264 0.13182423
 0.04194407 0.19107856 0.48035952 0.28661784

MOTIF STunmod1_l3_f_10
letter-probability matrix: alength= 4 w= 9 
 0.35897436 0.35897436 0.02564103 0.25641026
 0.02564103 0.25641026 0.71367521 0.0042735 
 0.0042735  0.37606838 0.0042735  0.61538462
 0.0042735  0.98717949 0.0042735  0.0042735 
 0.0042735  0.98717949 0.0042735  0.0042735 
 0.0042735  0.0042735  0.0042735  0.98717949
 0.45726496 0.0042735  0.53418803 0.0042735 
 0.78632479 0.0042735  0.0042735  0.20512821
 0.24358974 0.0042735  0.5042735  0.24786325

MOTIF STunmod1_l3_f_11
letter-probability matrix: alength= 4 w= 9 
 0.66805846 0.10577592 0.11830202 0.1078636 
 0.1440501  0.1440501  0.09881698 0.61308281
 0.52679193 0.00069589 0.47181628 0.00069589
 0.21851079 0.09812109 0.11482255 0.56854558
 0.2407794  0.10925539 0.50173974 0.14822547
 9.40153097e-01 6.95894224e-04 5.35838553e-02 5.56715379e-03
 6.95894224e-04 6.95894224e-04 5.84551148e-02 9.40153097e-01
 0.01948504 0.0125261  0.96242171 0.00556715
 0.22686152 0.17327766 0.34794711 0.25191371

MOTIF STunmod1_l3_f_12
letter-probability matrix: alength= 4 w= 9 
 0.73868176 0.08055925 0.12283622 0.05792277
 0.82623169 0.05992011 0.07556591 0.03828229
 0.09587217 0.02296937 0.01498003 0.86617843
 0.01498003 0.02130493 0.5286285  0.43508655
 0.06225033 0.01531292 0.22003995 0.7023968 
 0.23268975 0.03928096 0.33921438 0.38881491
 0.1075233  0.06557923 0.12616511 0.70073236
 0.21105193 0.14380826 0.38482024 0.26031957
 0.32856192 0.04993342 0.25732357 0.36418109

MOTIF STunmod1_l3_f_13
letter-probability matrix: alength= 4 w= 9 
 0.74034621 0.05958722 0.10286285 0.09720373
 0.46904128 0.00832224 0.39980027 0.12283622
 3.32889481e-04 3.89147803e-01 8.62183755e-02 5.24300932e-01
 0.15645806 0.13881491 0.30725699 0.39747004
 0.37450067 0.25998668 0.24500666 0.12050599
 3.17243675e-01 3.32889481e-04 3.32889481e-04 6.82090546e-01
 5.93541944e-01 3.32889481e-04 8.15579228e-02 3.24567244e-01
 1.68442077e-01 3.32889481e-04 8.30892144e-01 3.32889481e-04
 0.36517976 0.05292943 0.19141145 0.39047936

MOTIF STunmod1_l3_f_14
letter-probability matrix: alength= 4 w= 9 
 0.06046065 0.04702495 0.05566219 0.83685221
 0.22648752 0.08829175 0.5547025  0.13051823
 9.59692898e-04 9.59692898e-04 9.59692898e-04 9.97120921e-01
 0.87907869 0.00095969 0.11900192 0.00095969
 0.35028791 0.00095969 0.64779271 0.00095969
 0.22744722 0.48752399 0.1353167  0.14971209
 0.00959693 0.20057582 0.07773512 0.71209213
 0.00095969 0.11804223 0.1621881  0.71880998
 0.19193858 0.14203455 0.5671785  0.09884837

MOTIF STunmod1_l3_f_15
letter-probability matrix: alength= 4 w= 9 
 9.23032070e-01 5.83090379e-04 5.83090379e-04 7.58017493e-02
 5.83090379e-04 9.38775510e-02 5.83090379e-04 9.04956268e-01
 6.12244898e-02 5.83090379e-04 9.37609329e-01 5.83090379e-04
 0.42798834 0.19533528 0.04606414 0.33061224
 0.35626822 0.50612245 0.12419825 0.01341108
 5.83090379e-04 8.32069971e-01 5.83090379e-04 1.66763848e-01
 0.50262391 0.27463557 0.20174927 0.02099125
 0.22274052 0.15393586 0.22332362 0.4       
 0.3755102  0.22565598 0.1755102  0.22332362

MOTIF STunmod1_l3_f_16
letter-probability matrix: alength= 4 w= 9 
 0.49267643 0.01997337 0.47969374 0.00765646
 0.03661784 0.31458056 0.25366178 0.39513981
 0.0252996  0.51498003 0.04360852 0.41611185
 4.78362184e-01 3.32889481e-04 5.18641811e-01 2.66311585e-03
 0.29061252 0.313249   0.13482024 0.26131824
 9.63382157e-01 3.32889481e-04 3.59520639e-02 3.32889481e-04
 3.59520639e-02 3.32889481e-04 3.32889481e-04 9.63382157e-01
 3.32889481e-04 3.32889481e-04 9.63382157e-01 3.59520639e-02
 0.29627164 0.16711052 0.38049268 0.15612517

MOTIF STunmod1_l3_f_17
letter-probability matrix: alength= 4 w= 9 
 0.20696721 0.09836066 0.25819672 0.43647541
 0.16325137 0.23872951 0.00990437 0.58811475
 0.09528689 0.00751366 0.62056011 0.27663934
 0.15778689 0.01980874 0.11031421 0.71209016
 0.50990437 0.09870219 0.23941257 0.15198087
 3.41530055e-04 3.41530055e-04 4.81557377e-02 9.51161202e-01
 7.62978142e-01 3.41530055e-04 2.02868852e-01 3.38114754e-02
 5.09221311e-01 3.41530055e-04 4.90095628e-01 3.41530055e-04
 0.11987705 0.17486339 0.35143443 0.35382514

MOTIF STunmod1_l3_f_18
letter-probability matrix: alength= 4 w= 9 
 0.49134487 0.18308921 0.16944075 0.15612517
 0.47902796 0.11251664 0.25765646 0.15079893
 0.06491345 0.53129161 0.40013316 0.00366178
 3.32889481e-04 3.32889481e-04 9.99001332e-01 3.32889481e-04
 3.32889481e-04 3.32889481e-04 9.99001332e-01 3.32889481e-04
 3.32889481e-04 3.32889481e-04 9.99001332e-01 3.32889481e-04
 1.23169108e-02 9.65379494e-03 9.77696405e-01 3.32889481e-04
 0.0159787  0.20372836 0.55758988 0.22270306
 0.27796272 0.29327563 0.22370173 0.20505992

MOTIF STunmod1_l3_f_19
letter-probability matrix: alength= 4 w= 9 
 0.31818182 0.22537879 0.25378788 0.20265152
 0.31060606 0.24431818 0.24621212 0.19886364
 0.99431818 0.00189394 0.00189394 0.00189394
 0.00189394 0.00189394 0.00189394 0.99431818
 0.00189394 0.00189394 0.99431818 0.00189394
 0.99431818 0.00189394 0.00189394 0.00189394
 0.00189394 0.00189394 0.00189394 0.99431818
 0.00189394 0.00189394 0.99431818 0.00189394
 0.3030303  0.14962121 0.32386364 0.22348485

MOTIF STunmod1_l3_f_20
letter-probability matrix: alength= 4 w= 9 
 0.40783034 0.23083197 0.12561175 0.23572594
 0.59176183 0.09624796 0.21003263 0.10195759
 0.72512235 0.00611746 0.08278956 0.18597064
 0.0632137  0.00978793 0.25570962 0.67128874
 0.22389886 0.01794454 0.74510604 0.01305057
 0.5269168  0.03303426 0.20840131 0.23164763
 4.07830343e-04 4.07830343e-04 5.50978793e-01 4.48205546e-01
 0.02079935 0.01998369 0.7769168  0.18230016
 0.19575856 0.33646003 0.32340946 0.14437194

MOTIF STunmod1_l3_f_21
letter-probability matrix: alength= 4 w= 9 
 0.2202381  0.24404762 0.41456583 0.12114846
 0.01015406 0.24369748 0.55987395 0.18627451
 0.06932773 0.07212885 0.25910364 0.59943978
 2.25840336e-01 3.50140056e-04 7.73459384e-01 3.50140056e-04
 0.04306723 0.08508403 0.71323529 0.15861345
 0.22829132 0.39320728 0.36029412 0.01820728
 3.50140056e-04 3.50140056e-04 9.75140056e-01 2.41596639e-02
 0.02415966 0.77766106 0.13970588 0.05847339
 0.11134454 0.2447479  0.50385154 0.14005602

MOTIF STunmod1_l3_f_22
letter-probability matrix: alength= 4 w= 9 
 3.32889481e-04 1.47470040e-01 8.41544607e-01 1.06524634e-02
 3.32889481e-04 4.99334221e-01 1.41810919e-01 3.58521971e-01
 3.32889481e-04 3.32889481e-04 9.69041278e-01 3.02929427e-02
 0.01631158 0.7976032  0.08821571 0.09786951
 0.18475366 0.53994674 0.25832224 0.01697736
 0.79560586 0.1960719  0.00532623 0.00299601
 0.30326232 0.00832224 0.63415446 0.05426099
 0.08255659 0.15279627 0.57856192 0.18608522
 0.34454061 0.24101198 0.33521971 0.0792277 

MOTIF STunmod1_l3_f_23
letter-probability matrix: alength= 4 w= 9 
 0.32789614 0.13848202 0.37916112 0.15446072
 0.24001332 0.5316245  0.1138482  0.11451398
 2.71637816e-01 1.52130493e-01 5.75898802e-01 3.32889481e-04
 0.69174434 0.11917443 0.17942743 0.00965379
 0.39181092 0.09121172 0.51198402 0.00499334
 9.99001332e-01 3.32889481e-04 3.32889481e-04 3.32889481e-04
 3.32889481e-04 3.32889481e-04 3.32889481e-04 9.99001332e-01
 3.32889481e-04 3.32889481e-04 9.99001332e-01 3.32889481e-04
 0.09886818 0.11051931 0.60952064 0.18109188

MOTIF STunmod1_l3_f_24
letter-probability matrix: alength= 4 w= 9 
 0.17917034 0.11782877 0.18799647 0.51500441
 0.16813769 0.15798764 0.12974404 0.54413063
 0.21756399 0.23565755 0.19947043 0.34730803
 9.62047661e-01 4.41306267e-04 3.70697264e-02 4.41306267e-04
 3.10679612e-01 4.41306267e-04 3.48631951e-02 6.54015887e-01
 0.10061783 0.02647838 0.690203   0.18270079
 9.60723742e-01 7.50220653e-03 4.41306267e-04 3.13327449e-02
 6.48720212e-02 4.41306267e-04 3.06707855e-01 6.27978817e-01
 0.45586937 0.04280671 0.44174757 0.05957635

MOTIF STunmod1_l3_f_25
letter-probability matrix: alength= 4 w= 9 
 0.0407332  0.05702648 0.02443992 0.87780041
 0.00203666 0.00203666 0.80040733 0.19551935
 0.10183299 0.00203666 0.75356415 0.14256619
 0.0712831  0.74949084 0.00203666 0.17718941
 0.16700611 0.0203666  0.35234216 0.46028513
 0.18126273 0.00203666 0.5885947  0.22810591
 0.15885947 0.82688391 0.00203666 0.01221996
 0.08961303 0.04684318 0.27291242 0.59063136
 0.45010183 0.43380855 0.02240326 0.09368635

MOTIF STunmod1_l3_f_26
letter-probability matrix: alength= 4 w= 9 
 0.11617843 0.10186418 0.4873502  0.29460719
 0.0159787  0.28561917 0.26997337 0.42842876
 7.52330226e-02 9.09786951e-01 3.32889481e-04 1.46471372e-02
 5.71238349e-01 3.32889481e-04 4.28095872e-01 3.32889481e-04
 0.67509987 0.28062583 0.0349534  0.00932091
 0.46671105 0.0316245  0.06824234 0.4334221 
 9.99001332e-01 3.32889481e-04 3.32889481e-04 3.32889481e-04
 6.15845539e-02 3.32889481e-04 3.94474035e-01 5.43608522e-01
 0.1707723  0.13348868 0.42842876 0.26731025

MOTIF STunmod1_l3_f_27
letter-probability matrix: alength= 4 w= 9 
 0.48435419 0.21637816 0.15146471 0.14780293
 0.02629827 0.2816245  0.32656458 0.36551265
 3.32889481e-04 9.72037284e-02 1.23169108e-02 8.90146471e-01
 1.15512650e-01 3.32889481e-04 6.39480692e-01 2.44673768e-01
 0.00965379 0.81158455 0.1391478  0.03961385
 1.34820240e-01 3.32889481e-04 3.32889481e-04 8.64513981e-01
 2.20372836e-01 3.32889481e-04 6.44474035e-01 1.34820240e-01
 0.4430759  0.01664447 0.51930759 0.02097204
 0.39214381 0.26398136 0.25366178 0.09021305

MOTIF STunmod1_l3_f_28
letter-probability matrix: alength= 4 w= 9 
 0.81258322 0.06990679 0.07157124 0.04593875
 0.45272969 0.38415446 0.04460719 0.11850866
 0.10053262 0.79727031 0.02330226 0.07889481
 8.92143808e-01 3.02929427e-02 7.72303595e-02 3.32889481e-04
 0.15079893 0.20772304 0.08155792 0.55992011
 0.24933422 0.34587217 0.16844208 0.23635153
 2.05059920e-01 3.32889481e-04 7.88282290e-01 6.32490013e-03
 0.05592543 0.03695073 0.90412783 0.00299601
 0.07423435 0.08521971 0.81757656 0.02296937

MOTIF STunmod1_l3_f_29
letter-probability matrix: alength= 4 w= 9 
 0.70539281 0.07256991 0.15778961 0.06424767
 4.66378162e-01 3.32889481e-04 4.49733688e-01 8.35552597e-02
 0.04893475 0.13415446 0.42143808 0.3954727 
 0.48302264 0.186751   0.06757656 0.2626498 
 0.5729028  0.14214381 0.08189081 0.20306258
 1.67443409e-01 3.32889481e-04 3.06258322e-02 8.01597870e-01
 6.78095872e-01 3.32889481e-04 3.32889481e-04 3.21238349e-01
 6.35818908e-02 3.32889481e-04 9.35752330e-01 3.32889481e-04
 0.04360852 0.13581891 0.45539281 0.36517976

MOTIF STunmod1_l3_f_30
letter-probability matrix: alength= 4 w= 9 
 0.04560586 0.44640479 0.03428762 0.47370173
 3.32889481e-04 6.57789614e-01 4.46071904e-02 2.97270306e-01
 0.50932091 0.19973369 0.10153129 0.18941411
 0.26664447 0.42310253 0.07190413 0.23834887
 9.21438083e-01 7.65645806e-03 3.32889481e-04 7.05725699e-02
 3.32889481e-04 2.26364847e-02 7.22370173e-02 9.04793609e-01
 5.12649800e-02 2.82956059e-02 9.20106525e-01 3.32889481e-04
 0.33788282 0.26364847 0.21471372 0.18375499
 0.15679095 0.18009321 0.26764314 0.3954727 

MOTIF STunmod1_l3_f_31
letter-probability matrix: alength= 4 w= 9 
 0.26532138 0.35799701 0.08893871 0.2877429 
 0.32174888 0.18834081 0.17339312 0.31651719
 0.16106129 0.37967115 0.30343797 0.1558296 
 1.05007474e-01 3.73692078e-04 8.94245142e-01 3.73692078e-04
 0.12182362 0.55269058 0.08221226 0.24327354
 8.76307922e-01 8.59491779e-02 3.73692078e-04 3.73692078e-02
 1.22944694e-01 3.73692078e-04 3.73692078e-04 8.76307922e-01
 3.73692078e-04 2.61584454e-03 8.76307922e-01 1.20702541e-01
 0.12630792 0.14686099 0.5941704  0.13266069

MOTIF STunmod1_l3_f_32
letter-probability matrix: alength= 4 w= 9 
 0.17576565 0.30492676 0.18209055 0.33721704
 0.03828229 0.22536618 0.37749667 0.35885486
 6.26165113e-01 3.32889481e-04 3.23235686e-01 5.02663116e-02
 2.96604527e-01 3.32889481e-04 5.52596538e-01 1.50466045e-01
 9.99001332e-01 3.32889481e-04 3.32889481e-04 3.32889481e-04
 3.32889481e-04 3.32889481e-04 3.32889481e-04 9.99001332e-01
 3.32889481e-04 3.32889481e-04 9.99001332e-01 3.32889481e-04
 0.35585885 0.060253   0.38881491 0.19507324
 0.14813582 0.1614514  0.55259654 0.13781625

MOTIF STunmod1_l3_f_33
letter-probability matrix: alength= 4 w= 9 
 0.19107856 0.18275632 0.47170439 0.15446072
 5.42609854e-02 1.69107856e-01 3.32889481e-04 7.76298269e-01
 1.83089214e-02 3.32889481e-04 7.70972037e-01 2.10386152e-01
 0.05193076 0.10652463 0.7723036  0.06924101
 3.26897470e-01 6.69773635e-01 3.32889481e-04 2.99600533e-03
 0.03861518 0.00565912 0.52330226 0.43242344
 0.26864181 0.40912117 0.27962716 0.04260985
 0.51797603 0.25299601 0.10818908 0.12083888
 0.16711052 0.10952064 0.11984021 0.60352863

MOTIF STunmod1_l3_f_34
letter-probability matrix: alength= 4 w= 9 
 0.22408588 0.44246897 0.0509896  0.28245555
 0.50956055 0.10130829 0.29654478 0.09258638
 0.03690037 0.09594096 0.63703455 0.23012412
 3.35457900e-04 1.34183160e-03 3.35457900e-04 9.97987253e-01
 3.35457900e-04 1.34183160e-03 9.97987253e-01 3.35457900e-04
 3.35457900e-04 1.34183160e-03 9.97987253e-01 3.35457900e-04
 2.55618920e-01 7.19892653e-01 2.41529688e-02 3.35457900e-04
 0.08319356 0.2039584  0.51023147 0.20261657
 0.24320698 0.34283797 0.25628984 0.15766521

MOTIF STunmod1_l3_f_35
letter-probability matrix: alength= 4 w= 9 
 0.53428762 0.1391478  0.13448735 0.19207723
 0.31091877 0.01564581 0.10486019 0.56857523
 0.46005326 0.0159787  0.03961385 0.48435419
 5.43941411e-01 3.32889481e-04 4.39747004e-01 1.59786951e-02
 0.04294274 0.0539281  0.77596538 0.12716378
 3.32889481e-04 4.18109188e-01 1.83089214e-02 5.63249001e-01
 0.11118509 0.45605859 0.33521971 0.09753662
 0.2120506  0.45372836 0.0476032  0.28661784
 0.32090546 0.46304927 0.07223702 0.14380826

MOTIF STunmod1_l3_f_36
letter-probability matrix: alength= 4 w= 9 
 0.04060914 0.00507614 0.92893401 0.02538071
 0.00507614 0.18781726 0.00507614 0.80203046
 0.64974619 0.00507614 0.34010152 0.00507614
 0.00507614 0.30964467 0.00507614 0.68020305
 0.1319797  0.48730964 0.37563452 0.00507614
 0.05583756 0.73604061 0.00507614 0.20304569
 0.27411168 0.03045685 0.69035533 0.00507614
 0.00507614 0.98477157 0.00507614 0.00507614
 0.5177665  0.13705584 0.06598985 0.27918782

MOTIF STunmod1_l3_f_37
letter-probability matrix: alength= 4 w= 9 
 0.42636986 0.25136986 0.11849315 0.20376712
 0.4510274  0.32363014 0.11541096 0.10993151
 0.13082192 0.37157534 0.21678082 0.28082192
 0.03287671 0.08938356 0.43835616 0.43938356
 3.84931507e-01 5.97260274e-01 3.42465753e-04 1.74657534e-02
 7.84589041e-01 2.14726027e-01 3.42465753e-04 3.42465753e-04
 6.77054795e-01 3.14041096e-01 8.56164384e-03 3.42465753e-04
 8.11643836e-02 3.42465753e-04 9.18150685e-01 3.42465753e-04
 3.42465753e-04 3.42465753e-04 9.97945205e-01 1.36986301e-03

MOTIF STunmod1_l3_f_38
letter-probability matrix: alength= 4 w= 9 
 0.372433   0.16602854 0.33832231 0.12321615
 0.55795336 0.0602158  0.12739297 0.25443787
 0.24364775 0.00696136 0.09119387 0.65819701
 0.14723286 0.11381831 0.41489732 0.32405151
 0.53846154 0.05464671 0.26418378 0.14270797
 5.83710407e-01 3.48068221e-04 3.48068221e-04 4.15593456e-01
 3.48068221e-04 3.48068221e-04 4.15593456e-01 5.83710407e-01
 0.0678733  0.1423599  0.63696485 0.15280195
 0.36860425 0.21997912 0.22171946 0.18969718

MOTIF STunmod1_l3_f_39
letter-probability matrix: alength= 4 w= 9 
 0.3079561  0.30727023 0.23628258 0.14849108
 0.18038409 0.07167353 0.40329218 0.34465021
 3.42935528e-04 2.04732510e-01 3.05212620e-01 4.89711934e-01
 3.42935528e-04 3.42935528e-04 9.32784636e-02 9.06035665e-01
 0.28052126 0.04046639 0.64437586 0.03463649
 9.79423868e-01 3.42935528e-04 1.98902606e-02 3.42935528e-04
 0.42318244 0.01989026 0.04835391 0.50857339
 0.30349794 0.02674897 0.47736626 0.19238683
 0.38854595 0.17866941 0.07167353 0.36111111

MOTIF STunmod1_l3_f_40
letter-probability matrix: alength= 4 w= 9 
 0.55992011 0.27296937 0.12749667 0.03961385
 9.42077230e-01 3.32889481e-04 5.72569907e-02 3.32889481e-04
 0.45372836 0.21704394 0.14380826 0.18541944
 0.29161119 0.34953395 0.26198402 0.09687084
 9.44740346e-01 3.32889481e-04 2.89613848e-02 2.59653795e-02
 0.00299601 0.02629827 0.02596538 0.94474035
 3.32889481e-04 3.32889481e-04 9.75033289e-01 2.43009321e-02
 0.09154461 0.07023968 0.7057257  0.13249001
 0.35219707 0.28695073 0.31091877 0.04993342

MOTIF STunmod1_l3_f_41
letter-probability matrix: alength= 4 w= 9 
 0.5751338  0.25236723 0.10292301 0.06957596
 5.81720873e-01 4.11692054e-04 3.88637299e-01 2.92301359e-02
 0.02223137 0.34458625 0.32153149 0.31165089
 4.11692054e-04 9.98764924e-01 4.11692054e-04 4.11692054e-04
 9.98764924e-01 4.11692054e-04 4.11692054e-04 4.11692054e-04
 0.97118156 0.0049403  0.01893783 0.0049403 
 8.97900371e-01 5.06381227e-02 5.10498147e-02 4.11692054e-04
 0.70152326 0.08974887 0.02675998 0.18196789
 0.29271305 0.06175381 0.40098806 0.24454508

MOTIF STunmod1_l3_f_42
letter-probability matrix: alength= 4 w= 9 
 0.56317495 0.174946   0.10529158 0.15658747
 0.00053996 0.3650108  0.27051836 0.36393089
 0.00593952 0.00431965 0.04157667 0.94816415
 5.39956803e-04 5.39956803e-04 8.48812095e-01 1.50107991e-01
 1.44168467e-01 5.39956803e-04 8.19114471e-01 3.61771058e-02
 0.44276458 0.31209503 0.10205184 0.14308855
 1.42548596e-01 5.39956803e-04 2.34341253e-01 6.22570194e-01
 0.39470842 0.14416847 0.31317495 0.14794816
 0.47786177 0.05399568 0.23758099 0.23056156

MOTIF STunmod1_l3_f_43
letter-probability matrix: alength= 4 w= 9 
 9.94348002e-01 4.84457004e-03 4.03714170e-04 4.03714170e-04
 0.02503028 0.03148971 0.00322971 0.9402503 
 4.03714170e-04 4.03714170e-04 9.98788857e-01 4.03714170e-04
 0.02058942 0.38393218 0.22123537 0.37424304
 0.28058135 0.33427533 0.17400081 0.21114251
 0.31933791 0.57125555 0.011304   0.09810254
 0.55995155 0.31247477 0.07266855 0.05490513
 0.24949536 0.10335083 0.27291078 0.37424304
 0.59103755 0.11505854 0.15139281 0.1425111 

MOTIF STunmod1_l3_f_44
letter-probability matrix: alength= 4 w= 9 
 0.00107181 0.53912111 0.00107181 0.45873526
 0.36548767 0.20042872 0.36012862 0.07395498
 0.04823151 0.12968917 0.00107181 0.8210075 
 0.99678457 0.00107181 0.00107181 0.00107181
 0.00107181 0.00107181 0.00107181 0.99678457
 0.00107181 0.00107181 0.99678457 0.00107181
 0.00107181 0.56162915 0.25401929 0.18327974
 0.18006431 0.09860665 0.28938907 0.43193998
 0.62165059 0.22936763 0.11682744 0.03215434

MOTIF STunmod1_l3_f_45
letter-probability matrix: alength= 4 w= 9 
 0.26165113 0.37716378 0.24101198 0.1201731 
 0.50699068 0.23701731 0.19673768 0.05925433
 5.25965379e-02 3.32889481e-04 4.06125166e-01 5.40945406e-01
 3.32889481e-04 1.52130493e-01 5.81225033e-01 2.66311585e-01
 0.00832224 0.06058589 0.9081225  0.02296937
 1.61451398e-01 4.55725699e-01 3.82490013e-01 3.32889481e-04
 0.03861518 0.46637816 0.38182423 0.11318242
 0.00932091 0.74067909 0.15579228 0.09420772
 0.08621838 0.59687084 0.27197071 0.04494008

MOTIF STunmod1_l3_f_46
letter-probability matrix: alength= 4 w= 9 
 0.59920107 0.19773635 0.16011984 0.04294274
 0.96238349 0.01498003 0.00732357 0.01531292
 0.28561917 0.16611185 0.11151798 0.436751  
 0.36318242 0.16611185 0.44573901 0.02496671
 0.36351531 0.01098535 0.34720373 0.27829561
 0.22969374 0.11784288 0.27829561 0.37416778
 2.62982690e-02 3.32889481e-04 8.87483356e-01 8.58854860e-02
 0.22836218 0.24267643 0.50266312 0.02629827
 0.36151798 0.29394141 0.25332889 0.09121172

MOTIF STunmod1_l3_f_47
letter-probability matrix: alength= 4 w= 9 
 0.52791347 0.10956036 0.27320307 0.0893231 
 0.28297278 0.21144452 0.23447313 0.27110956
 0.4790649  0.24633636 0.10502442 0.16957432
 0.21528262 0.26378227 0.10816469 0.41277041
 0.09734822 0.05408234 0.41277041 0.43579902
 0.69993022 0.05163992 0.20307048 0.04535939
 3.29030007e-01 3.48918353e-04 3.00069784e-02 6.40614096e-01
 3.48918353e-04 3.00069784e-02 6.40614096e-01 3.29030007e-01
 0.12386602 0.08408932 0.64619679 0.14584787

MOTIF STunmod1_l3_f_48
letter-probability matrix: alength= 4 w= 9 
 0.04761905 0.85714286 0.04761905 0.04761905
 0.04761905 0.28571429 0.61904762 0.04761905
 0.04761905 0.28571429 0.61904762 0.04761905
 0.04761905 0.85714286 0.04761905 0.04761905
 0.04761905 0.85714286 0.04761905 0.04761905
 0.04761905 0.85714286 0.04761905 0.04761905
 0.04761905 0.85714286 0.04761905 0.04761905
 0.04761905 0.04761905 0.85714286 0.04761905
 0.04761905 0.04761905 0.85714286 0.04761905

MOTIF STunmod1_l3_f_49
letter-probability matrix: alength= 4 w= 9 
 0.67195358 0.06924565 0.21470019 0.04410058
 0.49864603 0.19497099 0.06421663 0.24216634
 0.25106383 0.25299807 0.16827853 0.32765957
 0.56324952 0.00386847 0.28471954 0.14816248
 9.81431335e-01 3.86847195e-03 3.86847195e-04 1.43133462e-02
 0.00386847 0.00889749 0.00580271 0.98143133
 1.77949710e-02 3.86847195e-04 9.81431335e-01 3.86847195e-04
 0.24487427 0.28046422 0.20309478 0.27156673
 0.27040619 0.20348162 0.40077369 0.12533849

MOTIF STunmod1_l3_f_50
letter-probability matrix: alength= 4 w= 9 
 0.38901099 0.32087912 0.13040293 0.15970696
 0.21904762 0.16556777 0.50769231 0.10769231
 9.97802198e-01 7.32600733e-04 7.32600733e-04 7.32600733e-04
 7.32600733e-04 7.32600733e-04 7.32600733e-04 9.97802198e-01
 7.32600733e-04 7.32600733e-04 9.97802198e-01 7.32600733e-04
 0.6967033  0.11208791 0.11868132 0.07252747
 0.46813187 0.0007326  0.0007326  0.53040293
 0.0959707  0.04249084 0.75164835 0.10989011
 0.48351648 0.08571429 0.26520147 0.16556777

MOTIF STunmod1_l3_f_51
letter-probability matrix: alength= 4 w= 9 
 0.41910739 0.41073919 0.07043236 0.09972106
 0.60460251 0.08647141 0.27196653 0.03695955
 0.34170153 0.33158996 0.24965132 0.07705718
 0.14330544 0.16945607 0.09170153 0.59553696
 0.2681311  0.15341702 0.55160391 0.02684798
 9.78033473e-01 3.48675035e-04 2.12691771e-02 3.48675035e-04
 2.12691771e-02 3.48675035e-04 3.48675035e-04 9.78033473e-01
 3.48675035e-04 3.48675035e-04 9.78033473e-01 2.12691771e-02
 0.12552301 0.10774059 0.5013947  0.2653417 

MOTIF STunmod1_l3_f_52
letter-probability matrix: alength= 4 w= 9 
 0.12449945 0.17255187 0.53840553 0.16454314
 0.10520568 0.53221696 0.17619221 0.18638515
 0.36112122 0.4728795  0.11903895 0.04696032
 9.70513287e-01 3.64033491e-04 2.87586458e-02 3.64033491e-04
 4.00800874e-01 3.64033491e-04 3.64033491e-04 5.98471059e-01
 3.64033491e-04 3.64033491e-04 5.98471059e-01 4.00800874e-01
 2.82125956e-01 5.16927557e-02 6.65817255e-01 3.64033491e-04
 0.18565708 0.14524936 0.10848198 0.56061158
 0.12886786 0.04295595 0.58973426 0.23844194

MOTIF STunmod1_l3_f_53
letter-probability matrix: alength= 4 w= 9 
 0.18075899 0.19340879 0.4114514  0.21438083
 3.32889481e-04 3.32889481e-04 3.32889481e-04 9.99001332e-01
 7.83954727e-01 3.32889481e-04 2.15379494e-01 3.32889481e-04
 4.84687084e-01 3.32889481e-04 5.14647137e-01 3.32889481e-04
 3.32889481e-04 3.32889481e-04 3.32889481e-04 9.99001332e-01
 8.31225033e-01 3.32889481e-04 1.68109188e-01 3.32889481e-04
 4.75366178e-01 3.32889481e-04 5.23968043e-01 3.32889481e-04
 0.28195739 0.30858855 0.23868176 0.1707723 
 0.22569907 0.26631158 0.27496671 0.23302264

MOTIF STunmod1_l3_f_54
letter-probability matrix: alength= 4 w= 9 
 0.37890625 0.21757813 0.16328125 0.24023438
 0.29570313 0.26132813 0.00820313 0.43476562
 2.3203125e-01 3.9062500e-04 7.6718750e-01 3.9062500e-04
 1.18359375e-01 6.30468750e-01 3.90625000e-04 2.50781250e-01
 0.39453125 0.34257813 0.22460938 0.03828125
 9.41796875e-01 3.90625000e-04 5.54687500e-02 2.34375000e-03
 1.52343750e-02 5.27343750e-02 3.90625000e-04 9.31640625e-01
 3.90625000e-04 1.74609375e-01 8.01562500e-01 2.34375000e-02
 0.4015625 0.171875  0.2859375 0.140625 

MOTIF STunmod1_l3_f_55
letter-probability matrix: alength= 4 w= 9 
 0.19740346 0.189747   0.42609854 0.186751  
 0.23435419 0.13948069 0.01864181 0.6075233 
 3.32889481e-03 3.32889481e-04 2.23035952e-01 7.73302264e-01
 0.26065246 0.03362184 0.70406125 0.00166445
 0.23501997 0.52962716 0.00166445 0.23368842
 0.46171771 0.03861518 0.18375499 0.31591212
 0.17509987 0.11484687 0.26031957 0.44973369
 0.69906791 0.22403462 0.03362184 0.04327563
 0.40146471 0.02496671 0.22536618 0.3482024 

MOTIF STunmod1_l3_f_56
letter-probability matrix: alength= 4 w= 9 
 0.63559892 0.22240915 0.0871467  0.05484522
 2.15006729e-01 4.56258412e-01 3.36473755e-04 3.28398385e-01
 0.32402423 0.06359354 0.43135935 0.18102288
 0.2577389  0.18707941 0.29643338 0.25874832
 9.98990579e-01 3.36473755e-04 3.36473755e-04 3.36473755e-04
 3.36473755e-04 3.36473755e-04 3.36473755e-04 9.98990579e-01
 3.36473755e-04 3.36473755e-04 9.98990579e-01 3.36473755e-04
 0.70861373 0.21971736 0.0474428  0.02422611
 0.27792732 0.14771198 0.43472409 0.13963661

MOTIF STunmod1_l3_f_57
letter-probability matrix: alength= 4 w= 9 
 0.39875958 0.17365925 0.2933236  0.13425757
 0.30025538 0.17110544 0.31995622 0.20868296
 0.18205035 0.36045239 0.3184969  0.13900036
 3.64830354e-04 3.64830354e-04 3.64830354e-04 9.98905509e-01
 6.97920467e-01 3.64830354e-04 3.01349872e-01 3.64830354e-04
 5.68770522e-01 3.64830354e-04 4.30499818e-01 3.64830354e-04
 3.64830354e-04 3.64830354e-04 3.64830354e-04 9.98905509e-01
 9.71543232e-01 3.64830354e-04 2.77271069e-02 3.64830354e-04
 5.66946370e-01 3.64830354e-04 4.32323969e-01 3.64830354e-04

MOTIF STunmod1_l3_f_58
letter-probability matrix: alength= 4 w= 9 
 0.14560237 0.53880266 0.08351811 0.23207687
 7.76053215e-03 3.69549150e-04 9.77087953e-01 1.47819660e-02
 0.13340724 0.37730968 0.42202513 0.06725795
 8.98004435e-02 9.09460458e-01 3.69549150e-04 3.69549150e-04
 0.23577236 0.02439024 0.73688101 0.00295639
 0.43348115 0.19290466 0.01847746 0.35513673
 0.17664449 0.58388766 0.09460458 0.14486327
 0.68440503 0.21692535 0.02549889 0.07317073
 0.06208426 0.07280118 0.00369549 0.86141907

MOTIF STunmod1_l3_f_59
letter-probability matrix: alength= 4 w= 9 
 0.28894807 0.11684421 0.46671105 0.12749667
 3.32889481e-04 3.18575233e-01 7.72303595e-02 6.03861518e-01
 3.32889481e-04 3.32889481e-04 1.46804261e-01 8.52529960e-01
 3.32889481e-04 3.32889481e-04 3.32889481e-04 9.99001332e-01
 7.77962716e-01 3.32889481e-04 2.21371505e-01 3.32889481e-04
 8.64181092e-01 3.32889481e-04 1.35153129e-01 3.32889481e-04
 0.58821571 0.03062583 0.26098535 0.1201731 
 0.11051931 0.15346205 0.24300932 0.49300932
 0.20073236 0.39380826 0.16977364 0.23568575

MOTIF STunmod1_l3_f_60
letter-probability matrix: alength= 4 w= 9 
 0.50432756 0.03095872 0.45139814 0.01331558
 0.02563249 0.01531292 0.07223702 0.88681758
 3.09587217e-02 3.32889481e-04 1.58455393e-01 8.10252996e-01
 0.31724368 0.03328895 0.05326232 0.59620506
 0.28428762 0.45306258 0.00998668 0.25266312
 5.23635153e-01 2.98268975e-01 3.32889481e-04 1.77762983e-01
 0.30992011 0.06191744 0.22436751 0.40379494
 0.15412783 0.03229028 0.49434088 0.31924101
 0.26065246 0.31524634 0.24101198 0.18308921

MOTIF STunmod1_l3_f_61
letter-probability matrix: alength= 4 w= 9 
 0.48820755 0.05592992 0.38376011 0.07210243
 5.94002695e-01 3.36927224e-04 3.91846361e-01 1.38140162e-02
 0.5717655  0.05559299 0.08423181 0.2884097 
 0.53807278 0.0037062  0.44946092 0.00876011
 8.22439353e-01 3.36927224e-04 1.76886792e-01 3.36927224e-04
 1.42183288e-01 3.50404313e-02 3.36927224e-04 8.22439353e-01
 0.01415094 0.0037062  0.89218329 0.08995957
 0.49831536 0.14791105 0.27156334 0.08221024
 0.22506739 0.33726415 0.1559973  0.28167116

MOTIF STunmod1_l3_f_62
letter-probability matrix: alength= 4 w= 9 
 0.37916112 0.22736352 0.33588549 0.05758988
 0.30326232 0.33754993 0.27263648 0.08655126
 0.36551265 0.25665779 0.2436751  0.13415446
 0.27563249 0.48235686 0.22303595 0.0189747 
 7.97936085e-01 1.77097204e-01 2.46338216e-02 3.32889481e-04
 3.32889481e-04 1.77097204e-01 2.46338216e-02 7.97936085e-01
 3.32889481e-04 1.66444740e-01 7.97936085e-01 3.52862850e-02
 3.32889481e-04 1.12516644e-01 8.42876165e-01 4.42743009e-02
 0.21138482 0.48834887 0.17210386 0.12816245

MOTIF STunmod1_l3_f_63
letter-probability matrix: alength= 4 w= 9 
 0.38835979 0.12733686 0.29805996 0.18624339
 0.58306878 0.17354497 0.00881834 0.2345679 
 0.15802469 0.82116402 0.00352734 0.01728395
 8.04232804e-02 3.52733686e-04 3.10052910e-01 6.09171076e-01
 0.20529101 0.00070547 0.14320988 0.65079365
 1.76366843e-03 9.36155203e-01 3.52733686e-04 6.17283951e-02
 0.24444444 0.04162257 0.51146384 0.20246914
 0.36155203 0.53756614 0.01798942 0.08289242
 0.6994709  0.11781305 0.04373898 0.13897707

MOTIF STunmod1_l3_f_64
letter-probability matrix: alength= 4 w= 9 
 0.25018615 0.30938198 0.15078183 0.28965004
 0.22300819 0.03611318 0.40469099 0.33618764
 0.12546538 0.33953835 0.11392405 0.42107223
 0.36969471 0.34288905 0.21481757 0.07259866
 0.42702904 0.25167535 0.12025316 0.20104244
 9.98883098e-01 3.72300819e-04 3.72300819e-04 3.72300819e-04
 2.86671631e-02 3.72300819e-04 1.53015637e-01 8.17944899e-01
 0.21481757 0.00595681 0.01526433 0.76396128
 3.72300819e-04 3.72300819e-04 9.95160089e-01 4.09530901e-03

MOTIF STunmod1_l3_f_65
letter-probability matrix: alength= 4 w= 9 
 0.25898802 0.18375499 0.27163782 0.28561917
 0.1581225  0.28861518 0.36617843 0.18708389
 3.32889481e-04 3.32889481e-04 3.32889481e-04 9.99001332e-01
 7.18375499e-01 3.32889481e-04 2.80958722e-01 3.32889481e-04
 4.10119840e-01 3.32889481e-04 5.89214381e-01 3.32889481e-04
 3.32889481e-04 3.32889481e-04 3.32889481e-04 9.99001332e-01
 7.41677763e-01 3.32889481e-04 2.57656458e-01 3.32889481e-04
 5.56924101e-01 3.32889481e-04 4.42410120e-01 3.32889481e-04
 0.37882823 0.19973369 0.28195739 0.13948069

MOTIF STunmod1_l3_f_66
letter-probability matrix: alength= 4 w= 9 
 0.28528628 0.07090546 0.04793609 0.59587217
 0.35352863 0.06924101 0.00399467 0.57323569
 0.2057257  0.04460719 0.00332889 0.74633822
 2.09054594e-01 6.63448735e-01 3.32889481e-04 1.27163782e-01
 0.2912783  0.11584554 0.34786951 0.24500666
 0.70805593 0.04860186 0.02729694 0.21604527
 2.75632490e-01 3.32889481e-04 2.72969374e-02 6.96737683e-01
 0.24600533 0.09454061 0.23202397 0.42743009
 0.30525965 0.14280959 0.02430093 0.52762983

MOTIF STunmod1_l3_f_67
letter-probability matrix: alength= 4 w= 9 
 0.25192372 0.27701572 0.19504851 0.27601204
 0.46838407 0.21478755 0.16661091 0.15021746
 0.80662429 0.02810304 0.1314821  0.03379057
 2.05085313e-01 3.34560054e-04 3.34560054e-04 7.94245567e-01
 3.34560054e-04 3.34560054e-04 7.94245567e-01 2.05085313e-01
 3.16159251e-01 3.34560054e-04 2.05085313e-01 4.78420877e-01
 0.32519237 0.0267648  0.44764135 0.20040147
 0.36500502 0.46470391 0.06891937 0.1013717 
 0.24355972 0.26998996 0.27166276 0.21478755

MOTIF STunmod1_l3_f_68
letter-probability matrix: alength= 4 w= 9 
 0.0982024  0.37416778 0.08322237 0.44440746
 0.53062583 0.25233023 0.14347537 0.07356858
 0.02796272 0.12816245 0.64580559 0.19806924
 0.00399467 0.02663116 0.12250333 0.84687084
 0.06058589 0.07023968 0.86484687 0.00432756
 0.40346205 0.35486019 0.14680426 0.0948735 
 0.06557923 0.69840213 0.0539281  0.18209055
 0.01797603 0.82090546 0.06291611 0.0982024 
 0.12050599 0.74267643 0.03661784 0.10019973

MOTIF STunmod1_l3_f_69
letter-probability matrix: alength= 4 w= 9 
 0.1734767  0.1921147  0.38888889 0.24551971
 0.23476703 0.25842294 0.20896057 0.29784946
 0.67275986 0.11182796 0.12078853 0.09462366
 9.98924731e-01 3.58422939e-04 3.58422939e-04 3.58422939e-04
 3.58422939e-04 3.58422939e-04 3.58422939e-04 9.98924731e-01
 3.58422939e-04 3.58422939e-04 9.98924731e-01 3.58422939e-04
 0.19283154 0.15412186 0.63154122 0.02150538
 0.05304659 0.08422939 0.19820789 0.66451613
 0.12724014 0.09426523 0.60752688 0.17096774

MOTIF STunmod1_l3_f_70
letter-probability matrix: alength= 4 w= 9 
 0.41865948 0.05557427 0.44156282 0.08420344
 0.21185584 0.4045133  0.18491074 0.19872011
 0.4486359  0.0980128  0.41529134 0.03805995
 9.93263725e-01 1.34725497e-03 5.05220613e-03 3.36813742e-04
 3.36813742e-04 4.37857865e-03 3.36813742e-04 9.94947794e-01
 3.36813742e-04 6.06264736e-03 9.93263725e-01 3.36813742e-04
 1.64701920e-01 3.36813742e-04 8.30582688e-01 4.37857865e-03
 0.16975413 0.40518693 0.18086898 0.24418996
 0.25698889 0.15426069 0.42876389 0.15998653

MOTIF STunmod1_l3_f_71
letter-probability matrix: alength= 4 w= 9 
 0.0236509  0.56395736 0.18787475 0.22451699
 0.22584943 0.32111925 0.37408394 0.07894737
 0.00732845 0.93071286 0.02431712 0.03764157
 0.04863424 0.9023984  0.04397069 0.00499667
 2.99800133e-03 9.02398401e-01 3.33111259e-04 9.42704863e-02
 3.33111259e-04 9.16389074e-01 5.92938041e-02 2.39840107e-02
 0.1095936  0.52198534 0.27681546 0.0916056 
 0.19087275 0.21485676 0.45136576 0.14290473
 0.21685543 0.19120586 0.3994004  0.19253831

MOTIF STunmod1_l3_f_72
letter-probability matrix: alength= 4 w= 9 
 0.41156578 0.28982076 0.20426108 0.09435238
 0.28610078 0.56476158 0.13831586 0.01082178
 0.85728779 0.03212716 0.06695976 0.0436253 
 0.5975651  0.00946906 0.36658776 0.02637809
 9.98985458e-01 3.38180588e-04 3.38180588e-04 3.38180588e-04
 3.38180588e-04 3.38180588e-04 3.38180588e-04 9.98985458e-01
 3.38180588e-04 3.38180588e-04 9.98985458e-01 3.38180588e-04
 0.5644234  0.11937775 0.17788299 0.13831586
 0.21745012 0.19073385 0.37470409 0.21711194

MOTIF STunmod1_l3_f_73
letter-probability matrix: alength= 4 w= 9 
 0.21679012 0.28740741 0.28987654 0.20592593
 0.09975309 0.26419753 0.50814815 0.12790123
 0.00296296 0.40987654 0.04839506 0.53876543
 3.60000000e-01 5.37777778e-01 1.01728395e-01 4.93827160e-04
 1.12592593e-01 5.38765432e-01 3.48148148e-01 4.93827160e-04
 4.93827160e-04 9.37283951e-01 4.93827160e-04 6.17283951e-02
 0.0054321  0.98666667 0.00444444 0.00345679
 0.05530864 0.45234568 0.23259259 0.25975309
 0.13432099 0.32493827 0.41333333 0.12740741

MOTIF STunmod1_l3_f_74
letter-probability matrix: alength= 4 w= 9 
 0.26964048 0.43575233 0.14747004 0.14713715
 0.27063915 0.30093209 0.39047936 0.0379494 
 9.99001332e-01 3.32889481e-04 3.32889481e-04 3.32889481e-04
 3.32889481e-04 3.32889481e-04 3.32889481e-04 9.99001332e-01
 3.32889481e-04 3.32889481e-04 9.99001332e-01 3.32889481e-04
 7.06058589e-01 3.32889481e-04 2.76631158e-01 1.69773635e-02
 0.07856192 0.41045273 0.35219707 0.15878828
 0.04693742 0.4936751  0.32390146 0.13548602
 0.23834887 0.48135819 0.23934754 0.04094541

MOTIF STunmod1_l3_f_75
letter-probability matrix: alength= 4 w= 9 
 0.4393531  0.03066038 0.31367925 0.21630728
 0.5754717  0.17419137 0.13847709 0.11185984
 0.52897574 0.06974394 0.36927224 0.03200809
 0.77291105 0.1597035  0.06165768 0.00572776
 0.12836927 0.09838275 0.0717655  0.70148248
 0.32142857 0.00303235 0.67385445 0.00168464
 1.70485175e-01 3.36927224e-04 5.29986523e-01 2.99191375e-01
 0.23989218 0.21765499 0.37196765 0.17048518
 0.11657682 0.0347035  0.67048518 0.1782345 

MOTIF STunmod1_l3_f_76
letter-probability matrix: alength= 4 w= 9 
 0.63482024 0.01098535 0.35153129 0.00266312
 0.26131824 0.30925433 0.15612517 0.27330226
 0.4304261  0.126498   0.30625832 0.13681758
 8.40545939e-01 3.32889481e-04 1.58788282e-01 3.32889481e-04
 0.38382157 0.03861518 0.15778961 0.41977364
 0.34520639 0.00299601 0.51531292 0.13648469
 8.78162450e-01 3.32889481e-04 1.21171771e-01 3.32889481e-04
 3.32889481e-04 9.05459387e-02 1.66444740e-02 8.92476698e-01
 0.01131824 0.09553928 0.82989348 0.063249  

MOTIF STunmod1_l3_f_77
letter-probability matrix: alength= 4 w= 9 
 0.30833624 0.38053715 0.19532612 0.11580049
 0.73247297 0.04499477 0.17997907 0.04255319
 0.69305895 0.02336938 0.03801884 0.24555284
 0.25217998 0.04638995 0.31949773 0.38193233
 0.46355075 0.09138472 0.38960586 0.05545867
 9.48029299e-01 1.56958493e-02 3.48796652e-04 3.59260551e-02
 4.70875480e-02 3.48796652e-04 5.99930241e-02 8.92570631e-01
 1.43006627e-02 3.48796652e-04 9.74537844e-01 1.08126962e-02
 0.30798744 0.22357865 0.31775375 0.15068015

MOTIF STunmod1_l3_f_78
letter-probability matrix: alength= 4 w= 9 
 9.79327260e-01 3.50385424e-04 1.99719692e-02 3.50385424e-04
 9.32025228e-02 3.50385424e-04 5.36089699e-02 8.52838122e-01
 1.46461107e-01 3.50385424e-04 8.52838122e-01 3.50385424e-04
 0.19971969 0.3629993  0.18780659 0.24947442
 0.1562719  0.03644008 0.43552908 0.37175893
 0.57182901 0.22985284 0.00385424 0.19446391
 0.65732306 0.07778556 0.03083392 0.23405746
