MEME version 5.3.0

ALPHABET= ACGT

strands: + -

Background letter frequencies
A 0.25 C 0.25 G 0.25 T 0.25

MOTIF STunmod1_l3_f_0
letter-probability matrix: alength= 4 w= 9 
 0.11741613 0.18879372 0.12276945 0.5710207 
 0.6862955  0.26980728 0.01820128 0.02569593
 7.15560314e-01 3.56887937e-04 2.83725910e-01 3.56887937e-04
 8.20842256e-02 3.56887937e-04 7.75874375e-01 1.41684511e-01
 3.56887937e-04 2.25196288e-01 1.10635261e-02 7.63383298e-01
 0.08529622 0.75767309 0.11812991 0.03890079
 0.01820128 0.04568166 0.16238401 0.77373305
 0.70306924 0.12455389 0.15738758 0.01498929
 0.32226981 0.03104925 0.34796574 0.2987152 

MOTIF STunmod1_l3_f_1
letter-probability matrix: alength= 4 w= 9 
 0.47370173 0.06491345 0.32656458 0.13482024
 0.96338216 0.01098535 0.00233023 0.02330226
 0.14047936 0.39513981 0.30559254 0.15878828
 0.03861518 0.03395473 0.00366178 0.92376831
 0.16944075 0.20972037 0.25965379 0.36118509
 0.02563249 0.03994674 0.02130493 0.91311585
 0.90079893 0.00166445 0.00399467 0.09354194
 0.6581225  0.08655126 0.02130493 0.2340213 
 0.26198402 0.09320905 0.19274301 0.45206391

MOTIF STunmod1_l3_f_2
letter-probability matrix: alength= 4 w= 9 
 0.00270688 0.14385151 0.00348028 0.84996133
 0.07927301 0.01237432 0.74941995 0.15893271
 0.00541377 0.14849188 0.43271462 0.41337974
 2.73395205e-01 7.25831400e-01 3.86697602e-04 3.86697602e-04
 2.57540603e-01 3.86697602e-04 4.88399072e-01 2.53673627e-01
 0.016628   0.33952049 0.38592421 0.2579273 
 0.05800464 0.78808971 0.0974478  0.05645785
 0.57385924 0.16318639 0.12374323 0.13921114
 0.30858469 0.24709977 0.04485692 0.39945862

MOTIF STunmod1_l3_f_4
letter-probability matrix: alength= 4 w= 9 
 0.06574871 0.13390706 0.6595525  0.14079174
 3.44234079e-04 6.19621343e-03 3.44234079e-04 9.93115318e-01
 0.0464716  0.00895009 0.12289157 0.82168675
 0.36833046 0.08055077 0.3060241  0.24509466
 0.48364888 0.20619621 0.14320138 0.16695353
 1.49053356e-01 3.44234079e-04 8.60585198e-02 7.64543890e-01
 0.00344234 0.01790017 0.7524957  0.22616179
 0.58760757 0.09638554 0.21583477 0.10017212
 0.22099828 0.1545611  0.31531842 0.3091222 

MOTIF STunmod1_l3_f_5
letter-probability matrix: alength= 4 w= 9 
 0.16938221 0.17141887 0.60285132 0.05634759
 0.01120163 0.2539036  0.48540394 0.24949084
 0.0353021  0.38832315 0.36625933 0.21011541
 0.02443992 0.434148   0.4114053  0.13000679
 0.00577054 0.79192125 0.1520706  0.05023761
 1.17107943e-01 7.00271555e-01 1.82281059e-01 3.39443313e-04
 0.00373388 0.8401222  0.03903598 0.11710794
 0.01629328 0.75186694 0.21622539 0.01561439
 0.11880516 0.44331297 0.31771894 0.12016293

MOTIF STunmod1_l3_f_6
letter-probability matrix: alength= 4 w= 9 
 0.28395473 0.27330226 0.10585885 0.33688415
 0.26031957 0.31258322 0.19374168 0.23335553
 3.32889481e-04 5.06990679e-01 3.66178429e-02 4.56058589e-01
 1.85086551e-01 3.32889481e-04 3.99467377e-01 4.15113182e-01
 0.66544607 0.00898802 0.18541944 0.14014647
 6.52463382e-02 3.32889481e-04 3.32889481e-04 9.34087883e-01
 7.95272969e-01 3.32889481e-04 1.29826897e-01 7.45672437e-02
 1.97736352e-01 3.32889481e-04 8.01597870e-01 3.32889481e-04
 0.40545939 0.2150466  0.25765646 0.12183755

MOTIF STunmod1_l3_f_7
letter-probability matrix: alength= 4 w= 9 
 0.16853933 0.06741573 0.60674157 0.15730337
 0.01123596 0.33707865 0.01123596 0.64044944
 0.82022472 0.01123596 0.15730337 0.01123596
 0.01123596 0.96629213 0.01123596 0.01123596
 0.01123596 0.23595506 0.74157303 0.01123596
 0.96629213 0.01123596 0.01123596 0.01123596
 0.01123596 0.01123596 0.01123596 0.96629213
 0.01123596 0.01123596 0.96629213 0.01123596
 0.01123596 0.01123596 0.84269663 0.13483146

MOTIF STunmod1_l3_f_8
letter-probability matrix: alength= 4 w= 9 
 0.17977099 0.16412214 0.06335878 0.59274809
 0.03854962 0.37099237 0.03740458 0.55305344
 0.70839695 0.05305344 0.18358779 0.05496183
 0.5480916  0.37175573 0.0778626  0.00229008
 3.81679389e-04 2.22137405e-01 1.18320611e-01 6.59160305e-01
 0.05076336 0.03091603 0.37099237 0.54732824
 0.50419847 0.06679389 0.42328244 0.00572519
 0.55114504 0.01450382 0.15152672 0.28282443
 0.33778626 0.27709924 0.04580153 0.33931298

MOTIF STunmod1_l3_f_9
letter-probability matrix: alength= 4 w= 9 
 0.09397344 0.39972761 0.08001362 0.42628533
 0.1011236  0.05447736 0.66496425 0.1794348 
 0.04596527 0.5938032  0.01702417 0.34320735
 9.81613892e-01 6.46918624e-03 1.15764385e-02 3.40483487e-04
 0.16717739 0.05924413 0.23561457 0.53796391
 0.04256044 0.83656793 0.04494382 0.07592782
 0.02076949 0.34082397 0.46237657 0.17602996
 0.06332993 0.09090909 0.09363296 0.75212802
 0.79026217 0.11406197 0.06571331 0.02996255

MOTIF STunmod1_l3_f_10
letter-probability matrix: alength= 4 w= 9 
 0.07888391 0.13606614 0.6634516  0.12159835
 0.00654495 0.15673441 0.50843955 0.32828109
 0.0227351  0.41853255 0.25938684 0.2993455 
 0.05442646 0.40647606 0.47123665 0.06786083
 0.14640028 0.63520496 0.10437478 0.11401998
 3.44471237e-04 8.07785050e-01 1.27454358e-02 1.79125043e-01
 2.82466414e-02 9.57630038e-01 3.44471237e-04 1.37788495e-02
 0.00964519 0.76851533 0.02307957 0.1987599 
 0.15673441 0.60420255 0.12022046 0.11884258

MOTIF STunmod1_l3_f_11
letter-probability matrix: alength= 4 w= 9 
 0.29834825 0.13558156 0.28802478 0.27804542
 0.39298004 0.19201652 0.30488644 0.110117  
 1.34205093e-02 2.85615967e-02 3.44115623e-04 9.57673778e-01
 7.25739849e-01 3.44115623e-04 2.73571920e-01 3.44115623e-04
 0.17962836 0.01342051 0.79112182 0.01582932
 1.19752237e-01 3.65794907e-01 5.14108741e-01 3.44115623e-04
 0.39848589 0.13799036 0.35271851 0.11080523
 3.44115623e-04 3.04198211e-01 1.47969718e-01 5.47487956e-01
 0.0044735  0.32518926 0.63626979 0.03406745

MOTIF STunmod1_l3_f_12
letter-probability matrix: alength= 4 w= 9 
 0.08322237 0.22303595 0.08688415 0.60685752
 0.52663116 0.02430093 0.37549933 0.07356858
 3.32889481e-04 2.48002663e-01 3.32889481e-04 7.51331558e-01
 0.44174434 0.04494008 0.47802929 0.03528628
 0.12283622 0.61651132 0.02263648 0.23801598
 0.47736352 0.00332889 0.17643142 0.34287617
 0.25765646 0.14447403 0.07989348 0.51797603
 0.24134487 0.0505992  0.66111851 0.04693742
 0.41644474 0.2752996  0.09986684 0.20838881

MOTIF STunmod1_l3_f_13
letter-probability matrix: alength= 4 w= 9 
 0.5625     0.41964286 0.00892857 0.00892857
 0.97321429 0.00892857 0.00892857 0.00892857
 0.78571429 0.00892857 0.19642857 0.00892857
 0.00892857 0.58928571 0.19642857 0.20535714
 0.00892857 0.11607143 0.22321429 0.65178571
 0.90178571 0.00892857 0.08035714 0.00892857
 0.00892857 0.08035714 0.00892857 0.90178571
 0.00892857 0.00892857 0.00892857 0.97321429
 0.00892857 0.00892857 0.97321429 0.00892857

MOTIF STunmod1_l3_f_14
letter-probability matrix: alength= 4 w= 9 
 0.287741   0.17460895 0.36013096 0.1775191 
 0.11858858 0.37650055 0.14296108 0.3619498 
 0.19752637 0.24190615 0.34157876 0.21898872
 3.63768643e-04 3.63768643e-04 3.63768643e-04 9.98908694e-01
 6.71153147e-01 3.63768643e-04 3.28119316e-01 3.63768643e-04
 6.12222626e-01 3.63768643e-04 3.87049836e-01 3.63768643e-04
 3.63768643e-04 3.63768643e-04 3.63768643e-04 9.98908694e-01
 8.95962168e-01 3.63768643e-04 1.03310295e-01 3.63768643e-04
 5.92579120e-01 3.63768643e-04 4.06693343e-01 3.63768643e-04

MOTIF STunmod1_l3_f_15
letter-probability matrix: alength= 4 w= 9 
 0.07956059 0.17210386 0.44074567 0.30758988
 3.32889481e-04 1.19507324e-01 2.79627164e-02 8.52197071e-01
 3.32889481e-04 6.52463382e-02 2.63315579e-01 6.71105193e-01
 0.04627164 0.01997337 0.0569241  0.87683089
 0.81924101 0.12117177 0.02263648 0.03695073
 9.66378162e-01 3.32889481e-04 3.32889481e-04 3.29560586e-02
 0.37483356 0.060253   0.22237017 0.34254328
 0.07656458 0.09221039 0.54227696 0.28894807
 0.25532623 0.20039947 0.30758988 0.23668442

MOTIF STunmod1_l3_f_16
letter-probability matrix: alength= 4 w= 9 
 0.17956424 0.28625094 0.29827198 0.23591285
 7.03981968e-01 1.87828700e-03 3.75657400e-04 2.93764087e-01
 7.80240421e-01 2.17505635e-01 3.75657400e-04 1.87828700e-03
 1.76558978e-02 3.75657400e-04 9.48910594e-01 3.30578512e-02
 3.75657400e-04 1.76558978e-02 3.75657400e-04 9.81592787e-01
 3.75657400e-04 2.50939144e-01 5.24417731e-01 2.24267468e-01
 3.75657400e-04 3.75657400e-04 9.98873028e-01 3.75657400e-04
 0.35424493 0.35950413 0.1498873  0.13636364
 0.48685199 0.11044328 0.21525169 0.18745304

MOTIF STunmod1_l3_f_17
letter-probability matrix: alength= 4 w= 9 
 0.21171771 0.0885486  0.07157124 0.62816245
 0.49101198 0.00366178 0.28528628 0.22003995
 5.47936085e-01 3.32889481e-04 2.15046605e-01 2.36684421e-01
 3.15579228e-01 3.32889481e-04 8.05592543e-02 6.03528628e-01
 0.32223702 0.10252996 0.02796272 0.54727031
 7.35685752e-01 2.63648469e-01 3.32889481e-04 3.32889481e-04
 6.37483356e-01 3.32889481e-04 2.13049268e-02 3.40878828e-01
 0.85585885 0.00599201 0.11884154 0.01930759
 0.85685752 0.00199734 0.08821571 0.05292943

MOTIF STunmod1_l3_f_18
letter-probability matrix: alength= 4 w= 9 
 0.32181943 0.25786594 0.30642955 0.11388509
 0.22811218 0.27120383 0.3245554  0.17612859
 0.12961696 0.25205198 0.43194254 0.18638851
 3.41997264e-04 3.41997264e-04 3.41997264e-04 9.98974008e-01
 7.05198358e-01 3.41997264e-04 2.94117647e-01 3.41997264e-04
 5.20177839e-01 3.41997264e-04 4.79138167e-01 3.41997264e-04
 3.41997264e-04 3.41997264e-04 3.41997264e-04 9.98974008e-01
 8.91244870e-01 3.41997264e-04 1.08071135e-01 3.41997264e-04
 7.08276334e-01 3.41997264e-04 2.91039672e-01 3.41997264e-04

MOTIF STunmod1_l3_f_19
letter-probability matrix: alength= 4 w= 9 
 0.03229028 0.10386152 0.08288948 0.78095872
 0.10685752 0.00299601 0.83921438 0.05093209
 0.12949401 0.67576565 0.00699068 0.18774967
 5.79560586e-01 3.32889481e-04 4.19773635e-01 3.32889481e-04
 0.20972037 0.03894807 0.21604527 0.53528628
 0.07789614 0.03728362 0.88249001 0.00233023
 0.37050599 0.09387483 0.45006658 0.0855526 
 0.0539281  0.19906791 0.5948735  0.15213049
 0.39647137 0.31790945 0.21271638 0.0729028 

MOTIF STunmod1_l3_f_20
letter-probability matrix: alength= 4 w= 9 
 0.43589744 0.01282051 0.53846154 0.01282051
 0.01282051 0.61538462 0.11538462 0.25641026
 0.01282051 0.96153846 0.01282051 0.01282051
 0.96153846 0.01282051 0.01282051 0.01282051
 0.01282051 0.48717949 0.01282051 0.48717949
 0.01282051 0.73076923 0.24358974 0.01282051
 0.73076923 0.01282051 0.24358974 0.01282051
 0.01282051 0.11538462 0.35897436 0.51282051
 0.01282051 0.01282051 0.78205128 0.19230769

MOTIF STunmod1_l3_f_21
letter-probability matrix: alength= 4 w= 9 
 0.39181092 0.15745672 0.31291611 0.13781625
 0.03328895 0.15645806 0.23135819 0.57889481
 3.32889481e-04 3.32889481e-04 1.08521971e-01 8.90812250e-01
 8.65512650e-03 3.32889481e-04 1.16511318e-02 9.79360852e-01
 0.0758988  0.00998668 0.33921438 0.57490013
 0.09786951 0.00665779 0.23202397 0.66344874
 0.48069241 0.0569241  0.19640479 0.2659787 
 0.2912783  0.07456724 0.54560586 0.0885486 
 0.14513981 0.17376831 0.2120506  0.46904128

MOTIF STunmod1_l3_f_22
letter-probability matrix: alength= 4 w= 9 
 0.13705921 0.38656021 0.249501   0.22687957
 0.12974052 0.51164338 0.32734531 0.03127079
 0.01330672 0.96340652 0.0166334  0.00665336
 6.65335995e-04 9.98003992e-01 6.65335995e-04 6.65335995e-04
 6.65335995e-04 9.98003992e-01 6.65335995e-04 6.65335995e-04
 6.65335995e-04 9.98003992e-01 6.65335995e-04 6.65335995e-04
 0.36260812 0.3586161  0.03260146 0.24617432
 0.33998669 0.09514305 0.43779108 0.12707917
 0.31071191 0.12242182 0.41916168 0.14770459

MOTIF STunmod1_l3_f_23
letter-probability matrix: alength= 4 w= 9 
 0.19241495 0.36307864 0.1846068  0.25989961
 0.01115449 0.8700502  0.054657   0.06413832
 0.20245399 0.64249861 0.10540993 0.04963748
 5.57724484e-04 8.81204685e-01 8.25432236e-02 3.56943670e-02
 1.22699387e-02 8.33798104e-01 1.53374233e-01 5.57724484e-04
 1.11544897e-02 6.79866146e-01 3.08421640e-01 5.57724484e-04
 0.05800335 0.19464584 0.74121584 0.00613497
 0.1070831  0.22587842 0.62967094 0.03736754
 0.12158394 0.25376464 0.52147239 0.10317903

MOTIF STunmod1_l3_f_24
letter-probability matrix: alength= 4 w= 9 
 0.04105371 0.11187137 0.35579884 0.49127609
 0.07355457 0.08279165 0.4365378  0.40711598
 0.16284639 0.63701676 0.08894971 0.11118714
 7.43072186e-01 3.42114266e-04 2.56243585e-01 3.42114266e-04
 0.33937735 0.34964078 0.09579199 0.21518987
 0.07252822 0.79541567 0.10810811 0.023948  
 8.06363325e-01 1.62162162e-01 3.42114266e-04 3.11323982e-02
 1.30003421e-02 3.68799179e-01 3.42114266e-04 6.17858365e-01
 3.42114266e-04 3.88983921e-01 5.09750257e-01 1.00923709e-01

MOTIF STunmod1_l3_f_25
letter-probability matrix: alength= 4 w= 9 
 0.05858029 0.69297037 0.00723639 0.24121296
 0.46554101 0.11784976 0.35492764 0.0616816 
 0.20296347 0.03135768 0.59372846 0.17195038
 7.44314266e-02 4.88283942e-01 3.44589938e-04 4.36940041e-01
 0.0513439  0.10578911 0.25361819 0.58924879
 0.452102   0.13266713 0.18056513 0.23466575
 0.7842867  0.06753963 0.13749139 0.01068229
 1.24052378e-02 7.13301172e-02 3.44589938e-04 9.15920055e-01
 9.20055134e-02 3.75603032e-02 8.70089593e-01 3.44589938e-04

MOTIF STunmod1_l3_f_26
letter-probability matrix: alength= 4 w= 9 
 0.34387483 0.38049268 0.23901465 0.03661784
 0.85153129 0.123502   0.02330226 0.00166445
 0.70306258 0.01964048 0.22703063 0.05026631
 3.32889481e-04 9.75366178e-02 1.48135819e-01 7.53994674e-01
 0.0223036  0.21804261 0.28129161 0.47836218
 0.03395473 0.02296937 0.31424767 0.62882823
 0.36884154 0.10685752 0.00965379 0.51464714
 0.41344874 0.01031957 0.03828229 0.5379494 
 0.14347537 0.00199734 0.21870839 0.63581891

MOTIF STunmod1_l3_f_27
letter-probability matrix: alength= 4 w= 9 
 0.91478029 0.01797603 0.03728362 0.02996005
 0.40945406 0.16644474 0.1108522  0.313249  
 0.19241012 0.25565912 0.32822903 0.22370173
 9.70372836e-01 3.32889481e-04 3.32889481e-04 2.89613848e-02
 3.32889481e-04 3.32889481e-04 2.89613848e-02 9.70372836e-01
 3.32889481e-04 3.32889481e-04 9.70372836e-01 2.89613848e-02
 0.10685752 0.4494008  0.07956059 0.36418109
 0.28129161 0.22336884 0.36750999 0.12782956
 0.17476698 0.36351531 0.25299601 0.2087217 

MOTIF STunmod1_l3_f_28
letter-probability matrix: alength= 4 w= 9 
 0.35817388 0.26317556 0.31319235 0.06545821
 0.63175562 0.11916751 0.11614636 0.13293051
 0.34709634 0.03390399 0.06982209 0.54917758
 5.84088620e-01 3.35683115e-04 4.11883182e-01 3.69251427e-03
 2.65189661e-02 3.65894596e-01 3.35683115e-04 6.07250755e-01
 0.1530715  0.00637798 0.5824102  0.25814032
 2.56797583e-01 6.29070158e-01 3.35683115e-04 1.13796576e-01
 0.29875797 0.05538771 0.3558241  0.29003021
 0.47499161 0.30647868 0.04095334 0.17757637

MOTIF STunmod1_l3_f_29
letter-probability matrix: alength= 4 w= 9 
 0.35252996 0.36251664 0.20505992 0.07989348
 7.08721704e-01 3.99467377e-03 2.86950732e-01 3.32889481e-04
 0.48169108 0.12849534 0.0569241  0.33288948
 0.29027963 0.18075899 0.37450067 0.15446072
 9.75366178e-01 3.32889481e-03 2.09720373e-02 3.32889481e-04
 3.32889481e-04 2.09720373e-02 3.32889481e-04 9.78362184e-01
 3.32889481e-04 3.32889481e-04 9.99001332e-01 3.32889481e-04
 0.05026631 0.0379494  0.86917443 0.04260985
 0.26564581 0.32556591 0.30126498 0.1075233 

MOTIF STunmod1_l3_f_30
letter-probability matrix: alength= 4 w= 9 
 0.13182423 0.22436751 0.44474035 0.19906791
 0.16711052 0.46338216 0.23501997 0.13448735
 0.06757656 0.36750999 0.50732357 0.05758988
 0.00432756 0.93841545 0.02896138 0.02829561
 0.7976032  0.10852197 0.01631158 0.07756325
 0.79327563 0.14580559 0.03961385 0.02130493
 3.48868176e-01 3.48535286e-01 3.02263648e-01 3.32889481e-04
 3.32889481e-04 3.32889481e-04 9.99001332e-01 3.32889481e-04
 4.89347537e-02 1.83089214e-02 9.32423435e-01 3.32889481e-04

MOTIF STunmod1_l3_f_31
letter-probability matrix: alength= 4 w= 9 
 3.32889481e-04 3.32889481e-04 3.32889481e-04 9.99001332e-01
 7.43009321e-01 3.32889481e-04 2.56324900e-01 3.32889481e-04
 4.74367510e-01 3.32889481e-04 5.24966711e-01 3.32889481e-04
 3.32889481e-04 3.32889481e-04 3.32889481e-04 9.99001332e-01
 8.16577896e-01 3.32889481e-04 1.82756325e-01 3.32889481e-04
 4.34420772e-01 3.32889481e-04 5.64913449e-01 3.32889481e-04
 0.32256991 0.22103862 0.32723036 0.12916112
 0.2310253  0.22303595 0.30592543 0.24001332
 0.24866844 0.25332889 0.24866844 0.24933422

MOTIF STunmod1_l3_f_32
letter-probability matrix: alength= 4 w= 9 
 0.20744036 0.13465427 0.52122928 0.1366761 
 1.73877881e-02 2.93570562e-01 4.04367165e-04 6.88637283e-01
 0.25272948 0.08653457 0.49090174 0.16983421
 0.07319046 0.03356247 0.81763041 0.07561666
 1.68621108e-01 4.04367165e-04 2.42620299e-02 8.06712495e-01
 0.54630004 0.01940962 0.23291549 0.20137485
 0.51071573 0.01374848 0.30287101 0.17266478
 0.82005661 0.09583502 0.03275374 0.05135463
 0.0578245  0.0246664  0.18641326 0.73109584

MOTIF STunmod1_l3_f_33
letter-probability matrix: alength= 4 w= 9 
 0.26195029 0.01338432 0.24282983 0.48183556
 0.08604207 0.00191205 0.57361377 0.33843212
 0.18929254 0.35755258 0.45124283 0.00191205
 0.24282983 0.67686424 0.07839388 0.00191205
 0.00191205 0.63671128 0.32313576 0.03824092
 0.37858509 0.61759082 0.00191205 0.00191205
 0.15869981 0.43785851 0.0248566  0.37858509
 0.00191205 0.21988528 0.77629063 0.00191205
 0.0707457  0.06118547 0.80114723 0.06692161

MOTIF STunmod1_l3_f_34
letter-probability matrix: alength= 4 w= 9 
 0.13333333 0.44118674 0.10680628 0.31867365
 0.17591623 0.15811518 0.57905759 0.08691099
 0.23874346 0.05200698 0.68551483 0.02373473
 0.38568935 0.12425829 0.18917976 0.3008726 
 0.09144852 0.09598604 0.40488656 0.40767888
 9.9895288e-01 3.4904014e-04 3.4904014e-04 3.4904014e-04
 3.4904014e-04 3.4904014e-04 3.4904014e-04 9.9895288e-01
 3.4904014e-04 3.4904014e-04 9.9895288e-01 3.4904014e-04
 0.18010471 0.25724258 0.35148342 0.21116928

MOTIF STunmod1_l3_f_35
letter-probability matrix: alength= 4 w= 9 
 0.52631579 0.20710868 0.20984279 0.05673274
 0.57552973 0.09637731 0.21599453 0.11209843
 0.3773069  0.29801777 0.02392344 0.30075188
 0.06630212 0.73000684 0.19002051 0.01367054
 0.0430622  0.76555024 0.03075871 0.16062884
 0.24128503 0.68762816 0.05878332 0.01230349
 0.36773753 0.30827068 0.08270677 0.24128503
 0.51811347 0.00068353 0.26657553 0.21462748
 0.12098428 0.10526316 0.41626794 0.35748462

MOTIF STunmod1_l3_f_36
letter-probability matrix: alength= 4 w= 9 
 0.31393298 0.22045855 0.25220459 0.21340388
 0.31922399 0.22222222 0.24691358 0.21164021
 0.99470899 0.00176367 0.00176367 0.00176367
 0.00176367 0.00176367 0.00176367 0.99470899
 0.00176367 0.00176367 0.99470899 0.00176367
 0.99470899 0.00176367 0.00176367 0.00176367
 0.00176367 0.00176367 0.00176367 0.99470899
 0.00176367 0.00176367 0.99470899 0.00176367
 0.29453263 0.2010582  0.29453263 0.20987654

MOTIF STunmod1_l3_f_37
letter-probability matrix: alength= 4 w= 9 
 0.99466192 0.00177936 0.00177936 0.00177936
 0.04270463 0.00177936 0.00177936 0.95373665
 0.03914591 0.00177936 0.91637011 0.04270463
 0.99466192 0.00177936 0.00177936 0.00177936
 0.00177936 0.00177936 0.00177936 0.99466192
 0.00177936 0.00177936 0.99466192 0.00177936
 0.32740214 0.17259786 0.28825623 0.21174377
 0.29359431 0.22064057 0.28291815 0.20284698
 0.26512456 0.19395018 0.30960854 0.23131673

MOTIF STunmod1_l3_f_38
letter-probability matrix: alength= 4 w= 9 
 0.11917443 0.2373502  0.01631158 0.62716378
 3.32889481e-04 1.37150466e-01 3.32889481e-04 8.62183755e-01
 0.07623169 0.10219707 0.61284953 0.2087217 
 3.32889481e-04 4.14780293e-01 4.70039947e-01 1.14846871e-01
 0.21471372 0.00532623 0.25565912 0.52430093
 0.41577896 0.01498003 0.52296937 0.04627164
 0.39913449 0.04993342 0.27729694 0.27363515
 0.14680426 0.05958722 0.34354194 0.45006658
 0.41478029 0.20805593 0.1298269  0.24733688

MOTIF STunmod1_l3_f_39
letter-probability matrix: alength= 4 w= 9 
 0.55775316 0.13132911 0.18196203 0.1289557 
 0.1431962  0.14003165 0.11075949 0.60601266
 0.61787975 0.00079114 0.38053797 0.00079114
 0.11392405 0.10205696 0.08939873 0.69462025
 0.33544304 0.08148734 0.55300633 0.03006329
 9.97626582e-01 7.91139241e-04 7.91139241e-04 7.91139241e-04
 7.91139241e-04 7.91139241e-04 7.91139241e-04 9.97626582e-01
 7.91139241e-04 7.91139241e-04 9.97626582e-01 7.91139241e-04
 0.31091772 0.18117089 0.32357595 0.18433544

MOTIF STunmod1_l3_f_40
letter-probability matrix: alength= 4 w= 9 
 0.28311599 0.17433082 0.42656143 0.11599176
 0.01681537 0.19560741 0.25634866 0.53122855
 0.19972546 0.26492793 0.43891558 0.09643102
 0.47083047 0.4835278  0.0164722  0.02916953
 8.20178449e-02 4.94852437e-01 4.22786548e-01 3.43170899e-04
 3.43170899e-04 2.28208648e-01 7.71105010e-01 3.43170899e-04
 3.43170899e-04 3.00617708e-01 3.40082361e-01 3.58956760e-01
 0.0106383  0.31640357 0.66884008 0.00411805
 0.00926561 0.03603294 0.93170899 0.02299245

MOTIF STunmod1_l3_f_41
letter-probability matrix: alength= 4 w= 9 
 0.16411451 0.62416778 0.10552597 0.10619174
 0.11284953 0.02929427 0.76797603 0.08988016
 3.32889481e-04 3.32889481e-04 3.10918775e-01 6.88415446e-01
 5.32623169e-02 9.32090546e-03 9.37083888e-01 3.32889481e-04
 9.46071904e-01 3.32889481e-04 5.32623169e-02 3.32889481e-04
 0.47370173 0.11418109 0.28428762 0.12782956
 0.3258988  0.45505992 0.09620506 0.12283622
 0.6994008  0.01065246 0.00565912 0.28428762
 0.65246338 0.05159787 0.0252996  0.27063915

MOTIF STunmod1_l3_f_42
letter-probability matrix: alength= 4 w= 9 
 0.08254634 0.16194474 0.19552291 0.55998601
 0.04721931 0.4270724  0.00279818 0.52291011
 0.53899965 0.05771249 0.31024834 0.09303952
 0.39174537 0.02238545 0.01189227 0.57397692
 0.59531305 0.00349773 0.00664568 0.39454355
 0.03357817 0.01119272 0.40328786 0.55194124
 0.27457153 0.01713886 0.64393144 0.06435817
 0.3196922  0.23959426 0.10423225 0.33648129
 0.15355019 0.2903113  0.35187128 0.20426723

MOTIF STunmod1_l3_f_43
letter-probability matrix: alength= 4 w= 9 
 4.66853408e-04 4.66853408e-04 4.66853408e-04 9.98599440e-01
 7.50233427e-01 4.66853408e-04 2.48832866e-01 4.66853408e-04
 4.82259570e-01 4.66853408e-04 5.16806723e-01 4.66853408e-04
 4.66853408e-04 4.66853408e-04 4.66853408e-04 9.98599440e-01
 8.74883287e-01 4.66853408e-04 1.24183007e-01 4.66853408e-04
 3.40802988e-01 4.66853408e-04 6.58263305e-01 4.66853408e-04
 0.35247432 0.25676937 0.2805789  0.1101774 
 0.22689076 0.22735761 0.35247432 0.19327731
 0.35247432 0.25676937 0.16199813 0.22875817

MOTIF STunmod1_l3_f_44
letter-probability matrix: alength= 4 w= 9 
 0.34372256 0.37050044 0.08999122 0.19578578
 0.23178227 0.53687445 0.22870939 0.00263389
 9.98683055e-01 4.38981563e-04 4.38981563e-04 4.38981563e-04
 0.26646181 0.09438104 0.13037752 0.50877963
 0.24714662 0.1071115  0.52941176 0.11633011
 6.76909570e-01 4.38981563e-04 3.22212467e-01 4.38981563e-04
 9.74539069e-02 2.25197542e-01 4.38981563e-04 6.76909570e-01
 4.38981563e-04 4.38981563e-04 9.07813872e-01 9.13081651e-02
 0.13652327 0.07199298 0.57418788 0.21729587

MOTIF STunmod1_l3_f_45
letter-probability matrix: alength= 4 w= 9 
 0.62094848 0.06004777 0.13544865 0.1835551 
 0.2534971  0.10815421 0.31695667 0.32139202
 0.56431252 0.28113272 0.08427158 0.07028318
 0.74513818 0.00477653 0.05356534 0.19651996
 9.98976459e-01 3.41180484e-04 3.41180484e-04 3.41180484e-04
 3.41180484e-04 3.41180484e-04 3.41180484e-04 9.98976459e-01
 3.41180484e-04 3.41180484e-04 9.62128966e-01 3.71886728e-02
 0.07233026 0.55271238 0.00955305 0.3654043 
 0.42647561 0.07949505 0.21289662 0.28113272

MOTIF STunmod1_l3_f_46
letter-probability matrix: alength= 4 w= 9 
 0.17543276 0.29793609 0.36051931 0.16611185
 3.32889481e-04 5.84886818e-01 2.62316911e-01 1.52463382e-01
 3.32889481e-04 8.68841545e-01 1.19507324e-01 1.13182423e-02
 3.32889481e-04 9.83688415e-01 3.32889481e-04 1.56458056e-02
 3.32889481e-04 9.99001332e-01 3.32889481e-04 3.32889481e-04
 2.86284953e-02 9.62050599e-01 3.32889481e-04 8.98801598e-03
 0.45006658 0.22869507 0.11750999 0.20372836
 0.31890812 0.2373502  0.33255659 0.11118509
 0.28595206 0.23302264 0.3292277  0.1517976 

MOTIF STunmod1_l3_f_47
letter-probability matrix: alength= 4 w= 9 
 0.57621326 0.07758031 0.15960355 0.18660287
 0.449419   0.02802461 0.28571429 0.23684211
 0.16541353 0.0355434  0.2088175  0.59022556
 0.02221463 0.13226247 0.17703349 0.66848941
 0.3277512  0.09295967 0.17259057 0.40669856
 0.38004101 0.31100478 0.01640465 0.29254956
 7.36158578e-01 3.41763500e-04 3.41763500e-04 2.63157895e-01
 0.26760082 0.01435407 0.05297334 0.66507177
 0.10799727 0.02187286 0.83766234 0.03246753

MOTIF STunmod1_l3_f_48
letter-probability matrix: alength= 4 w= 9 
 0.09483066 0.24278075 0.21889483 0.44349376
 0.47237077 0.29518717 0.07130125 0.16114082
 0.65918004 0.12156863 0.13297683 0.08627451
 9.98930481e-01 3.56506239e-04 3.56506239e-04 3.56506239e-04
 1.10516934e-02 3.56506239e-04 3.56506239e-04 9.88235294e-01
 6.06060606e-03 5.34759358e-03 9.88235294e-01 3.56506239e-04
 0.23137255 0.04919786 0.46096257 0.25846702
 0.26024955 0.2228164  0.18146168 0.33547237
 0.1087344  0.07522282 0.60463458 0.2114082 

MOTIF STunmod1_l3_f_49
letter-probability matrix: alength= 4 w= 9 
 0.03385417 0.04114583 0.70989583 0.21510417
 1.71875000e-02 1.68229167e-01 5.20833333e-04 8.14062500e-01
 0.12708333 0.16927083 0.0859375  0.61770833
 3.42187500e-01 1.82291667e-02 5.20833333e-04 6.39062500e-01
 0.58333333 0.00833333 0.06510417 0.34322917
 0.19114583 0.02760417 0.08177083 0.69947917
 5.20833333e-04 5.20833333e-04 8.16145833e-01 1.82812500e-01
 0.32760417 0.42604167 0.16145833 0.08489583
 0.275      0.19427083 0.29635417 0.234375  

MOTIF STunmod1_l3_f_50
letter-probability matrix: alength= 4 w= 9 
 0.42243675 0.10153129 0.42043941 0.05559254
 0.0569241  0.37782956 0.22603196 0.33921438
 0.00133156 0.45905459 0.52629827 0.01331558
 0.1707723  0.62583222 0.18774967 0.01564581
 3.32889481e-04 7.10053262e-01 5.65912117e-03 2.83954727e-01
 2.99600533e-02 6.71770972e-01 2.97936085e-01 3.32889481e-04
 0.06191744 0.28695073 0.58821571 0.06291611
 0.14114514 0.62183755 0.17909454 0.05792277
 0.21238349 0.28961385 0.34986684 0.14813582

MOTIF STunmod1_l3_f_51
letter-probability matrix: alength= 4 w= 9 
 0.11948998 0.18287796 0.43570128 0.26193078
 3.64298725e-04 4.98360656e-01 3.64298725e-04 5.00910747e-01
 4.56830601e-01 3.64298725e-04 4.84881603e-01 5.79234973e-02
 3.53369763e-02 9.36612022e-01 3.64298725e-04 2.76867031e-02
 9.86520947e-01 3.64298725e-04 1.27504554e-02 3.64298725e-04
 3.64298725e-04 8.23315118e-02 9.16939891e-01 3.64298725e-04
 3.64298725e-04 3.64298725e-04 9.98907104e-01 3.64298725e-04
 0.32531876 0.30163934 0.23715847 0.13588342
 0.29544627 0.22659381 0.26630237 0.21165756

MOTIF STunmod1_l3_f_52
letter-probability matrix: alength= 4 w= 9 
 0.01857585 0.11648607 0.28134675 0.58359133
 0.00735294 0.00619195 0.13622291 0.8502322 
 0.13583591 0.00812693 0.17995356 0.67608359
 0.63544892 0.02786378 0.16137771 0.1753096 
 0.47020124 0.00773994 0.00541796 0.51664087
 0.11842105 0.03831269 0.43188854 0.41137771
 0.19117647 0.2004644  0.48258514 0.12577399
 0.25928793 0.26857585 0.27399381 0.19814241
 0.29760062 0.20123839 0.250387   0.25077399

MOTIF STunmod1_l3_f_53
letter-probability matrix: alength= 4 w= 9 
 0.0483871  0.83870968 0.10483871 0.00806452
 0.00806452 0.00806452 0.97580645 0.00806452
 0.00806452 0.97580645 0.00806452 0.00806452
 0.4516129  0.53225806 0.00806452 0.00806452
 0.00806452 0.00806452 0.66935484 0.31451613
 0.00806452 0.2983871  0.12903226 0.56451613
 0.79032258 0.00806452 0.08064516 0.12096774
 0.97580645 0.00806452 0.00806452 0.00806452
 0.16935484 0.00806452 0.00806452 0.81451613

MOTIF STunmod1_l3_f_54
letter-probability matrix: alength= 4 w= 9 
 0.01792115 0.0702509  0.18351254 0.72831541
 0.00681004 0.04982079 0.54157706 0.40179211
 0.20358423 0.04301075 0.50322581 0.25017921
 9.20071685e-01 7.27598566e-02 3.58422939e-04 6.81003584e-03
 0.35806452 0.00250896 0.14193548 0.49749104
 1.18279570e-02 3.58422939e-04 1.10394265e-01 8.77419355e-01
 0.08315412 0.64910394 0.19426523 0.0734767 
 0.07419355 0.0297491  0.71290323 0.18315412
 0.31612903 0.27060932 0.17311828 0.24014337

MOTIF STunmod1_l3_f_55
letter-probability matrix: alength= 4 w= 9 
 0.24247356 0.47558991 0.1285598  0.15337673
 2.66476810e-01 5.45565500e-01 1.87550854e-01 4.06834825e-04
 0.79739626 0.04109032 0.00732303 0.1541904 
 6.23270952e-01 8.01464605e-02 2.96175753e-01 4.06834825e-04
 9.98779496e-01 4.06834825e-04 4.06834825e-04 4.06834825e-04
 4.06834825e-04 4.06834825e-04 4.06834825e-04 9.98779496e-01
 4.06834825e-04 4.06834825e-04 9.98779496e-01 4.06834825e-04
 0.35801465 0.17209113 0.27664768 0.19324654
 0.17575264 0.23026851 0.32587469 0.26810415

MOTIF STunmod1_l3_f_56
letter-probability matrix: alength= 4 w= 9 
 0.08458813 0.59920283 0.08724535 0.22896368
 0.27059345 0.18777679 0.42825509 0.11337467
 0.08193091 0.38086802 0.04030115 0.49689991
 0.25465013 0.63153233 0.0323295  0.08148804
 0.15810452 0.21036315 0.04960142 0.58193091
 0.43755536 0.07705934 0.39902569 0.08635961
 6.28875111e-01 2.65721878e-03 4.42869796e-04 3.68024801e-01
 0.0146147  0.01992914 0.27945084 0.68600531
 0.04384411 0.08724535 0.81133747 0.05757307

MOTIF STunmod1_l3_f_57
letter-probability matrix: alength= 4 w= 9 
 0.20206391 0.29860186 0.16644474 0.33288948
 0.21637816 0.27729694 0.29194407 0.21438083
 3.32889481e-04 3.32889481e-04 3.32889481e-04 9.99001332e-01
 7.44007989e-01 3.32889481e-04 2.55326232e-01 3.32889481e-04
 4.08455393e-01 3.32889481e-04 5.90878828e-01 3.32889481e-04
 3.32889481e-04 3.32889481e-04 3.32889481e-04 9.99001332e-01
 6.40479361e-01 3.32889481e-04 3.58854860e-01 3.32889481e-04
 6.71105193e-01 3.32889481e-04 3.28229028e-01 3.32889481e-04
 0.36318242 0.21238349 0.34320905 0.08122503

MOTIF STunmod1_l3_f_58
letter-probability matrix: alength= 4 w= 9 
 0.33238737 0.0943597  0.36041149 0.21284143
 3.54735722e-04 3.84533523e-01 3.54735722e-04 6.14757006e-01
 2.90883292e-02 3.54735722e-04 9.70202199e-01 3.54735722e-04
 3.54735722e-04 7.73323874e-02 1.41894289e-02 9.08123448e-01
 3.84533523e-01 3.54735722e-04 3.77084072e-01 2.38027669e-01
 3.97304009e-02 7.83611210e-01 3.54735722e-04 1.76303654e-01
 0.32813054 0.27953175 0.21177723 0.18056048
 0.2571834  0.25257183 0.10393757 0.3863072 
 0.53813409 0.05108194 0.23022348 0.18056048

MOTIF STunmod1_l3_f_59
letter-probability matrix: alength= 4 w= 9 
 0.08515732 0.5249658  0.12414501 0.26573187
 0.00649795 0.53317373 0.34883721 0.11149111
 0.20759234 0.12927497 0.63166895 0.03146375
 3.41997264e-04 8.20793434e-03 5.61559508e-01 4.29890561e-01
 3.41997264e-04 5.44117647e-01 4.50068399e-01 5.47195622e-03
 0.03522572 0.49794802 0.45861833 0.00820793
 0.02599179 0.34644323 0.42783858 0.1997264 
 0.02051984 0.66586867 0.18638851 0.12722298
 0.18091655 0.29514364 0.26025992 0.26367989

MOTIF STunmod1_l3_f_60
letter-probability matrix: alength= 4 w= 9 
 0.27430093 0.55625832 0.12050599 0.04893475
 5.09986684e-01 8.08921438e-02 4.08788282e-01 3.32889481e-04
 0.03661784 0.06225033 0.41278296 0.48834887
 0.35186418 0.25599201 0.02063915 0.37150466
 0.1834221  0.08288948 0.55292943 0.18075899
 0.00366178 0.21471372 0.53595206 0.24567244
 2.38681758e-01 3.32889481e-04 7.60652463e-01 3.32889481e-04
 3.32889481e-04 2.33022636e-03 9.97003995e-01 3.32889481e-04
 0.05659121 0.49201065 0.44573901 0.00565912

MOTIF STunmod1_l3_f_61
letter-probability matrix: alength= 4 w= 9 
 0.1644474  0.22703063 0.36850866 0.24001332
 3.32889481e-04 3.32889481e-04 3.32889481e-04 9.99001332e-01
 6.79094541e-01 3.32889481e-04 3.20239680e-01 3.32889481e-04
 4.23102530e-01 3.32889481e-04 5.76231691e-01 3.32889481e-04
 3.32889481e-04 3.32889481e-04 3.32889481e-04 9.99001332e-01
 7.86284953e-01 3.32889481e-04 2.13049268e-01 3.32889481e-04
 6.59454061e-01 3.32889481e-04 3.39880160e-01 3.32889481e-04
 0.31757656 0.22270306 0.35286285 0.10685752
 0.22037284 0.2626498  0.25532623 0.26165113

MOTIF STunmod1_l3_f_62
letter-probability matrix: alength= 4 w= 9 
 0.01538462 0.01538462 0.01538462 0.95384615
 0.95384615 0.01538462 0.01538462 0.01538462
 0.01538462 0.01538462 0.95384615 0.01538462
 0.95384615 0.01538462 0.01538462 0.01538462
 0.01538462 0.95384615 0.01538462 0.01538462
 0.01538462 0.01538462 0.01538462 0.95384615
 0.27692308 0.69230769 0.01538462 0.01538462
 0.53846154 0.01538462 0.16923077 0.27692308
 0.44615385 0.01538462 0.21538462 0.32307692

MOTIF STunmod1_l3_f_63
letter-probability matrix: alength= 4 w= 9 
 0.46649579 0.2581472  0.12303186 0.15232516
 0.26913219 0.17209813 0.43683632 0.12193336
 5.26547052e-01 4.72720615e-01 3.66166239e-04 3.66166239e-04
 0.52105456 0.21969974 0.09593555 0.16331014
 0.73672647 0.03698279 0.19296961 0.03332113
 3.66166239e-04 9.93409008e-01 3.66166239e-04 5.85865983e-03
 1.57451483e-02 2.56316368e-03 9.81325522e-01 3.66166239e-04
 0.83376053 0.01574515 0.09300622 0.0574881 
 0.85719517 0.03881362 0.09886488 0.00512633

MOTIF STunmod1_l3_f_64
letter-probability matrix: alength= 4 w= 9 
 0.14913449 0.09420772 0.36251664 0.39414115
 0.15346205 0.01331558 0.09121172 0.74201065
 0.05758988 0.02762983 0.09687084 0.81790945
 9.65379494e-03 3.32889481e-04 5.89214381e-02 9.31091877e-01
 3.42543276e-01 3.32889481e-04 1.42809587e-01 5.14314248e-01
 0.55159787 0.03961385 0.12549933 0.28328895
 0.3891478  0.06258322 0.17743009 0.37083888
 0.49866844 0.29793609 0.03328895 0.17010652
 0.20539281 0.04926764 0.10352863 0.64181092

MOTIF STunmod1_l3_f_65
letter-probability matrix: alength= 4 w= 9 
 0.34847796 0.26124489 0.27214902 0.11812812
 9.85461154e-01 4.54338937e-04 1.36301681e-02 4.54338937e-04
 5.13402999e-02 4.72512494e-02 4.54338937e-04 9.00954112e-01
 3.68014539e-02 4.81599273e-02 9.14584280e-01 4.54338937e-04
 0.36574284 0.01272149 0.5111313  0.11040436
 0.10313494 0.49341209 0.04997728 0.35347569
 0.05043162 0.27396638 0.60654248 0.06905952
 0.28895956 0.05860972 0.41390277 0.23852794
 0.26169923 0.25579282 0.34666061 0.13584734

MOTIF STunmod1_l3_f_66
letter-probability matrix: alength= 4 w= 9 
 0.65307509 0.20149507 0.10873259 0.03669725
 0.2579001  0.01732926 0.01461094 0.7101597 
 0.19028203 0.04757051 0.54875977 0.2133877 
 0.65511383 0.04994903 0.24906558 0.04587156
 3.83622154e-01 3.39789331e-04 8.83452260e-03 6.07203534e-01
 3.39789331e-04 8.83452260e-03 6.07203534e-01 3.83622154e-01
 0.14033299 0.16038056 0.46075433 0.23853211
 0.2993544  0.17703024 0.33978933 0.18382603
 0.34522596 0.1879035  0.26707441 0.19979613

MOTIF STunmod1_l3_f_68
letter-probability matrix: alength= 4 w= 9 
 0.31553931 0.42303473 0.05813528 0.20329068
 0.27202925 0.05886654 0.57769653 0.09140768
 0.19634369 0.01974406 0.09908592 0.68482633
 0.01170018 0.05521024 0.06727605 0.86581353
 0.07422303 0.02522852 0.17330896 0.72723949
 0.48848263 0.09981718 0.34698355 0.06471664
 0.57404022 0.01937843 0.07531993 0.33126143
 0.04826325 0.12943327 0.41170018 0.41060329
 0.21535649 0.23729433 0.43034735 0.11700183

MOTIF STunmod1_l3_f_69
letter-probability matrix: alength= 4 w= 9 
 0.68142477 0.11617843 0.01797603 0.18442077
 0.14014647 0.39913449 0.04327563 0.41744341
 0.00565912 0.81790945 0.06591212 0.11051931
 3.32889481e-04 2.66644474e-01 1.36484687e-01 5.96537949e-01
 3.32889481e-04 3.32889481e-02 9.88681758e-02 8.67509987e-01
 3.30226365e-01 2.35685752e-01 3.32889481e-04 4.33754993e-01
 0.55958722 0.35585885 0.01930759 0.06524634
 0.48335553 0.0569241  0.44474035 0.01498003
 0.3701731  0.28195739 0.31058589 0.03728362

MOTIF STunmod1_l3_f_70
letter-probability matrix: alength= 4 w= 9 
 0.42302498 0.13133018 0.16441594 0.2812289 
 0.13166779 0.09115463 0.30182309 0.47535449
 0.33085753 0.33794733 0.02228224 0.3089129 
 0.94834571 0.01958136 0.00506415 0.02700878
 4.94598244e-01 3.98379473e-01 1.06684673e-01 3.37609723e-04
 7.86630655e-02 5.19918974e-02 3.37609723e-04 8.69007427e-01
 9.19986496e-01 3.37609723e-04 3.37609723e-04 7.93382849e-02
 9.88858879e-01 3.37609723e-04 1.04659014e-02 3.37609723e-04
 0.22349764 0.12896691 0.08507765 0.5624578 

MOTIF STunmod1_l3_f_71
letter-probability matrix: alength= 4 w= 9 
 0.33189081 0.09420772 0.53561917 0.03828229
 0.05958722 0.04960053 0.5223036  0.36850866
 3.32889481e-04 2.66977364e-01 3.32889481e-04 7.32356858e-01
 0.46770972 0.01398136 0.48801598 0.03029294
 0.36651132 0.19973369 0.13249001 0.30126498
 8.39547270e-01 1.29826897e-02 1.47137150e-01 3.32889481e-04
 0.00765646 0.09553928 0.09687084 0.79993342
 3.32889481e-04 7.09054594e-02 7.99933422e-01 1.28828229e-01
 0.27496671 0.3418775  0.13315579 0.25      

MOTIF STunmod1_l3_f_72
letter-probability matrix: alength= 4 w= 9 
 0.10053262 0.07456724 0.67942743 0.1454727 
 0.13149134 0.01930759 0.19773635 0.65146471
 3.32889481e-04 3.32889481e-04 9.98668442e-03 9.89347537e-01
 7.52663116e-01 6.99067909e-03 2.40013316e-01 3.32889481e-04
 4.57723036e-01 9.98668442e-03 5.31957390e-01 3.32889481e-04
 0.51398136 0.06291611 0.40945406 0.01364847
 0.25099867 0.53628495 0.12949401 0.08322237
 0.18275632 0.02496671 0.64946738 0.14280959
 0.34054594 0.22303595 0.00499334 0.43142477

MOTIF STunmod1_l3_f_73
letter-probability matrix: alength= 4 w= 9 
 0.11651132 0.14513981 0.49034621 0.24800266
 3.32889481e-04 3.32889481e-04 9.59054594e-01 4.02796272e-02
 0.00732357 0.76697736 0.16011984 0.06557923
 5.51264980e-01 3.32889481e-04 4.48069241e-01 3.32889481e-04
 0.31358189 0.063249   0.02363515 0.59953395
 3.32889481e-04 9.14114514e-01 6.39147803e-02 2.16378162e-02
 7.77296937e-01 3.32889481e-04 2.22037284e-01 3.32889481e-04
 0.58455393 0.29893475 0.0792277  0.03728362
 0.20739015 0.37616511 0.35552597 0.06091877

MOTIF STunmod1_l3_f_74
letter-probability matrix: alength= 4 w= 9 
 0.37058824 0.00294118 0.56176471 0.06470588
 0.00294118 0.00294118 0.09117647 0.90294118
 0.00294118 0.00294118 0.99117647 0.00294118
 0.00294118 0.00294118 0.99117647 0.00294118
 0.93823529 0.00294118 0.05588235 0.00294118
 0.24411765 0.00294118 0.70588235 0.04705882
 0.55294118 0.00294118 0.06176471 0.38235294
 0.00294118 0.00294118 0.07058824 0.92352941
 0.11470588 0.56176471 0.04705882 0.27647059

MOTIF STunmod1_l3_f_75
letter-probability matrix: alength= 4 w= 9 
 0.84267241 0.12392241 0.01400862 0.01939655
 0.17672414 0.06034483 0.07327586 0.68965517
 0.05926724 0.04956897 0.88469828 0.00646552
 0.00107759 0.05603448 0.00107759 0.94181034
 0.30603448 0.09806034 0.3987069  0.19719828
 0.02478448 0.87931034 0.00107759 0.09482759
 0.82866379 0.00107759 0.16594828 0.00431034
 0.22198276 0.0549569  0.16487069 0.55818966
 0.29849138 0.0549569  0.5625     0.08405172

MOTIF STunmod1_l3_f_76
letter-probability matrix: alength= 4 w= 9 
 0.3448735  0.2752996  0.26331558 0.11651132
 9.23768309e-01 6.72436751e-02 8.65512650e-03 3.32889481e-04
 8.10585885e-01 3.32889481e-04 2.59653795e-02 1.63115846e-01
 0.5948735  0.06924101 0.23701731 0.09886818
 0.47203728 0.16478029 0.3039281  0.05925433
 3.32889481e-04 2.27030626e-01 5.50266312e-01 2.22370173e-01
 4.96005326e-02 1.66444740e-02 3.32889481e-04 9.33422104e-01
 9.25432756e-02 9.98668442e-03 8.97137150e-01 3.32889481e-04
 0.07157124 0.17576565 0.36884154 0.38382157

MOTIF STunmod1_l3_f_77
letter-probability matrix: alength= 4 w= 9 
 0.20216606 0.27978339 0.20144404 0.3166065 
 4.22382671e-01 5.44404332e-01 3.28519856e-02 3.61010830e-04
 0.24981949 0.01877256 0.39350181 0.33790614
 0.01444043 0.11083032 0.79638989 0.07833935
 3.61010830e-04 5.32851986e-01 4.66425993e-01 3.61010830e-04
 3.61010830e-04 3.61010830e-04 3.61010830e-04 9.98916968e-01
 6.68592058e-01 3.61010830e-04 3.30685921e-01 3.61010830e-04
 7.52707581e-01 3.61010830e-04 2.46570397e-01 3.61010830e-04
 0.36209386 0.19169675 0.12924188 0.31696751

MOTIF STunmod1_l3_f_78
letter-probability matrix: alength= 4 w= 9 
 0.52516958 0.08639772 0.31595859 0.07247412
 3.64155659e-02 3.57015352e-04 6.55837201e-01 3.07390218e-01
 0.03677258 0.12531239 0.01570868 0.82220635
 0.06997501 0.05747947 0.68404141 0.18850411
 0.09925027 0.23920029 0.07104605 0.59050339
 9.95001785e-01 4.28418422e-03 3.57015352e-04 3.57015352e-04
 5.81935023e-01 3.57015352e-04 1.24955373e-02 4.05212424e-01
 0.41199572 0.11995716 0.45662263 0.01142449
 0.5465905  0.07176009 0.27061764 0.11103177

MOTIF STunmod1_l3_f_79
letter-probability matrix: alength= 4 w= 9 
 0.40079893 0.4523968  0.08954727 0.05725699
 1.91744341e-01 6.65778961e-03 8.01264980e-01 3.32889481e-04
 0.00432756 0.00965379 0.28362184 0.7023968 
