MEME version 5.3.0

ALPHABET= ACGT

strands: + -

Background letter frequencies
A 0.25 C 0.25 G 0.25 T 0.25

MOTIF STvleng_l3_f_0
letter-probability matrix: alength= 4 w= 9 
 0.03377309 0.07915567 0.43377309 0.45329815
 0.18364116 0.21108179 0.13773087 0.46754617
 8.31134565e-01 5.27704485e-04 1.67810026e-01 5.27704485e-04
 0.11081794 0.00316623 0.27757256 0.60844327
 0.24907652 0.35725594 0.03271768 0.36094987
 0.06860158 0.24063325 0.2817942  0.40897098
 0.43588391 0.13087071 0.04854881 0.38469657
 0.02796834 0.45065963 0.49129288 0.03007916
 0.04591029 0.59313984 0.19630607 0.1646438 

MOTIF STvleng_l3_f_1
letter-probability matrix: alength= 4 w= 9 
 0.12411848 0.08215797 0.62059238 0.17313117
 0.00141044 0.42136812 0.05394922 0.52327221
 0.05218618 0.44287729 0.31875882 0.18617772
 0.64421721 0.01269394 0.21897038 0.12411848
 0.22708039 0.27433004 0.22461213 0.27397743
 0.03455571 0.21650212 0.01445698 0.73448519
 0.04442877 0.01939351 0.46861777 0.46755994
 0.12764457 0.03314528 0.68582511 0.15338505
 0.40056417 0.11212976 0.25987306 0.227433  

MOTIF STvleng_l3_f_2
letter-probability matrix: alength= 4 w= 9 
 0.17840127 0.40021175 0.13075701 0.29062996
 0.49920593 0.29592377 0.20328216 0.00158814
 0.5902594  0.03705664 0.31551085 0.05717311
 0.31604023 0.19640021 0.2048703  0.28268925
 0.8141874  0.11540498 0.02593965 0.04446797
 0.19745897 0.00211752 0.00582319 0.79460032
 5.82318687e-03 5.29380625e-04 7.94600318e-01 1.99047115e-01
 0.30121758 0.00317628 0.36950768 0.32609846
 0.29168872 0.24880889 0.22922181 0.23028057

MOTIF STvleng_l3_f_3
letter-probability matrix: alength= 4 w= 9 
 0.17872191 0.26720506 0.23244382 0.32162921
 0.1695927  0.33251404 0.38377809 0.11411517
 4.20294944e-01 1.05337079e-03 5.78300562e-01 3.51123596e-04
 0.23735955 0.27492978 0.35955056 0.12816011
 0.15870787 0.34023876 0.24824438 0.25280899
 0.6681882  0.20891854 0.08286517 0.04002809
 0.13026685 0.07268258 0.1070927  0.68995787
 0.00456461 0.06039326 0.86060393 0.0744382 
 0.07198034 0.27457865 0.37780899 0.27563202

MOTIF STvleng_l3_f_4
letter-probability matrix: alength= 4 w= 9 
 0.17206883 0.40416166 0.31692677 0.10684274
 0.19287715 0.35454182 0.39015606 0.06242497
 0.11164466 0.12364946 0.67026811 0.09443778
 0.02280912 0.34053621 0.54301721 0.09363745
 0.06122449 0.47178872 0.3697479  0.0972389 
 0.01640656 0.72308924 0.20888355 0.05162065
 0.12805122 0.64785914 0.08723489 0.13685474
 0.08683473 0.57182873 0.31612645 0.02521008
 0.15966387 0.26210484 0.25930372 0.31892757

MOTIF STvleng_l3_f_5
letter-probability matrix: alength= 4 w= 9 
 0.34571645 0.25170584 0.17589083 0.22668688
 0.08529189 0.6383624  0.03790751 0.23843821
 0.22630781 0.08567096 0.01592115 0.67210008
 1.02350265e-02 4.16982563e-03 9.84836998e-01 7.58150114e-04
 0.08263836 0.1959818  0.24943139 0.47194845
 0.00530705 0.26952237 0.40561031 0.31956027
 0.6353298  0.156558   0.20204701 0.0060652 
 0.21000758 0.12926459 0.64859742 0.0121304 
 0.08718726 0.14556482 0.5060652  0.26118271

MOTIF STvleng_l3_f_6
letter-probability matrix: alength= 4 w= 9 
 0.26222019 0.12151667 0.31247145 0.30379169
 0.37140247 0.2407492  0.1512106  0.23663773
 0.42804934 0.20465966 0.13704888 0.23024212
 0.74189127 0.0123344  0.23526725 0.01050708
 0.26724532 0.14298767 0.03974418 0.55002284
 0.203746   0.07583371 0.69940612 0.02101416
 0.65006852 0.14846962 0.13293741 0.06852444
 0.00913659 0.00411147 0.15623572 0.83051622
 0.01507538 0.02375514 0.86158063 0.09958885

MOTIF STvleng_l3_f_7
letter-probability matrix: alength= 4 w= 9 
 0.48187092 0.09680928 0.34481508 0.07650471
 7.25163162e-04 2.04496012e-01 2.53807107e-02 7.69398115e-01
 0.15917331 0.14358231 0.09753445 0.59970993
 0.29477883 0.07940537 0.53299492 0.09282088
 0.14430747 0.59825961 0.02465555 0.23277737
 0.45431472 0.01196519 0.00652647 0.52719362
 0.05402466 0.07215373 0.69615664 0.17766497
 0.27519942 0.11493836 0.27084844 0.33901378
 0.14285714 0.41986947 0.188905   0.24836838

MOTIF STvleng_l3_f_8
letter-probability matrix: alength= 4 w= 9 
 0.37914877 0.07301835 0.19055057 0.35728231
 0.33736822 0.08746583 0.18117923 0.39398672
 0.44513862 0.26591175 0.12104647 0.16790316
 0.38422491 0.1460367  0.41507224 0.05466615
 0.12690355 0.12104647 0.46310035 0.28894963
 0.00117142 0.3432253  0.23194065 0.42366263
 3.59234674e-02 3.90472472e-04 3.12377977e-03 9.60562280e-01
 0.22374073 0.00117142 0.76727841 0.00780945
 0.89808668 0.01210465 0.0765326  0.01327606

MOTIF STvleng_l3_f_9
letter-probability matrix: alength= 4 w= 9 
 0.19114028 0.38843314 0.26989336 0.15053322
 0.54552912 0.02132896 0.35808039 0.07506153
 0.27276456 0.50820345 0.08449549 0.13453651
 2.46103363e-03 1.10746514e-02 9.86054143e-01 4.10172272e-04
 0.59926169 0.16981132 0.15217391 0.07875308
 0.65299426 0.07711239 0.16201805 0.10787531
 0.15504512 0.09926169 0.22477441 0.52091879
 0.28424938 0.26292043 0.21123872 0.24159147
 0.3002461  0.18416735 0.32895816 0.18662838

MOTIF STvleng_l3_f_10
letter-probability matrix: alength= 4 w= 9 
 0.39751267 0.133579   0.28972824 0.1791801 
 0.65591893 0.23998158 0.06310456 0.04099493
 9.48871488e-02 1.68585905e-01 7.36066329e-01 4.60617227e-04
 0.10225702 0.00598802 0.64486412 0.24689083
 0.192538   0.13542146 0.33256564 0.3394749 
 0.25886688 0.30538922 0.40948871 0.02625518
 0.15016122 0.45647167 0.15660986 0.23675725
 0.81483187 0.0400737  0.04237678 0.10271764
 0.22570244 0.14002764 0.09672962 0.5375403 

MOTIF STvleng_l3_f_11
letter-probability matrix: alength= 4 w= 9 
 0.09048724 0.36852282 0.38515081 0.15583913
 0.05027069 0.40912606 0.18909513 0.35150812
 0.00966744 0.34222738 0.50850735 0.13959783
 0.26836814 0.05336427 0.67440062 0.00386698
 0.0328693  0.92111369 0.00348028 0.04253674
 0.01276102 0.26759474 0.71655066 0.00309358
 0.10479505 0.33372003 0.5162413  0.04524362
 0.02900232 0.758314   0.10208817 0.11059551
 0.0970611  0.24632637 0.47873163 0.1778809 

MOTIF STvleng_l3_f_12
letter-probability matrix: alength= 4 w= 9 
 0.53041988 0.10582691 0.32733505 0.03641817
 0.09254499 0.32390746 0.38174807 0.20179949
 0.02742074 0.51670951 0.01713796 0.43873179
 0.23564696 0.12982005 0.01542416 0.61910883
 0.15552699 0.01113967 0.24078835 0.59254499
 0.81405313 0.02870608 0.00899743 0.14824336
 0.26735219 0.08097686 0.16838046 0.48329049
 0.18551842 0.17609254 0.55826907 0.08011997
 0.42030848 0.25664096 0.29263068 0.03041988

MOTIF STvleng_l3_f_13
letter-probability matrix: alength= 4 w= 9 
 0.36012312 0.12277702 0.27667579 0.24042408
 0.09131327 0.24350205 0.13372093 0.53146375
 0.03659371 0.03043776 0.1993844  0.73358413
 3.41997264e-04 5.60875513e-02 1.29616963e-01 8.13953488e-01
 0.39569083 0.12277702 0.00341997 0.47811218
 0.71785226 0.08276334 0.08036936 0.11901505
 3.51573187e-01 4.65800274e-01 3.41997264e-04 1.82284542e-01
 0.20383037 0.47058824 0.16381669 0.16176471
 0.53317373 0.14534884 0.13337893 0.1880985 

MOTIF STvleng_l3_f_14
letter-probability matrix: alength= 4 w= 9 
 0.21889764 0.1996063  0.14606299 0.43543307
 0.57007874 0.01141732 0.17007874 0.2484252 
 0.05669291 0.10866142 0.20944882 0.62519685
 6.30314961e-01 1.18110236e-03 3.68110236e-01 3.93700787e-04
 0.07480315 0.04251969 0.05472441 0.82795276
 0.07165354 0.08346457 0.68464567 0.16023622
 0.38740157 0.07322835 0.11574803 0.42362205
 0.33110236 0.15669291 0.21692913 0.29527559
 0.20590551 0.15866142 0.1515748  0.48385827

MOTIF STvleng_l3_f_15
letter-probability matrix: alength= 4 w= 9 
 0.16813535 0.21466338 0.40535777 0.2118435 
 0.16743038 0.45858301 0.13323934 0.24074727
 0.09164611 0.77934438 0.0870638  0.04194572
 0.48819175 0.17835742 0.1223123  0.21113853
 0.63200564 0.10539302 0.23440254 0.0281988 
 0.18329221 0.20972859 0.46880508 0.13817413
 5.00528728e-02 5.28727529e-03 9.44307367e-01 3.52485019e-04
 0.13323934 0.08882622 0.65597462 0.12195982
 0.29855481 0.19386676 0.49488897 0.01268946

MOTIF STvleng_l3_f_16
letter-probability matrix: alength= 4 w= 9 
 0.20552254 0.19119189 0.37049983 0.23278574
 0.12827683 0.01887452 0.63753932 0.21530933
 0.2222999  0.20342538 0.04788535 0.52638937
 0.67389025 0.00279623 0.0360014  0.28731213
 0.21880461 0.03809857 0.00419434 0.73890248
 0.02202027 0.67668647 0.00104858 0.30024467
 1.25830129e-02 8.54945823e-01 3.49528137e-04 1.32121636e-01
 0.09017826 0.3365956  0.4124432  0.16078294
 0.40824886 0.26424327 0.09542118 0.23208668

MOTIF STvleng_l3_f_17
letter-probability matrix: alength= 4 w= 9 
 0.36915701 0.13064323 0.25489413 0.24530563
 0.13423891 0.04594487 0.43268078 0.38713544
 0.06232521 0.15421494 0.12904515 0.6544147 
 0.39832201 0.06592089 0.31522173 0.22053536
 0.05153815 0.07111466 0.04994007 0.82740711
 5.59328805e-02 3.99520575e-04 3.99520575e-04 9.43268078e-01
 1.68997203e-01 3.99520575e-04 7.78665601e-01 5.19376748e-02
 0.68917299 0.07311227 0.13543748 0.10227727
 0.4854175  0.13943268 0.19057131 0.18457851

MOTIF STvleng_l3_f_18
letter-probability matrix: alength= 4 w= 9 
 0.76241135 0.05106383 0.06666667 0.11985816
 0.10851064 0.16737589 0.11205674 0.61205674
 0.09574468 0.73617021 0.10141844 0.06666667
 0.05319149 0.24893617 0.01702128 0.68085106
 0.55744681 0.23475177 0.17375887 0.03404255
 0.64893617 0.31134752 0.03687943 0.00283688
 0.34680851 0.42695035 0.05106383 0.1751773 
 0.49148936 0.32553191 0.10425532 0.0787234 
 0.42907801 0.23475177 0.17659574 0.15957447

MOTIF STvleng_l3_f_19
letter-probability matrix: alength= 4 w= 9 
 0.26060167 0.05183037 0.61072852 0.07683943
 0.13410656 0.01920986 0.67234505 0.17433853
 0.05654223 0.07031533 0.41536789 0.45777456
 0.007249   0.02392171 0.86516854 0.10366075
 0.0043494  0.05328017 0.05291772 0.8894527 
 0.23160565 0.1018485  0.61290323 0.05364262
 0.31895614 0.13084451 0.31424429 0.23595506
 0.31750634 0.105473   0.47879667 0.09822399
 0.18050018 0.13229431 0.34577746 0.34142805

MOTIF STvleng_l3_f_20
letter-probability matrix: alength= 4 w= 9 
 0.12950601 0.25278149 0.21094793 0.40676457
 0.24343569 0.33021807 0.11348465 0.31286159
 0.55985759 0.06008011 0.1717846  0.2082777 
 0.49710725 0.00222519 0.11259457 0.38807299
 0.25589675 0.00845572 0.33110814 0.40453939
 0.11036938 0.01958166 0.52247441 0.34757454
 0.09835336 0.01958166 0.51001335 0.37205162
 0.20961282 0.08366711 0.29773031 0.40898976
 0.12594571 0.16243881 0.34134401 0.37027147

MOTIF STvleng_l3_f_21
letter-probability matrix: alength= 4 w= 9 
 0.31514516 0.18048269 0.21476041 0.28961175
 0.62224554 0.09059112 0.13291361 0.15424974
 1.38160196e-01 5.49842602e-01 3.49772648e-04 3.11647429e-01
 0.85379503 0.00104932 0.13781042 0.00734523
 0.5089192  0.04512067 0.28611403 0.1598461 
 0.13920951 0.43161945 0.05736271 0.37180832
 4.35816719e-01 3.49772648e-04 5.08919203e-01 5.49143057e-02
 0.03392795 0.30535152 0.0216859  0.63903463
 0.09199021 0.10283316 0.65967121 0.14550542

MOTIF STvleng_l3_f_22
letter-probability matrix: alength= 4 w= 9 
 0.29041191 0.25856698 0.27345102 0.17757009
 0.54136379 0.11214953 0.18622361 0.16026307
 0.25891312 0.01557632 0.36517826 0.36033229
 3.46140533e-04 3.70370370e-02 2.40913811e-01 7.21703011e-01
 0.0529595  0.14918657 0.01557632 0.7822776 
 0.05192108 0.19453098 0.45655936 0.29698858
 0.22429907 0.29595016 0.43959848 0.0401523 
 0.61543787 0.19937695 0.04292143 0.14226376
 0.13430253 0.03357563 0.532018   0.30010384

MOTIF STvleng_l3_f_23
letter-probability matrix: alength= 4 w= 9 
 0.26306799 0.15920738 0.37615306 0.20157157
 0.12196789 0.11820977 0.60368978 0.15613256
 0.08370345 0.43013324 0.28083362 0.20532969
 0.2931329  0.22480355 0.30577383 0.17628972
 0.19542193 0.20327981 0.47523061 0.12606765
 9.40553468e-01 2.83566792e-02 3.07482064e-02 3.41646737e-04
 0.00102494 0.02903997 0.03211479 0.93782029
 0.0577383  0.02767339 0.89169798 0.02289033
 0.38981893 0.06354629 0.33413051 0.21250427

MOTIF STvleng_l3_f_24
letter-probability matrix: alength= 4 w= 9 
 0.21605988 0.30928887 0.31677441 0.15787683
 0.1806737  0.39571283 0.27356244 0.15005104
 0.19394352 0.10241579 0.68696836 0.01667234
 0.34535556 0.6104117  0.02687989 0.01735284
 3.40251786e-04 6.41034365e-01 1.02075536e-02 3.48417829e-01
 0.00510378 0.64103437 0.34773733 0.00612453
 0.5045934  0.37495747 0.10241579 0.01803334
 0.22830895 0.24736305 0.22422593 0.30010208
 0.18373596 0.2470228  0.35182035 0.21742089

MOTIF STvleng_l3_f_25
letter-probability matrix: alength= 4 w= 9 
 0.16275052 0.21423635 0.19004838 0.43296475
 0.72633034 0.13096061 0.11748445 0.0252246 
 5.73600553e-01 5.18313753e-03 4.20870767e-01 3.45542502e-04
 0.08327574 0.02246026 0.05908777 0.83517623
 0.31893573 0.20905321 0.12024879 0.35176227
 0.45196959 0.09467865 0.361783   0.09156876
 0.01036628 0.08431237 0.30545957 0.59986178
 0.53662751 0.29094679 0.00414651 0.1682792 
 0.05597789 0.07290947 0.29198341 0.57912923

MOTIF STvleng_l3_f_26
letter-probability matrix: alength= 4 w= 9 
 0.28630705 0.1417704  0.22821577 0.34370678
 0.50034578 0.14937759 0.27213001 0.07814661
 0.06189488 0.14384509 0.77835408 0.01590595
 3.45781466e-04 2.83195021e-01 5.69502075e-01 1.46957123e-01
 3.45781466e-04 3.45781466e-04 3.45781466e-04 9.98962656e-01
 7.33056708e-01 3.45781466e-04 2.66251729e-01 3.45781466e-04
 6.50069156e-01 3.45781466e-04 3.49239281e-01 3.45781466e-04
 0.29356846 0.32330567 0.15214385 0.23098202
 0.16528354 0.35304288 0.16666667 0.31500692

MOTIF STvleng_l3_f_27
letter-probability matrix: alength= 4 w= 9 
 0.04593399 0.26301463 0.23307247 0.4579789 
 0.07655665 0.08472269 0.46376318 0.37495747
 3.40251786e-04 7.07723716e-02 2.78325961e-01 6.50561415e-01
 0.54848588 0.18679823 0.17250766 0.09220823
 3.40251786e-04 2.75603947e-02 9.71759102e-01 3.40251786e-04
 3.40251786e-04 2.23545424e-01 5.88295339e-01 1.87818986e-01
 0.01122831 0.17591017 0.19768629 0.61517523
 0.07281388 0.47329023 0.20449132 0.24940456
 0.07179313 0.26879891 0.25212657 0.40728139

MOTIF STvleng_l3_f_28
letter-probability matrix: alength= 4 w= 9 
 0.25643564 0.16831683 0.21386139 0.36138614
 0.48613861 0.2039604  0.0009901  0.30891089
 0.44059406 0.04356436 0.5019802  0.01386139
 0.05544554 0.02871287 0.88217822 0.03366337
 0.0009901  0.85148515 0.01386139 0.13366337
 0.68217822 0.07128713 0.03564356 0.21089109
 0.0009901  0.42574257 0.0039604  0.56930693
 0.11584158 0.32970297 0.25841584 0.2960396 
 0.11089109 0.36237624 0.21485149 0.31188119

MOTIF STvleng_l3_f_29
letter-probability matrix: alength= 4 w= 9 
 0.37010526 0.13389474 0.15578947 0.34021053
 0.29263158 0.37010526 0.24336842 0.09389474
 9.79789474e-01 4.21052632e-04 1.93684211e-02 4.21052632e-04
 0.05894737 0.06694737 0.01473684 0.85936842
 0.12505263 0.03452632 0.83747368 0.00294737
 0.46442105 0.12042105 0.29389474 0.12126316
 0.38652632 0.16968421 0.13305263 0.31073684
 0.18652632 0.16884211 0.49221053 0.15242105
 0.30736842 0.42821053 0.15831579 0.10610526

MOTIF STvleng_l3_f_30
letter-probability matrix: alength= 4 w= 9 
 0.27311281 0.29050042 0.11365564 0.32273113
 0.31849025 0.11704835 0.35326548 0.21119593
 0.15860899 0.02290076 0.29346904 0.5250212 
 0.1475827  0.14843087 0.31679389 0.38719254
 8.52417303e-01 4.24088210e-04 1.34435963e-01 1.27226463e-02
 0.08905852 0.09796438 0.00296862 0.81000848
 0.00763359 0.00254453 0.89906701 0.09075488
 0.17345208 0.19253605 0.1475827  0.48642918
 0.27014419 0.23324852 0.3129771  0.1836302 

MOTIF STvleng_l3_f_31
letter-probability matrix: alength= 4 w= 9 
 0.15397864 0.10609714 0.49052704 0.24939718
 0.08921805 0.21184981 0.49293834 0.2059938 
 0.12056493 0.04615915 0.71029969 0.12297623
 0.01584568 0.03100241 0.19118154 0.76197038
 0.25318636 0.09679642 0.2311402  0.41887702
 0.03134688 0.0072339  0.1353772  0.82604203
 0.39545298 0.29245608 0.01515673 0.29693421
 0.31656907 0.26627627 0.02893558 0.38821908
 0.04753703 0.17016879 0.09128488 0.6910093 

MOTIF STvleng_l3_f_32
letter-probability matrix: alength= 4 w= 9 
 0.09842154 0.34958217 0.1174559  0.43454039
 0.42804085 0.15181058 0.26508821 0.15506035
 0.44103993 0.06220984 0.18848654 0.3082637 
 7.82265552e-01 4.64252553e-04 1.53203343e-01 6.40668524e-02
 0.03203343 0.66109564 0.24326834 0.0636026 
 0.01624884 0.00603528 0.85840297 0.11931291
 0.27344475 0.61931291 0.01160631 0.09563603
 0.77344475 0.03946147 0.04317549 0.14391829
 0.33101207 0.10399257 0.39461467 0.17038069

MOTIF STvleng_l3_f_33
letter-probability matrix: alength= 4 w= 9 
 0.19116998 0.44724062 0.20971302 0.15187638
 0.13995585 0.23532009 0.50331126 0.1214128 
 0.01324503 0.33245033 0.28962472 0.36467991
 0.05033113 0.13068433 0.5209713  0.29801325
 1.20971302e-01 2.96247241e-01 5.82339956e-01 4.41501104e-04
 0.02560706 0.09977925 0.86445916 0.01015453
 0.00618102 0.62384106 0.32715232 0.04282561
 0.03355408 0.33200883 0.10551876 0.52891832
 0.20529801 0.59249448 0.14039735 0.06181015

MOTIF STvleng_l3_f_34
letter-probability matrix: alength= 4 w= 9 
 0.25579151 0.1703668  0.46138996 0.11245174
 0.44546332 0.11969112 0.27413127 0.16071429
 0.38706564 0.23938224 0.21187259 0.16167954
 7.15250965e-01 4.82625483e-04 2.79440154e-01 4.82625483e-03
 0.1969112  0.1496139  0.53957529 0.11389961
 0.26978764 0.05936293 0.23745174 0.43339768
 0.31611969 0.23407336 0.25579151 0.19401544
 0.42471042 0.00144788 0.17857143 0.39527027
 4.82625483e-04 5.30888031e-03 9.80212355e-01 1.39961390e-02

MOTIF STvleng_l3_f_35
letter-probability matrix: alength= 4 w= 9 
 0.3556338  0.14471831 0.32394366 0.17570423
 6.41901408e-01 2.25000000e-01 1.32746479e-01 3.52112676e-04
 9.98943662e-01 3.52112676e-04 3.52112676e-04 3.52112676e-04
 0.96338028 0.00915493 0.025      0.00246479
 0.78556338 0.18169014 0.02042254 0.01232394
 0.66514085 0.08943662 0.04190141 0.20352113
 0.6834507  0.05246479 0.16232394 0.10176056
 0.28133803 0.11338028 0.39612676 0.20915493
 0.27957746 0.15316901 0.47676056 0.09049296

MOTIF STvleng_l3_f_36
letter-probability matrix: alength= 4 w= 9 
 0.64332318 0.02740322 0.2492388  0.0800348 
 0.0630709  0.01739887 0.3353632  0.58416703
 0.27925185 0.31361462 0.02348847 0.38364506
 5.31100478e-01 4.34971727e-04 3.94519356e-01 7.39451936e-02
 0.08960418 0.01087429 0.05306655 0.84645498
 0.40234885 0.11657242 0.01478904 0.46628969
 0.12744672 0.02087864 0.4214876  0.43018704
 0.27272727 0.07916485 0.19791214 0.45019574
 0.30013049 0.07003045 0.28142671 0.34841235

MOTIF STvleng_l3_f_37
letter-probability matrix: alength= 4 w= 9 
 0.07113543 0.2000684  0.16005472 0.56874145
 0.13987688 0.20348837 0.15492476 0.50170999
 0.09610123 0.44015048 0.30882353 0.15492476
 0.04651163 0.54719562 0.08891929 0.31737346
 0.16415869 0.3997948  0.00581395 0.43023256
 0.02154583 0.21032832 0.37175103 0.39637483
 0.12277702 0.07181943 0.01812585 0.7872777 
 6.49794802e-03 3.41997264e-04 7.55813953e-01 2.37346101e-01
 0.08481532 0.27017784 0.16928865 0.47571819

MOTIF STvleng_l3_f_38
letter-probability matrix: alength= 4 w= 9 
 0.13092784 0.3        0.02405498 0.54501718
 0.51443299 0.0580756  0.42508591 0.0024055 
 0.37835052 0.19621993 0.05704467 0.36838488
 0.01030928 0.00927835 0.00824742 0.97216495
 9.05154639e-01 3.43642612e-04 9.41580756e-02 3.43642612e-04
 0.77628866 0.00206186 0.20171821 0.01993127
 0.19931271 0.28178694 0.29209622 0.22680412
 0.15704467 0.25876289 0.10927835 0.47491409
 0.26632302 0.2419244  0.21546392 0.27628866

MOTIF STvleng_l3_f_39
letter-probability matrix: alength= 4 w= 9 
 0.13397129 0.54361428 0.18770703 0.1347074 
 0.09642989 0.68936327 0.18108208 0.03312477
 2.34081708e-01 6.29738682e-01 1.35811557e-01 3.68053000e-04
 0.02245123 0.74493927 0.01030548 0.22230401
 3.68053000e-04 7.40890688e-01 2.14574899e-01 4.41663600e-02
 0.23849834 0.27051895 0.21347074 0.27751196
 0.62274568 0.11262422 0.15053368 0.11409643
 0.2020611  0.40338609 0.27603975 0.11851307
 0.19727641 0.40964299 0.29297019 0.10011042

MOTIF STvleng_l3_f_40
letter-probability matrix: alength= 4 w= 9 
 0.11346287 0.12664816 0.5721721  0.18771686
 0.09160305 0.49514226 0.03851492 0.37473976
 0.15510062 0.32616239 0.17904233 0.33969466
 2.08188758e-03 3.46981263e-04 8.27203331e-01 1.70367800e-01
 0.01214434 0.27238029 0.22727273 0.48820264
 0.00208189 0.11832061 0.16238723 0.71721027
 0.1092991  0.06453851 0.23213046 0.59403192
 0.59333796 0.31714087 0.04371964 0.04580153
 0.43129771 0.06245663 0.19326856 0.3129771 

MOTIF STvleng_l3_f_41
letter-probability matrix: alength= 4 w= 9 
 0.06241565 0.1865722  0.25910931 0.49190283
 0.01720648 0.15519568 0.01045884 0.817139  
 0.0745614  0.06882591 0.54217274 0.31443995
 3.03643725e-03 5.19568151e-02 3.37381916e-04 9.44669366e-01
 7.23346829e-01 3.37381916e-04 9.00809717e-02 1.86234818e-01
 0.14136302 0.09480432 0.37246964 0.39136302
 0.03002699 0.30499325 0.06410256 0.60087719
 0.29116059 0.1231444  0.46997301 0.115722  
 0.2294197  0.12854251 0.42948718 0.21255061

MOTIF STvleng_l3_f_42
letter-probability matrix: alength= 4 w= 9 
 0.18872357 0.08065779 0.30618637 0.42443226
 0.81989037 0.05403289 0.03680501 0.08927173
 0.41111981 0.01018011 0.18089272 0.39780736
 0.23101018 0.72826938 0.00078309 0.03993735
 0.0375881  0.82067345 0.04228661 0.09945184
 0.14252153 0.10571652 0.56460454 0.1871574 
 0.02192639 0.22944401 0.50039154 0.24823806
 0.09553641 0.37744714 0.33594362 0.19107283
 0.10806578 0.15113547 0.54189507 0.19890368

MOTIF STvleng_l3_f_43
letter-probability matrix: alength= 4 w= 9 
 0.23248519 0.11362844 0.43952597 0.2143604 
 0.13349599 0.51690484 0.12826769 0.22133147
 0.094458   0.11362844 0.71383757 0.07807598
 0.01080516 0.00278843 0.96653886 0.01986755
 0.00348554 0.00557686 0.79714186 0.19379575
 0.10979435 0.26524922 0.00313698 0.62181945
 0.20738933 0.07075636 0.62565354 0.09620077
 0.06936215 0.25514116 0.07877309 0.5967236 
 0.23666783 0.09201812 0.47926107 0.19205298

MOTIF STvleng_l3_f_44
letter-probability matrix: alength= 4 w= 9 
 0.10242588 0.22978437 0.44845013 0.21933962
 3.36927224e-04 2.44272237e-01 9.29919137e-02 6.62398922e-01
 0.25505391 0.02257412 0.16004043 0.56233154
 0.00235849 0.00168464 0.01718329 0.97877358
 2.17654987e-01 3.36927224e-04 1.00741240e-01 6.81266846e-01
 0.08995957 0.01246631 0.36152291 0.53605121
 0.02392183 0.17958221 0.41307278 0.38342318
 0.11152291 0.08962264 0.1745283  0.62432615
 0.10074124 0.14150943 0.19878706 0.55896226

MOTIF STvleng_l3_f_45
letter-probability matrix: alength= 4 w= 9 
 0.31892275 0.29907867 0.35506733 0.02693125
 3.54358611e-04 7.03756201e-01 3.54358611e-04 2.95535082e-01
 0.2406095  0.42416726 0.31856839 0.01665485
 0.31537916 0.50141743 0.07228916 0.11091425
 0.10772502 0.62934089 0.22678951 0.03614458
 0.00460666 0.86038271 0.03827073 0.0967399 
 0.2037562  0.19099929 0.23777463 0.36746988
 0.35754784 0.33699504 0.05598866 0.24946846
 0.23777463 0.48830617 0.0471297  0.22678951

MOTIF STvleng_l3_f_46
letter-probability matrix: alength= 4 w= 9 
 0.33991153 0.30044233 0.26981967 0.08982647
 0.17182715 0.51718272 0.15617557 0.15481456
 0.0479755  0.00510378 0.76794828 0.17897244
 0.01190881 0.19904729 0.04355223 0.74549166
 0.64817965 0.07485539 0.07009187 0.20687309
 0.17727118 0.00102076 0.81830555 0.00340252
 0.02449813 0.25450834 0.32834297 0.39265056
 0.36338891 0.33072474 0.25552909 0.05035726
 0.43382103 0.13065669 0.33276625 0.10275604

MOTIF STvleng_l3_f_47
letter-probability matrix: alength= 4 w= 9 
 0.35348998 0.18486524 0.14512785 0.31651693
 0.48548721 0.16689703 0.25742916 0.09018659
 8.72840359e-01 3.45542502e-04 3.45542502e-04 1.26468556e-01
 3.45542502e-04 3.45542502e-04 1.26468556e-01 8.72840359e-01
 0.05183138 0.01658604 0.92501728 0.00656531
 0.33137526 0.10020733 0.26192122 0.3064962 
 0.21147201 0.27539737 0.31859019 0.19454043
 0.12059433 0.44402211 0.24844506 0.18693849
 0.29716655 0.39011748 0.23600553 0.07671044

MOTIF STvleng_l3_f_48
letter-probability matrix: alength= 4 w= 9 
 0.35876568 0.10613767 0.30824008 0.22685656
 0.01119023 0.04815192 0.05323839 0.88741946
 7.19565955e-01 3.39097999e-04 2.46185148e-01 3.39097999e-02
 4.84231943e-01 3.39097999e-04 4.90335707e-01 2.50932519e-02
 0.26822652 0.17361818 0.31129196 0.24686334
 0.00474737 0.5256019  0.38351984 0.08613089
 0.06035944 0.09020007 0.51135978 0.33808071
 0.07561885 0.06035944 0.4238725  0.4401492 
 0.2550017  0.26076636 0.25703628 0.22719566

MOTIF STvleng_l3_f_49
letter-probability matrix: alength= 4 w= 9 
 0.09433146 0.31112073 0.04976201 0.54478581
 0.24491562 0.48680225 0.0856772  0.18260493
 0.70488966 0.18390307 0.09519688 0.01601039
 0.30419732 0.08957161 0.56079619 0.04543488
 0.57507572 0.06447425 0.0692341  0.29121592
 0.14582432 0.60276936 0.16053656 0.09086975
 0.18563392 0.00562527 0.01774124 0.79099957
 0.12029424 0.09606231 0.70791865 0.07572479
 0.14063176 0.12418866 0.28083081 0.45434877

MOTIF STvleng_l3_f_50
letter-probability matrix: alength= 4 w= 9 
 0.30528512 0.31710709 0.16029207 0.21731572
 0.43011127 0.23331015 0.27155772 0.06502086
 0.38630042 0.40194715 0.13769124 0.0740612 
 8.82475661e-01 3.47705146e-04 1.12308762e-01 4.86787204e-03
 5.66063978e-01 3.47705146e-04 3.47705146e-04 4.33240612e-01
 0.06154381 0.12656467 0.00139082 0.8105007 
 0.71905424 0.00625869 0.13630042 0.13838665
 0.12760779 0.39255911 0.46244784 0.01738526
 0.27573018 0.32267038 0.17141864 0.23018081

MOTIF STvleng_l3_f_51
letter-probability matrix: alength= 4 w= 9 
 0.30428672 0.1398454  0.23049895 0.32536894
 0.70871398 0.23717498 0.02740689 0.02670415
 0.05340829 0.02951511 0.34645116 0.57062544
 3.51370344e-04 1.75685172e-03 5.29515109e-01 4.68376669e-01
 0.01967674 0.07203092 0.38018271 0.52810963
 0.24701335 0.04321855 0.48559382 0.22417428
 0.31553057 0.13352073 0.05727337 0.49367533
 0.55621926 0.11560084 0.02354181 0.30463809
 0.19536191 0.01686578 0.41391427 0.37385805

MOTIF STvleng_l3_f_52
letter-probability matrix: alength= 4 w= 9 
 0.26479644 0.20663702 0.26103319 0.26753336
 0.17310982 0.09887102 0.15874102 0.56927814
 0.48409169 0.11118714 0.27232296 0.13239822
 3.03455354e-01 3.42114266e-04 1.62846391e-01 5.33356141e-01
 0.45501197 0.10366062 0.31816627 0.12316114
 0.40916866 0.16113582 0.28634964 0.14334588
 3.42114266e-04 3.42114266e-04 3.42114266e-04 9.98973657e-01
 6.88676018e-01 3.42114266e-04 3.10639754e-01 3.42114266e-04
 6.61991105e-01 3.42114266e-04 3.37324666e-01 3.42114266e-04

MOTIF STvleng_l3_f_53
letter-probability matrix: alength= 4 w= 9 
 0.29762736 0.24738311 0.25610607 0.19888346
 0.4068388  0.11514306 0.37752966 0.10048849
 0.15108165 0.30111654 0.30844382 0.23935799
 0.51744592 0.32868109 0.09839498 0.05547802
 7.81926029e-01 1.39567341e-02 2.03768318e-01 3.48918353e-04
 0.01605024 0.02965806 0.29518493 0.65910677
 0.14933706 0.06699232 0.06978367 0.71388695
 9.37194696e-01 2.09351012e-03 6.03628751e-02 3.48918353e-04
 0.24668528 0.02233077 0.46475925 0.2662247 

MOTIF STvleng_l3_f_54
letter-probability matrix: alength= 4 w= 9 
 0.19157609 0.04721467 0.65930707 0.10190217
 0.76154891 0.21603261 0.02004076 0.00237772
 0.0951087  0.44735054 0.45040761 0.00713315
 0.07472826 0.15081522 0.67934783 0.0951087 
 0.15726902 0.42391304 0.26222826 0.15658967
 0.43478261 0.12024457 0.02751359 0.41745924
 0.02411685 0.12262228 0.41711957 0.4361413 
 0.03091033 0.4453125  0.33084239 0.19293478
 0.15591033 0.2720788  0.44361413 0.12839674

MOTIF STvleng_l3_f_55
letter-probability matrix: alength= 4 w= 9 
 0.11006077 0.28359217 0.48109386 0.12525321
 2.89669142e-01 9.92572586e-02 6.10735989e-01 3.37609723e-04
 0.00270088 0.2012154  0.38014855 0.41593518
 0.04085078 0.10297097 0.82545577 0.03072248
 3.37609723e-04 1.37069548e-01 6.55300473e-01 2.07292370e-01
 0.06279541 0.46590142 0.44226874 0.02903444
 0.01417961 0.29912221 0.41762323 0.26907495
 0.05773126 0.38926401 0.51485483 0.0381499 
 0.13605672 0.34672519 0.26839973 0.24881837

MOTIF STvleng_l3_f_56
letter-probability matrix: alength= 4 w= 9 
 0.05084034 0.20168067 0.4302521  0.31722689
 4.20168067e-04 1.75630252e-01 1.63025210e-01 6.60924370e-01
 0.02352941 0.06386555 0.11218487 0.80042017
 0.09369748 0.03403361 0.48235294 0.38991597
 0.37521008 0.04285714 0.15336134 0.42857143
 0.14369748 0.10588235 0.21848739 0.53193277
 0.05966387 0.42983193 0.21806723 0.29243697
 0.18361345 0.34579832 0.30546218 0.16512605
 0.03445378 0.55210084 0.04831933 0.36512605

MOTIF STvleng_l3_f_57
letter-probability matrix: alength= 4 w= 9 
 0.12993681 0.20458136 0.12085308 0.54462875
 0.37085308 0.27764613 0.15560821 0.19589258
 0.35347551 0.23933649 0.17772512 0.22946288
 0.76658768 0.0150079  0.04383886 0.17456556
 3.14770932e-01 3.94944708e-04 3.94944708e-04 6.84439179e-01
 3.94944708e-04 3.94944708e-04 6.84439179e-01 3.14770932e-01
 0.20774092 0.29186414 0.44628752 0.05410742
 0.16113744 0.04462875 0.13191153 0.66232227
 0.19115324 0.24802528 0.29383886 0.26698262

MOTIF STvleng_l3_f_58
letter-probability matrix: alength= 4 w= 9 
 0.08179329 0.28747433 0.05578371 0.57494867
 0.48562628 0.08761123 0.14510609 0.2816564 
 0.04449008 0.00924025 0.37850787 0.56776181
 6.29705681e-02 3.42231348e-04 1.17043121e-01 8.19644079e-01
 0.26796715 0.09137577 0.05167693 0.58898015
 3.42231348e-04 2.22450376e-02 6.01300479e-01 3.76112252e-01
 2.94661191e-01 3.36413415e-01 3.42231348e-04 3.68583162e-01
 0.1430527  0.05954825 0.28610541 0.51129363
 0.1266256  0.22826831 0.15331964 0.49178645

MOTIF STvleng_l3_f_59
letter-probability matrix: alength= 4 w= 9 
 0.14388145 0.23613767 0.1500956  0.46988528
 0.78107075 0.0707457  0.03776291 0.11042065
 0.94885277 0.00764818 0.02151052 0.02198853
 0.00382409 0.12858509 0.81787763 0.04971319
 0.11042065 0.04110899 0.79206501 0.05640535
 0.5043021  0.11998088 0.27581262 0.0999044 
 0.11759082 0.35516252 0.31883365 0.208413  
 0.07409178 0.16826004 0.29206501 0.46558317
 0.10181644 0.44789675 0.29971319 0.15057361

MOTIF STvleng_l3_f_60
letter-probability matrix: alength= 4 w= 9 
 0.33481745 0.15138023 0.33481745 0.17898486
 0.26758682 0.27337489 0.17319679 0.2858415 
 0.3699911  0.20614426 0.33348175 0.0903829 
 9.21193232e-01 3.60641140e-02 4.45235975e-04 4.22974176e-02
 9.48352627e-02 4.45235975e-04 4.22974176e-02 8.62422084e-01
 0.07257346 0.00445236 0.88869101 0.03428317
 0.16607302 0.01157614 0.77426536 0.04808549
 0.24933215 0.21593945 0.26536064 0.26936776
 0.17675868 0.18967053 0.44612645 0.18744435

MOTIF STvleng_l3_f_61
letter-probability matrix: alength= 4 w= 9 
 0.24560718 0.2311597  0.13549395 0.38773916
 0.63881296 0.09254198 0.26005467 0.00859039
 5.87270597e-01 4.80281140e-02 3.64310816e-01 3.90472472e-04
 0.00234283 0.00624756 0.00117142 0.99023819
 9.53533776e-01 6.24755955e-03 3.98281921e-02 3.90472472e-04
 6.23975010e-01 3.90472472e-04 3.70558376e-01 5.07614213e-03
 0.46192893 0.40179617 0.11987505 0.01639984
 0.36899649 0.23467396 0.33307302 0.06325654
 0.33268255 0.21319797 0.24209293 0.21202655

MOTIF STvleng_l3_f_62
letter-probability matrix: alength= 4 w= 9 
 0.312      0.15373913 0.29947826 0.23478261
 0.07130435 0.19652174 0.2733913  0.45878261
 3.47826087e-04 3.01913043e-01 2.38608696e-01 4.59130435e-01
 0.00417391 0.02678261 0.0813913  0.88765217
 1.41565217e-01 3.47826087e-04 5.23478261e-01 3.34608696e-01
 3.47826087e-04 2.19130435e-02 4.52173913e-02 9.32521739e-01
 0.59547826 0.00069565 0.3826087  0.02121739
 0.60278261 0.00173913 0.38782609 0.00765217
 0.24347826 0.16173913 0.2866087  0.30817391

MOTIF STvleng_l3_f_63
letter-probability matrix: alength= 4 w= 9 
 0.25200291 0.16715222 0.2210488  0.35979607
 0.6609614  0.1372906  0.13073562 0.07101238
 0.64093227 0.04369993 0.24763292 0.06773489
 0.300437   0.25710124 0.2425346  0.19992717
 0.5010925  0.28769119 0.05098325 0.16023307
 0.60487983 0.15112891 0.05316824 0.19082302
 2.18499636e-03 3.64166060e-04 1.90823015e-01 8.06627822e-01
 0.05935907 0.0214858  0.78841952 0.13073562
 0.47815004 0.10415149 0.24872542 0.16897305

MOTIF STvleng_l3_f_64
letter-probability matrix: alength= 4 w= 9 
 0.13720643 0.05438813 0.12978986 0.67861557
 0.12360939 0.29171817 0.18912237 0.39555006
 0.03584672 0.00865266 0.88133498 0.07416564
 0.18788628 0.61804697 0.05933251 0.13473424
 0.91347342 0.0618047  0.02348578 0.00123609
 0.26081582 0.22126082 0.25957973 0.25834363
 0.0605686  0.00123609 0.12484549 0.81334981
 0.50061805 0.03708282 0.07663782 0.38566131
 0.33868974 0.05438813 0.44746601 0.15945612

MOTIF STvleng_l3_f_65
letter-probability matrix: alength= 4 w= 9 
 0.31152461 0.33793517 0.08403361 0.2665066 
 0.85234094 0.00240096 0.06482593 0.08043217
 0.07262905 0.16686675 0.1512605  0.6092437 
 3.46338535e-01 6.00240096e-04 3.54141657e-02 6.17647059e-01
 0.07623049 0.37094838 0.2665066  0.28631453
 0.43217287 0.18487395 0.30312125 0.07983193
 0.31752701 0.44177671 0.07983193 0.16086435
 0.38235294 0.22388956 0.27971188 0.11404562
 0.32653061 0.29111645 0.27370948 0.10864346

MOTIF STvleng_l3_f_66
letter-probability matrix: alength= 4 w= 9 
 0.00866393 0.33378933 0.03647971 0.62106703
 0.61969904 0.03328773 0.24259006 0.10442316
 0.0752394  0.61605107 0.26994984 0.03875969
 0.14455084 0.17783858 0.45417237 0.22343821
 0.46374829 0.27587779 0.17966256 0.08071135
 4.55996352e-04 2.22982216e-01 2.44870041e-01 5.31691746e-01
 0.14455084 0.52165983 0.00820793 0.3255814 
 0.19015048 0.09667123 0.1003192  0.6128591 
 0.06611947 0.25307798 0.20884633 0.47195622

MOTIF STvleng_l3_f_67
letter-probability matrix: alength= 4 w= 9 
 0.60328743 0.08351844 0.15370946 0.15948467
 5.10884052e-01 4.44247001e-04 2.13238561e-02 4.67347845e-01
 7.99644602e-03 4.44247001e-04 4.75788538e-01 5.15770769e-01
 0.02221235 0.12749889 0.66859174 0.18169702
 0.10573079 0.16970235 0.22256775 0.50199911
 0.11195024 0.19369169 0.42825411 0.26610395
 0.25544203 0.43891604 0.12438916 0.18125278
 0.4073745  0.37139049 0.07063527 0.15059973
 0.4451355  0.0821857  0.26343847 0.20924034

MOTIF STvleng_l3_f_68
letter-probability matrix: alength= 4 w= 9 
 8.40877437e-01 6.61559889e-03 1.52158774e-01 3.48189415e-04
 0.12325905 0.07973538 0.10410864 0.69289694
 0.12708914 0.13753482 0.63997214 0.0954039 
 0.89415042 0.0887883  0.00940111 0.00766017
 0.20264624 0.04004178 0.18384401 0.57346797
 0.07694986 0.15877437 0.63022284 0.13405292
 0.42862117 0.14693593 0.30153203 0.12291086
 0.32103064 0.13857939 0.37987465 0.16051532
 0.09366295 0.21169916 0.34958217 0.34505571

MOTIF STvleng_l3_f_69
letter-probability matrix: alength= 4 w= 9 
 0.24398017 0.02903683 0.28611898 0.44086402
 0.04390935 0.01487252 0.14093484 0.80028329
 0.101983   0.0279745  0.11154391 0.75849858
 3.54107649e-04 7.86118980e-02 4.29532578e-01 4.91501416e-01
 0.05949008 0.07259207 0.00956091 0.85835694
 0.1157932  0.51416431 0.23406516 0.13597734
 0.22379603 0.15545326 0.2131728  0.4075779 
 0.33604816 0.18307365 0.29922096 0.18165722
 0.29745042 0.16890935 0.14270538 0.39093484

MOTIF STvleng_l3_f_70
letter-probability matrix: alength= 4 w= 9 
 0.00402325 0.08314707 0.14930711 0.76352257
 0.05766652 0.14617792 0.13053196 0.6656236 
 0.23915959 0.45194457 0.05274922 0.25614662
 7.81403666e-01 8.22530174e-02 1.35896290e-01 4.47027269e-04
 0.27358069 0.0835941  0.00894055 0.63388467
 0.04962003 0.80062584 0.07688869 0.07286544
 0.33169423 0.31247206 0.1376844  0.21814931
 0.12919088 0.27670988 0.10639249 0.48770675
 0.02637461 0.1721055  0.17121144 0.63030845

MOTIF STvleng_l3_f_71
letter-probability matrix: alength= 4 w= 9 
 0.47984791 0.17072243 0.32813688 0.02129278
 0.20874525 0.39771863 0.07946768 0.31406844
 0.36920152 0.0539924  0.54562738 0.03117871
 0.30684411 0.06235741 0.61901141 0.01178707
 0.14334601 0.40190114 0.08897338 0.36577947
 0.14638783 0.04258555 0.7973384  0.01368821
 0.1391635  0.16958175 0.48136882 0.20988593
 0.15589354 0.23231939 0.44828897 0.1634981 
 0.16425856 0.20760456 0.47490494 0.15323194

MOTIF STvleng_l3_f_72
letter-probability matrix: alength= 4 w= 9 
 0.55112474 0.24233129 0.10497614 0.10156783
 0.70109066 0.20483981 0.05214724 0.04192229
 0.29856851 0.05180641 0.52794819 0.12167689
 0.00136333 0.37491479 0.07668712 0.54703476
 0.01056578 0.00511247 0.16291752 0.82140423
 0.33094751 0.01056578 0.26550784 0.39297887
 7.47443763e-01 4.08997955e-02 2.11315610e-01 3.40831629e-04
 0.48193592 0.24982958 0.10463531 0.16359918
 0.13087935 0.10327198 0.57702795 0.18882072

MOTIF STvleng_l3_f_73
letter-probability matrix: alength= 4 w= 9 
 0.38238532 0.09247706 0.44697248 0.07816514
 0.01541284 0.06201835 0.66165138 0.26091743
 3.66972477e-04 1.22568807e-01 2.29357798e-01 6.47706422e-01
 0.13541284 0.27926606 0.45321101 0.13211009
 0.06091743 0.33174312 0.25798165 0.3493578 
 0.56330275 0.05100917 0.19229358 0.1933945 
 0.16477064 0.07853211 0.15522936 0.60146789
 0.49834862 0.00880734 0.31926606 0.17357798
 0.42642202 0.1159633  0.34605505 0.11155963

MOTIF STvleng_l3_f_74
letter-probability matrix: alength= 4 w= 9 
 0.32368329 0.18276945 0.22497384 0.26857342
 0.94942449 0.00976631 0.01778863 0.02302058
 1.25915591e-01 9.06871294e-03 3.48796652e-04 8.64666899e-01
 0.02999651 0.1461458  0.75061039 0.0732473 
 0.4586676  0.12417161 0.21450994 0.20265085
 0.11301012 0.36065574 0.10742937 0.41890478
 0.20265085 0.04569236 0.30554587 0.44611092
 0.48168818 0.08859435 0.26717824 0.16253924
 0.34321591 0.08929194 0.15940007 0.40809208

MOTIF STvleng_l3_f_75
letter-probability matrix: alength= 4 w= 9 
 0.31514325 0.21521146 0.25341064 0.21623465
 0.21623465 0.25648022 0.22442019 0.30286494
 0.0180764  0.92905866 0.05013643 0.00272851
 1.26193724e-02 4.62482947e-01 5.24556617e-01 3.41064120e-04
 3.41064120e-04 9.96589359e-01 2.72851296e-03 3.41064120e-04
 3.41064120e-04 9.98976808e-01 3.41064120e-04 3.41064120e-04
 0.34993179 0.62755798 0.01023192 0.01227831
 0.26534789 0.2366985  0.22237381 0.27557981
 0.28888131 0.38506139 0.12312415 0.20293315

MOTIF STvleng_l3_f_76
letter-probability matrix: alength= 4 w= 9 
 0.33694512 0.12338343 0.39916113 0.14051031
 0.00209717 0.24187347 0.01712688 0.73890248
 0.42153093 0.08773156 0.25655365 0.23418385
 0.42292905 0.11814051 0.111849   0.34708144
 0.38098567 0.27053478 0.28661307 0.06186648
 0.06291506 0.01083537 0.4508913  0.47535827
 0.21915414 0.60887801 0.02132122 0.15064663
 0.04543866 0.00139811 0.89339392 0.05976931
 0.03739951 0.16602587 0.29360364 0.50297099

MOTIF STvleng_l3_f_77
letter-probability matrix: alength= 4 w= 9 
 0.4214981  0.20609395 0.17858654 0.19382141
 0.24418113 0.23783326 0.05247567 0.46550994
 0.19847651 0.04274228 0.45493017 0.30385104
 0.34870927 0.05670758 0.3474397  0.24714346
 0.66779518 0.09691071 0.04570461 0.1895895 
 0.09352518 0.08082945 0.1620821  0.66356327
 0.17223868 0.07659755 0.64494287 0.10622091
 0.10495133 0.1481168  0.21244181 0.53449006
 0.11722387 0.14176894 0.40457046 0.33643673

MOTIF STvleng_l3_f_78
letter-probability matrix: alength= 4 w= 9 
 0.25985519 0.17699115 0.30933226 0.2538214 
 0.00965406 0.49798874 0.03298471 0.45937249
 0.48873693 0.06798069 0.16291231 0.28037007
 0.63354787 0.10217216 0.24376508 0.02051488
 0.10458568 0.73370877 0.06234916 0.0993564 
 4.02252615e-04 6.75784393e-02 4.02252615e-04 9.31617056e-01
 1.25100563e-01 4.02252615e-04 8.62831858e-01 1.16653258e-02
 0.43081255 0.20635559 0.12469831 0.23813355
 0.45374095 0.11987128 0.25663717 0.1697506 

MOTIF STvleng_l3_f_79
letter-probability matrix: alength= 4 w= 9 
 0.18419267 0.13229308 0.08446404 0.5990502 
 0.90128901 0.03663501 0.05902307 0.00305292
 0.43283582 0.08649932 0.43046133 0.05020353
 0.02476255 0.05970149 0.03426052 0.88127544
 0.55868385 0.00542741 0.2812076  0.15468114
 0.85278155 0.01594301 0.11702849 0.01424695
 0.34158752 0.1614654  0.41383989 0.08310719
 0.21438263 0.25033921 0.27001357 0.26526459
 0.1641791  0.20556309 0.32360923 0.30664858

MOTIF STvleng_l3_f_80
letter-probability matrix: alength= 4 w= 9 
 0.39434938 0.1281337  0.27974532 0.19777159
 0.28690808 0.07998408 0.17867091 0.45443693
 0.05769996 0.87266216 0.04218066 0.02745722
 0.32152805 0.30322324 0.05730203 0.31794668
 0.36808595 0.29805014 0.09351373 0.24035018
 8.99323518e-02 3.97930760e-04 3.15559093e-01 5.94110625e-01
 0.00477517 0.23955432 0.28292877 0.47274174
 0.27616395 0.13569439 0.40310386 0.1850378 
 0.44289694 0.11261441 0.36291285 0.08157581

MOTIF STvleng_l3_f_81
letter-probability matrix: alength= 4 w= 9 
 0.12300374 0.23785253 0.28610262 0.35304111
 3.39789331e-04 5.77641862e-03 3.39789331e-04 9.93544003e-01
