MEME version 5.3.0

ALPHABET= ACGT

strands: + -

Background letter frequencies
A 0.25 C 0.25 G 0.25 T 0.25

MOTIF STvleng_l3_f_0
letter-probability matrix: alength= 4 w= 9 
 0.29866562 0.25274725 0.26138148 0.18720565
 9.77629513e-01 1.45211931e-02 7.45682889e-03 3.92464678e-04
 2.08006279e-02 7.84929356e-04 9.02668760e-03 9.69387755e-01
 1.13814757e-02 7.84929356e-04 9.69387755e-01 1.84458399e-02
 0.41679749 0.23508634 0.25274725 0.09536892
 0.09693878 0.32613815 0.2166405  0.36028257
 0.20094192 0.18759812 0.15306122 0.45839874
 0.20172684 0.27825746 0.39364207 0.12637363
 0.37127159 0.17268446 0.28532182 0.17072214

MOTIF STvleng_l3_f_1
letter-probability matrix: alength= 4 w= 9 
 0.12696246 0.1890785  0.11535836 0.56860068
 0.7887372  0.02730375 0.15733788 0.02662116
 0.46245734 0.05972696 0.16313993 0.31467577
 0.20204778 0.37440273 0.03959044 0.38395904
 0.32798635 0.18634812 0.45017065 0.03549488
 0.05358362 0.1665529  0.54573379 0.23412969
 3.41296928e-04 8.66894198e-02 3.54948805e-02 8.77474403e-01
 0.43412969 0.10341297 0.38225256 0.08020478
 0.59385666 0.06382253 0.22013652 0.1221843 

MOTIF STvleng_l3_f_2
letter-probability matrix: alength= 4 w= 9 
 0.50938628 0.12382671 0.17617329 0.19061372
 0.29097473 0.29386282 0.02202166 0.39314079
 0.89711191 0.02490975 0.0234657  0.05451264
 0.24259928 0.01949458 0.73104693 0.00685921
 0.02202166 0.24259928 0.08880866 0.6465704 
 0.30830325 0.24079422 0.30180505 0.14909747
 0.3465704  0.04223827 0.08519856 0.52599278
 0.27400722 0.14693141 0.19241877 0.3866426 
 0.12851986 0.14115523 0.13465704 0.59566787

MOTIF STvleng_l3_f_3
letter-probability matrix: alength= 4 w= 9 
 0.04303909 0.06719368 0.0171278  0.87263944
 0.46420729 0.17391304 0.31927975 0.04259991
 5.03732982e-01 5.27009223e-02 4.43126921e-01 4.39174352e-04
 0.13570487 0.02722881 0.79885815 0.03820817
 0.54984629 0.2362758  0.1216513  0.09222661
 0.2516469  0.16600791 0.51998243 0.06236276
 0.20641195 0.04655248 0.1523935  0.59464207
 0.55775143 0.16600791 0.11550285 0.16073781
 0.39701361 0.18006148 0.23583663 0.18708827

MOTIF STvleng_l3_f_4
letter-probability matrix: alength= 4 w= 9 
 0.1912844  0.22477064 0.26100917 0.32293578
 0.52844037 0.42522936 0.02110092 0.02522936
 0.08577982 0.04633028 0.86513761 0.00275229
 0.30504587 0.21697248 0.44220183 0.03577982
 0.05504587 0.43853211 0.09495413 0.41146789
 2.29816514e-01 6.04587156e-01 1.65137615e-01 4.58715596e-04
 0.51330275 0.03486239 0.16880734 0.28302752
 0.00825688 0.29174312 0.47477064 0.22522936
 0.15366972 0.36055046 0.20275229 0.28302752

MOTIF STvleng_l3_f_5
letter-probability matrix: alength= 4 w= 9 
 0.0020429  0.33043922 0.00561798 0.6618999 
 0.20020429 0.04596527 0.41521961 0.33861083
 0.12461696 0.24719101 0.22369765 0.40449438
 0.67773238 0.13636364 0.05413687 0.13176711
 0.09295199 0.0081716  0.12461696 0.77425945
 0.1680286  0.03115424 0.7773238  0.02349336
 0.21705822 0.28907048 0.10623085 0.38764045
 0.10776302 0.16292135 0.31103166 0.41828396
 0.20020429 0.16445352 0.43667007 0.19867211

MOTIF STvleng_l3_f_6
letter-probability matrix: alength= 4 w= 9 
 0.17377638 0.35024697 0.22766053 0.24831612
 0.00179614 0.05208801 0.78805568 0.15806017
 4.49034576e-04 1.19443197e-01 4.04131118e-02 8.39694656e-01
 6.73551863e-03 4.49034576e-04 4.87202515e-01 5.05612932e-01
 4.49034576e-04 4.40053884e-02 2.70318815e-01 6.85226762e-01
 0.38616974 0.03951504 0.5648855  0.00942973
 0.45936237 0.13560844 0.19802425 0.20700494
 0.04759767 0.013022   0.64167041 0.29770992
 0.26852268 0.17871576 0.25056129 0.30220027

MOTIF STvleng_l3_f_7
letter-probability matrix: alength= 4 w= 9 
 0.29596413 0.1838565  0.16087444 0.35930493
 0.17488789 0.23934978 0.27466368 0.31109865
 9.86547085e-01 5.60538117e-04 1.23318386e-02 5.60538117e-04
 0.00896861 0.01233184 0.0706278  0.90807175
 0.01849776 0.03419283 0.91535874 0.03195067
 0.29204036 0.00336323 0.40751121 0.2970852 
 0.19226457 0.56053812 0.07511211 0.1720852 
 0.14013453 0.32118834 0.28419283 0.2544843 
 0.39910314 0.24439462 0.16816143 0.18834081

MOTIF STvleng_l3_f_8
letter-probability matrix: alength= 4 w= 9 
 0.34852321 0.20759494 0.10464135 0.33924051
 0.60506329 0.05147679 0.29704641 0.0464135 
 0.13417722 0.82362869 0.00084388 0.04135021
 0.68185654 0.30464135 0.01265823 0.00084388
 9.96624473e-01 8.43881857e-04 1.68776371e-03 8.43881857e-04
 0.50379747 0.00084388 0.49451477 0.00084388
 0.14345992 0.00843882 0.78565401 0.06244726
 0.04388186 0.43881857 0.46413502 0.05316456
 0.15105485 0.18734177 0.49198312 0.16962025

MOTIF STvleng_l3_f_9
letter-probability matrix: alength= 4 w= 9 
 0.42026522 0.19517171 0.16729004 0.21727304
 0.30193812 0.06086365 0.28425706 0.35294118
 0.01360082 0.00612037 0.53893234 0.44134648
 0.01394084 0.09248555 0.29581775 0.59775587
 0.06766406 0.12240734 0.20231214 0.60761646
 0.39068344 0.00714043 0.04896294 0.55321319
 0.68480109 0.01292078 0.09792588 0.20435226
 0.42842571 0.02040122 0.04964298 0.50153009
 0.14960898 0.02108126 0.26623597 0.56307378

MOTIF STvleng_l3_f_10
letter-probability matrix: alength= 4 w= 9 
 0.14754098 0.24799442 0.23369376 0.37077084
 0.06313219 0.54900593 0.16777119 0.22009069
 0.52982211 0.02895012 0.34600628 0.09522149
 0.20090687 0.25427276 0.14754098 0.39727939
 0.07150331 0.32996163 0.13324032 0.46529473
 8.52110220e-01 3.48796652e-04 6.41785839e-02 8.33623997e-02
 0.0837112  0.00488315 0.00453436 0.90687129
 0.10882456 0.57725846 0.03976282 0.27415417
 0.04813394 0.48064179 0.14649459 0.32472968

MOTIF STvleng_l3_f_11
letter-probability matrix: alength= 4 w= 9 
 0.24323232 0.20080808 0.28888889 0.26707071
 0.14868687 0.00282828 0.25818182 0.59030303
 0.40606061 0.15919192 0.39555556 0.03919192
 0.5030303  0.00161616 0.44929293 0.04606061
 4.04040404e-04 4.04040404e-04 4.04040404e-04 9.98787879e-01
 9.22828283e-01 4.04040404e-04 7.63636364e-02 4.04040404e-04
 5.41818182e-01 4.04040404e-04 4.57373737e-01 4.04040404e-04
 0.27717172 0.16727273 0.40686869 0.14868687
 0.32606061 0.13494949 0.28767677 0.25131313

MOTIF STvleng_l3_f_12
letter-probability matrix: alength= 4 w= 9 
 0.17415342 0.20145128 0.56634416 0.05805114
 0.05321355 0.13648929 0.76537664 0.04492053
 0.01693158 0.37491361 0.13856254 0.46959226
 0.03731859 0.35418106 0.58880442 0.01969592
 1.51002073e-01 3.66620594e-01 4.82031790e-01 3.45542502e-04
 0.06772633 0.66862474 0.10400829 0.15964064
 0.02384243 0.2674499  0.37007602 0.33863165
 0.22944022 0.2740152  0.28991016 0.20663442
 0.19419489 0.48928818 0.2325501  0.08396683

MOTIF STvleng_l3_f_13
letter-probability matrix: alength= 4 w= 9 
 0.10644678 0.57008996 0.27811094 0.04535232
 0.11244378 0.04347826 0.75637181 0.08770615
 0.02361319 0.38305847 0.52286357 0.07046477
 0.00787106 0.77248876 0.20689655 0.01274363
 0.2470015  0.09070465 0.50562219 0.15667166
 0.00262369 0.08245877 0.57421289 0.34070465
 0.00562219 0.42916042 0.27923538 0.28598201
 0.13643178 0.28635682 0.53410795 0.04310345
 0.1517991  0.54310345 0.1428036  0.16229385

MOTIF STvleng_l3_f_14
letter-probability matrix: alength= 4 w= 9 
 0.03755869 0.20657277 0.31455399 0.44131455
 0.00469484 0.00469484 0.00469484 0.98591549
 0.657277   0.00469484 0.33333333 0.00469484
 0.74178404 0.00469484 0.24882629 0.00469484
 0.342723   0.3943662  0.25821596 0.00469484
 0.82159624 0.00938967 0.00469484 0.16431925
 0.00469484 0.00938967 0.16431925 0.82159624
 0.07981221 0.08920188 0.82629108 0.00469484
 0.00469484 0.23474178 0.34741784 0.41314554

MOTIF STvleng_l3_f_15
letter-probability matrix: alength= 4 w= 9 
 0.35035524 0.1749556  0.26110124 0.21358792
 0.20692718 0.25222025 0.07193606 0.46891652
 0.50133215 0.10657194 0.29262877 0.09946714
 0.72468917 0.00488455 0.26065719 0.00976909
 0.1625222  0.11456483 0.11412078 0.60879218
 0.080373   0.10834813 0.63365897 0.17761989
 0.70071048 0.0848135  0.0857016  0.12877442
 0.09635879 0.25       0.10568384 0.54795737
 0.14120782 0.20248668 0.56483126 0.09147425

MOTIF STvleng_l3_f_16
letter-probability matrix: alength= 4 w= 9 
 0.13055234 0.34105832 0.28273465 0.24565469
 0.201236   0.47508691 0.11394361 0.20973349
 0.11510236 0.38933951 0.44920819 0.04634994
 0.69949788 0.23252221 0.06102742 0.00695249
 0.02974121 0.0023175  0.48474314 0.48319815
 0.29470838 0.16608729 0.4360757  0.10312862
 0.21668598 0.13943608 0.45307068 0.19080726
 0.0795674  0.10776362 0.08960989 0.7230591 
 0.12823484 0.14716107 0.41019699 0.31440711

MOTIF STvleng_l3_f_17
letter-probability matrix: alength= 4 w= 9 
 0.20585586 0.18153153 0.34954955 0.26306306
 0.01126126 0.01261261 0.12477477 0.85135135
 0.61081081 0.01171171 0.21666667 0.16081081
 0.59099099 0.00855856 0.25315315 0.1472973 
 5.40540541e-03 4.50450450e-04 1.33333333e-01 8.60810811e-01
 0.76711712 0.05495495 0.13108108 0.04684685
 0.46531532 0.01081081 0.44459459 0.07927928
 0.19144144 0.16936937 0.32297297 0.31621622
 0.28468468 0.23198198 0.22927928 0.25405405

MOTIF STvleng_l3_f_18
letter-probability matrix: alength= 4 w= 9 
 0.04513322 0.23056009 0.43665035 0.28765633
 0.05383361 0.07612833 0.69059271 0.17944535
 0.20282762 0.02229473 0.69222403 0.08265362
 6.30777597e-02 5.43773790e-04 7.73246330e-01 1.63132137e-01
 0.00598151 0.1930397  0.66612289 0.1348559 
 0.03860794 0.03425775 0.80967917 0.11745514
 0.38336052 0.091354   0.51223491 0.01305057
 0.02338227 0.0581838  0.35127787 0.56715606
 0.17128874 0.16421968 0.2011963  0.46329527

MOTIF STvleng_l3_f_19
letter-probability matrix: alength= 4 w= 9 
 0.52706657 0.08376006 0.25640088 0.13277249
 0.0431602  0.57059254 0.03474762 0.35149963
 0.87527432 0.06217996 0.01828822 0.0442575 
 0.59912217 0.0442575  0.28456474 0.0720556 
 0.28273592 0.42465252 0.02340892 0.26920263
 0.38807608 0.35223116 0.20190198 0.05779078
 3.83686906e-01 3.23335772e-01 3.65764448e-04 2.92611558e-01
 0.10314557 0.4012436  0.25091441 0.24469642
 0.20153621 0.253109   0.42648135 0.11887345

MOTIF STvleng_l3_f_20
letter-probability matrix: alength= 4 w= 9 
 0.68584521 0.00916497 0.29327902 0.01171079
 6.20672098e-01 5.09164969e-04 3.66598778e-01 1.22199593e-02
 0.45977597 0.18228106 0.0101833  0.34775967
 1.27291242e-01 8.02953157e-01 5.09164969e-04 6.92464358e-02
 0.67668024 0.17668024 0.00712831 0.1395112 
 0.6614053  0.26832994 0.01323829 0.05702648
 0.51985743 0.09266802 0.23370672 0.15376782
 0.42515275 0.35132383 0.06262729 0.16089613
 0.15784114 0.13747454 0.53869654 0.16598778

MOTIF STvleng_l3_f_21
letter-probability matrix: alength= 4 w= 9 
 0.27609295 0.12682158 0.33280819 0.26427727
 0.35486412 0.13548641 0.22646711 0.28318236
 0.66837338 0.06341079 0.02481292 0.24340291
 1.15399764e-01 3.93855849e-04 2.80031508e-01 6.04174872e-01
 0.22331627 0.05238283 0.62741237 0.09688854
 0.52500985 0.04411186 0.19023237 0.24064592
 0.17014573 0.10712879 0.31035841 0.41236707
 0.10200866 0.1346987  0.35604569 0.40724695
 0.15714848 0.13903111 0.42812131 0.27569909

MOTIF STvleng_l3_f_22
letter-probability matrix: alength= 4 w= 9 
 0.49225352 0.14014085 0.22887324 0.13873239
 0.55633803 0.0665493  0.02676056 0.35035211
 7.53521127e-02 3.52112676e-04 3.67957746e-01 5.56338028e-01
 3.52112676e-04 8.97887324e-02 6.67605634e-01 2.42253521e-01
 0.23274648 0.4528169  0.09929577 0.21514085
 0.04260563 0.30070423 0.47359155 0.18309859
 0.47746479 0.22957746 0.11161972 0.18133803
 0.22323944 0.33767606 0.25528169 0.18380282
 0.17816901 0.22570423 0.33908451 0.25704225

MOTIF STvleng_l3_f_23
letter-probability matrix: alength= 4 w= 9 
 0.19382365 0.08248679 0.35432751 0.36936205
 0.49979683 0.28606258 0.0219423  0.19219829
 0.24949208 0.64729785 0.01340918 0.08980089
 7.71231207e-01 2.27956115e-01 4.06338887e-04 4.06338887e-04
 8.67533523e-01 1.01178383e-01 4.06338887e-04 3.08817554e-02
 0.59122308 0.05079236 0.22714344 0.13084112
 0.75741568 0.03697684 0.04916701 0.15644047
 0.32954084 0.11255587 0.36895571 0.18894758
 0.15684681 0.19829338 0.20398212 0.44087769

MOTIF STvleng_l3_f_24
letter-probability matrix: alength= 4 w= 9 
 0.17363704 0.40926064 0.08663181 0.3304705 
 0.10194175 0.39171023 0.34914115 0.15720687
 0.02277819 0.75392084 0.05937267 0.1639283 
 0.30134429 0.01120239 0.50186706 0.18558626
 0.04966393 0.32262883 0.37453323 0.25317401
 0.04219567 0.87789395 0.0776699  0.00224048
 0.51232263 0.2759522  0.18409261 0.02763256
 0.00784167 0.29499627 0.24383869 0.45332338
 0.14525765 0.67102315 0.08364451 0.10007468

MOTIF STvleng_l3_f_25
letter-probability matrix: alength= 4 w= 9 
 0.01834061 0.36331878 0.03973799 0.57860262
 5.85152838e-02 5.95633188e-01 4.36681223e-04 3.45414847e-01
 0.55414847 0.35021834 0.02227074 0.07336245
 0.79213974 0.13056769 0.03755459 0.03973799
 0.4558952  0.34628821 0.06681223 0.13100437
 9.89082969e-01 4.36681223e-04 1.00436681e-02 4.36681223e-04
 0.17336245 0.19781659 0.61659389 0.01222707
 0.10742358 0.2        0.38951965 0.30305677
 0.29388646 0.2489083  0.27248908 0.18471616

MOTIF STvleng_l3_f_26
letter-probability matrix: alength= 4 w= 9 
 0.33114035 0.15314327 0.44298246 0.07273392
 0.00657895 0.17836257 0.66849415 0.14656433
 0.11513158 0.57638889 0.30701754 0.00146199
 3.65497076e-04 4.73318713e-01 4.92690058e-01 3.36257310e-02
 0.01827485 0.62573099 0.07163743 0.28435673
 0.23172515 0.1995614  0.21783626 0.35087719
 0.02302632 0.28143275 0.47953216 0.21600877
 0.27229532 0.15204678 0.23866959 0.3369883 
 0.32163743 0.11476608 0.39912281 0.16447368

MOTIF STvleng_l3_f_27
letter-probability matrix: alength= 4 w= 9 
 0.33175676 0.17432432 0.28277027 0.21114865
 0.03952703 0.20574324 0.27466216 0.48006757
 0.02601351 0.00472973 0.13851351 0.83074324
 3.37837838e-04 4.29729730e-01 2.51689189e-01 3.18243243e-01
 0.03344595 0.01114865 0.03006757 0.92533784
 0.11418919 0.46790541 0.17567568 0.24222973
 0.43817568 0.00202703 0.00709459 0.5527027 
 0.04290541 0.41283784 0.36418919 0.18006757
 0.31047297 0.01925676 0.21925676 0.45101351

MOTIF STvleng_l3_f_28
letter-probability matrix: alength= 4 w= 9 
 0.27229182 0.22181282 0.29661017 0.20928519
 0.05563744 0.13043478 0.07553427 0.73839352
 0.4642594  0.12490789 0.28224024 0.12859248
 0.53647752 0.13743552 0.26750184 0.05858511
 3.68459838e-04 3.68459838e-04 3.68459838e-04 9.98894620e-01
 7.69344141e-01 3.68459838e-04 2.28813559e-01 1.47383935e-03
 5.08474576e-01 3.68459838e-04 4.90788504e-01 3.68459838e-04
 0.2697126  0.24576271 0.29145173 0.19307296
 0.2284451  0.14885777 0.28629329 0.33640383

MOTIF STvleng_l3_f_29
letter-probability matrix: alength= 4 w= 9 
 0.13517149 0.28143914 0.14189644 0.44149294
 0.09683927 0.5396772  0.17854741 0.18493611
 0.12642905 0.15232011 0.63550773 0.08574311
 3.36247478e-04 5.49428379e-01 4.42501681e-01 7.73369200e-03
 0.30934768 0.10995293 0.56455952 0.01613988
 0.28715535 0.10558171 0.60087424 0.0063887 
 0.41324815 0.12071284 0.41156691 0.05447209
 0.167115  0.1260928 0.6133154 0.0934768
 0.37155346 0.27639543 0.17821116 0.17383995

MOTIF STvleng_l3_f_30
letter-probability matrix: alength= 4 w= 9 
 0.4102051  0.13356678 0.27163582 0.1845923 
 0.64982491 0.13356678 0.12156078 0.09504752
 0.44422211 0.07303652 0.48074037 0.002001  
 0.03651826 0.05402701 0.34067034 0.56878439
 5.00250125e-04 1.62081041e-01 3.06153077e-01 5.31265633e-01
 4.30215108e-02 2.48624312e-01 7.07853927e-01 5.00250125e-04
 0.00750375 0.0030015  0.46773387 0.52176088
 0.49924962 0.26163082 0.23161581 0.00750375
 0.42471236 0.07453727 0.22861431 0.27213607

MOTIF STvleng_l3_f_31
letter-probability matrix: alength= 4 w= 9 
 0.07323751 0.22142368 0.19644079 0.50889802
 0.0578371  0.11054073 0.80595483 0.02566735
 0.49075975 0.15195072 0.16290212 0.19438741
 0.10027379 0.61635866 0.18685832 0.09650924
 0.07563313 0.18651608 0.28028747 0.45756331
 0.09685147 0.1266256  0.03901437 0.73750856
 0.63141684 0.13963039 0.22587269 0.00308008
 0.19404517 0.11293634 0.65366188 0.03935661
 0.39356605 0.09000684 0.49178645 0.02464066

MOTIF STvleng_l3_f_32
letter-probability matrix: alength= 4 w= 9 
 0.22337483 0.25829876 0.08748271 0.43084371
 0.41390041 0.06396957 0.3246888  0.19744122
 0.33609959 0.12275242 0.05705394 0.48409405
 0.31293223 0.0857538  0.13208852 0.46922545
 0.19121715 0.01210235 0.01210235 0.78457815
 0.80878285 0.01141079 0.00172891 0.17807746
 0.41320885 0.00518672 0.46715076 0.11445367
 0.68430152 0.10961272 0.08229599 0.12378976
 0.14972337 0.11410788 0.4329184  0.30325035

MOTIF STvleng_l3_f_33
letter-probability matrix: alength= 4 w= 9 
 0.01063201 0.05316007 0.02008269 0.91612522
 0.45835794 0.03366804 0.49084465 0.01712936
 9.26757236e-01 5.90667454e-04 7.20614294e-02 5.90667454e-04
 0.15475487 0.4010632  0.21145895 0.23272298
 0.00886001 0.20791494 0.14648553 0.63673952
 0.31482575 0.16066155 0.21500295 0.30950975
 0.43827525 0.4028352  0.001772   0.15711754
 0.5227407  0.18251624 0.1777909  0.11695216
 0.15711754 0.27820437 0.39515653 0.16952156

MOTIF STvleng_l3_f_34
letter-probability matrix: alength= 4 w= 9 
 0.11349036 0.0732334  0.10449679 0.70877944
 0.12334047 0.06252677 0.65438972 0.15974304
 0.448394   0.41884368 0.05224839 0.08051392
 0.53747323 0.19571734 0.24582441 0.02098501
 0.49379015 0.08779443 0.22226981 0.19614561
 0.02826552 0.1391863  0.01798715 0.81456103
 0.39486081 0.17815846 0.08222698 0.34475375
 0.18415418 0.44411135 0.18072805 0.19100642
 0.89978587 0.05139186 0.02269807 0.0261242 

MOTIF STvleng_l3_f_35
letter-probability matrix: alength= 4 w= 9 
 0.56608607 0.1244877  0.22797131 0.08145492
 7.55635246e-01 4.66188525e-02 5.12295082e-04 1.97233607e-01
 0.00870902 0.03483607 0.21106557 0.74538934
 0.21670082 0.01690574 0.75614754 0.0102459 
 0.16803279 0.44928279 0.17930328 0.20338115
 0.1664959  0.18596311 0.31711066 0.33043033
 0.32018443 0.36834016 0.0420082  0.26946721
 0.39036885 0.33452869 0.13114754 0.14395492
 0.35911885 0.32479508 0.10297131 0.21311475

MOTIF STvleng_l3_f_36
letter-probability matrix: alength= 4 w= 9 
 0.11107302 0.15735345 0.31916352 0.41241001
 0.15563936 0.10798766 0.08090504 0.65546795
 0.54370929 0.16866644 0.03599589 0.25162839
 5.21768941e-01 3.42817964e-04 4.77545423e-01 3.42817964e-04
 0.32019198 0.24888584 0.34521769 0.08570449
 0.17586562 0.23723003 0.30785053 0.27905382
 0.80596503 0.0610216  0.10833048 0.02468289
 0.007542   0.25848474 0.45834762 0.27562564
 0.00171409 0.09016112 0.78985259 0.1182722 

MOTIF STvleng_l3_f_37
letter-probability matrix: alength= 4 w= 9 
 0.32571824 0.21979924 0.24714434 0.20733818
 0.28037383 0.25441329 0.21495327 0.25025961
 0.90481135 0.01626861 0.06265144 0.01626861
 3.46140533e-04 3.46140533e-04 3.46140533e-04 9.98961578e-01
 1.11111111e-01 3.46140533e-04 8.88196608e-01 3.46140533e-04
 0.96053998 0.00380755 0.0238837  0.01176878
 0.26825891 0.20110765 0.24887504 0.28175839
 0.38075459 0.1973001  0.18137764 0.24056767
 0.33575632 0.17099342 0.29006577 0.20318449

MOTIF STvleng_l3_f_38
letter-probability matrix: alength= 4 w= 9 
 0.43302752 0.22018349 0.16844037 0.17834862
 0.49908257 0.2066055  0.13798165 0.15633028
 6.09541284e-01 3.66972477e-04 5.87155963e-03 3.84220183e-01
 0.00550459 0.00110092 0.38458716 0.60880734
 0.11229358 0.11449541 0.73577982 0.03743119
 0.2693578  0.05027523 0.22825688 0.45211009
 0.13577982 0.39743119 0.2466055  0.22018349
 0.20293578 0.3387156  0.37577982 0.08256881
 0.50899083 0.23229358 0.10458716 0.15412844

MOTIF STvleng_l3_f_39
letter-probability matrix: alength= 4 w= 9 
 0.37184343 0.13194444 0.41919192 0.0770202 
 0.10416667 0.42487374 0.30366162 0.16729798
 0.08901515 0.36616162 0.43686869 0.10795455
 0.41224747 0.11616162 0.2114899  0.26010101
 0.06313131 0.05429293 0.17739899 0.70517677
 0.37121212 0.30239899 0.00063131 0.32575758
 6.31313131e-04 6.31313131e-04 6.31313131e-04 9.98106061e-01
 7.57575758e-01 6.31313131e-04 2.41161616e-01 6.31313131e-04
 0.53472222 0.00063131 0.46338384 0.00126263

MOTIF STvleng_l3_f_40
letter-probability matrix: alength= 4 w= 9 
 0.12954545 0.30795455 0.08636364 0.47613636
 0.12272727 0.26477273 0.33636364 0.27613636
 0.67102273 0.07784091 0.06704545 0.18409091
 9.32954545e-01 5.68181818e-04 4.60227273e-02 2.04545455e-02
 2.32386364e-01 2.84090909e-02 5.68181818e-04 7.38636364e-01
 0.09943182 0.65965909 0.02443182 0.21647727
 0.01022727 0.30511364 0.67215909 0.0125    
 0.12784091 0.27556818 0.20738636 0.38920455
 0.38352273 0.31420455 0.07954545 0.22272727

MOTIF STvleng_l3_f_41
letter-probability matrix: alength= 4 w= 9 
 0.15317819 0.17992358 0.43105245 0.23584578
 3.47342827e-04 7.98888503e-03 3.75130254e-02 9.54150747e-01
 6.58909344e-01 4.51545676e-02 2.95588746e-01 3.47342827e-04
 0.49114276 0.02500868 0.48315387 0.00069469
 0.09378256 0.17645016 0.01806183 0.71170545
 0.49496353 0.11983328 0.32407086 0.06113234
 0.44043071 0.22716221 0.29628343 0.03612365
 0.2782216  0.2855158  0.16637721 0.26988538
 0.28586315 0.19590135 0.25529698 0.26293852

MOTIF STvleng_l3_f_42
letter-probability matrix: alength= 4 w= 9 
 0.11643592 0.0543131  0.70252041 0.12673056
 0.01064963 0.10685126 0.18885339 0.69364572
 1.00106496e-01 3.54987575e-04 8.99183529e-01 3.54987575e-04
 4.12140575e-01 3.54987575e-04 5.87149450e-01 3.54987575e-04
 0.10188143 0.12424565 0.70500532 0.06886759
 0.03833866 0.1771388  0.34930777 0.43521477
 0.04827831 0.07383742 0.38338658 0.49449769
 0.16471424 0.11466099 0.49591764 0.22470714
 0.17252396 0.21618743 0.42172524 0.18956337

MOTIF STvleng_l3_f_43
letter-probability matrix: alength= 4 w= 9 
 0.23231177 0.18653046 0.2985244  0.28263337
 8.91789633e-01 1.70261067e-02 3.78357927e-04 9.08059024e-02
 0.07491487 0.00491865 0.03518729 0.88497919
 3.78357927e-04 3.78357927e-04 8.76655316e-01 1.22587968e-01
 0.44003027 0.05675369 0.43965191 0.06356413
 0.1430193  0.27166099 0.53991676 0.04540295
 0.27468785 0.20317821 0.11880439 0.40332955
 0.21642073 0.30382142 0.17063942 0.30911843
 0.24025728 0.25349981 0.25349981 0.25274309

MOTIF STvleng_l3_f_44
letter-probability matrix: alength= 4 w= 9 
 0.71356218 0.11311199 0.09679235 0.07653348
 1.14237479e-01 5.62746201e-04 1.01294316e-02 8.75070343e-01
 1.97523917e-01 1.14237479e-01 6.87675858e-01 5.62746201e-04
 0.82779966 0.03207653 0.12774339 0.01238042
 0.52447946 0.05402364 0.37478897 0.04670793
 0.15194147 0.65559932 0.07146877 0.12099043
 0.18964547 0.54980304 0.19921216 0.06133934
 0.45413618 0.06190208 0.22341024 0.26055149
 0.19471019 0.27687113 0.20146314 0.32695554

MOTIF STvleng_l3_f_45
letter-probability matrix: alength= 4 w= 9 
 0.55301724 0.14094828 0.3012931  0.00474138
 0.14827586 0.0637931  0.43060345 0.35732759
 0.01594828 0.16767241 0.67112069 0.14525862
 0.13577586 0.24827586 0.31293103 0.30301724
 0.06637931 0.14137931 0.56077586 0.23146552
 0.01422414 0.21810345 0.74439655 0.02327586
 0.06465517 0.59310345 0.29525862 0.04698276
 0.14741379 0.25646552 0.53275862 0.06336207
 0.11163793 0.37413793 0.36034483 0.15387931

MOTIF STvleng_l3_f_46
letter-probability matrix: alength= 4 w= 9 
 0.55476473 0.07394227 0.25425069 0.11704231
 0.1348359  0.07117438 0.42190589 0.37208383
 0.2633452  0.29102412 0.30921313 0.13641756
 0.7694741  0.00434955 0.09727165 0.12890471
 3.95413207e-04 5.53578490e-03 1.82680902e-01 8.11387900e-01
 0.0328193  0.05614868 0.79478055 0.11625148
 0.33570581 0.25266904 0.19493871 0.21668644
 0.1826809  0.14155793 0.39501779 0.28074338
 0.35705813 0.17516805 0.24120206 0.22657177

MOTIF STvleng_l3_f_47
letter-probability matrix: alength= 4 w= 9 
 0.38599051 0.2247355  0.21196644 0.17730755
 0.77635899 0.01787669 0.18496899 0.02079533
 0.16016053 0.04487413 0.10944911 0.68551623
 0.11528639 0.10142284 0.75045604 0.03283473
 0.61765779 0.05910252 0.18423933 0.13900036
 0.1382707  0.09959869 0.11565122 0.64647939
 0.0167822  0.14885078 0.62823787 0.20612915
 0.10653046 0.13681138 0.64137176 0.11528639
 0.33126596 0.21160161 0.32105071 0.13608172

MOTIF STvleng_l3_f_48
letter-probability matrix: alength= 4 w= 9 
 0.24392819 0.20028159 0.2967265  0.25906371
 0.22562478 0.2562478  0.1344597  0.38366772
 0.07673354 0.09574094 0.21752904 0.60999648
 6.46603309e-01 2.18233017e-02 3.31221401e-01 3.51988736e-04
 4.36114044e-01 2.00633580e-02 5.43470609e-01 3.51988736e-04
 0.18620204 0.00457585 0.62266807 0.18655403
 0.63921155 0.22069694 0.12741992 0.01267159
 0.37205209 0.07602957 0.03766279 0.51425554
 0.15100317 0.12671595 0.249912   0.47236888

MOTIF STvleng_l3_f_49
letter-probability matrix: alength= 4 w= 9 
 0.36828358 0.04738806 0.55149254 0.03283582
 0.03171642 0.66977612 0.02462687 0.2738806 
 0.63992537 0.06492537 0.21641791 0.07873134
 0.23544776 0.00223881 0.38768657 0.37462687
 0.06679104 0.20746269 0.16007463 0.56567164
 0.05335821 0.49813433 0.19589552 0.25261194
 0.18022388 0.05783582 0.2261194  0.5358209 
 0.51716418 0.36679104 0.10223881 0.01380597
 0.11492537 0.02686567 0.0738806  0.78432836

MOTIF STvleng_l3_f_50
letter-probability matrix: alength= 4 w= 9 
 0.31994261 0.08393113 0.45731707 0.13880918
 0.37087518 0.08034433 0.42718795 0.12159254
 0.17395983 0.21162123 0.50215208 0.11226686
 0.53586801 0.10365854 0.29734577 0.06312769
 0.21592539 0.08823529 0.05200861 0.6438307 
 0.0233142  0.16319943 0.58859397 0.2248924 
 0.20552367 0.08895265 0.58680057 0.1187231 
 0.19296987 0.05595409 0.27439024 0.4766858 
 0.1348637  0.31420373 0.24533716 0.30559541

MOTIF STvleng_l3_f_51
letter-probability matrix: alength= 4 w= 9 
 0.1627038  0.11311141 0.40115489 0.32302989
 0.01630435 0.32099185 0.0078125  0.6548913 
 0.14741848 0.00101902 0.75033967 0.10122283
 0.6627038  0.05298913 0.00985054 0.27445652
 0.56317935 0.09986413 0.29144022 0.0455163 
 0.01188859 0.40930707 0.00747283 0.57133152
 0.12669837 0.06963315 0.4453125  0.35835598
 0.13620924 0.50169837 0.05434783 0.30774457
 0.37228261 0.17459239 0.19089674 0.26222826

MOTIF STvleng_l3_f_52
letter-probability matrix: alength= 4 w= 9 
 0.32915023 0.01434206 0.02796701 0.6285407 
 0.55503765 0.07816422 0.25959125 0.10720688
 0.56328433 0.15274292 0.25743994 0.02653281
 0.01505916 0.02940122 0.01470061 0.94083901
 7.49013984e-01 1.79275726e-03 2.48834708e-01 3.58551452e-04
 0.57368232 0.00717103 0.34349229 0.07565436
 0.32628182 0.10899964 0.48512011 0.07959842
 0.30548584 0.18393689 0.25242022 0.25815705
 0.21979204 0.16636787 0.13338114 0.48045895

MOTIF STvleng_l3_f_53
letter-probability matrix: alength= 4 w= 9 
 0.27093236 0.19268739 0.30420475 0.2321755 
 0.48446069 0.19012797 0.12358318 0.20182815
 0.53638026 0.01828154 0.01535649 0.42998172
 3.65630713e-04 3.32723949e-02 4.29981718e-01 5.36380256e-01
 0.10091408 0.11627057 0.56563071 0.21718464
 0.09616088 0.37184644 0.39341865 0.13857404
 0.17586837 0.12102377 0.16819013 0.53491773
 0.16051188 0.42084095 0.21170018 0.20694698
 0.23985375 0.25996344 0.19488117 0.30530165

MOTIF STvleng_l3_f_54
letter-probability matrix: alength= 4 w= 9 
 0.31801963 0.32827832 0.25156111 0.10214095
 0.48483497 0.21409456 0.29304193 0.00802855
 0.56779661 0.05486173 0.3367529  0.04058876
 0.3309545  0.21008029 0.20205174 0.25691347
 7.69402319e-01 4.46030330e-04 4.46030330e-04 2.29705620e-01
 2.09188225e-01 4.46030330e-04 6.91347012e-02 7.21231044e-01
 0.01694915 0.34790366 0.07671722 0.55842997
 0.1382694  0.16369313 0.65165031 0.04638715
 0.19714541 0.51204282 0.16235504 0.12845674

MOTIF STvleng_l3_f_55
letter-probability matrix: alength= 4 w= 9 
 0.29327902 0.15173116 0.30753564 0.24745418
 0.10285132 0.00763747 0.59674134 0.29276986
 0.00814664 0.12372709 0.23879837 0.6293279 
 0.18635438 0.30397149 0.13798371 0.37169043
 5.09164969e-04 4.07331976e-03 1.68024440e-02 9.78615071e-01
 0.01731161 0.03615071 0.04633401 0.90020367
 0.01782077 0.00356415 0.96181263 0.01680244
 0.0799389  0.1802444  0.03360489 0.70621181
 0.28971487 0.10437882 0.34725051 0.2586558 

MOTIF STvleng_l3_f_56
letter-probability matrix: alength= 4 w= 9 
 0.29052224 0.23520309 0.20541586 0.2688588 
 0.10676983 0.62514507 0.13810445 0.12998066
 0.01818182 0.78916828 0.00464217 0.18800774
 0.89284333 0.05880077 0.02901354 0.01934236
 0.02243714 0.39110251 0.09709865 0.4893617 
 8.91295938e-01 3.86847195e-04 6.18955513e-02 4.64216634e-02
 0.27466151 0.42359768 0.28239845 0.01934236
 0.38452611 0.06653772 0.40618956 0.14274662
 0.33500967 0.08046422 0.56673114 0.01779497

MOTIF STvleng_l3_f_57
letter-probability matrix: alength= 4 w= 9 
 0.33367037 0.04954499 0.12082912 0.49595551
 5.05561173e-04 7.07785642e-02 5.05561173e-04 9.28210313e-01
 9.80788675e-02 1.06673407e-01 5.05561173e-04 7.94742164e-01
 0.05611729 0.02123357 0.44944388 0.47320526
 0.25581395 0.00960566 0.16734075 0.56723964
 0.00303337 0.5        0.34226491 0.15470172
 0.11526795 0.09807887 0.07381193 0.71284125
 0.34984833 0.20171891 0.4140546  0.03437816
 0.48736097 0.11830131 0.13397371 0.260364  

MOTIF STvleng_l3_f_58
letter-probability matrix: alength= 4 w= 9 
 0.31887299 0.22853309 0.29651163 0.15608229
 0.3667263  0.18828265 0.29382826 0.15116279
 0.13014311 0.00715564 0.68336315 0.1793381 
 0.03443649 0.3568873  0.1793381  0.4293381 
 0.0147585  0.01923077 0.36270125 0.60330948
 0.240161   0.30008945 0.09436494 0.36538462
 2.71019678e-01 4.47227191e-04 4.20393560e-02 6.86493739e-01
 6.66368515e-02 2.63864043e-02 4.47227191e-04 9.06529517e-01
 0.14266547 0.17620751 0.25044723 0.43067979

MOTIF STvleng_l3_f_59
letter-probability matrix: alength= 4 w= 9 
 0.25283447 0.23204837 0.21693122 0.29818594
 0.12282691 0.17006803 0.39984883 0.30725624
 0.33068783 0.14134543 0.17120181 0.35676493
 0.71050642 0.13756614 0.1095994  0.04232804
 5.15117158e-01 3.77928949e-04 3.77928949e-04 4.84126984e-01
 3.77928949e-04 3.77928949e-04 4.84126984e-01 5.15117158e-01
 0.26228269 0.08654573 0.59183673 0.05933485
 0.42101285 0.02456538 0.14512472 0.40929705
 0.20219199 0.25925926 0.13529856 0.40325019

MOTIF STvleng_l3_f_60
letter-probability matrix: alength= 4 w= 9 
 0.34228188 0.14177852 0.3942953  0.1216443 
 0.65268456 0.03439597 0.30285235 0.01006711
 0.5352349  0.00083893 0.34228188 0.1216443 
 0.43372483 0.1635906  0.19211409 0.21057047
 0.70218121 0.05788591 0.06795302 0.17197987
 8.98489933e-01 8.38926174e-04 3.35570470e-02 6.71140940e-02
 0.15100671 0.00251678 0.09983221 0.7466443 
 1.56879195e-01 8.38926174e-04 8.41442953e-01 8.38926174e-04
 0.23573826 0.13087248 0.39010067 0.24328859

MOTIF STvleng_l3_f_61
letter-probability matrix: alength= 4 w= 9 
 0.28850405 0.14259396 0.35666912 0.21223287
 0.24134119 0.1798084  0.06300663 0.51584377
 0.55158438 0.10243183 0.13227708 0.21370671
 0.50847458 0.03500368 0.34524687 0.11127487
 0.07885041 0.16691231 0.05379514 0.70044215
 0.22807664 0.00442152 0.74760501 0.01989683
 0.84856301 0.08916728 0.0036846  0.05858511
 0.15917465 0.11790715 0.31871776 0.40420044
 0.42483419 0.0917465  0.40346352 0.07995578

MOTIF STvleng_l3_f_62
letter-probability matrix: alength= 4 w= 9 
 0.21728081 0.15332486 0.20965693 0.4197374 
 0.3536637  0.47013977 0.13172385 0.04447268
 0.59466328 0.1613723  0.23549343 0.00847099
 0.89241847 0.01567133 0.00804744 0.08386277
 0.04193139 0.04997882 0.0944515  0.81363829
 0.13426514 0.00635324 0.8034731  0.05590851
 0.28208386 0.04574333 0.2901313  0.38204151
 0.27403643 0.15840745 0.32316815 0.24438797
 0.09402795 0.18805591 0.38754765 0.33036849

MOTIF STvleng_l3_f_63
letter-probability matrix: alength= 4 w= 9 
 0.31192006 0.21877231 0.14846538 0.32084226
 0.61491792 0.11884368 0.2041399  0.0620985 
 5.99214847e-01 3.56887937e-04 1.74875089e-02 3.82940757e-01
 0.00107066 0.00178444 0.35688794 0.64025696
 2.35546039e-01 3.56887937e-04 6.27408994e-01 1.36688080e-01
 0.09600286 0.01034975 0.41220557 0.48144183
 0.2366167  0.17558887 0.46680942 0.12098501
 0.20628123 0.20092791 0.48108494 0.11170592
 0.19271949 0.28943612 0.2633833  0.2544611 

MOTIF STvleng_l3_f_64
letter-probability matrix: alength= 4 w= 9 
 0.30077301 0.06676037 0.42199578 0.21047084
 0.26493324 0.16268447 0.27055517 0.30182713
 0.33591005 0.36366831 0.14546732 0.15495432
 0.76036543 0.12157414 0.05621926 0.06184118
 0.07589599 0.2132818  0.066409   0.64441321
 3.40829234e-01 3.51370344e-04 6.13843992e-01 4.49754041e-02
 0.07800422 0.19219958 0.29374561 0.4360506 
 0.26001405 0.21082221 0.40934645 0.11981729
 0.36823612 0.12403373 0.31904427 0.18868587

MOTIF STvleng_l3_f_65
letter-probability matrix: alength= 4 w= 9 
 0.03953488 0.25       0.07325581 0.6372093 
 0.53372093 0.0744186  0.2744186  0.11744186
 0.16395349 0.06395349 0.45813953 0.31395349
 0.93604651 0.00813953 0.00348837 0.05232558
 0.01860465 0.9744186  0.00348837 0.00348837
 0.32093023 0.41976744 0.12209302 0.1372093 
 0.01860465 0.90465116 0.00116279 0.0755814 
 0.28837209 0.59302326 0.09069767 0.02790698
 0.41744186 0.47093023 0.0744186  0.0372093 

MOTIF STvleng_l3_f_66
letter-probability matrix: alength= 4 w= 9 
 0.2055336  0.14229249 0.38735178 0.26482213
 0.00131752 0.29776021 0.03162055 0.66930171
 0.13043478 0.01054018 0.83399209 0.02503294
 0.26350461 0.40447958 0.0342556  0.29776021
 0.50197628 0.26613966 0.1541502  0.07773386
 0.00131752 0.37417655 0.1541502  0.47035573
 0.02239789 0.00263505 0.59815547 0.37681159
 0.03162055 0.30566535 0.5085639  0.1541502 
 0.01581028 0.06455863 0.5428195  0.37681159

MOTIF STvleng_l3_f_67
letter-probability matrix: alength= 4 w= 9 
 0.19277108 0.19240599 0.43483023 0.1799927 
 0.3479372  0.21431179 0.36619204 0.07155896
 0.471705   0.29755385 0.06389193 0.16684922
 0.18510405 0.03176342 0.69295363 0.0901789 
 3.65096751e-04 7.04636729e-02 3.65096751e-04 9.28806134e-01
 0.03943045 0.04125593 0.24863089 0.67068273
 0.02446148 0.02701716 0.61190215 0.3366192 
 0.66666667 0.22197882 0.02373129 0.08762322
 0.2139467  0.25739321 0.17159547 0.35706462

MOTIF STvleng_l3_f_68
letter-probability matrix: alength= 4 w= 9 
 0.25960219 0.1409465  0.11591221 0.48353909
 0.65363512 0.05761317 0.16803841 0.12071331
 0.30418381 0.15329218 0.44513032 0.09739369
 0.05006859 0.17352538 0.05829904 0.718107  
 0.61625514 0.04286694 0.17421125 0.16666667
 0.08024691 0.00548697 0.14266118 0.77160494
 0.54766804 0.0308642  0.00411523 0.41735254
 0.29561043 0.03120713 0.1505487  0.52263374
 0.44753086 0.10665295 0.27949246 0.16632373

MOTIF STvleng_l3_f_69
letter-probability matrix: alength= 4 w= 9 
 0.45565749 0.13805155 0.23765837 0.16863259
 0.34425513 0.2839668  0.25557012 0.11620795
 0.56574924 0.17212757 0.19091306 0.07121014
 5.62254260e-01 4.36871997e-04 4.36871997e-04 4.36871997e-01
 4.36871997e-04 4.36871997e-04 4.36871997e-01 5.62254260e-01
 0.15334207 0.05417213 0.57798165 0.21450415
 0.37702053 0.04281346 0.39100044 0.18916557
 0.38794233 0.21144605 0.2433377  0.15727392
 0.28265618 0.23023154 0.30624727 0.18086501

MOTIF STvleng_l3_f_70
letter-probability matrix: alength= 4 w= 9 
 0.07120528 0.3730462  0.13928447 0.41646405
 0.68843348 0.02605071 0.27961098 0.00590483
 0.39423411 0.11774922 0.35776311 0.13025356
 0.50989927 0.05175408 0.16880861 0.26953803
 0.30392497 0.26467523 0.29628343 0.13511636
 0.49426884 0.03924974 0.16602987 0.30045155
 0.15630427 0.14345259 0.60958666 0.09065648
 0.07919416 0.0267454  0.46543939 0.42862105
 0.20944772 0.16255644 0.42271622 0.20527961

MOTIF STvleng_l3_f_71
letter-probability matrix: alength= 4 w= 9 
 0.46927374 0.00837989 0.51536313 0.00698324
 0.18784916 0.25488827 0.19832402 0.35893855
 0.43924581 0.24685754 0.14420391 0.16969274
 0.91934358 0.04155028 0.03177374 0.0073324 
 0.07367318 0.05481844 0.05761173 0.81389665
 8.72555866e-01 3.49162011e-04 8.20530726e-02 4.50418994e-02
 0.15118715 0.03386872 0.78666201 0.02828212
 0.27444134 0.15782123 0.16061453 0.40712291
 0.15188547 0.12325419 0.4622905  0.26256983

MOTIF STvleng_l3_f_72
letter-probability matrix: alength= 4 w= 9 
 0.63687465 0.08094435 0.17369309 0.10848791
 0.12310287 0.09162451 0.25407532 0.5311973 
 0.23102867 0.11017426 0.60427206 0.05452501
 0.61045531 0.05115233 0.25182687 0.08656549
 0.12647555 0.12647555 0.09387296 0.65317594
 0.28274311 0.07644744 0.56942102 0.07138842
 0.29679595 0.08431703 0.31141091 0.30747611
 0.13209668 0.1618887  0.43282743 0.27318718
 0.08150646 0.18999438 0.45812254 0.27037662

MOTIF STvleng_l3_f_73
letter-probability matrix: alength= 4 w= 9 
 0.23568526 0.27816771 0.22053934 0.26560768
 0.07757665 0.22460288 0.19985223 0.49796823
 0.03066125 0.05430366 0.298116   0.6169191 
 3.69412634e-04 3.69412634e-04 3.69412634e-04 9.98891762e-01
 9.86701145e-01 3.69412634e-04 1.25600296e-02 3.69412634e-04
 5.37125970e-01 3.69412634e-04 4.62135205e-01 3.69412634e-04
 0.35869967 0.48503879 0.06316956 0.09309198
 0.24344293 0.48060584 0.21278168 0.06316956
 0.30956779 0.21093461 0.23162172 0.24787588

MOTIF STvleng_l3_f_74
letter-probability matrix: alength= 4 w= 9 
 0.02740201 0.25667707 0.17343045 0.54249046
 3.46860909e-04 2.70204648e-01 8.70620881e-02 6.42386403e-01
 0.00277489 0.04890739 0.02844259 0.91987513
 0.01283385 0.02046479 0.64446757 0.32223378
 0.02428026 0.197017   0.22754076 0.55116198
 0.04821367 0.06139438 0.01318071 0.87721124
 0.08220604 0.13527575 0.32431495 0.45820326
 0.35345127 0.16996185 0.07041276 0.40617412
 0.10891433 0.12036074 0.24349636 0.52722858

MOTIF STvleng_l3_f_75
letter-probability matrix: alength= 4 w= 9 
 0.25513093 0.1104034  0.42002831 0.21443737
 0.03680113 0.12101911 0.08846426 0.7537155 
 0.27246992 0.35279547 0.16418967 0.21054494
 0.20806794 0.18931352 0.35810333 0.24451522
 0.50636943 0.17445152 0.07430998 0.24486907
 0.22717622 0.41330502 0.03927813 0.32024062
 0.02689314 0.01875442 0.00424628 0.95010616
 0.75300778 0.00106157 0.21832979 0.02760085
 0.52618542 0.00283086 0.47027601 0.00070771

MOTIF STvleng_l3_f_76
letter-probability matrix: alength= 4 w= 9 
 0.24935353 0.17066864 0.39231622 0.18766162
 0.16623569 0.22718877 0.2397488  0.36682675
 0.02216476 0.40007388 0.05393424 0.52382711
 2.57111193e-01 3.69412634e-04 7.42149982e-01 3.69412634e-04
 0.03657185 0.24750646 0.45881049 0.25711119
 0.45991873 0.49501293 0.01034355 0.03472479
 0.80827484 0.00443295 0.07646842 0.11082379
 0.22164758 0.42482453 0.32138899 0.0321389 
 0.06206132 0.21315109 0.63686738 0.08792021

MOTIF STvleng_l3_f_77
letter-probability matrix: alength= 4 w= 9 
 0.42268041 0.11389298 0.31124202 0.15218459
 0.23809524 0.35738832 0.24202258 0.16249386
 0.33873343 0.11782032 0.13009327 0.41335297
 6.23465881e-01 4.90918017e-04 3.73588611e-01 2.45459008e-03
 0.45753559 0.12125675 0.12420226 0.2970054 
 0.03436426 0.19243986 0.30535101 0.46784487
 0.28669612 0.05056456 0.60235641 0.06038292
 0.04958272 0.12322042 0.32351497 0.50368189
 0.24104075 0.11929308 0.57093765 0.06872852

MOTIF STvleng_l3_f_78
letter-probability matrix: alength= 4 w= 9 
 0.092827   0.41701828 0.17440225 0.31575246
 0.3104782  0.64697609 0.03305204 0.00949367
 2.58438819e-01 3.51617440e-04 7.32770745e-01 8.43881857e-03
 0.01687764 0.36673699 0.03867792 0.57770745
 0.54852321 0.27461322 0.09493671 0.08192686
 0.64873418 0.06329114 0.25632911 0.03164557
 0.14099859 0.16947961 0.14170183 0.54781997
 0.03797468 0.32524613 0.14838256 0.48839662
 0.63291139 0.20710267 0.09985935 0.06012658

MOTIF STvleng_l3_f_79
letter-probability matrix: alength= 4 w= 9 
 0.13950073 0.11013216 0.22613803 0.52422907
 0.23641703 0.25697504 0.26284875 0.24375918
 0.77092511 0.04698972 0.18061674 0.00146843
 0.56975037 0.11894273 0.00146843 0.30983847
 0.20264317 0.39500734 0.3671072  0.03524229
 0.82232012 0.00146843 0.0763583  0.09985316
 0.05286344 0.13950073 0.00440529 0.80323054
 0.0763583  0.07342144 0.83113069 0.01908957
 0.02496329 0.1277533  0.46989721 0.3773862 

MOTIF STvleng_l3_f_80
letter-probability matrix: alength= 4 w= 9 
 0.06070941 0.17598909 0.64665757 0.11664393
 0.02592087 0.39290587 0.24897681 0.33219645
 0.04229195 0.39222374 0.2633015  0.30218281
 0.31105048 0.57025921 0.09686221 0.0218281 
 0.42837653 0.44815825 0.10777626 0.01568895
 0.06343793 0.3260573  0.13028649 0.48021828
 0.02319236 0.07844475 0.45702592 0.44133697
 0.31514325 0.52319236 0.07844475 0.08321965
 0.28171896 0.18212824 0.39085948 0.14529332

MOTIF STvleng_l3_f_81
letter-probability matrix: alength= 4 w= 9 
 0.02948653 0.15505846 0.30859176 0.50686324
 0.04016268 0.13472293 0.04880529 0.7763091 
 0.06914082 0.26385358 0.66395526 0.00305033
 0.21148958 0.00305033 0.60142349 0.1840366 
 5.08388409e-04 5.85663447e-01 1.16420946e-01 2.97407219e-01
