MEME version 5.3.0

ALPHABET= ACGT

strands: + -

Background letter frequencies
A 0.25 C 0.25 G 0.25 T 0.25

MOTIF STvleng_l3_f_0
letter-probability matrix: alength= 4 w= 9 
 0.29686848 0.25636743 0.22588727 0.22087683
 0.70521921 0.11691023 0.15490605 0.02296451
 0.53402923 0.32484342 0.04843424 0.09269311
 9.82045929e-01 1.67014614e-02 4.17536534e-04 8.35073069e-04
 0.95824635 0.0091858  0.01753653 0.01503132
 0.88100209 0.03757829 0.06889353 0.0125261 
 8.31315240e-01 5.42797495e-03 4.17536534e-04 1.62839248e-01
 0.51899791 0.10981211 0.25344468 0.1177453 
 0.37160752 0.13361169 0.36993737 0.12484342

MOTIF STvleng_l3_f_1
letter-probability matrix: alength= 4 w= 9 
 0.24495342 0.24340062 0.14208075 0.36956522
 0.42313665 0.1560559  0.25698758 0.16381988
 0.87034161 0.02018634 0.03765528 0.07181677
 0.04386646 0.00388199 0.0943323  0.85791925
 0.04852484 0.03726708 0.87072981 0.04347826
 0.4693323  0.12189441 0.18167702 0.22709627
 0.17973602 0.04037267 0.43167702 0.34821429
 0.11335404 0.09704969 0.4375     0.35209627
 0.21312112 0.19254658 0.37965839 0.21467391

MOTIF STvleng_l3_f_2
letter-probability matrix: alength= 4 w= 9 
 0.11032162 0.15669409 0.31563201 0.41735228
 0.40725505 0.29655946 0.12266268 0.17352281
 0.50149589 0.18661182 0.19334331 0.11854899
 0.01458489 0.03440539 0.23485415 0.71615557
 0.40575916 0.06918474 0.03702319 0.48803291
 3.73971578e-04 1.83620045e-01 5.69184742e-01 2.46821242e-01
 0.21727749 0.04786836 0.12154076 0.61331339
 0.28571429 0.12303665 0.46596859 0.12528048
 0.18922962 0.21017203 0.15632012 0.44427823

MOTIF STvleng_l3_f_3
letter-probability matrix: alength= 4 w= 9 
 0.54439746 0.15327696 0.19943622 0.10288936
 0.50317125 0.21035941 0.20401691 0.08245243
 0.64411557 0.25405215 0.07892882 0.02290345
 0.61909796 0.01550388 0.35729387 0.0081043 
 0.29422128 0.1106413  0.38477801 0.21035941
 0.20754052 0.16208598 0.2149401  0.4154334 
 0.57681466 0.1286117  0.23502467 0.05954898
 0.01902748 0.14129669 0.08386187 0.75581395
 0.11945032 0.08985201 0.70049331 0.09020437

MOTIF STvleng_l3_f_4
letter-probability matrix: alength= 4 w= 9 
 0.31940091 0.21003135 0.21769418 0.25287356
 0.45907349 0.20132358 0.10936956 0.23023337
 0.4364333  0.07732497 0.14141414 0.34482759
 0.02995472 0.38453501 0.08498781 0.50052247
 0.61859979 0.03970742 0.33751306 0.00417973
 0.01253918 0.63288053 0.22291884 0.13166144
 0.84221526 0.05747126 0.03308952 0.06722396
 0.61372344 0.01184256 0.2020202  0.17241379
 0.17554859 0.25531174 0.24834552 0.32079415

MOTIF STvleng_l3_f_5
letter-probability matrix: alength= 4 w= 9 
 9.38124520e-01 3.84319754e-04 6.11068409e-02 3.84319754e-04
 0.14296695 0.07302075 0.07455803 0.70945427
 0.06648732 0.05764796 0.76287471 0.11299001
 3.94696387e-01 3.84319754e-04 5.10760953e-01 9.41583397e-02
 0.12874712 0.17486549 0.21560338 0.48078401
 0.17294389 0.08570331 0.62567256 0.11568025
 0.12375096 0.29669485 0.24827056 0.33128363
 0.10760953 0.21560338 0.34358186 0.33320523
 0.21637202 0.26671791 0.25057648 0.26633359

MOTIF STvleng_l3_f_6
letter-probability matrix: alength= 4 w= 9 
 0.41516966 0.4510978  0.04590818 0.08782435
 0.66666667 0.22754491 0.09381238 0.01197605
 0.83632735 0.00199601 0.15968064 0.00199601
 0.19560878 0.13572854 0.20958084 0.45908184
 0.44510978 0.21556886 0.31137725 0.02794411
 0.45908184 0.00199601 0.34131737 0.19760479
 0.01397206 0.16766467 0.35928144 0.45908184
 0.00199601 0.01397206 0.84231537 0.14171657
 0.23552894 0.3992016  0.24151697 0.1237525 

MOTIF STvleng_l3_f_7
letter-probability matrix: alength= 4 w= 9 
 0.64384262 0.08482371 0.21257026 0.05876341
 0.36382218 0.13898825 0.11599387 0.38119571
 0.03474706 0.18344405 0.26980072 0.51200818
 0.62340317 0.0296372  0.296372   0.05058763
 0.22125703 0.01021972 0.12314768 0.64537557
 0.1037302  0.07307103 0.59836484 0.22483393
 0.47112928 0.11292795 0.31681145 0.09913132
 0.30659172 0.21512519 0.32141032 0.15687276
 0.3479816  0.27542156 0.19519673 0.1814001 

MOTIF STvleng_l3_f_8
letter-probability matrix: alength= 4 w= 9 
 0.33049645 0.30070922 0.20141844 0.16737589
 0.10035461 0.38120567 0.00070922 0.5177305 
 0.89609929 0.01205674 0.03829787 0.0535461 
 0.46134752 0.04113475 0.46737589 0.03014184
 0.01347518 0.02021277 0.09042553 0.87588652
 0.48829787 0.00212766 0.19609929 0.31347518
 0.47801418 0.15531915 0.13333333 0.23333333
 0.26241135 0.41595745 0.26914894 0.05248227
 0.05460993 0.42446809 0.1677305  0.35319149

MOTIF STvleng_l3_f_9
letter-probability matrix: alength= 4 w= 9 
 0.32424242 0.14393939 0.43636364 0.09545455
 0.04545455 0.12878788 0.82424242 0.00151515
 0.00151515 0.00151515 0.00151515 0.99545455
 0.03181818 0.00151515 0.64393939 0.32272727
 0.11363636 0.01666667 0.6969697  0.17272727
 0.09848485 0.10151515 0.00151515 0.79848485
 0.28636364 0.11818182 0.45909091 0.13636364
 0.25909091 0.17121212 0.30151515 0.26818182
 0.34090909 0.26363636 0.22727273 0.16818182

MOTIF STvleng_l3_f_10
letter-probability matrix: alength= 4 w= 9 
 0.26666667 0.28941176 0.18       0.26392157
 0.67411765 0.07921569 0.21137255 0.03529412
 0.11215686 0.26862745 0.02352941 0.59568627
 0.0627451  0.21607843 0.66431373 0.05686275
 0.50705882 0.13529412 0.17803922 0.17960784
 0.10588235 0.24392157 0.06862745 0.58156863
 0.04470588 0.14       0.76509804 0.05019608
 0.09882353 0.20156863 0.46862745 0.23098039
 0.12196078 0.28431373 0.35333333 0.24039216

MOTIF STvleng_l3_f_11
letter-probability matrix: alength= 4 w= 9 
 0.15937149 0.24466891 0.36363636 0.23232323
 0.12420501 0.47512159 0.35016835 0.05050505
 3.79349046e-01 3.36700337e-02 5.86606809e-01 3.74111485e-04
 0.00187056 0.73101384 0.15675271 0.11036289
 0.00299289 0.61616162 0.31949121 0.06135428
 0.04377104 0.72091283 0.20763187 0.02768425
 0.4234942  0.2476618  0.14590348 0.18294052
 0.26187804 0.30078563 0.20389076 0.23344557
 0.37485971 0.16086794 0.18705574 0.27721661

MOTIF STvleng_l3_f_12
letter-probability matrix: alength= 4 w= 9 
 0.29444444 0.2020202  0.14343434 0.36010101
 0.36111111 0.12929293 0.32323232 0.18636364
 9.30303030e-01 5.05050505e-04 4.54545455e-02 2.37373737e-02
 6.31313131e-02 5.05050505e-04 5.45454545e-02 8.81818182e-01
 0.04747475 0.00757576 0.84848485 0.09646465
 0.31060606 0.01363636 0.46969697 0.20606061
 0.3        0.1479798  0.27424242 0.27777778
 0.17373737 0.02828283 0.48686869 0.31111111
 0.22323232 0.17626263 0.26010101 0.34040404

MOTIF STvleng_l3_f_13
letter-probability matrix: alength= 4 w= 9 
 0.45819642 0.18473896 0.17451625 0.18254838
 0.35487404 0.07301935 0.31872946 0.25337714
 0.50346842 0.16356334 0.16757941 0.16538883
 0.10879883 0.22672508 0.02592187 0.63855422
 0.16246805 0.03139832 0.70317634 0.10295728
 0.55859803 0.11537057 0.11098941 0.21504199
 0.08871851 0.02154071 0.13070464 0.75903614
 0.3705732  0.08725812 0.49288061 0.04928806
 0.62723622 0.03687477 0.30120482 0.03468419

MOTIF STvleng_l3_f_14
letter-probability matrix: alength= 4 w= 9 
 0.2126556  0.18672199 0.2313278  0.36929461
 0.33540802 0.20055325 0.16632089 0.29771784
 0.33437068 0.14661134 0.2538036  0.26521438
 0.28872752 0.10684647 0.22925311 0.37517289
 0.91320885 0.04218534 0.04045643 0.00414938
 3.45781466e-04 3.45781466e-04 3.45781466e-04 9.98962656e-01
 1.04426003e-01 3.45781466e-04 8.94882434e-01 3.45781466e-04
 0.88001383 0.0764177  0.03042877 0.0131397 
 0.23167358 0.17185339 0.27178423 0.3246888 

MOTIF STvleng_l3_f_15
letter-probability matrix: alength= 4 w= 9 
 0.18548716 0.41663269 0.2258459  0.17203424
 0.07704851 0.22829189 0.46718304 0.22747656
 8.35711374e-02 4.07664085e-04 2.32368528e-02 8.92784346e-01
 8.76477782e-01 8.35711374e-02 3.95434162e-02 4.07664085e-04
 2.08724011e-01 1.06400326e-01 6.84467998e-01 4.07664085e-04
 0.0623726  0.38442723 0.54993885 0.00326131
 0.04117407 0.35833673 0.45332246 0.14716673
 0.02649817 0.43293926 0.28128822 0.25927436
 0.21320832 0.33102324 0.26987362 0.18589482

MOTIF STvleng_l3_f_16
letter-probability matrix: alength= 4 w= 9 
 0.09746377 0.34057971 0.19673913 0.36521739
 0.25471014 0.08695652 0.42101449 0.23731884
 0.20543478 0.20615942 0.25905797 0.32934783
 0.02572464 0.21594203 0.22246377 0.53586957
 0.01702899 0.18297101 0.32137681 0.47862319
 3.62318841e-04 3.62318841e-04 3.62318841e-04 9.98913043e-01
 3.98188406e-01 3.62318841e-04 6.01086957e-01 3.62318841e-04
 8.78985507e-01 3.62318841e-04 1.20289855e-01 3.62318841e-04
 0.22173913 0.30398551 0.31775362 0.15652174

MOTIF STvleng_l3_f_17
letter-probability matrix: alength= 4 w= 9 
 0.07210941 0.3559884  0.26813096 0.30377124
 0.05014505 0.64939909 0.13385827 0.1665976 
 0.25445504 0.65810195 0.08371322 0.0037298 
 0.39535847 0.5586407  0.03191048 0.01409034
 0.36883547 0.62784915 0.00248653 0.00082884
 9.11728139e-01 4.14421881e-04 8.57853295e-02 2.07210941e-03
 0.50808123 0.11645255 0.30377124 0.07169499
 0.24285122 0.22295897 0.2992126  0.23497721
 0.41276419 0.20513883 0.30335682 0.07874016

MOTIF STvleng_l3_f_18
letter-probability matrix: alength= 4 w= 9 
 0.61570561 0.11608498 0.17526555 0.09294385
 0.85811836 0.09294385 0.02086495 0.02807284
 0.67526555 0.06942337 0.09028832 0.16502276
 0.45144158 0.11191199 0.01251897 0.42412747
 0.26517451 0.28983308 0.13808801 0.3069044 
 0.20333839 0.71471927 0.0762519  0.00569044
 0.00417299 0.31752656 0.51365706 0.1646434 
 0.07359636 0.70827011 0.03262519 0.18550835
 0.17450683 0.39757208 0.24962064 0.17830046

MOTIF STvleng_l3_f_19
letter-probability matrix: alength= 4 w= 9 
 0.64768306 0.18394057 0.09444641 0.07392996
 0.55040679 0.17049876 0.19243014 0.08666431
 0.14113902 0.21223912 0.1775734  0.46904846
 0.36222144 0.01485674 0.59886806 0.02405377
 0.22780333 0.03395826 0.56561726 0.17262115
 0.13583304 0.35974531 0.32543332 0.17898833
 0.3296781  0.07817474 0.47258578 0.11956137
 0.24336753 0.46869473 0.12769721 0.16024054
 0.17120623 0.27272727 0.34099752 0.21506898

MOTIF STvleng_l3_f_20
letter-probability matrix: alength= 4 w= 9 
 0.37825789 0.21707819 0.33573388 0.06893004
 0.31824417 0.07270233 0.55418381 0.05486968
 0.26817558 0.39026063 0.24965706 0.09190672
 7.37311385e-02 9.17352538e-01 8.57338820e-03 3.42935528e-04
 0.61522634 0.35871056 0.00445816 0.02160494
 0.50342936 0.17695473 0.15706447 0.16255144
 0.85562414 0.07990398 0.01886145 0.04561043
 0.38168724 0.05281207 0.34739369 0.218107  
 0.11111111 0.07064472 0.6042524  0.21399177

MOTIF STvleng_l3_f_21
letter-probability matrix: alength= 4 w= 9 
 0.01563111 0.24267292 0.2219617  0.51973427
 3.90777648e-04 2.79406018e-01 9.76944119e-03 7.10433763e-01
 0.21922626 0.64243845 0.00625244 0.13208284
 0.36654943 0.22235248 0.2622118  0.14888628
 0.50605705 0.06174287 0.07463853 0.35756155
 0.35091833 0.28644002 0.07620164 0.28644002
 0.18249316 0.48261039 0.00156311 0.33333333
 0.30480657 0.01094177 0.56154748 0.12270418
 0.11801485 0.19773349 0.65767878 0.02657288

MOTIF STvleng_l3_f_22
letter-probability matrix: alength= 4 w= 9 
 0.30254042 0.1978445  0.23518091 0.26443418
 0.23595073 0.03926097 0.19361047 0.53117783
 0.65319477 0.06658968 0.191301   0.08891455
 0.39684373 0.05773672 0.3656659  0.17975366
 1.50115473e-02 1.42417244e-02 3.84911470e-04 9.70361817e-01
 0.92224788 0.00115473 0.06928406 0.00731332
 0.51886066 0.00692841 0.46381832 0.01039261
 0.08814473 0.18937644 0.58814473 0.1343341 
 0.49114704 0.17513472 0.14318707 0.19053118

MOTIF STvleng_l3_f_23
letter-probability matrix: alength= 4 w= 9 
 0.37206897 0.38551724 0.17793103 0.06448276
 0.51       0.10965517 0.29034483 0.09      
 0.22862069 0.00068966 0.58413793 0.18655172
 3.44827586e-04 1.66551724e-01 1.27586207e-02 8.20344828e-01
 0.06137931 0.07241379 0.50931034 0.35689655
 0.04344828 0.11827586 0.39827586 0.44      
 0.69034483 0.00689655 0.24413793 0.05862069
 0.13862069 0.22689655 0.11206897 0.52241379
 0.14172414 0.10172414 0.40586207 0.35068966

MOTIF STvleng_l3_f_24
letter-probability matrix: alength= 4 w= 9 
 0.20254083 0.17604356 0.24972777 0.37168784
 0.23520871 0.13103448 0.37640653 0.25735027
 0.25335753 0.25916515 0.0584392  0.42903811
 0.50381125 0.09582577 0.27912886 0.12123412
 8.80943739e-01 3.62976407e-04 3.62976407e-04 1.18330309e-01
 3.62976407e-04 3.62976407e-04 1.18330309e-01 8.80943739e-01
 5.55353902e-02 3.62976407e-04 9.43375681e-01 7.25952813e-04
 0.05807623 0.12196007 0.5030853  0.3168784 
 0.30780399 0.25009074 0.19201452 0.25009074

MOTIF STvleng_l3_f_25
letter-probability matrix: alength= 4 w= 9 
 0.10598291 0.4642735  0.15384615 0.27589744
 0.41982906 0.19521368 0.29982906 0.08512821
 0.09777778 0.33128205 0.44752137 0.1234188 
 3.41880342e-04 5.68888889e-01 1.36752137e-03 4.29401709e-01
 0.37948718 0.55008547 0.02666667 0.04376068
 0.00136752 0.02871795 0.69777778 0.27213675
 0.05675214 0.08102564 0.04034188 0.82188034
 0.19863248 0.05333333 0.61196581 0.13606838
 0.07282051 0.24205128 0.30153846 0.38358974

MOTIF STvleng_l3_f_26
letter-probability matrix: alength= 4 w= 9 
 0.35145076 0.15365754 0.37515325 0.11973846
 0.55659992 0.0686555  0.18635063 0.18839395
 4.08663670e-04 1.31998365e-01 1.55292195e-02 8.52063752e-01
 0.10993053 0.15692685 0.58806702 0.1450756 
 0.36452799 0.14997957 0.23539027 0.25010217
 0.1270944  0.65999183 0.13690233 0.07601144
 3.80057213e-02 3.73109931e-01 4.08663670e-04 5.88475685e-01
 0.15610952 0.26236208 0.52799346 0.05353494
 0.33919085 0.26890069 0.13935431 0.25255415

MOTIF STvleng_l3_f_27
letter-probability matrix: alength= 4 w= 9 
 0.2509925  0.19320688 0.26202029 0.29378033
 0.11071901 0.21349801 0.29863255 0.37715042
 0.23378915 0.22099691 0.27040141 0.27481253
 9.98676665e-01 4.41111601e-04 4.41111601e-04 4.41111601e-04
 4.41111601e-04 4.41111601e-04 7.49889722e-03 9.91618880e-01
 4.41111601e-04 7.49889722e-03 9.91618880e-01 4.41111601e-04
 0.03925893 0.56109396 0.05558006 0.34406705
 0.18217909 0.19805911 0.17953242 0.44022938
 0.30127922 0.5055139  0.07322453 0.11998236

MOTIF STvleng_l3_f_28
letter-probability matrix: alength= 4 w= 9 
 0.18061224 0.26360544 0.22380952 0.33197279
 0.34217687 0.26666667 0.32687075 0.06428571
 0.19897959 0.20986395 0.26088435 0.33027211
 3.40136054e-04 4.76190476e-02 3.74149660e-03 9.48299320e-01
 0.01054422 0.09115646 0.73163265 0.16666667
 7.48299320e-03 6.80272109e-04 8.10544218e-01 1.81292517e-01
 0.12142857 0.62687075 0.23333333 0.01836735
 0.07346939 0.50578231 0.04047619 0.38027211
 0.0537415  0.33367347 0.33503401 0.27755102

MOTIF STvleng_l3_f_29
letter-probability matrix: alength= 4 w= 9 
 0.34608696 0.12289855 0.41797101 0.11304348
 0.06202899 0.21043478 0.07942029 0.64811594
 0.17797101 0.5026087  0.24       0.07942029
 0.06028986 0.82898551 0.02898551 0.08173913
 9.75652174e-01 5.79710145e-04 1.91304348e-02 4.63768116e-03
 0.10724638 0.58550725 0.13855072 0.16869565
 0.21565217 0.54318841 0.17217391 0.06898551
 0.64173913 0.02898551 0.16405797 0.16521739
 0.01391304 0.12405797 0.1542029  0.70782609

MOTIF STvleng_l3_f_30
letter-probability matrix: alength= 4 w= 9 
 0.15985255 0.40281501 0.18632708 0.25100536
 0.05931635 0.53217158 0.31534853 0.09316354
 1.30697051e-02 5.11394102e-01 4.75201072e-01 3.35120643e-04
 1.00871314e-01 8.13672922e-01 8.51206434e-02 3.35120643e-04
 0.03116622 0.63806971 0.19168901 0.13907507
 3.35120643e-04 2.94906166e-01 3.77010724e-01 3.27747989e-01
 3.35120643e-04 1.52144772e-01 7.29222520e-01 1.18297587e-01
 0.08579088 0.32372654 0.58210456 0.00837802
 0.15650134 0.40013405 0.29289544 0.15046917

MOTIF STvleng_l3_f_31
letter-probability matrix: alength= 4 w= 9 
 0.20658263 0.28956583 0.30917367 0.19467787
 0.77345938 0.17121849 0.02380952 0.03151261
 0.01890756 0.15091036 0.43732493 0.39285714
 0.00210084 0.44502801 0.01260504 0.54026611
 0.03571429 0.19502801 0.63095238 0.13830532
 0.02906162 0.22338936 0.35084034 0.39670868
 2.40896359e-01 2.34593838e-02 7.35294118e-01 3.50140056e-04
 0.17016807 0.34978992 0.2237395  0.25630252
 0.10014006 0.03781513 0.79026611 0.07177871

MOTIF STvleng_l3_f_32
letter-probability matrix: alength= 4 w= 9 
 0.21771721 0.40272572 0.22385009 0.15570698
 0.27086882 0.30425894 0.28040886 0.14446337
 0.02385009 0.22453152 0.55468484 0.19693356
 0.00408859 0.33901193 0.60783646 0.04906303
 0.04770017 0.71039182 0.21601363 0.02589438
 3.40715503e-04 8.78023850e-01 1.18568995e-01 3.06643952e-03
 0.0197615  0.81056218 0.15195911 0.01771721
 0.09063032 0.57069847 0.3229983  0.01567291
 0.16115843 0.35434412 0.29710392 0.18739353

MOTIF STvleng_l3_f_33
letter-probability matrix: alength= 4 w= 9 
 0.06014033 0.4650852  0.2014701  0.27330438
 0.02238557 0.03474774 0.93852322 0.00434347
 0.16939526 0.13732041 0.53892416 0.15436017
 0.20180421 0.57300368 0.19211493 0.03307718
 0.18509856 0.18643502 0.48680254 0.14166388
 0.70397594 0.03575008 0.16237888 0.09789509
 0.48112262 0.04176412 0.15436017 0.32275309
 0.34079519 0.14600735 0.07250251 0.44069495
 0.34079519 0.38890745 0.02539258 0.24490478

MOTIF STvleng_l3_f_34
letter-probability matrix: alength= 4 w= 9 
 0.08258849 0.3889882  0.07293529 0.45548802
 0.18734358 0.04719342 0.75473722 0.01072578
 0.25026814 0.0207365  0.68787987 0.04111548
 0.13371469 0.51841258 0.25312835 0.09474437
 0.1076153  0.06220951 0.6110118  0.21916339
 0.23131927 0.28816589 0.41186986 0.06864498
 0.25169825 0.25741866 0.30604219 0.1848409 
 0.0979621  0.10904541 0.62316768 0.16982481
 0.23417948 0.30961745 0.28494816 0.17125492

MOTIF STvleng_l3_f_35
letter-probability matrix: alength= 4 w= 9 
 0.57740797 0.15279879 0.06404438 0.20574887
 0.19616742 0.24407463 0.33333333 0.22642461
 0.2566818  0.13514876 0.00302572 0.60514372
 2.66767524e-01 8.27029753e-02 6.50025214e-01 5.04286435e-04
 5.04286435e-04 6.45486636e-01 2.50630358e-01 1.03378719e-01
 0.34694907 0.02319718 0.32123046 0.3086233 
 0.57589511 0.08270298 0.33635905 0.00504286
 0.34745335 0.39233485 0.21734745 0.04286435
 0.48562784 0.08976299 0.32627332 0.09833585

MOTIF STvleng_l3_f_36
letter-probability matrix: alength= 4 w= 9 
 0.57441617 0.11502266 0.18996166 0.12059951
 0.6371558  0.22969676 0.02230742 0.11084001
 0.00418264 0.31997212 0.28232834 0.3935169 
 0.02195887 0.23771349 0.53642384 0.2039038 
 0.07528756 0.02056466 0.11084001 0.79330777
 0.07912165 0.09166957 0.40676194 0.42244685
 0.31683513 0.27117463 0.20355525 0.20843499
 0.42837226 0.12513071 0.06413384 0.38236319
 0.5517602  0.12791914 0.0794702  0.24085047

MOTIF STvleng_l3_f_37
letter-probability matrix: alength= 4 w= 9 
 0.43754487 0.15685571 0.22218234 0.18341709
 0.39231874 0.22828428 0.16618808 0.2132089 
 0.92857143 0.0315865  0.02692032 0.01292175
 0.03338119 0.03302225 0.00969131 0.92390524
 3.58937545e-04 1.57932520e-02 9.23905240e-01 5.99425700e-02
 0.08255564 0.26166547 0.46123475 0.19454415
 0.45585068 0.18628859 0.09870782 0.25915291
 0.1844939  0.2810481  0.40524049 0.12921752
 0.2103374  0.22361809 0.34816942 0.21787509

MOTIF STvleng_l3_f_38
letter-probability matrix: alength= 4 w= 9 
 0.55427016 0.19666553 0.19530453 0.05375978
 0.3055461  0.12249064 0.4185097  0.15345356
 0.17318816 0.21742089 0.09016672 0.51922423
 0.01735284 0.5801293  0.22150391 0.18101395
 0.10105478 0.07315413 0.71725077 0.10854032
 0.20313032 0.22762845 0.38890779 0.18033345
 0.82238857 0.00374277 0.04083021 0.13303845
 0.0854032  0.30928887 0.17046614 0.43484178
 0.14052399 0.30962913 0.4008166  0.14903028

MOTIF STvleng_l3_f_39
letter-probability matrix: alength= 4 w= 9 
 0.34592206 0.13057453 0.30534351 0.2181599 
 0.1434311  0.28726396 0.37444757 0.19485737
 0.07312174 0.34351145 0.16874247 0.41462435
 0.17878666 0.44274809 0.20891924 0.169546  
 0.16271595 0.28003214 0.23101647 0.32623544
 0.86339896 0.03214142 0.08236239 0.02209723
 0.02732021 0.00602652 0.18360787 0.7830454 
 7.21574930e-01 3.73644034e-02 2.40658899e-01 4.01767778e-04
 7.81840096e-01 1.48654078e-02 2.02892728e-01 4.01767778e-04

MOTIF STvleng_l3_f_40
letter-probability matrix: alength= 4 w= 9 
 0.41869756 0.02317219 0.09188973 0.46624051
 0.48501798 0.21014782 0.22173392 0.08310028
 0.17938474 0.50419497 0.3088294  0.00759089
 3.99520575e-04 1.73391930e-01 2.77267279e-01 5.48941270e-01
 0.31522173 0.30123851 0.27526968 0.10827008
 0.6272473  0.33639632 0.0019976  0.03435877
 0.40990811 0.28565721 0.12664802 0.17778666
 0.35517379 0.14462645 0.30803036 0.1921694 
 0.19696364 0.3631642  0.27726728 0.16260487

MOTIF STvleng_l3_f_41
letter-probability matrix: alength= 4 w= 9 
 0.59489329 0.15853659 0.10746951 0.13910061
 0.56897866 0.09908537 0.30830793 0.02362805
 0.35556402 0.23170732 0.09527439 0.31745427
 3.81097561e-04 7.01219512e-02 2.19893293e-01 7.09603659e-01
 0.39367378 0.26067073 0.29801829 0.0476372 
 0.25228659 0.40205793 0.30487805 0.04077744
 2.97637195e-01 3.81097561e-04 5.20198171e-01 1.81783537e-01
 0.45884146 0.24123476 0.0628811  0.23704268
 0.52667683 0.09946646 0.23856707 0.13528963

MOTIF STvleng_l3_f_42
letter-probability matrix: alength= 4 w= 9 
 0.00977089 0.08692722 0.16913747 0.73416442
 0.03032345 0.18834232 0.01684636 0.76448787
 0.16644205 0.03537736 0.69541779 0.1027628 
 3.36927224e-04 3.48382749e-01 3.36927224e-04 6.50943396e-01
 0.2921159  0.02055256 0.27560647 0.41172507
 0.05929919 0.34501348 0.04380054 0.55188679
 0.32614555 0.46327493 0.10916442 0.10141509
 0.12769542 0.22068733 0.20586253 0.44575472
 0.31873315 0.11118598 0.41981132 0.15026954

MOTIF STvleng_l3_f_43
letter-probability matrix: alength= 4 w= 9 
 0.12857647 0.31932179 0.14588485 0.40621688
 0.18862593 0.15506888 0.20381491 0.45249029
 0.41575415 0.18085482 0.16072059 0.24267043
 0.79689156 0.0187213  0.12257153 0.06181561
 0.1487107  0.02225362 0.00247262 0.82656305
 0.05263158 0.00777111 0.79018015 0.14941717
 0.62486754 0.00247262 0.25291416 0.11974567
 0.167432   0.10102437 0.19321794 0.53832568
 0.24761568 0.10208407 0.35711763 0.29318262

MOTIF STvleng_l3_f_44
letter-probability matrix: alength= 4 w= 9 
 0.29398411 0.17555808 0.32236095 0.20809686
 0.20317821 0.2338252  0.34581914 0.21717745
 0.49110859 0.2886871  0.04578131 0.174423  
 0.07680666 0.02837684 0.83844117 0.05637533
 0.5251608  0.07453651 0.00491865 0.39538403
 3.78357927e-04 4.84676504e-01 6.24290579e-02 4.52516080e-01
 8.32765796e-01 3.78357927e-04 3.10253500e-02 1.35830496e-01
 0.13810064 0.57699584 0.28111994 0.00378358
 0.27998487 0.04956489 0.43624669 0.23420356

MOTIF STvleng_l3_f_45
letter-probability matrix: alength= 4 w= 9 
 0.20881584 0.30407172 0.11878969 0.36832275
 0.11393351 0.20694808 0.51438177 0.16473665
 0.14867389 0.19611505 0.12663429 0.52857677
 0.00261487 0.50803138 0.05528577 0.43406799
 0.63242436 0.12962271 0.0597684  0.17818453
 0.26111319 0.01270078 0.11206575 0.61412028
 0.48524468 0.00186776 0.0070975  0.50579006
 3.73552484e-04 1.34105342e-01 6.10758312e-01 2.54762794e-01
 0.01382144 0.3537542  0.40268958 0.22973478

MOTIF STvleng_l3_f_46
letter-probability matrix: alength= 4 w= 9 
 0.54188377 0.05571142 0.3490982  0.05330661
 0.02725451 0.51062124 0.00480962 0.45731463
 0.40160321 0.11783567 0.44208417 0.03847695
 0.36352705 0.02805611 0.35591182 0.25250501
 0.2008016  0.36953908 0.19799599 0.23166333
 0.10621242 0.25130261 0.04328657 0.5991984 
 0.22805611 0.46212425 0.12905812 0.18076152
 0.85170341 0.05771543 0.06653307 0.0240481 
 0.20841683 0.0492986  0.05210421 0.69018036

MOTIF STvleng_l3_f_47
letter-probability matrix: alength= 4 w= 9 
 0.31735657 0.28976035 0.21822803 0.17465505
 0.84386347 0.03304285 0.1063907  0.01670298
 0.49600581 0.08133624 0.09114016 0.33151779
 0.12708787 0.22258533 0.23638344 0.41394336
 0.52723312 0.0620915  0.40486565 0.00580973
 0.02795933 0.18191721 0.19389978 0.59622367
 0.09549746 0.24546115 0.56608569 0.0929557 
 0.1328976  0.30900508 0.26688453 0.29121278
 0.37654321 0.30319535 0.20297749 0.11728395

MOTIF STvleng_l3_f_48
letter-probability matrix: alength= 4 w= 9 
 0.18228753 0.24821287 0.26131851 0.3081811 
 0.29189833 0.46902303 0.16521048 0.07386815
 6.46147736e-01 3.97140588e-04 3.31612391e-01 2.18427323e-02
 0.32049245 0.18387609 0.08538523 0.41024623
 0.26370135 0.32168388 0.25258141 0.16203336
 0.68189039 0.07585385 0.14614774 0.09610802
 0.04487689 0.01945989 0.18347895 0.75218427
 0.02025417 0.02819698 0.81294678 0.13860207
 0.15726767 0.16679905 0.39118348 0.2847498 

MOTIF STvleng_l3_f_49
letter-probability matrix: alength= 4 w= 9 
 0.28698554 0.13348165 0.48720801 0.09232481
 0.05839822 0.61790879 0.07842047 0.24527253
 9.51056730e-02 7.16907675e-01 5.56173526e-04 1.87430478e-01
 3.63181313e-01 5.56173526e-04 6.32925473e-01 3.33704116e-03
 0.29087875 0.0862069  0.21023359 0.41268076
 0.3003337  0.44883204 0.17686318 0.07397108
 0.56840934 0.16351502 0.19354839 0.07452725
 0.18409344 0.4054505  0.04894327 0.36151279
 0.02780868 0.22246941 0.32758621 0.42213571

MOTIF STvleng_l3_f_50
letter-probability matrix: alength= 4 w= 9 
 0.47700859 0.10459828 0.20060637 0.21778676
 0.07630116 0.02577059 0.35219808 0.54573017
 0.10409298 0.18292067 0.25113694 0.46184942
 0.25315816 0.47448206 0.11268317 0.1596766 
 0.79989894 0.05255179 0.11925215 0.02829712
 0.28954017 0.10914603 0.00505306 0.59626074
 0.25922183 0.10510359 0.60333502 0.03233957
 0.51692774 0.00555836 0.42091966 0.05659424
 0.07781708 0.15765538 0.16725619 0.59727135

MOTIF STvleng_l3_f_51
letter-probability matrix: alength= 4 w= 9 
 0.26052989 0.42425272 0.13722826 0.17798913
 0.0794837  0.2408288  0.24830163 0.43138587
 0.00509511 0.00679348 0.51766304 0.47044837
 3.39673913e-04 2.92119565e-02 5.96467391e-01 3.73980978e-01
 6.55910326e-01 5.02717391e-02 3.39673913e-04 2.93478261e-01
 1.92255435e-01 6.05298913e-01 3.39673913e-04 2.02105978e-01
 0.05706522 0.21807065 0.58050272 0.14436141
 0.12703804 0.32269022 0.47180707 0.07846467
 0.25713315 0.28498641 0.3529212  0.10495924

MOTIF STvleng_l3_f_52
letter-probability matrix: alength= 4 w= 9 
 0.07149758 0.247343   0.05217391 0.62898551
 0.46956522 0.07729469 0.2531401  0.2       
 0.27439614 0.17101449 0.09661836 0.45797101
 0.00966184 0.0821256  0.11400966 0.7942029 
 0.11980676 0.27536232 0.23961353 0.36521739
 0.60096618 0.01545894 0.10531401 0.27826087
 0.8705314  0.00096618 0.00096618 0.12753623
 0.09758454 0.00096618 0.02028986 0.88115942
 0.29951691 0.15458937 0.01449275 0.53140097

MOTIF STvleng_l3_f_53
letter-probability matrix: alength= 4 w= 9 
 0.46302251 0.16755984 0.25902108 0.11039657
 0.51982851 0.11396927 0.11575563 0.25044659
 0.50553769 0.12540193 0.32261522 0.04644516
 0.886388   0.02107896 0.06752412 0.02500893
 0.35155413 0.26080743 0.14540907 0.24222937
 0.43301179 0.08503037 0.38192212 0.10003573
 4.22293676e-01 3.57270454e-04 2.69381922e-01 3.07967131e-01
 0.12111468 0.19506967 0.30260807 0.38120757
 0.11575563 0.07717042 0.68381565 0.12325831

MOTIF STvleng_l3_f_54
letter-probability matrix: alength= 4 w= 9 
 0.43350108 0.3767074  0.10567937 0.08411215
 0.05176132 0.40150971 0.40186916 0.14485981
 0.27354421 0.32997843 0.07332854 0.32314881
 0.34867002 0.42954709 0.14773544 0.07404745
 0.05319914 0.8023005  0.07656362 0.06793674
 0.45363048 0.03738318 0.24838246 0.26060388
 0.02624012 0.42163911 0.49388929 0.05823149
 0.00754853 0.1186197  0.821711   0.05212078
 0.08698778 0.07512581 0.79798706 0.03989935

MOTIF STvleng_l3_f_55
letter-probability matrix: alength= 4 w= 9 
 0.05229226 0.47206304 0.04548711 0.43015759
 0.63753582 0.05766476 0.30157593 0.0032235 
 0.38717765 0.31267908 0.10673352 0.19340974
 8.48495702e-01 3.58166189e-04 1.50787966e-01 3.58166189e-04
 0.07593123 0.38610315 0.23065903 0.30730659
 1.83022923e-01 6.09957020e-01 3.58166189e-04 2.06661891e-01
 0.58094556 0.00537249 0.25608883 0.15759312
 0.17048711 0.32449857 0.03474212 0.47027221
 0.51289398 0.2267192  0.08954155 0.17084527

MOTIF STvleng_l3_f_56
letter-probability matrix: alength= 4 w= 9 
 0.33700845 0.20360162 0.22381477 0.23557516
 0.58728409 0.05512679 0.30025726 0.05733186
 0.2337376  0.00845277 0.1047409  0.65306872
 0.78684307 0.03895627 0.16280779 0.01139287
 0.38846012 0.16501286 0.34840132 0.09812569
 0.01653804 0.3201029  0.20948181 0.45387725
 0.10400588 0.47960309 0.33921352 0.07717751
 0.39911797 0.44652701 0.13744947 0.01690555
 0.30576994 0.32782065 0.28224917 0.08416024

MOTIF STvleng_l3_f_57
letter-probability matrix: alength= 4 w= 9 
 0.17731959 0.07388316 0.1975945  0.55120275
 0.39175258 0.07250859 0.295189   0.24054983
 0.39553265 0.02130584 0.41993127 0.16323024
 3.43642612e-04 1.03092784e-03 3.43642612e-04 9.98281787e-01
 8.43298969e-01 3.43642612e-04 1.53951890e-01 2.40549828e-03
 4.06872852e-01 3.43642612e-04 5.89690722e-01 3.09278351e-03
 0.4580756  0.06872852 0.34982818 0.1233677 
 0.17594502 0.20446735 0.19312715 0.42646048
 0.14948454 0.17113402 0.25532646 0.42405498

MOTIF STvleng_l3_f_58
letter-probability matrix: alength= 4 w= 9 
 0.29302796 0.14752442 0.32367801 0.23576962
 0.02391378 0.28123947 0.57157292 0.12327383
 0.08454025 0.12327383 0.51532503 0.2768609 
 0.01313574 0.64870327 0.27585045 0.06231054
 0.04479623 0.32873021 0.62175817 0.00471539
 3.36813742e-04 3.36813742e-04 9.98989559e-01 3.36813742e-04
 0.00909397 0.09093971 0.89727181 0.00269451
 0.17244864 0.3603907  0.4533513  0.01380936
 0.16638599 0.29942742 0.27382957 0.26035702

MOTIF STvleng_l3_f_59
letter-probability matrix: alength= 4 w= 9 
 0.71772429 0.00700219 0.23544858 0.03982495
 0.32428884 0.12997812 0.09365427 0.45207877
 0.37549234 0.097593   0.50328228 0.02363239
 0.5321663  0.0726477  0.09234136 0.30284464
 9.62800875e-03 4.37636761e-04 9.62800875e-03 9.80306346e-01
 0.40437637 0.0083151  0.57417943 0.0131291 
 0.79212254 0.02231947 0.17417943 0.01137856
 0.16980306 0.25295405 0.46827133 0.10897155
 0.30328228 0.17330416 0.26520788 0.25820569

MOTIF STvleng_l3_f_60
letter-probability matrix: alength= 4 w= 9 
 0.07599309 0.18031088 0.17478411 0.56891192
 0.17927461 0.10915371 0.2597582  0.45181347
 0.27357513 0.12469775 0.23626943 0.36545769
 0.17720207 0.09395509 0.19136442 0.53747841
 0.3029361  0.12746114 0.20138169 0.36822107
 0.51813472 0.21554404 0.16407599 0.10224525
 3.45423143e-04 3.45423143e-04 3.45423143e-04 9.98963731e-01
 7.81347150e-01 3.45423143e-04 2.17962003e-01 3.45423143e-04
 7.63385147e-01 3.45423143e-04 2.35924007e-01 3.45423143e-04

MOTIF STvleng_l3_f_61
letter-probability matrix: alength= 4 w= 9 
 0.05466361 0.24770642 0.38570336 0.31192661
 0.37385321 0.20374618 0.09556575 0.32683486
 0.62996942 0.07989297 0.06077982 0.2293578 
 0.2293578  0.01261468 0.59556575 0.16246177
 3.82262997e-04 2.47706422e-01 3.63149847e-02 7.15596330e-01
 0.02484709 0.18004587 0.04281346 0.75229358
 0.03975535 0.40558104 0.44992355 0.10474006
 0.32110092 0.57301223 0.05963303 0.04625382
 0.21330275 0.14029052 0.2117737  0.43463303

MOTIF STvleng_l3_f_62
letter-probability matrix: alength= 4 w= 9 
 0.20056003 0.17885894 0.47567378 0.14490725
 0.10710536 0.319916   0.45957298 0.11340567
 0.22366118 0.37871894 0.33251663 0.06510326
 3.50017501e-04 2.30311516e-01 5.36576829e-01 2.32761638e-01
 0.01715086 0.63353168 0.28526426 0.0640532 
 0.01645082 0.64508225 0.27546377 0.06300315
 0.3440672  0.29296465 0.29681484 0.06615331
 0.10955548 0.24221211 0.3640182  0.28421421
 0.15505775 0.31221561 0.34826741 0.18445922

MOTIF STvleng_l3_f_63
letter-probability matrix: alength= 4 w= 9 
 0.5394356  0.1378437  0.24529667 0.07742402
 0.18125904 0.04124457 0.62952243 0.14797395
 3.61794501e-04 3.87843705e-01 4.38494935e-01 1.73299566e-01
 3.61794501e-04 5.71635311e-02 2.94500724e-01 6.47973951e-01
 0.06222865 0.0589725  0.43234443 0.44645441
 2.06222865e-02 8.61070912e-02 3.61794501e-04 8.92908828e-01
 0.38205499 0.00289436 0.39218524 0.22286541
 0.13567294 0.06222865 0.30065123 0.50144718
 0.3947178  0.22033285 0.22214182 0.16280753

MOTIF STvleng_l3_f_64
letter-probability matrix: alength= 4 w= 9 
 0.26431265 0.14775454 0.35721632 0.23071649
 0.07233459 0.01885499 0.0839904  0.82482002
 0.59821735 0.01474117 0.38429894 0.00274254
 4.58347617e-01 1.09701748e-02 5.30339390e-01 3.42817964e-04
 0.0095989  0.0305108  0.14329791 0.81659239
 0.4885156  0.08844703 0.40726774 0.01576963
 6.12958519e-01 3.42817964e-04 3.53102503e-01 3.35961604e-02
 0.28111073 0.23825848 0.2214604  0.25917038
 0.22557422 0.18477888 0.38978402 0.19986287

MOTIF STvleng_l3_f_65
letter-probability matrix: alength= 4 w= 9 
 0.48631985 0.19036609 0.0805395  0.24277457
 0.84238921 0.0539499  0.08631985 0.01734104
 0.32177264 0.47283237 0.15105973 0.05433526
 0.46011561 0.02273603 0.02427746 0.49287091
 0.63776493 0.02119461 0.28863198 0.05240848
 0.0416185  0.04585742 0.08824663 0.82427746
 0.18651252 0.41425819 0.05317919 0.3460501 
 0.03737958 0.16685934 0.43314066 0.36262042
 0.08747592 0.34836224 0.25086705 0.3132948 

MOTIF STvleng_l3_f_66
letter-probability matrix: alength= 4 w= 9 
 0.16903794 0.11382114 0.13042005 0.58672087
 0.44647696 0.11517615 0.28963415 0.14871274
 0.47391599 0.1046748  0.26693767 0.15447154
 0.11856369 0.09044715 0.12567751 0.66531165
 0.47289973 0.11415989 0.28184282 0.13109756
 0.49830623 0.11111111 0.2696477  0.12093496
 1.69376694e-03 3.38753388e-04 2.03252033e-03 9.95934959e-01
 7.33062331e-01 3.38753388e-04 2.63211382e-01 3.38753388e-03
 6.69715447e-01 3.38753388e-04 3.29607046e-01 3.38753388e-04

MOTIF STvleng_l3_f_67
letter-probability matrix: alength= 4 w= 9 
 0.49819103 0.170767   0.1975398  0.13350217
 0.52206946 0.0984081  0.20767004 0.17185239
 0.14290883 0.13350217 0.21562952 0.50795948
 0.41136035 0.12409551 0.40665702 0.05788712
 0.91642547 0.00108538 0.07959479 0.00289436
 2.04052098e-01 3.61794501e-04 4.34153401e-03 7.91244573e-01
 0.04775687 0.01519537 0.81476122 0.12228654
 0.60238784 0.23227207 0.10492041 0.06041968
 0.23516643 0.27026049 0.25397974 0.24059334

MOTIF STvleng_l3_f_68
letter-probability matrix: alength= 4 w= 9 
 0.39610895 0.16770428 0.2385214  0.19766537
 0.14124514 0.02723735 0.00311284 0.82840467
 0.4614786 0.0233463 0.3692607 0.1459144
 0.73929961 0.00350195 0.18093385 0.07626459
 0.00466926 0.00894942 0.09961089 0.88677043
 0.62217899 0.03618677 0.27470817 0.06692607
 5.27237354e-01 1.17120623e-01 3.55252918e-01 3.89105058e-04
 0.2688716  0.21478599 0.22451362 0.29182879
 0.24747082 0.18715953 0.28754864 0.27782101

MOTIF STvleng_l3_f_69
letter-probability matrix: alength= 4 w= 9 
 0.44022617 0.0726979  0.32714055 0.15993538
 0.45718901 0.36510501 0.17689822 0.00080775
 0.59208401 0.03392569 0.37318255 0.00080775
 0.43376414 0.0266559  0.0815832  0.45799677
 0.41195477 0.05411955 0.00080775 0.53311793
 0.26332795 0.60500808 0.00080775 0.13085622
 0.24394184 0.24151858 0.00080775 0.51373183
 0.32390953 0.3546042  0.02342488 0.29806139
 0.21082391 0.71890145 0.06623586 0.00403877

MOTIF STvleng_l3_f_70
letter-probability matrix: alength= 4 w= 9 
 0.50481762 0.05746731 0.22780454 0.20991053
 0.07329663 0.27426015 0.09497591 0.55746731
 0.08293187 0.03854095 0.71266345 0.16586373
 3.44115623e-04 4.56641432e-01 8.63730213e-02 4.56641432e-01
 0.63248451 0.19201652 0.13420509 0.04129387
 0.13971094 0.19855471 0.45492085 0.20681349
 0.21025465 0.16724019 0.35753613 0.26496903
 0.37508603 0.39951824 0.03785272 0.18754301
 0.59738472 0.15313145 0.17446662 0.07501721

MOTIF STvleng_l3_f_71
letter-probability matrix: alength= 4 w= 9 
 0.12004249 0.63491501 0.05984419 0.1851983 
 0.33356941 0.08463173 0.46458924 0.11720963
 0.01558074 0.18767705 0.34206799 0.45467422
 3.54107649e-04 9.47237960e-01 5.31161473e-03 4.70963173e-02
 0.08002833 0.24150142 0.50141643 0.17705382
 0.01770538 0.07967422 0.75566572 0.14695467
 0.11756374 0.53824363 0.13526912 0.20892351
 3.54107649e-04 1.91926346e-01 5.88881020e-01 2.18838527e-01
 0.11862606 0.49822946 0.31692635 0.06621813

MOTIF STvleng_l3_f_72
letter-probability matrix: alength= 4 w= 9 
 0.28556772 0.05403557 0.36969904 0.29069767
 0.15287278 0.33173735 0.01367989 0.50170999
 0.09131327 0.06429549 0.34917921 0.49521204
 0.29343365 0.11730506 0.03522572 0.55403557
 0.53248974 0.08447332 0.36456908 0.01846785
 1.08755130e-01 3.41997264e-04 2.94117647e-02 8.61491108e-01
 8.00615595e-01 3.41997264e-04 1.98700410e-01 3.41997264e-04
 0.50205198 0.00889193 0.39569083 0.09336525
 0.29445964 0.20793434 0.27222982 0.2253762 

MOTIF STvleng_l3_f_73
letter-probability matrix: alength= 4 w= 9 
 0.18151373 0.16443403 0.28365707 0.37039518
 0.0264568  0.22505023 0.158071   0.59042197
 0.00937709 0.30274615 0.21600804 0.47186872
 0.31011386 0.11018084 0.27059612 0.30910918
 0.40254521 0.1577361  0.01841929 0.4212994 
 0.62592096 0.02009377 0.00502344 0.34896182
 1.01473543e-01 3.34896182e-04 2.53851306e-01 6.44340255e-01
 0.17146685 0.01640991 0.76423309 0.04789015
 0.219357   0.2283992  0.20127261 0.3509712 

MOTIF STvleng_l3_f_74
letter-probability matrix: alength= 4 w= 9 
 0.47229    0.19762984 0.18543046 0.1446497 
 0.36179854 0.31300105 0.0996863  0.22551412
 0.26141513 0.34053677 0.17532241 0.22272569
 0.00313698 0.00487975 0.58661555 0.40536772
 0.05716277 0.06831649 0.11153712 0.76298362
 0.19484141 0.00906239 0.20564657 0.59044963
 0.01707912 0.03241548 0.0352039  0.9153015 
 0.35064482 0.09097246 0.00313698 0.55524573
 0.10142907 0.24329035 0.11606832 0.53921227

MOTIF STvleng_l3_f_75
letter-probability matrix: alength= 4 w= 9 
 0.12782728 0.25394106 0.43899931 0.17923235
 3.42700480e-04 1.18917066e-01 7.61480466e-01 1.19259767e-01
 4.04386566e-02 5.17820425e-01 3.42700480e-04 4.41398218e-01
 0.06305689 0.50651131 0.2152159  0.2152159 
 0.0013708  0.003427   0.84407128 0.15113091
 0.05448938 0.63570939 0.16483893 0.1449623 
 0.26833448 0.52124743 0.05243317 0.15798492
 0.12440027 0.77724469 0.01884853 0.07950651
 0.27895819 0.24537354 0.145305   0.33036326

MOTIF STvleng_l3_f_76
letter-probability matrix: alength= 4 w= 9 
 0.42152134 0.10092764 0.37328386 0.10426716
 0.28423006 0.21038961 0.39109462 0.11428571
 0.61929499 0.15510204 0.13395176 0.09165121
 0.88051948 0.00519481 0.09833024 0.01595547
 0.13395176 0.08200371 0.04118738 0.74285714
 0.11243043 0.01818182 0.84638219 0.02300557
 0.47012987 0.04564007 0.42226345 0.0619666 
 0.22523191 0.1380334  0.20742115 0.42931354
 0.20890538 0.13914657 0.48497217 0.16697588

MOTIF STvleng_l3_f_77
letter-probability matrix: alength= 4 w= 9 
 0.2858209  0.22947761 0.22798507 0.25671642
 0.43992537 0.33619403 0.03470149 0.1891791 
 0.41119403 0.20074627 0.06679104 0.32126866
 0.25858209 0.23395522 0.40298507 0.10447761
 0.84850746 0.00746269 0.11529851 0.02873134
 0.09440299 0.03022388 0.02350746 0.85186567
 0.06977612 0.00783582 0.89216418 0.03022388
 0.18656716 0.29365672 0.2        0.31977612
 0.29365672 0.19738806 0.21716418 0.29179104

MOTIF STvleng_l3_f_78
letter-probability matrix: alength= 4 w= 9 
 0.41208791 0.21050824 0.10164835 0.27575549
 0.72458791 0.04498626 0.21462912 0.0157967 
 0.75412088 0.13942308 0.06559066 0.04086538
 0.38083791 0.30666209 0.27026099 0.04223901
 0.78331044 0.08001374 0.06078297 0.07589286
 0.43303571 0.02232143 0.0415522  0.50309066
 0.01339286 0.01648352 0.38495879 0.58516484
 0.1198489  0.1771978  0.55013736 0.15281593
 0.18681319 0.16998626 0.29395604 0.34924451

MOTIF STvleng_l3_f_79
letter-probability matrix: alength= 4 w= 9 
 0.33514986 0.13623978 0.24133904 0.28727131
 0.00389257 0.56325418 0.00311405 0.4297392 
 0.73180226 0.23705722 0.02724796 0.00389257
 0.26274815 0.08563643 0.58855586 0.06305956
 0.04242896 0.60023355 0.27987544 0.07746205
 0.22148696 0.70533281 0.02530167 0.04787855
 0.14869599 0.00077851 0.24250681 0.60801868
 0.56169716 0.10042818 0.21175555 0.12611911
 0.16193071 0.09887116 0.24951343 0.4896847 

MOTIF STvleng_l3_f_80
letter-probability matrix: alength= 4 w= 9 
 0.66914498 0.08996283 0.19256506 0.04832714
 0.56282528 0.08959108 0.18847584 0.15910781
 0.17174721 0.18698885 0.27843866 0.36282528
 0.56802974 0.05836431 0.3535316  0.02007435
 1.74721190e-01 3.71747212e-04 2.65055762e-01 5.59851301e-01
 0.08401487 0.08996283 0.64423792 0.18178439
 0.19479554 0.05390335 0.50817844 0.24312268
 0.29925651 0.18996283 0.41078067 0.1       
 0.2401487  0.16245353 0.41375465 0.18364312

MOTIF STvleng_l3_f_81
letter-probability matrix: alength= 4 w= 9 
 0.21872887 0.38911427 0.27620014 0.11595673
 0.1663286  0.4408384  0.34888438 0.04394861
 0.00540906 0.43610548 0.53144016 0.0270453 
