MEME version 5.3.0

ALPHABET= ACGT

strands: + -

Background letter frequencies
A 0.25 C 0.25 G 0.25 T 0.25

MOTIF STvleng_l3_f_0
letter-probability matrix: alength= 4 w= 9 
 0.12524616 0.31823553 0.10555337 0.45096495
 0.61362741 0.16541946 0.03899173 0.1819614 
 0.10161481 0.02126822 0.03899173 0.83812525
 0.87751083 0.04529342 0.03859787 0.03859787
 6.74675069e-01 3.93855849e-04 3.19417093e-01 5.51398188e-03
 0.02953919 0.0338716  0.24931075 0.68727846
 0.16266247 0.34029145 0.03977944 0.45726664
 0.06853092 0.17723513 0.55139819 0.20283576
 0.19653407 0.37140607 0.18353683 0.24852304

MOTIF STvleng_l3_f_1
letter-probability matrix: alength= 4 w= 9 
 0.17785494 0.12654321 0.15162037 0.54398148
 0.23341049 0.20100309 0.14660494 0.41898148
 0.11342593 0.00347222 0.40470679 0.47839506
 0.33101852 0.11921296 0.01427469 0.53549383
 0.17901235 0.14390432 0.03009259 0.64699074
 0.12770062 0.06674383 0.33333333 0.47222222
 0.73225309 0.03780864 0.01697531 0.21296296
 0.45794753 0.12268519 0.10339506 0.31597222
 0.75308642 0.05787037 0.05748457 0.13155864

MOTIF STvleng_l3_f_2
letter-probability matrix: alength= 4 w= 9 
 0.34785592 0.53310463 0.08542024 0.03361921
 0.4535163  0.2864494  0.21646655 0.04356775
 0.44939966 0.18765009 0.31457976 0.0483705 
 0.1890223  0.77221269 0.01680961 0.0219554 
 0.264494   0.66998285 0.00205832 0.06346484
 8.11320755e-01 1.84905660e-01 3.43053173e-03 3.43053173e-04
 9.09777015e-01 8.67924528e-02 3.08747856e-03 3.43053173e-04
 0.35403087 0.14614065 0.1670669  0.33276158
 0.6329331  0.13241852 0.05077187 0.1838765 

MOTIF STvleng_l3_f_3
letter-probability matrix: alength= 4 w= 9 
 0.20659256 0.25067076 0.35530855 0.18742813
 0.13338444 0.22192411 0.15983135 0.4848601 
 0.1920276  0.26523572 0.12188578 0.4208509 
 0.17439632 0.27098505 0.14373323 0.4108854 
 0.02376389 0.19931008 0.0674588  0.70946723
 0.00268302 0.10042162 0.03602913 0.86086623
 3.83288616e-04 3.83288616e-04 3.83288616e-04 9.98850134e-01
 3.61824454e-01 3.83288616e-04 6.37408969e-01 3.83288616e-04
 0.75239555 0.02874665 0.16519739 0.05366041

MOTIF STvleng_l3_f_4
letter-probability matrix: alength= 4 w= 9 
 0.57650819 0.1418298  0.24610467 0.03555733
 0.16220535 0.32201358 0.20175789 0.31402317
 0.57011586 0.14222932 0.28565721 0.0019976 
 0.7379145  0.0950859  0.13623652 0.03076308
 0.36955653 0.51298442 0.02836596 0.08909309
 0.72672793 0.01757891 0.24051139 0.01518178
 6.75189772e-01 3.99520575e-04 3.04434678e-01 1.99760288e-02
 0.3028366  0.0679185  0.24930084 0.37994407
 0.34798242 0.02037555 0.57371155 0.05793048

MOTIF STvleng_l3_f_5
letter-probability matrix: alength= 4 w= 9 
 0.32810271 0.2221826  0.35342368 0.09629101
 0.12410842 0.34629101 0.37054208 0.15905849
 0.16405136 0.23573466 0.41726106 0.18295292
 0.11126961 0.13480742 0.21291013 0.54101284
 0.35449358 0.36697575 0.19222539 0.08630528
 0.37196862 0.14194009 0.467903   0.0181883 
 1.60485021e-02 1.06990014e-03 3.56633381e-04 9.82524964e-01
 0.84308131 0.00356633 0.14942939 0.00392297
 0.67296719 0.00142653 0.32310984 0.00249643

MOTIF STvleng_l3_f_6
letter-probability matrix: alength= 4 w= 9 
 0.09294013 0.30339589 0.13360143 0.47006256
 0.0844504  0.01921358 0.87310098 0.02323503
 0.0665773  0.21403038 0.33422699 0.38516533
 0.217605   0.1282395  0.43297587 0.22117962
 0.39946381 0.06076854 0.18632708 0.35344057
 0.25201072 0.00983021 0.2743521  0.46380697
 0.07327971 0.0357462  0.01072386 0.88025022
 0.07864164 0.32841823 0.0746202  0.51831993
 0.05942806 0.27837355 0.28775693 0.37444147

MOTIF STvleng_l3_f_7
letter-probability matrix: alength= 4 w= 9 
 0.51953125 0.02951389 0.43012153 0.02083333
 0.18619792 0.16536458 0.56684028 0.08159722
 0.00347222 0.32465278 0.04296875 0.62890625
 0.02213542 0.00651042 0.8046875  0.16666667
 0.51953125 0.17881944 0.03255208 0.26909722
 0.46180556 0.03732639 0.05251736 0.44835069
 0.38715278 0.12543403 0.015625   0.47178819
 0.19878472 0.32769097 0.36979167 0.10373264
 0.12760417 0.16493056 0.18055556 0.52690972

MOTIF STvleng_l3_f_8
letter-probability matrix: alength= 4 w= 9 
 0.08879493 0.4832981  0.17505285 0.25285412
 0.60169133 0.11754757 0.17378436 0.10697674
 0.1179704  0.32896406 0.20084567 0.35221987
 0.88921776 0.03382664 0.03255814 0.04439746
 0.08287526 0.01014799 0.02114165 0.8858351 
 0.00465116 0.02748414 0.88498943 0.08287526
 0.44143763 0.19704017 0.1627907  0.1987315 
 0.25327696 0.20211416 0.3987315  0.14587738
 0.27188161 0.29260042 0.21226216 0.22325581

MOTIF STvleng_l3_f_9
letter-probability matrix: alength= 4 w= 9 
 0.13258051 0.32747804 0.10664994 0.43329151
 0.13383522 0.37975742 0.08322877 0.40317859
 0.1300711  0.00543706 0.61982434 0.2446675 
 4.18235048e-04 5.83856127e-01 2.50941029e-03 4.13216228e-01
 0.14219992 0.07026349 0.66750314 0.12003346
 0.10706817 0.3663739  0.40401506 0.12254287
 0.2601422  0.25135926 0.25763279 0.23086575
 0.06189879 0.1790046  0.38101213 0.37808448
 0.03053116 0.27227102 0.59222083 0.104977  

MOTIF STvleng_l3_f_10
letter-probability matrix: alength= 4 w= 9 
 0.37022901 0.16655101 0.34767523 0.11554476
 0.35253296 0.27931992 0.20575989 0.16238723
 0.1925746  0.5648855  0.05100625 0.19153366
 0.11242193 0.02255378 0.75468425 0.11034004
 0.32650937 0.06766135 0.60097155 0.00485774
 0.0482304  0.28903539 0.33657183 0.32616239
 0.19604441 0.01596114 0.73802915 0.0499653 
 0.01214434 0.07147814 0.52810548 0.38827203
 0.16273421 0.25260236 0.35461485 0.23004858

MOTIF STvleng_l3_f_11
letter-probability matrix: alength= 4 w= 9 
 0.34415584 0.1157372  0.31741788 0.22268908
 0.13559969 0.21810542 0.52177235 0.12452254
 3.81970970e-04 2.70053476e-01 4.43086325e-02 6.85255921e-01
 0.19480519 0.04239878 0.30061115 0.46218487
 0.01909855 0.00687548 0.0618793  0.91214668
 0.90679908 0.00458365 0.07295646 0.01566081
 0.0473644  0.02291826 0.5974026  0.33231474
 0.3250573  0.03934301 0.40183346 0.23376623
 0.15240642 0.07295646 0.54583652 0.22880061

MOTIF STvleng_l3_f_12
letter-probability matrix: alength= 4 w= 9 
 0.36615044 0.18436578 0.27212389 0.17735988
 0.34365782 0.14454277 0.39048673 0.12131268
 0.18510324 0.17514749 0.05088496 0.58886431
 7.30825959e-01 3.68731563e-04 2.68436578e-01 3.68731563e-04
 0.30825959 0.11762537 0.49373156 0.08038348
 0.10951327 0.25405605 0.37979351 0.25663717
 0.55346608 0.00184366 0.32116519 0.12352507
 0.18399705 0.05272861 0.2090708  0.55420354
 0.10471976 0.04240413 0.70648968 0.14638643

MOTIF STvleng_l3_f_13
letter-probability matrix: alength= 4 w= 9 
 0.44984271 0.11394617 0.28836071 0.1478504 
 0.09612024 0.18769661 0.04124432 0.67493883
 0.20132821 0.49283467 0.20936735 0.09646977
 0.47116393 0.00349528 0.4980776  0.02726319
 0.23278574 0.48060119 0.01922405 0.26738902
 0.16567634 0.02621461 0.53722475 0.27088431
 0.37434463 0.0720028  0.02027263 0.53337994
 0.05976931 0.42991961 0.04439007 0.46592101
 0.10171269 0.26738902 0.53757427 0.09332401

MOTIF STvleng_l3_f_14
letter-probability matrix: alength= 4 w= 9 
 0.30531324 0.08723236 0.44647105 0.16098335
 0.46867565 0.10229976 0.00634417 0.42268041
 0.61934972 0.06264869 0.07613006 0.24187153
 9.39730373e-01 5.07533703e-02 7.93021412e-04 8.72323553e-03
 0.05789056 0.17684377 0.08088818 0.68437748
 0.78033307 0.00079302 0.02854877 0.19032514
 1.31641554e-01 7.93021412e-04 8.28707375e-01 3.88580492e-02
 0.38620143 0.08406027 0.49008723 0.03965107
 0.08088818 0.23632038 0.30214116 0.38065028

MOTIF STvleng_l3_f_15
letter-probability matrix: alength= 4 w= 9 
 0.20772947 0.18035427 0.41545894 0.19645733
 0.22785829 0.13687601 0.26731079 0.36795491
 0.25120773 0.26811594 0.19726248 0.28341385
 0.08615137 0.14090177 0.07165862 0.70128824
 0.29227053 0.04830918 0.65861514 0.00080515
 8.05152979e-04 1.19967794e-01 8.05152979e-04 8.78421900e-01
 0.59339775 0.15297907 0.14412238 0.10950081
 0.00724638 0.04428341 0.1626409  0.78582931
 0.55394525 0.28582931 0.02415459 0.13607085

MOTIF STvleng_l3_f_16
letter-probability matrix: alength= 4 w= 9 
 0.35542904 0.21390809 0.22285482 0.20780805
 5.59170394e-01 2.07401383e-02 4.19682798e-01 4.06669378e-04
 0.16307442 0.28670191 0.09516063 0.45506303
 0.11671411 0.08296055 0.63521757 0.16510777
 5.96583977e-01 8.94672631e-03 3.94062627e-01 4.06669378e-04
 2.66775112e-01 1.55347702e-01 4.06669378e-04 5.77470516e-01
 0.03172021 0.00488003 0.7755185  0.18788125
 0.0557137  0.27694185 0.33956893 0.32777552
 0.20211468 0.29849532 0.3692558  0.1301342 

MOTIF STvleng_l3_f_17
letter-probability matrix: alength= 4 w= 9 
 0.21731526 0.21206821 0.4110188  0.15959773
 0.35636205 0.30432882 0.19370354 0.1456056 
 0.3292523  0.25710538 0.27372103 0.13992129
 9.98688238e-01 4.37254045e-04 4.37254045e-04 4.37254045e-04
 4.37254045e-04 4.37254045e-04 4.37254045e-04 9.98688238e-01
 4.37254045e-04 4.37254045e-04 9.98688238e-01 4.37254045e-04
 0.20157411 0.00480979 0.66418889 0.1294272 
 0.36029733 0.2759073  0.26016616 0.10362921
 0.18801924 0.15653695 0.39746393 0.25797989

MOTIF STvleng_l3_f_18
letter-probability matrix: alength= 4 w= 9 
 0.17824427 0.41335878 0.13854962 0.26984733
 0.04694656 0.43816794 0.34732824 0.16755725
 0.02061069 0.06984733 0.13664122 0.77290076
 3.81679389e-04 4.19847328e-01 4.03435115e-01 1.76335878e-01
 0.25916031 0.10381679 0.3778626  0.25916031
 8.04961832e-01 1.74809160e-01 1.94656489e-02 7.63358779e-04
 0.05763359 0.48282443 0.15       0.30954198
 0.26946565 0.54160305 0.12290076 0.06603053
 0.62671756 0.0721374  0.19541985 0.10572519

MOTIF STvleng_l3_f_19
letter-probability matrix: alength= 4 w= 9 
 0.24942661 0.11066514 0.26146789 0.37844037
 0.36353211 0.1766055  0.2081422  0.25172018
 9.25458716e-01 5.73394495e-04 7.33944954e-02 5.73394495e-04
 0.00573394 0.02694954 0.04357798 0.92373853
 8.25688073e-02 5.73394495e-04 8.47477064e-01 6.93807339e-02
 7.99885321e-01 5.73394495e-04 1.50802752e-01 4.87385321e-02
 0.57511468 0.11123853 0.04243119 0.2712156 
 0.23795872 0.12901376 0.45240826 0.18061927
 0.39965596 0.15080275 0.18807339 0.26146789

MOTIF STvleng_l3_f_20
letter-probability matrix: alength= 4 w= 9 
 0.31678293 0.10668855 0.47681576 0.09971276
 0.00984817 0.01805499 0.96101764 0.0110792 
 4.10340583e-04 1.14485023e-01 1.67008617e-01 7.18096020e-01
 4.43167829e-02 4.10340583e-04 7.98112433e-01 1.57160443e-01
 0.01436192 0.37258925 0.42921625 0.18383258
 1.70291342e-01 3.50020517e-01 4.79277801e-01 4.10340583e-04
 0.22527698 0.24825605 0.25933525 0.26713172
 0.05826836 0.38818219 0.34673779 0.20681165
 0.19121871 0.50923266 0.10545753 0.1940911 

MOTIF STvleng_l3_f_21
letter-probability matrix: alength= 4 w= 9 
 0.08722359 0.11384111 0.12080262 0.67813268
 0.52825553 0.04750205 0.38943489 0.03480753
 0.43652744 0.0974611  0.30548731 0.16052416
 0.29115479 0.14905815 0.50982801 0.04995905
 0.16666667 0.09377559 0.47911548 0.26044226
 4.09500410e-04 1.66666667e-01 3.89844390e-01 4.43079443e-01
 0.04995905 0.07657658 0.01965602 0.85380835
 0.43980344 0.08271908 0.45495495 0.02252252
 0.86445536 0.01433251 0.0995086  0.02170352

MOTIF STvleng_l3_f_22
letter-probability matrix: alength= 4 w= 9 
 0.0985085  0.19424211 0.1925078  0.51474159
 0.05133541 0.39611516 0.06763788 0.48491155
 1.66146375e-01 3.46860909e-04 8.33159903e-01 3.46860909e-04
 0.47485258 0.12972598 0.07145335 0.32396809
 0.23378425 0.08983698 0.49254249 0.18383628
 0.44155394 0.15747485 0.29171002 0.10926119
 0.14221297 0.3895248  0.08671523 0.381547  
 0.13250087 0.27644814 0.47103711 0.12001387
 0.4800555  0.17412418 0.21262574 0.13319459

MOTIF STvleng_l3_f_23
letter-probability matrix: alength= 4 w= 9 
 0.35397412 0.2051756  0.22550832 0.21534196
 3.41959335e-02 9.24214418e-04 9.24214418e-04 9.63955638e-01
 0.86876155 0.01756007 0.11275416 0.00092421
 0.52957486 0.00831793 0.43807763 0.02402957
 0.0064695  0.07208872 0.00092421 0.92051756
 9.92606285e-01 5.54528651e-03 9.24214418e-04 9.24214418e-04
 0.40757856 0.14695009 0.18114603 0.26432532
 0.40665434 0.41497227 0.15064695 0.02772643
 0.1987061  0.25785582 0.26987061 0.27356747

MOTIF STvleng_l3_f_24
letter-probability matrix: alength= 4 w= 9 
 0.51171875 0.15039062 0.26171875 0.07617188
 0.59765625 0.00195312 0.07226562 0.328125  
 0.71484375 0.00195312 0.27148438 0.01171875
 0.00195312 0.20507812 0.00195312 0.79101562
 0.00195312 0.91015625 0.0859375  0.00195312
 0.375      0.00195312 0.56445312 0.05859375
 0.73242188 0.21289062 0.00195312 0.05273438
 0.1875     0.00195312 0.26367188 0.546875  
 0.64453125 0.17773438 0.0546875  0.12304688

MOTIF STvleng_l3_f_25
letter-probability matrix: alength= 4 w= 9 
 0.00453278 0.2374477  0.08437936 0.67364017
 0.13040446 0.0223152  0.67398884 0.17329149
 0.24267782 0.18444909 0.11924686 0.45362622
 6.62133891e-01 3.48675035e-04 1.32496513e-02 3.24267782e-01
 0.05404463 0.13598326 0.03451883 0.77545328
 0.07775453 0.75871688 0.14260809 0.0209205 
 0.08019526 0.41562064 0.27894003 0.22524407
 0.45467225 0.11192469 0.12622036 0.30718271
 0.55578801 0.25732218 0.06555091 0.12133891

MOTIF STvleng_l3_f_26
letter-probability matrix: alength= 4 w= 9 
 0.45898161 0.0781471  0.3072843  0.15558699
 6.01131542e-03 2.45049505e-01 3.53606789e-04 7.48585573e-01
 0.25070721 0.02934936 0.45084866 0.26909477
 0.00212164 0.58415842 0.08451202 0.32920792
 1.99434229e-01 3.53606789e-04 2.18175389e-01 5.82036775e-01
 0.54384724 0.2397454  0.13437058 0.08203678
 0.78076379 0.00388967 0.0781471  0.13719943
 0.14497878 0.281471   0.11350778 0.46004243
 0.25318246 0.22560113 0.10360679 0.41760962

MOTIF STvleng_l3_f_27
letter-probability matrix: alength= 4 w= 9 
 0.00990099 0.08415842 0.03069307 0.87524752
 0.00693069 0.38712871 0.0049505  0.6009901 
 0.08019802 0.01386139 0.70792079 0.1980198 
 0.1009901  0.66039604 0.05346535 0.18514851
 0.96633663 0.0009901  0.0009901  0.03168317
 0.03960396 0.15049505 0.27128713 0.53861386
 0.04455446 0.64455446 0.16039604 0.15049505
 0.44059406 0.03960396 0.22871287 0.29108911
 0.21287129 0.25346535 0.36138614 0.17227723

MOTIF STvleng_l3_f_28
letter-probability matrix: alength= 4 w= 9 
 0.43788607 0.16369252 0.19800961 0.20041181
 0.27659574 0.19663693 0.03706246 0.48970487
 0.1002059  0.29890185 0.54770075 0.05319149
 0.03603294 0.4351407  0.42278655 0.10603981
 0.50274537 0.00480439 0.16060398 0.33184626
 0.00274537 0.62285518 0.03980782 0.33459163
 0.28757721 0.19286205 0.19286205 0.3266987 
 0.2381606  0.15545642 0.08716541 0.51921757
 0.19732327 0.3266987  0.17501716 0.30096088

MOTIF STvleng_l3_f_29
letter-probability matrix: alength= 4 w= 9 
 0.13559322 0.27259887 0.14724576 0.44456215
 0.09710452 0.39689266 0.05049435 0.45550847
 0.62323446 0.09110169 0.17443503 0.11122881
 0.6875     0.08968927 0.1295904  0.09322034
 4.26200565e-01 3.53107345e-04 7.34463277e-02 5.00000000e-01
 0.0575565  0.00423729 0.50176554 0.43644068
 0.15572034 0.07450565 0.64194915 0.12782486
 0.2355226  0.08933616 0.35981638 0.31532486
 0.21115819 0.20550847 0.30932203 0.2740113 

MOTIF STvleng_l3_f_30
letter-probability matrix: alength= 4 w= 9 
 0.07928746 0.23576668 0.26475725 0.42018861
 0.34264757 0.01851205 0.30597276 0.33286762
 0.18861334 0.06636395 0.20957038 0.53545232
 0.39399232 0.056584   0.24484806 0.30457562
 1.29235068e-02 3.49283968e-04 2.02933985e-01 7.83793224e-01
 0.61369193 0.02514845 0.20223542 0.15892421
 0.04889976 0.36884387 0.05972756 0.52252882
 0.01606706 0.40272441 0.14146001 0.43974852
 0.24205379 0.40447083 0.25358016 0.09989521

MOTIF STvleng_l3_f_31
letter-probability matrix: alength= 4 w= 9 
 0.09735414 0.24016282 0.35379919 0.30868385
 0.14959294 0.10244233 0.20149254 0.54647218
 0.12008141 0.59667571 0.12822252 0.15502035
 4.07394844e-01 7.22523745e-02 5.20013569e-01 3.39213026e-04
 0.70929444 0.05936228 0.22727273 0.00407056
 0.75949796 0.02883311 0.20386703 0.0078019 
 0.21234735 0.13670285 0.56478969 0.08616011
 0.65298507 0.09158752 0.0495251  0.20590231
 0.10549525 0.0885346  0.28663501 0.51933514

MOTIF STvleng_l3_f_32
letter-probability matrix: alength= 4 w= 9 
 0.31726496 0.18598291 0.07794872 0.41880342
 0.31521368 0.13846154 0.36444444 0.18188034
 0.47726496 0.23316239 0.06769231 0.22188034
 4.10256410e-03 6.04444444e-01 3.41880342e-04 3.91111111e-01
 0.28615385 0.07384615 0.57641026 0.06358974
 0.27145299 0.05230769 0.24888889 0.42735043
 0.4208547  0.00102564 0.13162393 0.44649573
 0.64478632 0.02769231 0.11555556 0.21196581
 0.4974359  0.06700855 0.18393162 0.25162393

MOTIF STvleng_l3_f_33
letter-probability matrix: alength= 4 w= 9 
 0.21720214 0.32429719 0.23795181 0.22054886
 3.01204819e-03 3.34672021e-04 3.34672021e-04 9.96318608e-01
 0.53848728 0.00100402 0.45749665 0.00301205
 0.79718876 0.00100402 0.1997992  0.00200803
 0.04819277 0.23862115 0.01706827 0.6961178 
 0.437751   0.07195448 0.34605087 0.14424364
 0.49698795 0.06526104 0.29016064 0.14759036
 0.22556894 0.20515395 0.16967871 0.39959839
 0.38319946 0.1268407  0.29518072 0.19477912

MOTIF STvleng_l3_f_34
letter-probability matrix: alength= 4 w= 9 
 0.33856346 0.42224547 0.2193166  0.01987448
 9.32008368e-01 3.48675035e-04 2.33612273e-02 4.42817294e-02
 0.64295676 0.01046025 0.20153417 0.14504881
 0.0041841  0.58437936 0.2374477  0.17398884
 0.59170153 0.2513947  0.03870293 0.11820084
 0.2764993  0.14260809 0.40446304 0.17642957
 9.91980474e-01 6.97350070e-04 2.09205021e-03 5.23012552e-03
 0.2876569  0.13807531 0.26743375 0.30683403
 0.2681311  0.08751743 0.45641562 0.18793584

MOTIF STvleng_l3_f_35
letter-probability matrix: alength= 4 w= 9 
 0.5725938  0.10032626 0.22022838 0.10685155
 0.18923328 0.20309951 0.24877651 0.3588907 
 0.07544861 0.26508972 0.03752039 0.62194127
 0.39070147 0.00203915 0.60195759 0.00530179
 0.02854812 0.26712887 0.4045677  0.2997553 
 0.08278956 0.13907015 0.35644372 0.42169657
 0.91353997 0.00611746 0.00570962 0.07463295
 0.26916803 0.28058728 0.13417618 0.31606852
 0.52079935 0.10522023 0.13988581 0.23409462

MOTIF STvleng_l3_f_36
letter-probability matrix: alength= 4 w= 9 
 0.23834007 0.21263313 0.36614029 0.18288652
 0.3907455  0.15313992 0.02570694 0.43040764
 0.14652956 0.57583548 0.20822622 0.06940874
 0.00881381 0.65919941 0.1171502  0.21483658
 3.67242012e-04 4.78516342e-01 9.36467132e-02 4.27469703e-01
 0.02937936 0.49283878 0.10796915 0.36981271
 6.76827029e-01 2.59272861e-01 6.35328682e-02 3.67242012e-04
 0.77781858 0.11384502 0.06132942 0.04700698
 0.61476313 0.04774146 0.20161586 0.13587954

MOTIF STvleng_l3_f_37
letter-probability matrix: alength= 4 w= 9 
 0.0977054  0.13286454 0.24870466 0.52072539
 0.5984456  0.19393042 0.1957809  0.01184308
 0.46002961 0.04219097 0.48593634 0.01184308
 0.08401184 0.0388601  0.57772021 0.29940785
 0.05699482 0.4511473  0.26868986 0.22316802
 0.01184308 0.36047372 0.27239082 0.35529238
 0.00629164 0.00296077 0.9219097  0.0688379 
 0.0292376  0.2546262  0.70318283 0.01295337
 0.13212435 0.46595115 0.21243523 0.18948927

MOTIF STvleng_l3_f_38
letter-probability matrix: alength= 4 w= 9 
 0.13590893 0.35012073 0.19075543 0.3232149 
 0.54294584 0.04415316 0.39703346 0.01586754
 0.24111763 0.13590893 0.28354605 0.33942739
 0.05829596 0.16798896 0.7709555  0.00275957
 2.02138669e-01 3.44946533e-04 7.83373577e-01 1.41428079e-02
 0.04173853 0.14108313 0.60745085 0.20972749
 0.07795792 0.08761642 0.79786133 0.03656433
 0.03690928 0.07450845 0.63573646 0.25284581
 0.1148672  0.24870645 0.36288375 0.2735426 

MOTIF STvleng_l3_f_39
letter-probability matrix: alength= 4 w= 9 
 0.76386037 0.0698152  0.12217659 0.04414784
 0.5513347  0.00410678 0.41786448 0.02669405
 0.11293634 0.05441478 0.11909651 0.71355236
 0.06468172 0.60882957 0.00102669 0.32546201
 0.05544148 0.04004107 0.83675565 0.06776181
 0.03285421 0.2587269  0.00102669 0.7073922 
 0.23100616 0.05441478 0.69199179 0.02258727
 0.07392197 0.29774127 0.14579055 0.4825462 
 0.37577002 0.22073922 0.27002053 0.13347023

MOTIF STvleng_l3_f_40
letter-probability matrix: alength= 4 w= 9 
 0.0984 0.1616 0.2312 0.5088
 0.2436 0.0032 0.6156 0.1376
 0.1936 0.4248 0.144  0.2376
 0.1008 0.1192 0.7772 0.0028
 0.042  0.4864 0.3948 0.0768
 0.0284 0.0292 0.1236 0.8188
 0.3064 0.2504 0.4348 0.0084
 0.266  0.0276 0.1996 0.5068
 0.3672 0.0804 0.4272 0.1252

MOTIF STvleng_l3_f_41
letter-probability matrix: alength= 4 w= 9 
 0.59965812 0.11863248 0.06051282 0.22119658
 0.60820513 0.1025641  0.26051282 0.02871795
 0.19316239 0.52136752 0.26324786 0.02222222
 3.41880342e-04 2.27350427e-01 8.20512821e-03 7.64102564e-01
 0.34119658 0.08239316 0.17504274 0.40136752
 0.23931624 0.15282051 0.21846154 0.38940171
 0.42188034 0.1042735  0.07589744 0.39794872
 0.11282051 0.08820513 0.46119658 0.33777778
 0.19794872 0.09641026 0.6365812  0.06905983

MOTIF STvleng_l3_f_42
letter-probability matrix: alength= 4 w= 9 
 0.14746857 0.09819912 0.23717295 0.51715936
 0.14848794 0.18008835 0.16072035 0.51070336
 0.05130819 0.00169895 0.32042134 0.62657153
 3.39789331e-04 5.67448182e-02 1.01936799e-02 9.32721713e-01
 0.04858987 0.03092083 0.13421679 0.78627251
 0.06863744 0.17125382 0.14271152 0.61739721
 1.86544343e-01 3.39789331e-04 1.49507305e-02 7.98165138e-01
 0.32925586 0.03227999 0.13591573 0.50254842
 4.31532450e-02 3.39789331e-04 5.10703364e-01 4.45803602e-01

MOTIF STvleng_l3_f_43
letter-probability matrix: alength= 4 w= 9 
 0.37784299 0.07630227 0.0862069  0.45964784
 0.64233309 0.10674982 0.18341893 0.06749817
 0.59097579 0.04475422 0.33162142 0.03264857
 0.09501101 0.03705062 0.00880411 0.85913426
 0.72230374 0.00660308 0.26118855 0.00990462
 0.72597212 0.02347762 0.23734409 0.01320616
 0.23477623 0.06272927 0.14269993 0.55979457
 0.50843727 0.04732208 0.39545121 0.04878944
 0.63536317 0.11261922 0.15737344 0.09464417

MOTIF STvleng_l3_f_44
letter-probability matrix: alength= 4 w= 9 
 0.31851253 0.34114794 0.15278901 0.18755053
 0.42320129 0.42198868 0.11438965 0.04042037
 0.62045271 0.02506063 0.34882781 0.00565885
 8.08407437e-04 4.04203719e-04 6.66127728e-01 3.32659660e-01
 0.01778496 0.34518998 0.22190784 0.41511722
 0.71665319 0.07316087 0.15925627 0.05092967
 0.09377526 0.19320938 0.05699272 0.65602264
 0.48019402 0.37752627 0.03839935 0.10388036
 0.20371867 0.23767179 0.1200485  0.43856103

MOTIF STvleng_l3_f_45
letter-probability matrix: alength= 4 w= 9 
 0.08047538 0.17928693 0.37894737 0.36129032
 0.16977929 0.11001698 0.11001698 0.61018676
 0.48590832 0.29745331 0.00237691 0.21426146
 0.41494058 0.00169779 0.23157895 0.35178268
 0.23599321 0.06281834 0.27368421 0.42750424
 0.03259762 0.27266553 0.04244482 0.65229202
 0.00237691 0.29847199 0.03803056 0.66112054
 0.52088285 0.16876061 0.29202037 0.01833616
 0.4278438  0.19083192 0.12190153 0.25942275

MOTIF STvleng_l3_f_46
letter-probability matrix: alength= 4 w= 9 
 0.11362081 0.31964408 0.49760438 0.06913073
 0.03524983 0.183436   0.70978782 0.07152635
 0.20225873 0.62388775 0.13963039 0.03422313
 0.02977413 0.56023272 0.04243669 0.36755647
 0.05954825 0.46577687 0.41409993 0.06057495
 0.10848734 0.545859   0.2761807  0.06947296
 0.0229295  0.54620123 0.16392882 0.26694045
 0.04722793 0.77789185 0.04757016 0.12731006
 0.07768652 0.55715264 0.18822724 0.17693361

MOTIF STvleng_l3_f_47
letter-probability matrix: alength= 4 w= 9 
 0.26912378 0.04937413 0.49061196 0.19089013
 3.47705146e-04 1.42211405e-01 3.47705146e-03 8.53963839e-01
 0.48887344 0.00521558 0.45132128 0.05458971
 2.89638387e-01 3.47705146e-04 6.41515994e-01 6.84979138e-02
 0.2705146  0.48365786 0.13664812 0.10917942
 0.03546592 0.01877608 0.41029207 0.53546592
 0.15403338 0.19123783 0.57162726 0.08310153
 0.41585535 0.34214186 0.2298331  0.01216968
 0.19541029 0.12726008 0.38942976 0.28789986

MOTIF STvleng_l3_f_48
letter-probability matrix: alength= 4 w= 9 
 0.29881218 0.27282851 0.25538233 0.17297699
 9.95545657e-01 3.71195249e-04 7.42390497e-04 3.34075724e-03
 0.01447661 0.04380104 0.00927988 0.93244246
 0.04120267 0.05864885 0.88492947 0.01521901
 0.31031923 0.13140312 0.54046028 0.01781737
 0.20155902 0.14550854 0.34818114 0.3047513 
 0.05196733 0.22383073 0.29955457 0.42464736
 0.31514477 0.21306607 0.28285078 0.18893838
 0.3203415  0.20489978 0.2420193  0.23273942

MOTIF STvleng_l3_f_49
letter-probability matrix: alength= 4 w= 9 
 0.23972125 0.28675958 0.20487805 0.26864111
 0.25574913 0.13066202 0.18606272 0.42752613
 0.47665505 0.1369338  0.17351916 0.21289199
 0.31811847 0.27108014 0.11080139 0.3       
 0.50662021 0.15644599 0.3        0.0369338 
 0.32961672 0.07526132 0.06376307 0.53135889
 0.02752613 0.13414634 0.46550523 0.3728223 
 0.07073171 0.22090592 0.46236934 0.24599303
 0.32090592 0.21498258 0.24216028 0.22195122

MOTIF STvleng_l3_f_50
letter-probability matrix: alength= 4 w= 9 
 0.11500381 0.13937548 0.25894897 0.48667174
 0.00799695 0.27646611 0.0102818  0.70525514
 0.13442498 0.33968012 0.47562833 0.05026657
 3.42726580e-02 8.67859863e-01 9.71058644e-02 7.61614623e-04
 0.02437167 0.10357959 0.54379284 0.3282559 
 0.35110434 0.31073877 0.29588728 0.04226961
 0.11881188 0.25171363 0.51408987 0.11538462
 0.07235339 0.06702209 0.35567403 0.5049505 
 0.09748667 0.43983244 0.21477532 0.24790556

MOTIF STvleng_l3_f_51
letter-probability matrix: alength= 4 w= 9 
 0.27359491 0.12301166 0.504772   0.09862142
 0.28031106 0.39519265 0.28384588 0.04065041
 0.29338989 0.31389183 0.27783669 0.11488158
 1.27253446e-02 3.53481796e-04 3.89183457e-01 5.97737717e-01
 3.53481796e-04 3.46058678e-01 3.53481796e-04 6.53234358e-01
 0.02933899 0.66560622 0.07069636 0.23435843
 0.38105338 0.53446448 0.02827854 0.05620361
 0.65782962 0.08306822 0.21456345 0.04453871
 0.22340049 0.05585012 0.34676564 0.37398374

MOTIF STvleng_l3_f_52
letter-probability matrix: alength= 4 w= 9 
 0.29813243 0.20645161 0.22886248 0.26655348
 0.26825127 0.1901528  0.30764007 0.23395586
 3.39558574e-04 1.06621392e-01 1.75891341e-01 7.17147708e-01
 0.40747029 0.03837012 0.1803056  0.37385399
 4.59422750e-01 3.39558574e-04 5.39898132e-01 3.39558574e-04
 3.39558574e-04 3.39558574e-04 3.39558574e-04 9.98981324e-01
 7.74533107e-01 3.39558574e-04 2.24787776e-01 3.39558574e-04
 5.67402377e-01 3.39558574e-04 4.31918506e-01 3.39558574e-04
 0.24855688 0.16434635 0.30865874 0.27843803

MOTIF STvleng_l3_f_53
letter-probability matrix: alength= 4 w= 9 
 0.18380062 0.33271028 0.03862928 0.44485981
 0.0847352  0.14953271 0.38380062 0.38193146
 6.23052960e-04 4.61059190e-02 3.80062305e-02 9.15264798e-01
 2.49221184e-03 3.23987539e-01 6.23052960e-04 6.72897196e-01
 0.53457944 0.00685358 0.07912773 0.37943925
 0.5152648  0.39376947 0.09034268 0.00062305
 9.41433022e-01 5.73208723e-02 6.23052960e-04 6.23052960e-04
 0.55015576 0.07663551 0.11775701 0.25545171
 0.34392523 0.1271028  0.06728972 0.46168224

MOTIF STvleng_l3_f_54
letter-probability matrix: alength= 4 w= 9 
 0.46596681 0.13443955 0.33897731 0.06061632
 0.62817474 0.19166949 0.10091432 0.07924145
 0.53030816 0.32983407 0.10430071 0.03555706
 0.84998307 0.02709109 0.09143244 0.0314934 
 0.31764307 0.11886217 0.04436167 0.51913308
 0.23840163 0.04808669 0.16186929 0.5516424 
 3.29495428e-01 3.38638673e-04 1.30037250e-01 5.40128683e-01
 0.10565527 0.11750762 0.28614968 0.49068744
 0.08703014 0.11276668 0.61022689 0.1899763 

MOTIF STvleng_l3_f_55
letter-probability matrix: alength= 4 w= 9 
 0.20667425 0.16685628 0.41562381 0.21084566
 0.21122488 0.16571862 0.29579067 0.32726583
 0.58778915 0.18316268 0.16989003 0.05915813
 0.50474024 0.08456579 0.0625711  0.34812287
 0.20439894 0.06636329 0.31968146 0.40955631
 0.43382632 0.04323094 0.42775882 0.09518392
 0.35267349 0.11604096 0.12248768 0.40879788
 0.07015548 0.23890785 0.50701555 0.18392112
 0.19188472 0.17216534 0.31133864 0.3246113 

MOTIF STvleng_l3_f_56
letter-probability matrix: alength= 4 w= 9 
 0.35257083 0.28226653 0.22140609 0.14375656
 9.29345925e-01 3.49772648e-04 1.78384050e-02 5.24658972e-02
 0.03847499 0.01958727 0.05456453 0.88737321
 0.02308499 0.05106681 0.89227002 0.03357817
 0.27946835 0.18957678 0.26372858 0.2672263 
 0.07904862 0.11437566 0.16054565 0.64603008
 0.1790836  0.26442812 0.42812172 0.12836656
 0.20321791 0.32633788 0.11472543 0.35571878
 0.27771948 0.21720881 0.29730675 0.20776495

MOTIF STvleng_l3_f_57
letter-probability matrix: alength= 4 w= 9 
 0.02378641 0.12184466 0.07281553 0.7815534 
 0.06067961 0.16504854 0.57038835 0.2038835 
 0.09563107 0.26456311 0.31262136 0.32718447
 0.78446602 0.13883495 0.0038835  0.07281553
 0.02281553 0.0184466  0.06019417 0.89854369
 0.08300971 0.0815534  0.81650485 0.01893204
 0.1684466  0.31893204 0.39854369 0.11407767
 0.08592233 0.07815534 0.38834951 0.44757282
 0.17281553 0.25728155 0.28349515 0.28640777

MOTIF STvleng_l3_f_58
letter-probability matrix: alength= 4 w= 9 
 0.28763812 0.13535912 0.48308011 0.09392265
 0.24171271 0.35290055 0.36912983 0.03625691
 0.69371547 0.24274862 0.04903315 0.01450276
 0.16678177 0.47444751 0.26899171 0.08977901
 7.09254144e-01 3.31491713e-02 2.57251381e-01 3.45303867e-04
 0.11464088 0.43128453 0.44578729 0.00828729
 0.0179558  0.07665746 0.8753453  0.03004144
 0.76691989 0.04661602 0.05973757 0.12672652
 0.36256906 0.23031768 0.23273481 0.17437845

MOTIF STvleng_l3_f_59
letter-probability matrix: alength= 4 w= 9 
 0.18591455 0.21194927 0.25066756 0.35146862
 3.33778371e-04 3.33778371e-04 3.33778371e-04 9.98998665e-01
 7.36982644e-01 3.33778371e-04 2.62349800e-01 3.33778371e-04
 6.83911883e-01 3.33778371e-04 3.15420561e-01 3.33778371e-04
 0.3611482  0.03504673 0.02837116 0.57543391
 0.32476636 0.27069426 0.10146862 0.30307076
 0.25934579 0.06441923 0.55841121 0.11782377
 0.36715621 0.18157543 0.15754339 0.29372497
 0.54105474 0.16655541 0.11014686 0.18224299

MOTIF STvleng_l3_f_60
letter-probability matrix: alength= 4 w= 9 
 0.38508969 0.15639013 0.18049327 0.27802691
 0.43890135 0.08464126 0.05044843 0.42600897
 0.48486547 0.01569507 0.39125561 0.10818386
 0.20908072 0.1485426  0.02914798 0.6132287 
 0.09080717 0.09865471 0.49607623 0.31446188
 0.74775785 0.02130045 0.12724215 0.10369955
 0.11042601 0.09529148 0.08352018 0.71076233
 0.09192825 0.04540359 0.72029148 0.14237668
 0.26513453 0.14742152 0.32959641 0.25784753

MOTIF STvleng_l3_f_61
letter-probability matrix: alength= 4 w= 9 
 0.27556596 0.3442623  0.21545667 0.16471507
 0.73380172 0.02419984 0.18501171 0.05698673
 0.62919594 0.25995316 0.09133489 0.019516  
 0.52771272 0.05386417 0.17798595 0.24043716
 7.93911007e-01 8.58704137e-03 1.96721311e-01 7.80640125e-04
 0.03825137 0.00312256 0.07103825 0.88758782
 0.54020297 0.04059329 0.01014832 0.40905543
 0.03200625 0.21935988 0.72989852 0.01873536
 0.00624512 0.49726776 0.28259173 0.21389539

MOTIF STvleng_l3_f_62
letter-probability matrix: alength= 4 w= 9 
 0.18321995 0.29160998 0.42811791 0.09705215
 0.44263039 0.48208617 0.06984127 0.00544218
 0.0462585  0.20861678 0.46802721 0.27709751
 0.0952381  0.46666667 0.43356009 0.00453515
 4.53514739e-04 4.53514739e-04 4.53514739e-04 9.98639456e-01
 8.99773243e-01 4.53514739e-04 9.93197279e-02 4.53514739e-04
 7.80498866e-01 4.53514739e-04 2.18594104e-01 4.53514739e-04
 0.21995465 0.34013605 0.23628118 0.20362812
 0.24716553 0.33151927 0.27165533 0.14965986

MOTIF STvleng_l3_f_63
letter-probability matrix: alength= 4 w= 9 
 0.05624372 0.34750586 0.1975226  0.39872782
 1.17174422e-02 3.34784064e-04 3.34784064e-04 9.87612990e-01
 4.97823904e-01 3.34784064e-04 5.01506528e-01 3.34784064e-04
 0.58151992 0.00401741 0.40944091 0.00502176
 0.2122531  0.4559759  0.31034483 0.02142618
 0.22765316 0.01171744 0.30766656 0.45296284
 0.03582189 0.42316706 0.16538333 0.37562772
 0.17408771 0.45965852 0.07800469 0.28824908
 0.35152327 0.30565785 0.09340475 0.24941413

MOTIF STvleng_l3_f_64
letter-probability matrix: alength= 4 w= 9 
 0.05656934 0.18613139 0.24744526 0.50985401
 0.00109489 0.3919708  0.18029197 0.42664234
 3.64963504e-04 8.35766423e-02 8.98540146e-01 1.75182482e-02
 0.25145985 0.40291971 0.25364964 0.0919708 
 0.01824818 0.25948905 0.55       0.17226277
 3.64963504e-04 6.76642336e-01 1.56934307e-01 1.66058394e-01
 0.01240876 0.51970803 0.43467153 0.03321168
 0.02956204 0.45255474 0.29671533 0.22116788
 0.07080292 0.42481752 0.33248175 0.17189781

MOTIF STvleng_l3_f_65
letter-probability matrix: alength= 4 w= 9 
 0.16694887 0.11445987 0.11953945 0.59905181
 0.46630545 0.11276668 0.27869963 0.14222824
 0.46664409 0.10802574 0.27429732 0.15103285
 0.11784626 0.10023705 0.12631222 0.65560447
 0.49542838 0.10971893 0.27023366 0.12461903
 0.44192347 0.10971893 0.29359973 0.15475787
 3.38638673e-04 3.38638673e-04 3.38638673e-04 9.98984084e-01
 7.18929902e-01 3.38638673e-04 2.80392821e-01 3.38638673e-04
 6.67456824e-01 3.38638673e-04 3.31865899e-01 3.38638673e-04

MOTIF STvleng_l3_f_66
letter-probability matrix: alength= 4 w= 9 
 0.04433164 0.60439932 0.11505922 0.23620981
 0.13434856 0.5106599  0.08324873 0.27174281
 0.0321489  0.81928934 0.0037225  0.14483926
 0.52994924 0.40981387 0.03282572 0.02741117
 0.66159052 0.05482234 0.05143824 0.2321489 
 4.71742809e-01 3.38409475e-04 1.76988156e-01 3.50930626e-01
 0.33739425 0.35837563 0.06835871 0.2358714 
 0.17597293 0.08155668 0.37969543 0.36277496
 0.24399323 0.2213198  0.3143824  0.22030457

MOTIF STvleng_l3_f_67
letter-probability matrix: alength= 4 w= 9 
 0.16345178 0.11539763 0.11979695 0.60135364
 0.45211506 0.1143824  0.29204738 0.14145516
 0.4642978  0.10693739 0.27918782 0.14957699
 0.11675127 0.10321489 0.14043993 0.63959391
 0.53096447 0.10050761 0.25651438 0.11201354
 0.49475465 0.10186125 0.28121827 0.12216582
 0.01624365 0.00101523 0.00169205 0.98104907
 0.7357022  0.00947547 0.25313029 0.00169205
 0.65313029 0.00236887 0.34179357 0.00270728

MOTIF STvleng_l3_f_68
letter-probability matrix: alength= 4 w= 9 
 0.47964796 0.30583058 0.19471947 0.01980198
 0.47634763 0.00110011 0.18261826 0.33993399
 0.0660066  0.00110011 0.91969197 0.01320132
 0.55555556 0.31353135 0.09020902 0.04070407
 0.32013201 0.03190319 0.33773377 0.31023102
 0.95709571 0.03740374 0.00440044 0.00110011
 0.10671067 0.00110011 0.1980198  0.69416942
 0.2970297  0.01320132 0.49614961 0.19361936
 0.15181518 0.13751375 0.32343234 0.38723872

MOTIF STvleng_l3_f_69
letter-probability matrix: alength= 4 w= 9 
 0.65794463 0.11793705 0.173303   0.05081532
 0.5343193  0.41448616 0.02389078 0.02730375
 0.82366325 0.13424346 0.02844141 0.01365188
 0.13538111 0.01706485 0.58968525 0.25786879
 0.2540766  0.11300721 0.16458096 0.46833523
 0.17785362 0.02730375 0.60144103 0.19340159
 0.21805082 0.26469473 0.13538111 0.38187334
 0.16040956 0.30072052 0.27758817 0.26128176
 0.13234736 0.29086083 0.19946909 0.37732272

MOTIF STvleng_l3_f_70
letter-probability matrix: alength= 4 w= 9 
 0.12779553 0.14121406 0.50670927 0.22428115
 0.05047923 0.19041534 0.04408946 0.71501597
 8.77316294e-01 6.38977636e-04 1.21405751e-01 6.38977636e-04
 0.3399361  0.32396166 0.00063898 0.33546326
 0.41980831 0.29009585 0.28945687 0.00063898
 0.2971246  0.27348243 0.21789137 0.2115016 
 0.60319489 0.14313099 0.0485623  0.20511182
 0.29904153 0.08370607 0.17891374 0.43833866
 0.32779553 0.33674121 0.0543131  0.28115016

MOTIF STvleng_l3_f_71
letter-probability matrix: alength= 4 w= 9 
 0.29337152 0.21072013 0.15343699 0.34247136
 0.52250409 0.23895254 0.21481178 0.02373159
 0.40180033 0.44885434 0.14729951 0.00204583
 1.84124386e-02 8.65384615e-01 1.15793781e-01 4.09165303e-04
 0.02168576 0.15016367 0.63216039 0.19599018
 0.38584288 0.20417349 0.19394435 0.21603928
 0.48036007 0.47626841 0.0200491  0.02332242
 0.43003273 0.38256956 0.16407529 0.02332242
 0.44558101 0.17348609 0.2405892  0.1403437 

MOTIF STvleng_l3_f_72
letter-probability matrix: alength= 4 w= 9 
 0.5342772  0.21870343 0.13338301 0.11363636
 0.70268256 0.08271237 0.10134128 0.11326379
 0.37555887 0.38226528 0.18852459 0.05365127
 0.05551416 0.68740686 0.15163934 0.10543964
 0.36102832 0.19113264 0.22466468 0.22317437
 0.50931446 0.48360656 0.00186289 0.0052161 
 0.00745156 0.23956781 0.72578241 0.02719821
 0.04955291 0.12257824 0.11512668 0.71274218
 0.27086438 0.25894188 0.24217586 0.22801788

MOTIF STvleng_l3_f_73
letter-probability matrix: alength= 4 w= 9 
 0.2399595  0.12757341 0.47789403 0.15457307
 0.16706041 0.18494769 0.43334458 0.21464732
 0.00573743 0.00944988 0.97975025 0.00506244
 3.37495781e-04 1.34998313e-03 9.40263247e-01 5.80492744e-02
 0.36652042 0.19372258 0.22004725 0.21970975
 0.1120486  0.11643604 0.21295984 0.55855552
 0.27809652 0.47080661 0.1522106  0.09888626
 0.27404657 0.41343233 0.30847114 0.00404995
 0.4319946  0.28754641 0.17381033 0.10664867

MOTIF STvleng_l3_f_74
letter-probability matrix: alength= 4 w= 9 
 0.48137327 0.15339664 0.15814463 0.20708546
 0.14061359 0.13221329 0.44886779 0.27830533
 0.05624543 0.23959094 0.30423667 0.39992695
 0.03798393 0.80861943 0.00693937 0.14645727
 0.08108108 0.17531045 0.74105186 0.00255661
 0.06866326 0.28926224 0.58802045 0.05405405
 0.45325055 0.13148283 0.00401753 0.41124909
 0.57779401 0.27684441 0.08181154 0.06355004
 0.44959825 0.07268079 0.24689554 0.23082542

MOTIF STvleng_l3_f_75
letter-probability matrix: alength= 4 w= 9 
 0.27559875 0.22249219 0.21416175 0.28774731
 0.37556404 0.14578271 0.16522041 0.31343284
 0.19264144 0.13085734 0.1829226  0.49357862
 0.03262756 0.00242971 0.16070809 0.80423464
 0.40090246 0.03922249 0.17389795 0.38597709
 0.36237418 0.06768483 0.32523429 0.2447067 
 3.47101701e-04 2.08261020e-03 3.47101701e-04 9.97223186e-01
 8.14647692e-01 3.47101701e-04 1.83269698e-01 1.73550850e-03
 0.58139535 0.00104131 0.41582784 0.00173551

MOTIF STvleng_l3_f_76
letter-probability matrix: alength= 4 w= 9 
 0.33379168 0.14472327 0.2224132  0.29907185
 0.23753867 0.10278446 0.44929529 0.21038157
 0.83877621 0.13372293 0.01271915 0.01478171
 0.03196975 0.02440701 0.05568924 0.887934  
 3.43760743e-04 2.37194912e-02 8.80715022e-01 9.52217257e-02
 0.16741148 0.183912   0.32897903 0.31969749
 0.14919216 0.34857339 0.11515985 0.3870746 
 0.09212788 0.38844964 0.39601238 0.12341011
 0.2512891  0.35132348 0.16741148 0.22997594

MOTIF STvleng_l3_f_77
letter-probability matrix: alength= 4 w= 9 
 0.26251788 0.13805436 0.18383405 0.41559371
 0.70386266 0.06545064 0.22711016 0.00357654
 0.54041488 0.14520744 0.08226037 0.23211731
 0.03183119 0.05829757 0.67203147 0.23783977
 0.21566524 0.14306152 0.01430615 0.6269671 
 0.08619456 0.02896996 0.86123033 0.02360515
 0.01680973 0.29113019 0.40128755 0.29077253
 0.64341917 0.20064378 0.10300429 0.05293276
 0.21423462 0.02145923 0.2693133  0.49499285

MOTIF STvleng_l3_f_78
letter-probability matrix: alength= 4 w= 9 
 0.24721001 0.23402097 0.25464998 0.26411904
 0.13527224 0.07507609 0.46702739 0.32262428
 0.00845451 0.12073047 0.02299628 0.84781874
 0.02671627 0.12783226 0.32837335 0.51707812
 3.38180588e-04 3.38180588e-04 3.38180588e-04 9.98985458e-01
 9.39465675e-01 3.38180588e-04 5.98579642e-02 3.38180588e-04
 5.07947244e-01 3.38180588e-04 4.91376395e-01 3.38180588e-04
 0.19276294 0.17653027 0.23672641 0.39398039
 0.34934055 0.14000676 0.14271221 0.36794048

MOTIF STvleng_l3_f_79
letter-probability matrix: alength= 4 w= 9 
 0.35615441 0.18281136 0.20393299 0.25710124
 0.26147123 0.15659141 0.09395484 0.48798252
 0.01238165 0.0611799  0.49817917 0.42825929
 0.07865987 0.00145666 0.1019665  0.81791697
 0.16897305 0.00582666 0.76037873 0.06482156
 0.03787327 0.47123088 0.00291333 0.48798252
 0.79169701 0.00436999 0.19519301 0.00873999
 0.03932993 0.38747269 0.07428988 0.4989075 
 0.19373634 0.01966497 0.600874   0.18572469

MOTIF STvleng_l3_f_80
letter-probability matrix: alength= 4 w= 9 
 0.47285835 0.11492791 0.38592027 0.02629347
 0.01314673 0.52374894 0.38761662 0.0754877 
 0.1187447  0.83163698 0.04156064 0.00805768
 1.73876166e-02 8.13825276e-01 1.68363020e-01 4.24088210e-04
 4.24088210e-04 6.52247668e-01 1.43341815e-01 2.03986429e-01
 0.17048346 0.71416455 0.04707379 0.0682782 
 0.09160305 0.48134012 0.39482612 0.0322307 
 0.15903308 0.15012723 0.15564037 0.53519932
 0.26929601 0.23833757 0.25233249 0.24003393

MOTIF STvleng_l3_f_81
letter-probability matrix: alength= 4 w= 9 
 0.01923077 0.2770979  0.03234266 0.67132867
 0.3951049  0.02272727 0.44755245 0.13461538
 0.28671329 0.00087413 0.64248252 0.06993007
 0.04895105 0.47027972 0.0472028  0.43356643
 0.00087413 0.1756993  0.70979021 0.11363636
 0.06730769 0.01573427 0.79632867 0.12062937
