MEME version 5.3.0

ALPHABET= ACGT

strands: + -

Background letter frequencies
A 0.25 C 0.25 G 0.25 T 0.25

MOTIF STvleng_l3_f_0
letter-probability matrix: alength= 4 w= 9 
 0.57310801 0.08706833 0.19066863 0.14915503
 0.30271859 0.12013226 0.04739162 0.52975753
 0.20499633 0.11241734 0.6193975  0.06318883
 0.45187362 0.0859662  0.07200588 0.3901543 
 0.04114622 0.51836885 0.06576047 0.37472447
 0.17083027 0.32880235 0.16385011 0.33651727
 0.00404115 0.17927994 0.14364438 0.67303453
 0.11498898 0.03196179 0.26230713 0.5907421 
 0.11792799 0.08706833 0.20352682 0.59147686

MOTIF STvleng_l3_f_1
letter-probability matrix: alength= 4 w= 9 
 0.05321326 0.37167417 0.15063447 0.4244781 
 0.39991813 0.10724519 0.45927139 0.03356529
 4.09332788e-04 6.04993860e-01 2.12853050e-02 3.73311502e-01
 0.06672124 0.68399509 0.24027835 0.00900532
 0.27670896 0.53213262 0.00736799 0.18379042
 0.20794106 0.04420794 0.40360213 0.34424887
 0.12893983 0.14899713 0.09332788 0.62873516
 0.13753582 0.07941056 0.50798199 0.27507163
 0.20712239 0.13098649 0.23986901 0.4220221 

MOTIF STvleng_l3_f_2
letter-probability matrix: alength= 4 w= 9 
 0.12233851 0.15734392 0.1688921  0.55142548
 0.28653916 0.1205341  0.15662216 0.43630458
 0.31937929 0.08372429 0.30313966 0.29375677
 0.1465175  0.08480693 0.00288704 0.76578852
 0.89390112 0.02742692 0.02887044 0.04980152
 0.03680982 0.50018044 0.02490076 0.43810899
 0.63767593 0.14904367 0.05846265 0.15481776
 5.66582461e-01 3.60880549e-04 2.28076507e-01 2.04980152e-01
 0.15517864 0.05810177 0.06171057 0.72500902

MOTIF STvleng_l3_f_3
letter-probability matrix: alength= 4 w= 9 
 0.31879763 0.17315834 0.11939035 0.38865368
 0.71803556 0.20914479 0.0084674  0.06435224
 0.32387807 0.20999153 0.16596105 0.30016935
 0.60753599 0.16257409 0.00508044 0.22480948
 0.29000847 0.08679086 0.07239627 0.5508044 
 0.80990686 0.06138865 0.08975445 0.03895004
 0.0127011  0.00381033 0.85901778 0.12447079
 0.09695174 0.67485182 0.13547841 0.09271804
 0.36240474 0.12743438 0.45427604 0.05588484

MOTIF STvleng_l3_f_4
letter-probability matrix: alength= 4 w= 9 
 0.18706777 0.32780083 0.12793914 0.35719225
 0.23651452 0.01071923 0.71611342 0.03665284
 0.00414938 0.5615491  0.02178423 0.41251729
 0.26417704 0.19951591 0.45781466 0.07849239
 0.72095436 0.00899032 0.04564315 0.22441217
 0.27973721 0.47786999 0.14004149 0.10235131
 0.07261411 0.66113416 0.10338866 0.16286307
 0.36998617 0.26832642 0.22441217 0.13727524
 0.53077455 0.36307054 0.06604426 0.04011065

MOTIF STvleng_l3_f_5
letter-probability matrix: alength= 4 w= 9 
 0.27891979 0.23901653 0.13704152 0.34502217
 0.13744458 0.25634825 0.01571947 0.59048771
 0.20798065 0.09230149 0.65578396 0.0439339 
 0.31237404 0.04070939 0.60661024 0.04030633
 0.61346231 0.29504232 0.01410721 0.07738815
 0.23538896 0.06610238 0.52317614 0.17533253
 0.45102781 0.08303104 0.0395002  0.42644095
 0.08706167 0.47400242 0.29987908 0.13905683
 0.14308746 0.09754131 0.57033454 0.18903668

MOTIF STvleng_l3_f_6
letter-probability matrix: alength= 4 w= 9 
 0.23903346 0.29776952 0.17881041 0.28438662
 0.33011152 0.40855019 0.13011152 0.13122677
 0.05501859 0.18289963 0.26654275 0.49553903
 0.07769517 0.23643123 0.08773234 0.59814126
 0.44163569 0.03791822 0.01784387 0.50260223
 1.82156134e-02 7.43494424e-04 4.68401487e-02 9.34200743e-01
 6.28252788e-02 3.71747212e-04 1.61710037e-01 7.75092937e-01
 2.23048327e-03 7.43494424e-04 9.38289963e-01 5.87360595e-02
 0.05464684 0.19776952 0.47026022 0.27732342

MOTIF STvleng_l3_f_7
letter-probability matrix: alength= 4 w= 9 
 0.15165062 0.26581843 0.41850069 0.16403026
 0.62654746 0.24931224 0.01134801 0.1127923 
 0.26925722 0.01134801 0.40096286 0.31843191
 6.04195323e-01 7.04951857e-02 3.43878955e-04 3.24965612e-01
 0.29883081 0.00481431 0.05674003 0.63961486
 0.39924347 0.01925722 0.27166437 0.30983494
 0.61623109 0.24896836 0.13101788 0.00378267
 0.02751032 0.04848693 0.6258597  0.29814305
 0.31155433 0.3088033  0.10419532 0.27544704

MOTIF STvleng_l3_f_8
letter-probability matrix: alength= 4 w= 9 
 0.32082749 0.22089762 0.31451613 0.14375877
 0.05645161 0.29803647 0.28892006 0.35659187
 0.00315568 0.68373072 0.28576438 0.02734923
 0.07258065 0.27980365 0.58590463 0.06171108
 0.121669   0.80364656 0.07047686 0.00420757
 0.00385694 0.89130435 0.01472651 0.0901122 
 0.1441094  0.39340813 0.17706872 0.28541374
 0.0473352  0.26788219 0.24298738 0.44179523
 0.16304348 0.29417952 0.33660589 0.20617111

MOTIF STvleng_l3_f_9
letter-probability matrix: alength= 4 w= 9 
 0.52888889 0.15333333 0.25111111 0.06666667
 0.00222222 0.12       0.00222222 0.87555556
 0.65111111 0.14444444 0.18888889 0.01555556
 0.00222222 0.00222222 0.00222222 0.99333333
 0.99333333 0.00222222 0.00222222 0.00222222
 0.00222222 0.85111111 0.00222222 0.14444444
 0.22       0.06666667 0.16       0.55333333
 0.09777778 0.11333333 0.16666667 0.62222222
 0.35333333 0.29111111 0.15555556 0.2       

MOTIF STvleng_l3_f_10
letter-probability matrix: alength= 4 w= 9 
 0.08411566 0.30679685 0.29740894 0.31167856
 0.32219302 0.21104018 0.00901239 0.45775441
 0.52684942 0.16034548 0.2504694  0.06233571
 0.12955314 0.31318062 0.53173113 0.02553511
 0.16147202 0.04318438 0.78595569 0.00938791
 0.20803605 0.43297033 0.32369508 0.03529854
 0.51821254 0.13856553 0.06871949 0.27450244
 0.08674427 0.0322944  0.6413819  0.23957942
 0.05031919 0.03980473 0.6620353  0.24784078

MOTIF STvleng_l3_f_11
letter-probability matrix: alength= 4 w= 9 
 0.50387597 0.06149871 0.34160207 0.09302326
 0.1870801  0.00981912 0.79224806 0.01085271
 0.04186047 0.48217054 0.3627907  0.11317829
 0.0620155  0.04082687 0.03410853 0.8630491 
 0.14677003 0.11317829 0.21808786 0.52196382
 0.21860465 0.42997416 0.17260982 0.17881137
 0.18036176 0.07390181 0.38604651 0.35968992
 0.18087855 0.02325581 0.35452196 0.44134367
 0.14728682 0.11524548 0.56640827 0.17105943

MOTIF STvleng_l3_f_12
letter-probability matrix: alength= 4 w= 9 
 0.36722776 0.30298866 0.216764   0.11301958
 0.27104088 0.2181381  0.37375472 0.1370663 
 9.77670903e-01 1.64891790e-02 3.43524562e-04 5.49639299e-03
 3.43524562e-04 1.64891790e-02 5.49639299e-03 9.77670903e-01
 3.43524562e-04 1.64891790e-02 9.82823772e-01 3.43524562e-04
 0.14840261 0.23874957 0.44692546 0.16592236
 0.40501546 0.1202336  0.44383373 0.03091721
 0.2755067  0.26485744 0.17004466 0.28959121
 0.27001031 0.26588801 0.31501202 0.14908966

MOTIF STvleng_l3_f_13
letter-probability matrix: alength= 4 w= 9 
 0.41092375 0.1792522  0.29325513 0.11656891
 0.64369501 0.21884164 0.06231672 0.07514663
 0.27199413 0.28482405 0.37133431 0.07184751
 0.07001466 0.6909824  0.02309384 0.21590909
 0.33504399 0.49083578 0.02272727 0.15139296
 1.24633431e-02 9.86436950e-01 3.66568915e-04 7.33137830e-04
 0.72030792 0.14112903 0.00146628 0.13709677
 0.60777126 0.11253666 0.14076246 0.13892962
 0.43035191 0.40872434 0.08944282 0.07148094

MOTIF STvleng_l3_f_14
letter-probability matrix: alength= 4 w= 9 
 0.38658368 0.07676349 0.34923928 0.18741355
 3.45781466e-04 8.29875519e-03 3.45781466e-04 9.91009682e-01
 0.59163209 0.00622407 0.395574   0.00656985
 0.40698479 0.00172891 0.54840941 0.0428769 
 0.10995851 0.27040111 0.343361   0.27627939
 0.12482711 0.70020747 0.09474412 0.0802213 
 0.16217151 0.27939142 0.44917012 0.10926694
 0.18741355 0.45954357 0.11652835 0.23651452
 0.22856155 0.30186722 0.22095436 0.24861687

MOTIF STvleng_l3_f_15
letter-probability matrix: alength= 4 w= 9 
 0.19782214 0.26073805 0.27646703 0.26497278
 0.3569268  0.22444041 0.25831821 0.16031458
 0.25166364 0.11433757 0.54809437 0.08590442
 0.14882033 0.50453721 0.28372656 0.06291591
 1.37931034e-01 1.30066546e-01 7.31397459e-01 6.04960678e-04
 6.04960678e-04 3.17604356e-01 6.76950998e-01 4.83968542e-03
 6.04960678e-04 1.85722928e-01 6.04960678e-04 8.13067151e-01
 0.57108288 0.13248639 0.2861464  0.01028433
 0.54990926 0.00544465 0.37931034 0.06533575

MOTIF STvleng_l3_f_16
letter-probability matrix: alength= 4 w= 9 
 0.35600278 0.04649549 0.43858432 0.15891742
 0.40319223 0.15891742 0.39972241 0.03816794
 0.79875087 0.11727967 0.05482304 0.02914643
 3.05343511e-02 1.28383067e-01 8.40388619e-01 6.93962526e-04
 0.74600972 0.01943095 0.03816794 0.19639139
 0.00832755 0.0721721  0.56557946 0.35392089
 0.12838307 0.01457321 0.00832755 0.84871617
 0.03469813 0.14018043 0.5981957  0.22692575
 0.18875781 0.12907703 0.55447606 0.1276891 

MOTIF STvleng_l3_f_17
letter-probability matrix: alength= 4 w= 9 
 0.25750452 0.05352622 0.67450271 0.01446655
 0.09330922 0.0875226  0.7443038  0.07486438
 0.08788427 0.039783   0.87052441 0.00180832
 3.61663653e-04 7.95660036e-02 4.99819168e-01 4.20253165e-01
 0.16130199 0.59168174 0.18770344 0.05931284
 0.15551537 0.37576854 0.11754069 0.35117541
 0.120434   0.13960217 0.41555154 0.3244123 
 0.13960217 0.40650995 0.09511754 0.35877034
 0.22748644 0.11717902 0.30488246 0.35045208

MOTIF STvleng_l3_f_18
letter-probability matrix: alength= 4 w= 9 
 0.053989   0.07427785 0.64270977 0.22902338
 0.02510316 0.22283356 0.00584594 0.74621733
 0.23486933 0.05502063 0.37035763 0.33975241
 0.06224209 0.00343879 0.05089409 0.88342503
 0.46973865 0.18019257 0.0261348  0.32393398
 0.5849381  0.17709766 0.08562586 0.15233838
 0.00584594 0.13170564 0.16368638 0.69876204
 0.54195323 0.20048143 0.14580468 0.11176066
 0.36210454 0.08115543 0.30639615 0.25034388

MOTIF STvleng_l3_f_19
letter-probability matrix: alength= 4 w= 9 
 0.61326861 0.07443366 0.28883495 0.02346278
 0.82079288 0.04692557 0.08535599 0.04692557
 0.50364078 0.02224919 0.16949838 0.30461165
 0.37783172 0.20954693 0.10315534 0.30946602
 0.15372168 0.10679612 0.16909385 0.57038835
 0.60881877 0.11893204 0.19822006 0.07402913
 0.65938511 0.21359223 0.11812298 0.00889968
 0.5368123  0.10760518 0.22532362 0.1302589 
 0.04894822 0.15776699 0.43932039 0.3539644 

MOTIF STvleng_l3_f_20
letter-probability matrix: alength= 4 w= 9 
 0.51901566 0.12136465 0.08501119 0.2746085 
 0.41834452 0.06711409 0.23545861 0.27908277
 5.60961969e-01 5.59284116e-04 4.37919463e-01 5.59284116e-04
 0.12192394 0.04697987 0.5738255  0.25727069
 0.25838926 0.05872483 0.0844519  0.598434  
 0.49608501 0.00055928 0.00055928 0.50279642
 0.49832215 0.00055928 0.00055928 0.50055928
 0.48657718 0.01230425 0.0139821  0.48713647
 0.35514541 0.28131991 0.1336689  0.22986577

MOTIF STvleng_l3_f_21
letter-probability matrix: alength= 4 w= 9 
 0.75551471 0.02159926 0.19347426 0.02941176
 0.00643382 0.00275735 0.32215074 0.66865809
 4.59558824e-04 1.93933824e-01 5.91911765e-01 2.13694853e-01
 0.03125    0.08823529 0.71323529 0.16727941
 0.16498162 0.1484375  0.29090074 0.39568015
 0.41544118 0.28262868 0.22564338 0.07628676
 0.59558824 0.12454044 0.10569853 0.17417279
 0.27665441 0.01976103 0.63235294 0.07123162
 0.32904412 0.12683824 0.30606618 0.23805147

MOTIF STvleng_l3_f_22
letter-probability matrix: alength= 4 w= 9 
 0.33659159 0.18742031 0.15724607 0.31874203
 0.12027199 0.14534637 0.25796855 0.47641309
 0.27709307 0.13557161 0.29706757 0.29026774
 0.29706757 0.14364641 0.26434339 0.29494263
 0.20314492 0.19464513 0.34126647 0.26094348
 0.70165746 0.00467488 0.26604335 0.02762431
 2.38419040e-01 7.26731832e-02 4.24989375e-04 6.88482788e-01
 0.0480238  0.02379941 0.80875478 0.11942201
 0.16574586 0.28899278 0.28134297 0.2639184 

MOTIF STvleng_l3_f_23
letter-probability matrix: alength= 4 w= 9 
 0.44454343 0.20222717 0.18930958 0.16391982
 8.33853007e-01 4.45434298e-04 9.79955457e-03 1.55902004e-01
 8.01781737e-03 4.45434298e-04 1.49220490e-01 8.42316258e-01
 0.13095768 0.00801782 0.85345212 0.00757238
 0.27706013 0.25835189 0.13452116 0.33006682
 0.23786192 0.09265033 0.20222717 0.46726058
 0.12694878 0.17817372 0.44766147 0.24721604
 0.20534521 0.24899777 0.23340757 0.31224944
 0.38530067 0.27260579 0.13942094 0.20267261

MOTIF STvleng_l3_f_24
letter-probability matrix: alength= 4 w= 9 
 0.47829107 0.05696422 0.27926363 0.18548107
 0.01424106 0.30114623 0.14692602 0.5376867 
 0.07398402 0.01250434 0.48350122 0.43001042
 0.00659951 0.1500521  0.24105592 0.60229246
 0.49044807 0.04237582 0.26536992 0.20180618
 0.01319903 0.00208406 0.31087183 0.67384509
 0.26120181 0.14102119 0.59187218 0.00590483
 0.71969434 0.05765891 0.15560959 0.06703717
 0.37721431 0.15422022 0.27370615 0.19485933

MOTIF STvleng_l3_f_25
letter-probability matrix: alength= 4 w= 9 
 0.29268293 0.23597561 0.28292683 0.18841463
 0.18109756 0.01097561 0.62560976 0.18231707
 0.06707317 0.16463415 0.52987805 0.23841463
 0.42073171 0.55914634 0.00731707 0.01280488
 7.12804878e-01 1.21951220e-03 2.85365854e-01 6.09756098e-04
 0.07317073 0.08109756 0.01097561 0.8347561 
 0.00304878 0.71829268 0.01829268 0.26036585
 0.37073171 0.36219512 0.04512195 0.22195122
 0.02378049 0.28719512 0.11646341 0.57256098

MOTIF STvleng_l3_f_26
letter-probability matrix: alength= 4 w= 9 
 0.44821429 0.18535714 0.225      0.14142857
 0.39178571 0.145      0.34464286 0.11857143
 0.70571429 0.05214286 0.19357143 0.04857143
 0.08821429 0.07678571 0.27892857 0.55607143
 0.18535714 0.1275     0.65178571 0.03535714
 5.80000000e-01 3.57142857e-04 4.17857143e-01 1.78571429e-03
 0.15       0.10392857 0.07357143 0.6725    
 0.11892857 0.08857143 0.75535714 0.03714286
 0.22107143 0.23928571 0.32892857 0.21071429

MOTIF STvleng_l3_f_27
letter-probability matrix: alength= 4 w= 9 
 0.41430595 0.27974504 0.16253541 0.1434136 
 0.36012748 0.08958924 0.41288952 0.13739377
 0.58994334 0.00708215 0.10587819 0.29709632
 0.00177054 0.09490085 0.02195467 0.88137394
 0.03541076 0.00495751 0.80169972 0.15793201
 0.01628895 0.41076487 0.02195467 0.5509915 
 0.19192635 0.13208215 0.36437677 0.31161473
 0.33215297 0.0924221  0.28541076 0.29001416
 0.26133144 0.17103399 0.46706799 0.10056657

MOTIF STvleng_l3_f_28
letter-probability matrix: alength= 4 w= 9 
 0.28432395 0.36982968 0.20229406 0.14355231
 0.16684046 0.40215502 0.30239833 0.12860619
 0.20194647 0.41223497 0.27841502 0.10740355
 0.00347584 0.38998957 0.40875912 0.19777546
 3.47584289e-04 8.89120612e-01 1.09141467e-01 1.39033716e-03
 3.47584289e-04 9.38477581e-01 6.08272506e-02 3.47584289e-04
 3.47584289e-04 9.98957247e-01 3.47584289e-04 3.47584289e-04
 0.00347584 0.94299618 0.01633646 0.03719152
 0.13312478 0.47514772 0.14841849 0.243309  

MOTIF STvleng_l3_f_29
letter-probability matrix: alength= 4 w= 9 
 0.34751773 0.2006079  0.27625802 0.17561635
 0.33367106 0.04863222 0.52110773 0.09658899
 0.1948666  0.27220534 0.37791287 0.1550152 
 3.71496116e-02 8.81121243e-01 8.13914218e-02 3.37723742e-04
 0.43431273 0.00202634 0.39344816 0.17021277
 0.11550152 0.25768322 0.47855454 0.14826072
 0.39750084 0.29652145 0.23741979 0.06855792
 0.52887538 0.04863222 0.17831814 0.24417427
 0.43937859 0.02431611 0.04728132 0.48902398

MOTIF STvleng_l3_f_30
letter-probability matrix: alength= 4 w= 9 
 0.33259912 0.18854626 0.23832599 0.24052863
 0.36387665 0.17885463 0.21497797 0.24229075
 0.28898678 0.17885463 0.19251101 0.33964758
 0.0154185  0.04757709 0.10969163 0.82731278
 0.49471366 0.03480176 0.35022026 0.12026432
 0.55638767 0.02070485 0.29735683 0.12555066
 4.40528634e-04 4.40528634e-04 4.40528634e-04 9.98678414e-01
 7.37885463e-01 4.40528634e-04 2.61233480e-01 4.40528634e-04
 6.10132159e-01 3.08370044e-03 3.86343612e-01 4.40528634e-04

MOTIF STvleng_l3_f_31
letter-probability matrix: alength= 4 w= 9 
 0.05772293 0.41281847 0.09792994 0.43152866
 0.41281847 0.05652866 0.35549363 0.17515924
 0.02428344 0.25796178 0.38495223 0.33280255
 0.10390127 0.31449045 0.08996815 0.49164013
 7.79060510e-01 3.98089172e-04 2.20143312e-01 3.98089172e-04
 0.03821656 0.44148089 0.02149682 0.49880573
 0.01910828 0.28702229 0.41281847 0.28105096
 0.45342357 0.20621019 0.26074841 0.07961783
 0.07921975 0.12062102 0.16202229 0.63813694

MOTIF STvleng_l3_f_32
letter-probability matrix: alength= 4 w= 9 
 0.26490066 0.1589404  0.24172185 0.33443709
 0.00331126 0.00331126 0.00331126 0.99006623
 0.78807947 0.00331126 0.20529801 0.00331126
 0.20529801 0.00331126 0.78807947 0.00331126
 0.29139073 0.04966887 0.00993377 0.64900662
 0.08940397 0.12913907 0.05629139 0.72516556
 0.20529801 0.33112583 0.00331126 0.4602649 
 0.12582781 0.83112583 0.00331126 0.0397351 
 0.43377483 0.4205298  0.09271523 0.05298013

MOTIF STvleng_l3_f_33
letter-probability matrix: alength= 4 w= 9 
 0.19958988 0.22727273 0.28605605 0.28708134
 0.31852358 0.15686945 0.39986329 0.12474368
 0.05604921 0.00170882 0.265892   0.67634997
 0.0430622  0.00478469 0.08339029 0.86876282
 0.05844156 0.09774436 0.12884484 0.71496924
 0.09193438 0.20608339 0.14627478 0.55570745
 0.55468216 0.01879699 0.16712235 0.2593985 
 3.41763500e-04 2.04716336e-01 1.17908407e-01 6.77033493e-01
 0.59911141 0.06493506 0.02768284 0.30827068

MOTIF STvleng_l3_f_34
letter-probability matrix: alength= 4 w= 9 
 0.17742504 0.17142857 0.50652557 0.14462081
 0.12310406 0.15097002 0.30970018 0.41622575
 0.28218695 0.50017637 0.03421517 0.18342152
 0.09206349 0.3372134  0.53897707 0.03174603
 0.00352734 0.53932981 0.45608466 0.0010582 
 3.52733686e-04 8.77248677e-01 1.17813051e-01 4.58553792e-03
 3.52733686e-04 7.23456790e-01 7.76014109e-03 2.68430335e-01
 0.23703704 0.34532628 0.15202822 0.26560847
 0.21693122 0.28289242 0.31040564 0.18977072

MOTIF STvleng_l3_f_35
letter-probability matrix: alength= 4 w= 9 
 0.16617211 0.21513353 0.08456973 0.53412463
 0.73293769 0.03709199 0.21661721 0.01335312
 0.52967359 0.00148368 0.16617211 0.30267062
 0.27299703 0.18991098 0.53560831 0.00148368
 0.26706231 0.09940653 0.50296736 0.1305638 
 0.22255193 0.19732938 0.14540059 0.4347181 
 0.02373887 0.00148368 0.94807122 0.02670623
 0.01186944 0.37833828 0.14836795 0.46142433
 0.10979228 0.2537092  0.51186944 0.12462908

MOTIF STvleng_l3_f_36
letter-probability matrix: alength= 4 w= 9 
 0.06560847 0.51534392 0.13968254 0.27936508
 0.21375661 0.48783069 0.21798942 0.08042328
 0.02680776 0.01552028 0.92380952 0.03386243
 0.22821869 0.18095238 0.07689594 0.51393298
 0.35485009 0.55520282 0.00352734 0.08641975
 8.76895944e-01 4.83245150e-02 7.44268078e-02 3.52733686e-04
 0.42186949 0.28395062 0.129806   0.1643739 
 0.2627866  0.32239859 0.21869489 0.19611993
 0.51428571 0.1015873  0.21940035 0.16472663

MOTIF STvleng_l3_f_37
letter-probability matrix: alength= 4 w= 9 
 0.38633434 0.11860765 0.32144392 0.1736141 
 0.27460249 0.00816502 0.68586162 0.03137086
 4.29737860e-04 2.79329609e-02 6.87580576e-03 9.64761495e-01
 4.90760636e-01 4.29737860e-04 4.64116889e-01 4.46927374e-02
 0.70734852 0.01504083 0.23893425 0.03867641
 0.53717232 0.14482166 0.28620541 0.0318006 
 0.0850881  0.39363988 0.12204555 0.39922647
 0.12591319 0.39063171 0.27761066 0.20584443
 0.33089815 0.25053717 0.26987538 0.1486893 

MOTIF STvleng_l3_f_38
letter-probability matrix: alength= 4 w= 9 
 0.17453348 0.32491767 0.24771314 0.25283571
 0.00292719 0.66264179 0.07354555 0.26088547
 0.00219539 0.81961215 0.14196853 0.03622393
 0.14562752 0.83095499 0.01134285 0.01207464
 0.01939261 0.87888767 0.06659349 0.03512623
 0.3823637  0.15587267 0.18331504 0.27844859
 0.08635199 0.1697768  0.71459934 0.02927186
 0.22210026 0.1492865  0.56567874 0.0629345 
 0.15916575 0.26491035 0.47310648 0.10281742

MOTIF STvleng_l3_f_39
letter-probability matrix: alength= 4 w= 9 
 0.40441176 0.36544118 0.15367647 0.07647059
 0.40073529 0.14779412 0.13014706 0.32132353
 0.00147059 0.39705882 0.00588235 0.59558824
 0.04117647 0.08088235 0.05147059 0.82647059
 0.00073529 0.0625     0.68382353 0.25294118
 0.18161765 0.16985294 0.28970588 0.35882353
 0.60588235 0.13308824 0.15367647 0.10735294
 0.02279412 0.50441176 0.19338235 0.27941176
 0.08529412 0.50588235 0.38455882 0.02426471

MOTIF STvleng_l3_f_40
letter-probability matrix: alength= 4 w= 9 
 0.23948873 0.28489741 0.29229734 0.18331652
 0.04305415 0.20417087 0.12916246 0.62361251
 0.34712412 0.26841574 0.20215271 0.18230743
 0.36629667 0.34376051 0.2320888  0.05785402
 0.00201816 0.00302725 0.00100908 0.99394551
 0.91153717 0.00336361 0.0827447  0.00235452
 4.90077363e-01 3.36360579e-04 5.04204507e-01 5.38176926e-03
 0.26908846 0.2465523  0.31180626 0.17255298
 0.32391524 0.17625294 0.25092499 0.24890683

MOTIF STvleng_l3_f_41
letter-probability matrix: alength= 4 w= 9 
 0.53612717 0.14234104 0.24132948 0.08020231
 0.4400289  0.3800578  0.11271676 0.06719653
 0.68930636 0.07731214 0.08742775 0.14595376
 0.26300578 0.03323699 0.28034682 0.4234104 
 0.44580925 0.11560694 0.00722543 0.43135838
 0.65895954 0.08887283 0.14234104 0.10982659
 0.43569364 0.00072254 0.0050578  0.55852601
 0.02745665 0.00361272 0.39378613 0.57514451
 0.02239884 0.10765896 0.5650289  0.30491329

MOTIF STvleng_l3_f_42
letter-probability matrix: alength= 4 w= 9 
 0.10448276 0.19       0.26689655 0.43862069
 0.01034483 0.34724138 0.01655172 0.62586207
 0.39172414 0.35241379 0.21       0.04586207
 3.77241379e-01 3.44827586e-04 6.03103448e-01 1.93103448e-02
 0.46034483 0.07034483 0.30034483 0.16896552
 3.44827586e-04 1.44827586e-01 7.69655172e-01 8.51724138e-02
 0.54827586 0.33758621 0.0037931  0.11034483
 0.07       0.02103448 0.80586207 0.10310345
 0.11310345 0.24137931 0.3237931  0.32172414

MOTIF STvleng_l3_f_43
letter-probability matrix: alength= 4 w= 9 
 0.32988956 0.20057    0.31314571 0.15639473
 0.4563591  0.23583897 0.19415746 0.11364446
 3.56252227e-04 2.69326683e-01 3.56252227e-04 7.29960812e-01
 0.53224083 0.14214464 0.31955825 0.00605629
 0.1357321  0.13929462 0.02814393 0.69682936
 0.39187745 0.22800143 0.23690773 0.1432134 
 0.00285002 0.13929462 0.20662629 0.65122907
 0.35447097 0.16921981 0.439259   0.03705023
 0.3355896  0.0081938  0.39900249 0.25721411

MOTIF STvleng_l3_f_44
letter-probability matrix: alength= 4 w= 9 
 0.47239488 0.14515539 0.21206581 0.17038391
 0.26471664 0.17477148 0.22925046 0.33126143
 0.25521024 0.13601463 0.31005484 0.29872029
 0.20292505 0.04314442 0.01974406 0.73418647
 0.44899452 0.01243144 0.32321755 0.21535649
 0.69323583 0.01974406 0.23144424 0.05557587
 0.05740402 0.01389397 0.04497258 0.88372943
 0.70859232 0.00585009 0.22559415 0.05996344
 0.64826325 0.00219378 0.32797075 0.02157221

MOTIF STvleng_l3_f_45
letter-probability matrix: alength= 4 w= 9 
 0.30162162 0.06198198 0.6036036  0.03279279
 0.28       0.38954955 0.28864865 0.0418018 
 0.37765766 0.10846847 0.49765766 0.01621622
 0.09261261 0.03675676 0.68468468 0.18594595
 0.0172973  0.68108108 0.24936937 0.05225225
 0.44252252 0.23171171 0.3045045  0.02126126
 0.85369369 0.01585586 0.04108108 0.08936937
 0.42702703 0.05765766 0.26558559 0.24972973
 0.22594595 0.3181982  0.25441441 0.20144144

MOTIF STvleng_l3_f_46
letter-probability matrix: alength= 4 w= 9 
 0.08746649 0.0502681  0.15817694 0.70408847
 3.35120643e-04 2.31233244e-01 2.34584450e-02 7.44973190e-01
 0.18431635 0.18130027 0.22352547 0.41085791
 0.20676944 0.22453083 0.33411528 0.23458445
 0.71950402 0.10254692 0.00402145 0.17392761
 0.10857909 0.03418231 0.19235925 0.66487936
 0.03786863 0.07506702 0.73726542 0.14979893
 0.28049598 0.25569705 0.17024129 0.29356568
 0.18297587 0.19537534 0.33813673 0.28351206

MOTIF STvleng_l3_f_47
letter-probability matrix: alength= 4 w= 9 
 0.37183099 0.20070423 0.27640845 0.15105634
 0.05985915 0.1306338  0.18908451 0.62042254
 3.52112676e-04 2.35915493e-02 6.41901408e-01 3.34154930e-01
 2.73591549e-01 3.52112676e-04 7.08450704e-01 1.76056338e-02
 0.15492958 0.48838028 0.33415493 0.02253521
 0.09542254 0.22605634 0.62007042 0.0584507 
 0.33169014 0.13309859 0.45246479 0.08274648
 0.025      0.2943662  0.29612676 0.38450704
 0.04401408 0.35739437 0.38274648 0.21584507

MOTIF STvleng_l3_f_48
letter-probability matrix: alength= 4 w= 9 
 0.53342766 0.12415989 0.26494517 0.07746728
 0.18995401 0.24655111 0.1941988  0.36929607
 0.15528829 0.12239123 0.64520693 0.07711355
 0.47470817 0.00282985 0.5005306  0.02193138
 0.01167315 0.03961797 0.89918642 0.04952246
 0.00389105 0.04350902 0.93385214 0.01874779
 0.11107181 0.41315883 0.45560665 0.02016272
 0.02652989 0.26140785 0.6681995  0.04386275
 0.17792713 0.22355854 0.3618677  0.23664662

MOTIF STvleng_l3_f_49
letter-probability matrix: alength= 4 w= 9 
 0.15830273 0.15503876 0.3378213  0.34883721
 0.32925337 0.0252958  0.29457364 0.35087719
 0.17135863 0.20236638 0.44063647 0.18563851
 0.12158303 0.03508772 0.75438596 0.08894329
 0.00122399 0.03141575 0.07915137 0.88820889
 0.49245206 0.00367197 0.48306814 0.02080783
 0.60342717 0.02325581 0.37168503 0.00163199
 0.0999592  0.25581395 0.59037128 0.05385557
 0.13382293 0.20195838 0.32721338 0.3370053 

MOTIF STvleng_l3_f_50
letter-probability matrix: alength= 4 w= 9 
 0.47736626 0.11358025 0.21646091 0.19259259
 4.11522634e-04 7.65432099e-02 6.70781893e-02 8.55967078e-01
 0.7308642  0.00864198 0.17037037 0.09012346
 0.11975309 0.03497942 0.77530864 0.06995885
 0.09506173 0.43168724 0.45884774 0.01440329
 0.0872428  0.10534979 0.33744856 0.46995885
 0.50658436 0.07983539 0.02962963 0.38395062
 0.23744856 0.18271605 0.12222222 0.45761317
 0.13004115 0.12592593 0.00740741 0.73662551

MOTIF STvleng_l3_f_51
letter-probability matrix: alength= 4 w= 9 
 0.15647178 0.40723217 0.12842176 0.30787428
 0.28692126 0.34640081 0.33457249 0.03210544
 4.06894221e-01 1.21662724e-02 5.80601555e-01 3.37952011e-04
 0.0246705  0.46772558 0.17032781 0.33727611
 0.06725245 0.30719838 0.28286583 0.34268334
 0.4782021  0.25853329 0.25515377 0.00811085
 0.13856032 0.19499831 0.38188577 0.28455559
 0.04866509 0.33524839 0.39776952 0.218317  
 0.15005069 0.34403515 0.35687732 0.14903684

MOTIF STvleng_l3_f_52
letter-probability matrix: alength= 4 w= 9 
 0.07778865 0.15851272 0.28620352 0.47749511
 0.01908023 0.07632094 0.40655577 0.49804305
 0.28473581 0.0890411  0.21183953 0.41438356
 0.15900196 0.05919765 0.24315068 0.53864971
 0.03620352 0.01027397 0.27544031 0.67808219
 0.48091977 0.03277886 0.11692759 0.36937378
 0.08317025 0.06213307 0.75587084 0.09882583
 0.04696673 0.06898239 0.09050881 0.79354207
 0.38551859 0.13405088 0.34099804 0.13943249

MOTIF STvleng_l3_f_53
letter-probability matrix: alength= 4 w= 9 
 0.29826015 0.17439934 0.27091964 0.25642088
 0.27671914 0.23529412 0.22659486 0.26139188
 0.51739851 0.1081193  0.17647059 0.1980116 
 5.96106048e-01 4.14250207e-04 4.14250207e-04 4.03065452e-01
 4.14250207e-04 4.14250207e-04 4.03065452e-01 5.96106048e-01
 5.50952775e-02 4.14250207e-04 7.89975145e-01 1.54515327e-01
 0.0948633  0.08367854 0.1031483  0.71830986
 0.0915493  0.4076222  0.35874068 0.14208782
 0.24067937 0.25642088 0.28914664 0.21375311

MOTIF STvleng_l3_f_54
letter-probability matrix: alength= 4 w= 9 
 0.16540404 0.10858586 0.15656566 0.56944444
 0.15993266 0.25715488 0.05050505 0.53240741
 0.125      0.18897306 0.30681818 0.37920875
 0.03956229 0.38804714 0.00968013 0.56271044
 0.21127946 0.41329966 0.31944444 0.05597643
 0.00042088 0.38510101 0.33459596 0.27988215
 0.03493266 0.01473064 0.22138047 0.72895623
 0.26094276 0.13510101 0.253367   0.35058923
 0.05176768 0.17424242 0.26178451 0.51220539

MOTIF STvleng_l3_f_55
letter-probability matrix: alength= 4 w= 9 
 0.18427621 0.23460899 0.328203   0.25291181
 0.00915141 0.10066556 0.64808652 0.24209651
 4.15973378e-04 2.07154742e-01 3.73128120e-01 4.19301165e-01
 0.00332779 0.18801997 0.40266223 0.40599002
 0.0062396  0.01580699 0.54409318 0.43386023
 3.71464226e-01 1.18136439e-01 5.09983361e-01 4.15973378e-04
 0.48876872 0.19009983 0.30366057 0.01747088
 0.08402662 0.01455907 0.73211314 0.16930116
 0.26455907 0.10066556 0.44800333 0.18677205

MOTIF STvleng_l3_f_56
letter-probability matrix: alength= 4 w= 9 
 0.12230216 0.48533481 0.0160487  0.37631433
 0.14997233 0.20254566 0.37299391 0.2744881 
 0.21693414 0.32816823 0.3381295  0.11676812
 0.29219701 0.6768124  0.01106807 0.01992252
 0.20199225 0.38406198 0.0154953  0.39845047
 0.41671278 0.2418373  0.31765357 0.02379635
 0.86773658 0.03873824 0.07415606 0.01936912
 0.09518539 0.02767017 0.16989485 0.70724958
 0.1931378  0.31211954 0.32982844 0.16491422

MOTIF STvleng_l3_f_57
letter-probability matrix: alength= 4 w= 9 
 0.03662478 0.46427289 0.00466786 0.49443447
 0.29443447 0.07253142 0.24775583 0.38527828
 0.40035907 0.21938959 0.12675045 0.2535009 
 0.10556553 0.67504488 0.03195691 0.18743268
 0.35152603 0.04775583 0.11238779 0.48833034
 0.605386   0.02944345 0.12710952 0.23806104
 0.31382406 0.52890485 0.02010772 0.13716338
 0.13788151 0.0491921  0.25924596 0.55368043
 0.42800718 0.23877917 0.25314183 0.08007181

MOTIF STvleng_l3_f_58
letter-probability matrix: alength= 4 w= 9 
 0.23702613 0.27972028 0.17813765 0.30511594
 0.73647405 0.06220096 0.19985278 0.00147221
 0.50055208 0.18255429 0.08317998 0.23371365
 0.36658079 0.15384615 0.30474788 0.17482517
 0.84504969 0.02944424 0.10710342 0.01840265
 8.87007729e-02 7.83952889e-02 3.68053000e-04 8.32535885e-01
 1.72984910e-02 3.68053000e-04 8.50938535e-01 1.31394921e-01
 0.16709606 0.12329775 0.40154582 0.30806036
 0.39271255 0.14574899 0.22524844 0.23629003

MOTIF STvleng_l3_f_59
letter-probability matrix: alength= 4 w= 9 
 0.14105622 0.21703578 0.20919932 0.43270869
 0.04872232 0.09608177 0.48109029 0.37410562
 3.40715503e-04 6.81431005e-03 1.10051107e-01 8.82793867e-01
 0.28994889 0.20613288 0.43236797 0.07155026
 8.49744463e-01 3.40715503e-04 6.47359455e-02 8.51788756e-02
 1.63543441e-01 8.15672913e-01 2.04429302e-02 3.40715503e-04
 0.25553663 0.03816014 0.55127768 0.15502555
 0.34582624 0.18364566 0.26235094 0.20817717
 0.22146508 0.11618399 0.11413969 0.54821124

MOTIF STvleng_l3_f_60
letter-probability matrix: alength= 4 w= 9 
 0.33513757 0.07622914 0.41768155 0.17095174
 0.10870546 0.45647271 0.27334235 0.16147948
 4.51059991e-04 7.08615246e-01 1.12313938e-01 1.78619756e-01
 0.1150203  0.26522327 0.0766802  0.54307623
 0.25575101 0.1172756  0.00360848 0.62336491
 0.07848444 0.02886784 0.07036536 0.82228236
 4.51059991e-04 4.82634190e-02 8.57013983e-02 8.65584123e-01
 4.51059991e-04 2.07938656e-01 4.89400090e-01 3.02210194e-01
 0.32386107 0.02525936 0.45692377 0.1939558 

MOTIF STvleng_l3_f_61
letter-probability matrix: alength= 4 w= 9 
 0.18008835 0.28236493 0.33571186 0.20183486
 0.2164458  0.47366633 0.00067958 0.30920829
 3.39789331e-04 2.42609582e-01 5.18178729e-01 2.38871899e-01
 0.09650017 0.49473327 0.38124363 0.02752294
 3.39789331e-04 7.29187903e-01 2.38532110e-01 3.19401971e-02
 1.35236154e-01 8.22290180e-01 4.21338770e-02 3.39789331e-04
 0.05334692 0.24430853 0.46517159 0.23717295
 0.18416582 0.2358138  0.40638804 0.17363235
 0.26367652 0.19367992 0.37410805 0.16853551

MOTIF STvleng_l3_f_62
letter-probability matrix: alength= 4 w= 9 
 0.12772586 0.29456559 0.2467982  0.33091035
 0.12149533 0.35721703 0.21703011 0.30425753
 3.11872620e-01 5.19210800e-02 6.35860159e-01 3.46140533e-04
 0.41363794 0.34579439 0.11976462 0.12080305
 0.29352717 0.20283835 0.24264451 0.26098996
 0.80927657 0.16026307 0.02699896 0.00346141
 0.02422984 0.06680512 0.08445829 0.82450675
 3.46140533e-04 8.51505711e-02 9.02042229e-01 1.24610592e-02
 0.2578747  0.13984078 0.35583247 0.24645206

MOTIF STvleng_l3_f_63
letter-probability matrix: alength= 4 w= 9 
 0.28317325 0.20135183 0.26467449 0.25080043
 0.46318036 0.07257204 0.21202419 0.25222341
 0.16115261 0.08929207 0.57559587 0.17395945
 3.55745286e-04 1.13482746e-01 3.55745286e-04 8.85805763e-01
 0.11490573 0.22732124 0.35076485 0.30700818
 0.0298826  0.21807186 0.14905727 0.60298826
 0.63073639 0.12628958 0.19210245 0.05087158
 0.24048381 0.17858413 0.15546069 0.42547136
 0.22732124 0.03628602 0.45926716 0.27712558

MOTIF STvleng_l3_f_64
letter-probability matrix: alength= 4 w= 9 
 0.23427248 0.17174836 0.18062524 0.41335392
 0.20108066 0.13315322 0.18294095 0.48282516
 0.46391355 0.36433809 0.12234658 0.04940178
 0.68429178 0.06676959 0.02315708 0.22578155
 0.14280201 0.00964878 0.39289849 0.45465071
 2.19992281e-02 4.90158240e-02 3.85951370e-04 9.28598997e-01
 0.52450791 0.0856812  0.1397144  0.25009649
 0.03782323 0.84677731 0.09069857 0.02470089
 0.46893091 0.03473562 0.06059437 0.4357391 

MOTIF STvleng_l3_f_65
letter-probability matrix: alength= 4 w= 9 
 0.44048943 0.15739711 0.22747497 0.17463849
 0.14571746 0.18242492 0.32091212 0.35094549
 0.85761958 0.03726363 0.08064516 0.02447164
 1.35706340e-01 5.56173526e-04 1.16796440e-02 8.52057842e-01
 5.56173526e-03 5.56173526e-04 8.58175751e-01 1.35706340e-01
 1.05672970e-02 5.56173526e-04 6.35150167e-01 3.53726363e-01
 0.43047831 0.19410456 0.26863181 0.10678532
 0.36318131 0.36095662 0.18854283 0.08731924
 0.34482759 0.22525028 0.29922136 0.13070078

MOTIF STvleng_l3_f_66
letter-probability matrix: alength= 4 w= 9 
 0.30525929 0.13718279 0.32659066 0.23096727
 0.41890401 0.08422214 0.22581832 0.27105554
 0.23059949 0.05627069 0.00551673 0.70761309
 0.62780434 0.03015815 0.32659066 0.01544686
 0.72710555 0.04707613 0.14600956 0.07980875
 0.54726002 0.00772343 0.05075395 0.3942626 
 0.07944097 0.01949246 0.44354542 0.45752115
 0.25671203 0.10739242 0.48436925 0.1515263 
 0.15851416 0.2011769  0.282089   0.35821993

MOTIF STvleng_l3_f_67
letter-probability matrix: alength= 4 w= 9 
 0.12803738 0.3182243  0.26495327 0.28878505
 0.03224299 0.1635514  0.64672897 0.15747664
 0.18364486 0.20373832 0.23224299 0.38037383
 0.22196262 0.27383178 0.48317757 0.02102804
 0.31495327 0.25560748 0.42803738 0.00140187
 0.15280374 0.08411215 0.29579439 0.46728972
 0.03831776 0.48504673 0.31448598 0.16214953
 0.08738318 0.09953271 0.78878505 0.02429907
 0.05841121 0.49766355 0.26308411 0.18084112

MOTIF STvleng_l3_f_68
letter-probability matrix: alength= 4 w= 9 
 0.34278565 0.29190992 0.16388657 0.20141785
 0.47331109 0.15054212 0.26063386 0.11551293
 0.39616347 0.28315263 0.10633862 0.21434529
 0.07923269 0.19974979 0.21267723 0.50834028
 0.35362802 0.18432027 0.33069224 0.13135947
 0.47331109 0.01668057 0.14595496 0.36405338
 0.07589658 0.00625521 0.4295246  0.4883236 
 0.13302752 0.02251877 0.58798999 0.25646372
 0.44745621 0.09633028 0.29274395 0.16346956

MOTIF STvleng_l3_f_69
letter-probability matrix: alength= 4 w= 9 
 0.63265306 0.10444178 0.18307323 0.07983193
 0.27731092 0.1242497  0.19807923 0.40036014
 0.5240096  0.06962785 0.16326531 0.24309724
 0.49339736 0.00060024 0.07863145 0.42737095
 0.03901561 0.0180072  0.42737095 0.51560624
 0.15066026 0.00780312 0.49939976 0.34213685
 0.29351741 0.09663866 0.5060024  0.10384154
 0.10084034 0.1332533  0.45078031 0.31512605
 0.49459784 0.14105642 0.20948379 0.15486194

MOTIF STvleng_l3_f_70
letter-probability matrix: alength= 4 w= 9 
 0.30615165 0.19277539 0.2453505  0.25572246
 0.45779685 0.20100143 0.1981402  0.14306152
 0.44563662 0.31866953 0.09692418 0.13876967
 0.51752504 0.0658083  0.25822604 0.15844063
 0.79470672 0.03111588 0.09942775 0.07474964
 1.60586552e-01 3.57653791e-04 8.94134478e-02 7.49642346e-01
 0.01072961 0.07403433 0.75286123 0.16237482
 0.04971388 0.10407725 0.58190272 0.26430615
 0.2120887  0.30150215 0.35264664 0.13376252

MOTIF STvleng_l3_f_71
letter-probability matrix: alength= 4 w= 9 
 0.35531005 0.10228083 0.24518888 0.29722024
 0.00392017 0.34782609 0.085531   0.56272274
 0.06949394 0.29223093 0.14754098 0.49073414
 0.00106914 0.43193158 0.00534569 0.5616536 
 0.52352103 0.29722024 0.09622238 0.08303635
 4.21240200e-01 2.79044904e-01 3.56379187e-04 2.99358517e-01
 0.51960086 0.02173913 0.14861012 0.31004989
 0.49643621 0.16215253 0.23770492 0.10370634
 0.2911618  0.15324305 0.19636493 0.35923022

MOTIF STvleng_l3_f_72
letter-probability matrix: alength= 4 w= 9 
 0.2720413  0.42851469 0.15448769 0.14495631
 0.45631454 0.06632248 0.41262907 0.06473392
 0.17116759 0.00675139 0.5969023  0.22517871
 0.00119142 0.59213662 0.05202542 0.35464654
 0.08578237 0.17950755 0.38522637 0.34948372
 0.21366164 0.05440826 0.07188245 0.66004766
 7.39475774e-01 3.97140588e-04 1.54884829e-02 2.44638602e-01
 0.24027006 0.07188245 0.08856235 0.59928515
 0.19023034 0.13343924 0.25853852 0.4177919 

MOTIF STvleng_l3_f_73
letter-probability matrix: alength= 4 w= 9 
 0.47689531 0.12093863 0.36281588 0.03935018
 0.38519856 0.17797834 0.25812274 0.17870036
 0.61191336 0.25054152 0.01552347 0.12202166
 0.09314079 0.00180505 0.37472924 0.53032491
 3.61010830e-04 1.01083032e-02 1.66064982e-02 9.72924188e-01
 0.11516245 0.03501805 0.11407942 0.73574007
 3.61010830e-04 3.61010830e-04 9.62815884e-01 3.64620939e-02
 0.27725632 0.20288809 0.24043321 0.27942238
 0.33429603 0.13610108 0.21407942 0.31552347

MOTIF STvleng_l3_f_74
letter-probability matrix: alength= 4 w= 9 
 0.10639361 0.24375624 0.17332667 0.47652348
 0.24975025 0.12487512 0.28621379 0.33916084
 5.38961039e-01 2.01298701e-01 2.59240759e-01 4.99500500e-04
 0.91458541 0.02797203 0.05094905 0.00649351
 0.61438561 0.03496503 0.29270729 0.05794206
 0.0034965  0.19430569 0.01998002 0.78221778
 0.37762238 0.01298701 0.01048951 0.5989011 
 0.17732268 0.73926074 0.05244755 0.03096903
 0.23526474 0.45704296 0.22027972 0.08741259

MOTIF STvleng_l3_f_75
letter-probability matrix: alength= 4 w= 9 
 0.40100932 0.2185559  0.19177019 0.1886646 
 0.69293478 0.02329193 0.2484472  0.03532609
 0.3121118  0.1242236  0.04347826 0.52018634
 0.24689441 0.10015528 0.41226708 0.24068323
 9.25465839e-01 5.04658385e-03 6.90993789e-02 3.88198758e-04
 0.01708075 0.1564441  0.00970497 0.81677019
 0.0302795  0.01125776 0.86180124 0.09666149
 0.15178571 0.18284161 0.38975155 0.27562112
 0.37849379 0.17624224 0.27950311 0.16576087

MOTIF STvleng_l3_f_76
letter-probability matrix: alength= 4 w= 9 
 0.31929943 0.27888178 0.2132031  0.1886157 
 0.2573257  0.2057932  0.25900977 0.27787134
 0.26204109 0.18659481 0.17177501 0.37958909
 0.28359717 0.13068373 0.02963961 0.55607949
 3.36813742e-04 3.36813742e-04 3.36813742e-04 9.98989559e-01
 9.97979118e-01 3.36813742e-04 1.34725497e-03 3.36813742e-04
 2.65409229e-01 3.36813742e-04 7.33917144e-01 3.36813742e-04
 0.79757494 0.05052206 0.14280903 0.00909397
 0.27349276 0.17278545 0.27281913 0.28090266

MOTIF STvleng_l3_f_77
letter-probability matrix: alength= 4 w= 9 
 0.41270635 0.23861931 0.27063532 0.07803902
 0.68134067 0.22711356 0.08104052 0.01050525
 0.34117059 0.35617809 0.22611306 0.07653827
 8.18909455e-01 9.55477739e-02 8.50425213e-02 5.00250125e-04
 0.65632816 0.12456228 0.00550275 0.2136068 
 0.2056028  0.29664832 0.48774387 0.010005  
 0.4022011  0.00250125 0.14857429 0.44672336
 0.19609805 0.26413207 0.23061531 0.30915458
 0.44972486 0.03751876 0.15057529 0.36218109

MOTIF STvleng_l3_f_78
letter-probability matrix: alength= 4 w= 9 
 0.31487723 0.09195956 0.17284545 0.42031777
 0.00818488 0.02022147 0.80837747 0.16321618
 0.49301878 0.21280693 0.29032258 0.00385171
 0.67116033 0.04140587 0.04381319 0.24362061
 0.33028406 0.03948002 0.29706307 0.33317285
 4.81463649e-04 9.34039480e-02 6.30717381e-02 8.43042850e-01
 7.75156476e-02 7.53490611e-01 4.81463649e-04 1.68512277e-01
 0.21714011 0.05199807 0.36880116 0.36206066
 0.49446317 0.16273471 0.06740491 0.27539721

MOTIF STvleng_l3_f_79
letter-probability matrix: alength= 4 w= 9 
 0.96523754 0.00405562 0.02780997 0.00289687
 1.68018540e-02 5.79374276e-04 5.79374276e-04 9.82039397e-01
 1.10081112e-02 2.89687138e-03 9.85515643e-01 5.79374276e-04
 0.10892236 0.0585168  0.55040556 0.28215527
 0.22711472 0.07358053 0.56952491 0.12977984
 0.10312862 0.39976825 0.11471611 0.38238702
 0.19351101 0.18192352 0.34820394 0.27636153
 0.14889919 0.39455388 0.22595597 0.23059096
 0.31691773 0.15295481 0.26419467 0.26593279

MOTIF STvleng_l3_f_80
letter-probability matrix: alength= 4 w= 9 
 0.63865546 0.0210084  0.33613445 0.00420168
 0.00420168 0.44537815 0.00420168 0.54621849
 0.00420168 0.72689076 0.00420168 0.26470588
 0.89915966 0.09243697 0.00420168 0.00420168
 0.01260504 0.41176471 0.19747899 0.37815126
 0.18067227 0.08823529 0.22268908 0.50840336
 0.1092437  0.00420168 0.02941176 0.85714286
 0.35294118 0.18907563 0.18067227 0.27731092
 0.39495798 0.43697479 0.16386555 0.00420168

MOTIF STvleng_l3_f_81
letter-probability matrix: alength= 4 w= 9 
 0.0524239  0.27170237 0.35682074 0.31905299
 0.15558061 0.40529876 0.23055242 0.20856821
 0.63585118 0.04284104 0.2638106  0.05749718
 0.40529876 0.03100338 0.0005637  0.56313416
 6.35851184e-01 5.63697858e-04 4.84780158e-02 3.15107103e-01
