MEME version 5.3.0

ALPHABET= ACGT

strands: + -

Background letter frequencies
A 0.25 C 0.25 G 0.25 T 0.25

MOTIF STvleng_l3_f_0
letter-probability matrix: alength= 4 w= 9 
 0.34452055 0.07123288 0.15547945 0.42876712
 0.31130137 0.1359589  0.31027397 0.24246575
 0.48116438 0.26952055 0.20136986 0.04794521
 0.31883562 0.05513699 0.58184932 0.04417808
 0.00410959 0.10376712 0.49760274 0.39452055
 0.04486301 0.08424658 0.58527397 0.28561644
 0.25136986 0.05034247 0.26267123 0.43561644
 0.14280822 0.20958904 0.5760274  0.07157534
 0.42739726 0.14931507 0.22534247 0.19794521

MOTIF STvleng_l3_f_1
letter-probability matrix: alength= 4 w= 9 
 0.48271933 0.07557919 0.37789594 0.06380555
 0.25636156 0.38966958 0.19711356 0.1568553 
 0.34105583 0.19635397 0.12267376 0.33991645
 5.07785796e-01 1.48120015e-02 4.77022408e-01 3.79794911e-04
 0.17964299 0.22066084 0.15039878 0.44929738
 0.42575009 0.09115078 0.3653627  0.11773642
 0.6570452  0.31257121 0.00113938 0.02924421
 0.0744398  0.1196354  0.19065705 0.61526776
 0.26585644 0.04025826 0.64830991 0.04557539

MOTIF STvleng_l3_f_2
letter-probability matrix: alength= 4 w= 9 
 0.62200957 0.12719298 0.16905901 0.08173844
 0.18700159 0.18859649 0.13955343 0.48484848
 0.39393939 0.16786284 0.16148325 0.27671451
 0.61961722 0.03110048 0.29186603 0.05741627
 0.20653907 0.24202552 0.35167464 0.19976077
 0.56180223 0.1391547  0.12559809 0.17344498
 6.01674641e-01 2.39234450e-03 3.95534290e-01 3.98724083e-04
 0.04066986 0.13596491 0.14513557 0.67822967
 0.00318979 0.12001595 0.84848485 0.02830941

MOTIF STvleng_l3_f_3
letter-probability matrix: alength= 4 w= 9 
 0.2388377  0.24557052 0.14953933 0.36605245
 0.38306166 0.17505315 0.27923459 0.1626506 
 0.11587527 0.37632884 0.0368533  0.47094259
 0.65024805 0.10949681 0.19631467 0.04394047
 3.54358611e-04 3.54358611e-04 3.54358611e-04 9.98936924e-01
 9.90077959e-01 3.54358611e-04 9.21332388e-03 3.54358611e-04
 3.87313962e-01 3.54358611e-04 6.11977321e-01 3.54358611e-04
 0.08788094 0.41849752 0.09567682 0.39794472
 0.21261517 0.20269313 0.22182849 0.36286322

MOTIF STvleng_l3_f_4
letter-probability matrix: alength= 4 w= 9 
 0.05361791 0.13274336 0.23945862 0.57418011
 0.25091098 0.00156169 0.67621031 0.07131702
 0.01457574 0.32431026 0.00520562 0.65590838
 0.71264966 0.02290474 0.22436231 0.04008329
 0.11920875 0.25819885 0.03695992 0.58563248
 0.60281104 0.21447163 0.12233212 0.06038522
 0.01665799 0.50910984 0.10671525 0.36751692
 0.05570016 0.22852681 0.21967725 0.49609578
 0.29776158 0.2410203  0.19052577 0.27069235

MOTIF STvleng_l3_f_5
letter-probability matrix: alength= 4 w= 9 
 0.02580645 0.10424448 0.03667233 0.83327674
 0.15619694 0.07843803 0.15314092 0.61222411
 0.22818336 0.04651952 0.15959253 0.56570458
 0.66349745 0.03938879 0.15721562 0.13989813
 2.42444822e-01 2.03735144e-02 3.39558574e-04 7.36842105e-01
 3.39558574e-04 3.63667233e-01 7.74193548e-02 5.58573854e-01
 0.22444822 0.16027165 0.31952462 0.29575552
 0.17691002 0.34906621 0.15110357 0.3229202 
 0.3524618  0.24957555 0.05670628 0.34125637

MOTIF STvleng_l3_f_6
letter-probability matrix: alength= 4 w= 9 
 0.16883117 0.54545455 0.16883117 0.11688312
 0.01298701 0.25974026 0.09090909 0.63636364
 0.20779221 0.15584416 0.33766234 0.2987013 
 0.19480519 0.11688312 0.15584416 0.53246753
 0.8961039  0.01298701 0.01298701 0.07792208
 0.01298701 0.79220779 0.07792208 0.11688312
 0.05194805 0.92207792 0.01298701 0.01298701
 0.92207792 0.01298701 0.05194805 0.01298701
 0.94805195 0.02597403 0.01298701 0.01298701

MOTIF STvleng_l3_f_7
letter-probability matrix: alength= 4 w= 9 
 0.37726943 0.19753086 0.25562818 0.16957153
 9.48438635e-01 3.63108206e-04 1.08932462e-03 5.01089325e-02
 0.01815541 0.01053014 0.05519245 0.916122  
 0.0530138  0.02687001 0.91394336 0.00617284
 0.15722585 0.22222222 0.34386347 0.27668845
 0.24364561 0.1815541  0.21278141 0.36201888
 0.2037037  0.26216412 0.33914306 0.19498911
 0.21786492 0.29992738 0.20188816 0.28031954
 0.29084967 0.22258533 0.24110385 0.24546115

MOTIF STvleng_l3_f_8
letter-probability matrix: alength= 4 w= 9 
 0.26259947 0.39787798 0.16559303 0.17392952
 0.74952634 0.07351269 0.00265252 0.17430845
 0.52065176 0.00568397 0.32095491 0.15270936
 0.22735885 0.1917393  0.1906025  0.39029936
 0.10041682 0.50284199 0.30314513 0.09359606
 0.49298977 0.15611974 0.05494505 0.29594543
 0.57218643 0.16104585 0.23569534 0.03107238
 0.38802577 0.25994695 0.17999242 0.17203486
 0.26638878 0.1845396  0.2243274  0.32474422

MOTIF STvleng_l3_f_9
letter-probability matrix: alength= 4 w= 9 
 0.08432671 0.25651214 0.28874172 0.37041943
 0.05121413 0.49006623 0.07637969 0.38233996
 0.32891832 0.52626932 0.05342163 0.09139073
 0.35187638 0.42472406 0.16732892 0.05607064
 2.84326711e-01 4.41501104e-04 7.05960265e-01 9.27152318e-03
 0.09933775 0.2397351  0.28256071 0.37836645
 0.25298013 0.22030905 0.21589404 0.31081678
 0.66313466 0.00485651 0.10596026 0.22604857
 0.16556291 0.09668874 0.01015453 0.72759382

MOTIF STvleng_l3_f_10
letter-probability matrix: alength= 4 w= 9 
 0.20417288 0.1661699  0.28986587 0.33979136
 0.01229508 0.32935917 0.10916542 0.54918033
 0.05923994 0.10804769 0.44746647 0.3852459 
 0.05961252 0.06035768 0.61251863 0.26751118
 0.51490313 0.02496274 0.35394933 0.1061848 
 0.17138599 0.22764531 0.09128167 0.50968703
 0.0052161  0.51825633 0.19038748 0.28614009
 0.05663189 0.7533532  0.11997019 0.07004471
 0.03986587 0.60506706 0.10059613 0.25447094

MOTIF STvleng_l3_f_11
letter-probability matrix: alength= 4 w= 9 
 0.14920874 0.29088169 0.12057272 0.43933685
 0.02788244 0.57045968 0.04672193 0.35493595
 9.75885456e-01 1.65787491e-02 6.78221552e-03 7.53579503e-04
 0.36171816 0.42803316 0.17558402 0.03466466
 0.45516202 0.02788244 0.50640543 0.01055011
 0.3089676  0.00602864 0.63300678 0.05199699
 0.20874152 0.23360965 0.38507913 0.17256971
 0.05576488 0.24189902 0.49434815 0.20798794
 0.19216277 0.30821402 0.29163527 0.20798794

MOTIF STvleng_l3_f_12
letter-probability matrix: alength= 4 w= 9 
 0.27638889 0.08298611 0.325      0.315625  
 3.47222222e-04 2.48611111e-01 2.27430556e-01 5.23611111e-01
 0.07048611 0.28611111 0.17118056 0.47222222
 0.11701389 0.38472222 0.27152778 0.22673611
 0.28229167 0.23020833 0.08715278 0.40034722
 0.246875   0.32534722 0.153125   0.27465278
 3.47222222e-04 5.00000000e-02 8.47569444e-01 1.02083333e-01
 0.12951389 0.12847222 0.35       0.39201389
 0.08923611 0.16284722 0.45277778 0.29513889

MOTIF STvleng_l3_f_13
letter-probability matrix: alength= 4 w= 9 
 6.03189947e-01 8.21652972e-03 3.88110198e-01 4.83325278e-04
 0.13436443 0.38859352 0.35621073 0.12083132
 4.83325278e-04 3.95360077e-01 4.83325278e-04 6.03673272e-01
 0.78685355 0.09618173 0.06476559 0.05219913
 0.11551474 0.09424843 0.06863219 0.72160464
 0.24021266 0.04059932 0.07008217 0.64910585
 0.39922668 0.00048333 0.21652972 0.38376027
 0.21894635 0.22764621 0.35621073 0.19719671
 0.36297728 0.08941518 0.13726438 0.41034316

MOTIF STvleng_l3_f_14
letter-probability matrix: alength= 4 w= 9 
 0.29411765 0.28186275 0.25163399 0.17238562
 0.61315359 0.05351307 0.2626634  0.07066993
 0.10089869 0.17892157 0.19076797 0.52941176
 0.02369281 0.18341503 0.70506536 0.0878268 
 0.60866013 0.17156863 0.01021242 0.20955882
 0.13888889 0.13521242 0.04330065 0.68259804
 0.18055556 0.15808824 0.62785948 0.03349673
 0.06862745 0.04330065 0.52042484 0.36764706
 0.20588235 0.24632353 0.29084967 0.25694444

MOTIF STvleng_l3_f_15
letter-probability matrix: alength= 4 w= 9 
 0.3106488  0.09555712 0.38187588 0.21191819
 0.22990127 0.27150917 0.12764457 0.37094499
 0.27574048 0.04125529 0.12235543 0.5606488 
 0.32228491 0.06346968 0.30888575 0.30535966
 0.98836389 0.00881523 0.00176305 0.00105783
 0.12411848 0.02926657 0.06770099 0.77891396
 0.22073343 0.1022567  0.67207334 0.00493653
 0.54760226 0.02926657 0.34203103 0.08110014
 0.12447109 0.13822285 0.15338505 0.58392102

MOTIF STvleng_l3_f_16
letter-probability matrix: alength= 4 w= 9 
 0.1091396  0.24539672 0.2751925  0.37027118
 0.02812186 0.47941078 0.11617007 0.37629729
 0.02678273 0.08436558 0.59256779 0.2962839 
 3.34784064e-04 3.34784064e-04 3.34784064e-04 9.98995648e-01
 9.22664881e-01 3.34784064e-04 7.66655507e-02 3.34784064e-04
 5.07867426e-01 3.34784064e-04 4.91463006e-01 3.34784064e-04
 0.23434884 0.3886843  0.35118848 0.02577837
 0.2206227  0.2982926  0.22028791 0.26079679
 0.20957482 0.2668229  0.29963174 0.22397054

MOTIF STvleng_l3_f_17
letter-probability matrix: alength= 4 w= 9 
 0.16890935 0.25531161 0.26416431 0.31161473
 0.2546034  0.06728045 0.28576487 0.39235127
 0.03186969 0.08250708 0.56373938 0.32188385
 3.54107649e-04 4.10764873e-02 2.41147309e-01 7.17422096e-01
 0.09135977 0.1388102  0.0322238  0.73760623
 0.03328612 0.13172805 0.63349858 0.20148725
 0.02903683 0.14730878 0.67953258 0.14412181
 0.06055241 0.54886686 0.17847025 0.21211048
 0.13951841 0.33463173 0.22131728 0.30453258

MOTIF STvleng_l3_f_18
letter-probability matrix: alength= 4 w= 9 
 0.42521739 0.02956522 0.53086957 0.01434783
 0.02478261 0.03043478 0.07565217 0.86913043
 0.02       0.11695652 0.16043478 0.7026087 
 0.13217391 0.07347826 0.55782609 0.23652174
 0.12043478 0.22695652 0.31086957 0.34173913
 0.48521739 0.06304348 0.19695652 0.25478261
 1.32173913e-01 4.34782609e-04 4.13043478e-01 4.54347826e-01
 0.22913043 0.20826087 0.31347826 0.24913043
 0.11434783 0.2726087  0.26130435 0.35173913

MOTIF STvleng_l3_f_19
letter-probability matrix: alength= 4 w= 9 
 0.21112647 0.21008984 0.2463718  0.33241189
 0.2950933  0.18590187 0.2049067  0.31409813
 0.12474084 0.10400829 0.00552868 0.76572218
 0.48341396 0.01969592 0.2626123  0.23427782
 0.52868003 0.00310988 0.36005529 0.1081548 
 0.03282654 0.01347616 0.00138217 0.95231513
 0.67795439 0.03697305 0.27712509 0.00794748
 0.71319972 0.00138217 0.27954388 0.00587422
 0.18935729 0.13199724 0.21078093 0.46786455

MOTIF STvleng_l3_f_20
letter-probability matrix: alength= 4 w= 9 
 0.54950495 0.1790429  0.17821782 0.09323432
 0.64356436 0.06353135 0.14026403 0.15264026
 0.20214521 0.11633663 0.24834983 0.43316832
 0.51567657 0.05858086 0.12376238 0.3019802 
 0.74587459 0.0849835  0.15841584 0.01072607
 0.00577558 0.03630363 0.16089109 0.7970297 
 0.11221122 0.13531353 0.01485149 0.73762376
 0.07013201 0.02970297 0.71452145 0.18564356
 0.06353135 0.66171617 0.04290429 0.23184818

MOTIF STvleng_l3_f_21
letter-probability matrix: alength= 4 w= 9 
 0.30698467 0.20783646 0.17683135 0.30834753
 0.26473595 0.13696763 0.28960818 0.30868825
 0.2153322  0.11584327 0.13219761 0.53662692
 0.10085179 0.160477   0.0330494  0.70562181
 0.46201022 0.11175468 0.29403748 0.13219761
 0.40851789 0.0528109  0.41431005 0.12436116
 3.40715503e-04 3.40715503e-04 3.40715503e-04 9.98977853e-01
 6.62350937e-01 3.40715503e-04 3.36967632e-01 3.40715503e-04
 7.43100511e-01 3.40715503e-04 2.56218058e-01 3.40715503e-04

MOTIF STvleng_l3_f_22
letter-probability matrix: alength= 4 w= 9 
 0.07718463 0.50119007 0.18735124 0.23427406
 0.14790887 0.71744305 0.09078545 0.04386263
 0.16729004 0.5967358  0.09894594 0.13702822
 0.56681401 0.28391704 0.13124787 0.01802108
 0.2750765  0.50561034 0.04386263 0.17545053
 0.24821489 0.4233254  0.21897314 0.10948657
 8.87793268e-01 1.10846651e-01 3.40020401e-04 1.02006120e-03
 0.53587215 0.04794288 0.32437946 0.09180551
 0.21387283 0.18293098 0.42094526 0.18225094

MOTIF STvleng_l3_f_23
letter-probability matrix: alength= 4 w= 9 
 0.14432624 0.36950355 0.14964539 0.33652482
 0.05141844 0.24893617 0.5358156  0.16382979
 0.02411348 0.00638298 0.48723404 0.4822695 
 0.01028369 0.62092199 0.31560284 0.05319149
 0.00460993 0.11702128 0.85957447 0.01879433
 0.21489362 0.29078014 0.45070922 0.04361702
 0.4641844  0.27765957 0.22765957 0.03049645
 0.36808511 0.35283688 0.22801418 0.05106383
 0.27765957 0.17588652 0.32765957 0.21879433

MOTIF STvleng_l3_f_24
letter-probability matrix: alength= 4 w= 9 
 0.40106079 0.0995512  0.23867809 0.26070991
 0.22072623 0.05181559 0.16075071 0.56670747
 0.47042024 0.24398205 0.27662179 0.00897593
 0.55405957 0.0995512  0.31374949 0.03263974
 0.22684619 0.01060792 0.19298246 0.56956344
 0.03386373 0.02366381 0.00285598 0.93961648
 0.50673195 0.01468788 0.01346389 0.46511628
 0.29457364 0.50673195 0.02570379 0.17299062
 0.56711546 0.16972664 0.16850265 0.09465524

MOTIF STvleng_l3_f_25
letter-probability matrix: alength= 4 w= 9 
 0.2632312  0.25348189 0.20577994 0.27750696
 0.1347493  0.40494429 0.0362117  0.42409471
 0.5066156  0.13997214 0.06267409 0.29073816
 0.46135097 0.07346797 0.05396936 0.4112117 
 0.31685237 0.24825905 0.09818942 0.33669916
 0.89658774 0.01079387 0.02193593 0.07068245
 0.11908078 0.00940111 0.23084958 0.64066852
 0.65076602 0.05779944 0.05466574 0.2367688 
 0.12395543 0.14937326 0.62360724 0.10306407

MOTIF STvleng_l3_f_26
letter-probability matrix: alength= 4 w= 9 
 0.13429523 0.23862375 0.50721421 0.11986681
 0.36847947 0.23751387 0.28856826 0.1054384 
 0.73695893 0.01220866 0.21309656 0.03773585
 0.43174251 0.18201998 0.03773585 0.34850166
 0.06881243 0.12097669 0.5527192  0.25749168
 0.68479467 0.00110988 0.26526082 0.04883463
 0.05216426 0.06215316 0.2008879  0.68479467
 0.01553829 0.00110988 0.97225305 0.01109878
 0.18978912 0.18756937 0.4173141  0.20532741

MOTIF STvleng_l3_f_27
letter-probability matrix: alength= 4 w= 9 
 0.15812303 0.28430599 0.22515773 0.33241325
 0.17981073 0.58123028 0.09305994 0.14589905
 0.20701893 0.01419558 0.16048896 0.61829653
 0.09029968 0.0670347  0.63367508 0.20899054
 0.28470032 0.13880126 0.00512618 0.57137224
 0.2318612  0.23264984 0.37578864 0.15970032
 0.045347   0.29219243 0.295347   0.36711356
 0.23383281 0.67507886 0.03194006 0.05914826
 0.17074132 0.12066246 0.4944795  0.21411672

MOTIF STvleng_l3_f_28
letter-probability matrix: alength= 4 w= 9 
 0.24711538 0.20769231 0.27115385 0.27403846
 0.08846154 0.23269231 0.6        0.07884615
 0.00096154 0.70192308 0.1125     0.18461538
 0.52019231 0.31538462 0.05096154 0.11346154
 0.00769231 0.82980769 0.06826923 0.09423077
 0.36442308 0.01442308 0.01538462 0.60576923
 0.05769231 0.02884615 0.88557692 0.02788462
 0.04326923 0.11634615 0.35865385 0.48173077
 0.39711538 0.44423077 0.13461538 0.02403846

MOTIF STvleng_l3_f_29
letter-probability matrix: alength= 4 w= 9 
 0.51341282 0.18293592 0.03614009 0.26751118
 0.79359165 0.01862891 0.14307004 0.04470939
 0.20193741 0.39456036 0.14679583 0.25670641
 0.03166915 0.38040238 0.03204173 0.55588674
 0.17213115 0.0719076  0.36997019 0.38599106
 0.07041729 0.12108793 0.03204173 0.77645306
 0.17324888 0.24925484 0.19970194 0.37779434
 0.18628912 0.07414307 0.42511177 0.31445604
 0.22876304 0.24068554 0.28986587 0.24068554

MOTIF STvleng_l3_f_30
letter-probability matrix: alength= 4 w= 9 
 0.26450641 0.22381311 0.24189902 0.26978146
 0.71477016 0.05124341 0.21175584 0.0222306 
 0.44611907 0.10399397 0.05764883 0.39223813
 0.38055765 0.05953278 0.39261492 0.16729465
 0.3455162  0.05614167 0.03843255 0.55990957
 0.20346647 0.31951771 0.12961567 0.34740015
 0.17068576 0.47023361 0.00301432 0.35606631
 0.68801809 0.0184627  0.24227581 0.05124341
 0.57987943 0.05953278 0.1616428  0.19894499

MOTIF STvleng_l3_f_31
letter-probability matrix: alength= 4 w= 9 
 0.16299241 0.28333936 0.27502711 0.27864113
 0.20491507 0.5316227  0.05782436 0.20563787
 0.46295627 0.27502711 0.22912902 0.0328876 
 0.8218287  0.00975786 0.00578244 0.16263101
 3.39718106e-02 3.61402241e-04 1.48174919e-01 8.17491868e-01
 0.06360679 0.00505963 0.89338634 0.03794724
 0.25262017 0.25225876 0.23129743 0.26382364
 0.21611854 0.13191182 0.41199855 0.23997109
 0.24466932 0.16226961 0.37296711 0.22009396

MOTIF STvleng_l3_f_32
letter-probability matrix: alength= 4 w= 9 
 0.31461074 0.15854959 0.29612513 0.23071454
 0.34944899 0.1439744  0.36544614 0.14113047
 0.25630999 0.17419125 0.42374689 0.14575187
 0.51866335 0.07180946 0.23498045 0.17454675
 0.44578742 0.19872023 0.19338784 0.16210451
 6.98186989e-01 9.59829364e-03 3.55492357e-04 2.91859225e-01
 9.59829364e-03 3.55492357e-04 2.91859225e-01 6.98186989e-01
 0.01706363 0.14326342 0.7721294  0.06754355
 0.33913971 0.1535727  0.26199787 0.24528973

MOTIF STvleng_l3_f_33
letter-probability matrix: alength= 4 w= 9 
 0.54156606 0.08899621 0.36874784 0.00068989
 0.84994826 0.01552259 0.02345636 0.11107278
 0.35494998 0.05657123 0.52742325 0.06105554
 0.19489479 0.43946188 0.01448775 0.35115557
 0.12383581 0.24318731 0.19903415 0.43394274
 0.1793722  0.79855122 0.00379441 0.01828217
 0.81200414 0.02345636 0.09520524 0.06933425
 0.23628838 0.37978613 0.18627113 0.19765436
 0.27940669 0.18661607 0.2587099  0.27526733

MOTIF STvleng_l3_f_34
letter-probability matrix: alength= 4 w= 9 
 0.19414386 0.29789943 0.40611076 0.10184596
 0.39465309 0.52068746 0.06365372 0.02100573
 0.39401655 0.0273711  0.27307447 0.30553787
 0.07511139 0.06174411 0.64481222 0.21833227
 0.00700191 0.0973902  0.61298536 0.28262253
 0.07956715 0.04837683 0.28453215 0.58752387
 0.48058561 0.24252069 0.16295353 0.11394017
 0.73138129 0.10057288 0.119669   0.04837683
 0.05728835 0.09420751 0.12285169 0.72565245

MOTIF STvleng_l3_f_35
letter-probability matrix: alength= 4 w= 9 
 0.34427894 0.21868653 0.22071767 0.21631686
 0.09647935 0.09546378 0.66486121 0.14319567
 0.11171293 0.06973595 0.26777251 0.55077861
 0.10934326 0.00169262 0.20751523 0.68144888
 0.75423155 0.00372376 0.22071767 0.02132701
 0.13981043 0.10121869 0.65978334 0.09918754
 0.14184157 0.04942451 0.24813812 0.5605958 
 0.54028436 0.08327691 0.2647258  0.11171293
 0.43398781 0.12863913 0.30602573 0.13134733

MOTIF STvleng_l3_f_36
letter-probability matrix: alength= 4 w= 9 
 0.237777   0.33626451 0.30777348 0.11818502
 0.14315864 0.06085121 0.7784031  0.01758706
 0.01442139 0.03095322 0.76081604 0.19380936
 3.51741119e-04 7.49208582e-02 7.22827999e-01 2.01899402e-01
 3.51741119e-04 8.01969750e-02 1.47731270e-01 7.71720014e-01
 3.01442139e-01 1.00949701e-01 5.97256419e-01 3.51741119e-04
 0.45444953 0.12838551 0.39254309 0.02462188
 0.11607457 0.32254661 0.40555751 0.15582132
 0.22687302 0.14491734 0.46781569 0.16039395

MOTIF STvleng_l3_f_37
letter-probability matrix: alength= 4 w= 9 
 0.07422604 0.23125699 0.05930623 0.63521074
 0.08243193 0.11823946 0.42633346 0.37299515
 0.04028348 0.0309586  0.06751212 0.8612458 
 3.72995151e-04 2.20067139e-02 1.27191347e-01 8.50428944e-01
 0.22790004 0.1156285  0.37150317 0.2849683 
 0.03506154 0.00298396 0.6001492  0.3618053 
 1.58149944e-01 3.72995151e-04 6.82581126e-02 7.73218948e-01
 0.1920925  0.0611712  0.28235733 0.46437896
 0.23013801 0.04102947 0.18015666 0.54867587

MOTIF STvleng_l3_f_38
letter-probability matrix: alength= 4 w= 9 
 0.30439815 0.19675926 0.22260802 0.27623457
 0.09606481 0.05671296 0.04822531 0.79899691
 0.57407407 0.14583333 0.25848765 0.02160494
 8.23302469e-01 5.01543210e-02 1.26157407e-01 3.85802469e-04
 0.56867284 0.00617284 0.42052469 0.00462963
 0.42554012 0.21334877 0.16859568 0.19251543
 0.25655864 0.17708333 0.12152778 0.44483025
 0.62345679 0.11959877 0.03626543 0.22067901
 0.0158179  0.06365741 0.11651235 0.80401235

MOTIF STvleng_l3_f_39
letter-probability matrix: alength= 4 w= 9 
 0.35068093 0.11624514 0.22762646 0.30544747
 0.18677043 0.15564202 0.2709144  0.38667315
 0.04571984 0.00632296 0.11867704 0.82928016
 0.32441634 0.10846304 0.1381323  0.42898833
 0.51167315 0.02772374 0.17898833 0.28161479
 4.86381323e-04 5.83657588e-03 4.86381323e-04 9.93190661e-01
 8.35116732e-01 4.86381323e-04 1.63910506e-01 4.86381323e-04
 8.37548638e-01 5.83657588e-03 1.56128405e-01 4.86381323e-04
 0.30642023 0.16780156 0.17898833 0.34678988

MOTIF STvleng_l3_f_40
letter-probability matrix: alength= 4 w= 9 
 0.23447677 0.17498914 0.34867564 0.24185845
 0.13026487 0.29743812 0.08597482 0.48632219
 0.23143726 0.16630482 0.26009553 0.3421624 
 0.78983934 0.00130265 0.01085541 0.19800261
 0.06079027 0.00825011 0.20017369 0.73078593
 0.01085541 0.07642206 0.7299175  0.18280504
 0.63395571 0.13851498 0.19366044 0.03386887
 0.20364742 0.048198   0.18844985 0.55970473
 0.33130699 0.40208424 0.04385584 0.22275293

MOTIF STvleng_l3_f_41
letter-probability matrix: alength= 4 w= 9 
 0.20185058 0.3550377  0.15867032 0.2844414 
 0.25839616 0.32693626 0.17409184 0.24057574
 0.39924606 0.13502399 0.27210418 0.19362577
 1.50788211e-02 3.42700480e-04 3.42700480e-04 9.84235778e-01
 7.75188485e-01 3.42700480e-04 2.09389993e-01 1.50788211e-02
 5.89102125e-01 3.42700480e-04 4.10212474e-01 3.42700480e-04
 0.04180946 0.29300891 0.06339959 0.60178204
 0.51542152 0.2107608  0.19705278 0.07676491
 0.52638794 0.1425634  0.22823852 0.10281014

MOTIF STvleng_l3_f_42
letter-probability matrix: alength= 4 w= 9 
 0.25786164 0.19061442 0.4523464  0.09917755
 0.08563135 0.36623125 0.17416546 0.37397194
 0.71359458 0.0203193  0.17851959 0.08756652
 0.00387034 0.90469279 0.07740687 0.01403   
 1.12723754e-01 4.35413643e-02 8.43251089e-01 4.83792937e-04
 0.39816159 0.12143203 0.23367199 0.2467344 
 0.78713111 0.11901306 0.08659894 0.00725689
 0.4726657  0.16690856 0.06676343 0.29366231
 0.44702467 0.30333817 0.11272375 0.1369134 

MOTIF STvleng_l3_f_43
letter-probability matrix: alength= 4 w= 9 
 0.43950522 0.18245072 0.31735601 0.06068806
 0.1349053  0.27754155 0.48936993 0.09818322
 3.86548125e-04 5.97603402e-01 3.86548125e-04 4.01623502e-01
 0.08040201 0.77850792 0.12562814 0.01546193
 0.06146115 0.66061075 0.10243525 0.17549285
 0.01662157 0.53498261 0.00270584 0.44568999
 0.25666796 0.34596057 0.30112099 0.09625048
 0.20100503 0.03440278 0.63664476 0.12794743
 0.47854658 0.25434867 0.17665249 0.09045226

MOTIF STvleng_l3_f_44
letter-probability matrix: alength= 4 w= 9 
 0.26478718 0.21614151 0.25870647 0.26036484
 5.52791598e-04 5.52791598e-04 9.95024876e-03 9.88944168e-01
 6.68325041e-01 5.52791598e-04 3.30569375e-01 5.52791598e-04
 6.79380873e-01 2.21116639e-03 3.17855169e-01 5.52791598e-04
 5.52791598e-04 5.52791598e-04 6.63349917e-03 9.92260918e-01
 0.67385296 0.00276396 0.32172471 0.00165837
 6.82144831e-01 5.52791598e-04 3.07352128e-01 9.95024876e-03
 0.2957435  0.19845218 0.26036484 0.24543947
 0.29408513 0.19237148 0.24488668 0.26865672

MOTIF STvleng_l3_f_45
letter-probability matrix: alength= 4 w= 9 
 0.34685673 0.20285088 0.20394737 0.24634503
 0.27850877 0.06323099 0.32200292 0.33625731
 0.05994152 0.09502924 0.10635965 0.73866959
 0.01461988 0.18676901 0.35635965 0.44225146
 0.16739766 0.20504386 0.26461988 0.3629386 
 0.46418129 0.15533626 0.1754386  0.20504386
 6.81652047e-01 5.48245614e-03 3.65497076e-04 3.12500000e-01
 9.50292398e-03 3.65497076e-04 3.01169591e-01 6.88961988e-01
 0.15350877 0.04385965 0.7372076  0.06542398

MOTIF STvleng_l3_f_46
letter-probability matrix: alength= 4 w= 9 
 0.23862375 0.24916759 0.15704772 0.35516093
 0.56215316 0.03163152 0.14150943 0.26470588
 0.46947836 0.26970033 0.18923418 0.07158713
 0.0654828  0.47835738 0.42175361 0.03440622
 0.08046615 0.36348502 0.18479467 0.37125416
 9.03440622e-01 8.32408435e-02 1.27635960e-02 5.54938957e-04
 0.13318535 0.51054384 0.16204218 0.19422863
 0.02164262 0.92563818 0.03773585 0.01498335
 0.09378468 0.14761376 0.33962264 0.41897891

MOTIF STvleng_l3_f_47
letter-probability matrix: alength= 4 w= 9 
 0.12093023 0.13989267 0.26833631 0.47084079
 0.16708408 0.12772809 0.39320215 0.31198569
 0.45831843 0.12772809 0.27513417 0.13881932
 3.57781753e-04 2.14669052e-02 1.03756708e-02 9.67799642e-01
 0.86511628 0.01395349 0.11520572 0.00572451
 0.39713775 0.01502683 0.57889088 0.00894454
 0.43005367 0.16565295 0.35599284 0.04830054
 0.19427549 0.29516995 0.2293381  0.28121646
 0.14025045 0.12593918 0.60715564 0.12665474

MOTIF STvleng_l3_f_48
letter-probability matrix: alength= 4 w= 9 
 0.11856223 0.28540773 0.25536481 0.34066524
 0.00858369 0.19152361 0.00321888 0.79667382
 0.20225322 0.38519313 0.34227468 0.07027897
 0.65987124 0.12607296 0.16845494 0.04560086
 0.12446352 0.07993562 0.57886266 0.2167382 
 0.03433476 0.69742489 0.0472103  0.22103004
 0.05418455 0.00590129 0.8776824  0.06223176
 0.07403433 0.38948498 0.02199571 0.51448498
 0.40450644 0.06008584 0.23873391 0.29667382

MOTIF STvleng_l3_f_49
letter-probability matrix: alength= 4 w= 9 
 0.70463529 0.10959396 0.13007546 0.05569529
 0.38699245 0.02299677 0.10636004 0.48365074
 0.03844772 0.16277398 0.64283148 0.15594682
 0.20661157 0.55515631 0.10204815 0.13618397
 0.16636723 0.55300036 0.01940352 0.26122889
 0.41430111 0.30578512 0.2202659  0.05964786
 0.61911606 0.15522817 0.03269853 0.19295724
 0.33309378 0.19762846 0.06431908 0.40495868
 0.63277039 0.10384477 0.10851599 0.15486885

MOTIF STvleng_l3_f_50
letter-probability matrix: alength= 4 w= 9 
 0.21590106 0.19010601 0.29081272 0.30318021
 0.01448763 0.43533569 0.004947   0.54522968
 0.40141343 0.22120141 0.29293286 0.0844523 
 0.10212014 0.5844523  0.01519435 0.29823322
 0.85512367 0.11236749 0.02756184 0.004947  
 0.05583039 0.01236749 0.18233216 0.74946996
 0.46466431 0.03109541 0.03957597 0.46466431
 1.92932862e-01 3.53356890e-04 7.10247350e-01 9.64664311e-02
 0.39611307 0.24982332 0.12402827 0.23003534

MOTIF STvleng_l3_f_51
letter-probability matrix: alength= 4 w= 9 
 0.05       0.14861111 0.19583333 0.60555556
 0.06111111 0.31944444 0.49444444 0.125     
 0.02361111 0.3125     0.64861111 0.01527778
 0.00138889 0.26527778 0.07638889 0.65694444
 0.04305556 0.33194444 0.20555556 0.41944444
 0.01527778 0.34722222 0.58888889 0.04861111
 0.275      0.0625     0.00416667 0.65833333
 0.51666667 0.11944444 0.0875     0.27638889
 0.14861111 0.32222222 0.16944444 0.35972222

MOTIF STvleng_l3_f_52
letter-probability matrix: alength= 4 w= 9 
 0.31323225 0.14334941 0.30186079 0.24155755
 0.53583735 0.13266713 0.27463818 0.05685734
 0.3080634  0.15368711 0.4827705  0.05547898
 0.00482426 0.16505858 0.59303928 0.23707788
 0.09200551 0.05582357 0.62474156 0.22742936
 3.44589938e-04 3.44589938e-04 3.44589938e-04 9.98966230e-01
 7.11578222e-01 3.44589938e-04 2.87732598e-01 3.44589938e-04
 7.19159201e-01 3.44589938e-04 2.80151620e-01 3.44589938e-04
 0.40282564 0.12060648 0.33390765 0.14266023

MOTIF STvleng_l3_f_53
letter-probability matrix: alength= 4 w= 9 
 0.32983193 0.08998599 0.43452381 0.14565826
 3.50140056e-04 3.50140056e-04 3.50140056e-04 9.98949580e-01
 0.89915966 0.00315126 0.09593838 0.0017507 
 2.57002801e-01 3.50140056e-04 7.40196078e-01 2.45098039e-03
 0.14145658 0.30077031 0.25630252 0.30147059
 0.18277311 0.19187675 0.40896359 0.21638655
 0.27661064 0.1477591  0.27310924 0.30252101
 0.44642857 0.15161064 0.33613445 0.06582633
 0.21498599 0.21113445 0.24264706 0.33123249

MOTIF STvleng_l3_f_54
letter-probability matrix: alength= 4 w= 9 
 0.09931507 0.13013699 0.47465753 0.29589041
 0.06369863 0.00273973 0.05821918 0.87534247
 0.34794521 0.03219178 0.60890411 0.0109589 
 9.53424658e-01 2.39726027e-02 2.19178082e-02 6.84931507e-04
 0.48972603 0.07054795 0.4390411  0.00068493
 0.04383562 0.55205479 0.08219178 0.32191781
 0.53219178 0.07671233 0.08630137 0.30479452
 0.19520548 0.05342466 0.66917808 0.08219178
 0.1260274  0.09383562 0.30547945 0.47465753

MOTIF STvleng_l3_f_55
letter-probability matrix: alength= 4 w= 9 
 0.50734754 0.21124173 0.16017634 0.12123439
 8.41293167e-01 6.24540779e-03 1.52094048e-01 3.67376929e-04
 0.47428361 0.07972079 0.18038207 0.26561352
 0.11829537 0.33504776 0.46289493 0.08376194
 0.50771492 0.0143277  0.41513593 0.06282145
 0.00220426 0.11829537 0.3056576  0.57384276
 0.10213079 0.18809699 0.70609846 0.00367377
 0.16201323 0.14621602 0.42909625 0.2626745 
 0.1752388  0.32108744 0.31116826 0.19250551

MOTIF STvleng_l3_f_56
letter-probability matrix: alength= 4 w= 9 
 0.77909563 0.03113417 0.15381764 0.03595256
 0.5107487  0.10378058 0.10934025 0.27613047
 0.79503336 0.09785026 0.09747961 0.00963677
 0.41363973 0.19792439 0.1237954  0.26464047
 0.15715345 0.0767235  0.21015567 0.55596738
 0.57968866 0.07894737 0.04892513 0.29243884
 0.54781319 0.03187546 0.37546331 0.04484804
 0.14529281 0.06449222 0.67976279 0.11045219
 0.16160119 0.12008895 0.56115641 0.15715345

MOTIF STvleng_l3_f_57
letter-probability matrix: alength= 4 w= 9 
 0.24726277 0.38412409 0.10173358 0.26687956
 0.00319343 0.43111314 0.00364964 0.5620438 
 1.25912409e-01 2.09854015e-01 6.63777372e-01 4.56204380e-04
 0.04060219 0.51231752 0.15784672 0.28923358
 0.02737226 0.23083942 0.22445255 0.51733577
 4.56204380e-04 2.73722628e-01 1.10857664e-01 6.14963504e-01
 0.02509124 0.39872263 0.20118613 0.375     
 0.16468978 0.58166058 0.09717153 0.1564781 
 0.09625912 0.1040146  0.40967153 0.39005474

MOTIF STvleng_l3_f_58
letter-probability matrix: alength= 4 w= 9 
 0.31143635 0.27229408 0.34206943 0.07420014
 0.09972771 0.37202178 0.22464261 0.3036079 
 0.15316542 0.57964602 0.16950306 0.0976855 
 0.03846154 0.73961879 0.19979578 0.02212389
 1.59632403e-01 8.31518039e-01 8.50918993e-03 3.40367597e-04
 1.02791014e-01 8.92443839e-01 3.40367597e-04 4.42477876e-03
 0.04492852 0.91763104 0.00578625 0.03165419
 0.25901974 0.14908101 0.22906739 0.36283186
 0.56228727 0.12355344 0.18958475 0.12457454

MOTIF STvleng_l3_f_59
letter-probability matrix: alength= 4 w= 9 
 0.27670753 0.25394046 0.19614711 0.2732049 
 0.7821366  0.04378284 0.12154116 0.0525394 
 0.23887916 0.20665499 0.08056042 0.47390543
 4.51138354e-01 3.50262697e-04 5.48161121e-01 3.50262697e-04
 0.46654991 0.11593695 0.22136602 0.19614711
 0.39404553 0.13134851 0.15481611 0.31978984
 0.70647986 0.06304729 0.19124343 0.03922942
 0.10928196 0.13345009 0.17793345 0.5793345 
 0.16777583 0.2357268  0.33415061 0.26234676

MOTIF STvleng_l3_f_60
letter-probability matrix: alength= 4 w= 9 
 0.35192812 0.1920629  0.18345189 0.27255709
 0.5627106  0.05316361 0.35305129 0.0310745 
 0.11306627 0.06289779 0.42306252 0.40097342
 0.02096593 0.36203669 0.053538   0.56345938
 0.3837514  0.08760764 0.39348559 0.13515537
 0.20217147 0.02171471 0.27480344 0.50131037
 0.19992512 0.25383751 0.02733059 0.51890678
 0.00561587 0.06327218 0.11007113 0.82104081
 0.66491951 0.12317484 0.16585548 0.04605017

MOTIF STvleng_l3_f_61
letter-probability matrix: alength= 4 w= 9 
 0.38357664 0.08759124 0.4580292  0.07080292
 0.14379562 0.3810219  0.16459854 0.31058394
 0.11788321 0.12226277 0.69343066 0.06642336
 0.32627737 0.51970803 0.0810219  0.0729927 
 2.14233577e-01 3.64963504e-04 7.85036496e-01 3.64963504e-04
 0.32372263 0.4459854  0.00182482 0.22846715
 0.50437956 0.04452555 0.44087591 0.01021898
 0.24124088 0.35       0.31423358 0.09452555
 0.25036496 0.19014599 0.2149635  0.34452555

MOTIF STvleng_l3_f_62
letter-probability matrix: alength= 4 w= 9 
 0.02260934 0.30541142 0.04484804 0.62713121
 0.20978503 0.20237213 0.29799852 0.28984433
 0.43106004 0.12676056 0.20681987 0.23535953
 9.02520385e-01 3.78057821e-02 3.70644922e-04 5.93031875e-02
 3.70644922e-04 3.70644922e-04 9.67383247e-02 9.02520385e-01
 0.00148258 0.06671609 0.91549296 0.01630838
 0.2409192  0.2813195  0.12750185 0.35025945
 0.1493699  0.22757598 0.23498888 0.38806523
 0.2409192  0.1897702  0.23498888 0.33432172

MOTIF STvleng_l3_f_63
letter-probability matrix: alength= 4 w= 9 
 0.29609408 0.21209576 0.1398572  0.35195296
 0.27383452 0.28097438 0.11591768 0.32927341
 0.55270895 0.06845863 0.11801764 0.26081478
 0.19823604 0.17177656 0.20327593 0.42671147
 0.58882822 0.05795884 0.29945401 0.05375892
 1.91516170e-01 4.19991600e-04 2.29735405e-01 5.78328433e-01
 0.07097858 0.14237715 0.57832843 0.20831583
 0.45275094 0.06551869 0.34061319 0.14111718
 0.24821504 0.28685426 0.24821504 0.21671567

MOTIF STvleng_l3_f_64
letter-probability matrix: alength= 4 w= 9 
 0.47148014 0.19097473 0.26173285 0.07581227
 0.18519856 0.47545126 0.2599278  0.07942238
 0.58483755 0.10722022 0.25703971 0.05090253
 0.53140794 0.22021661 0.19963899 0.04873646
 0.4234657  0.37111913 0.1967509  0.00866426
 0.30469314 0.16028881 0.01552347 0.51949458
 0.73212996 0.06750903 0.16823105 0.03212996
 0.24945848 0.40722022 0.11877256 0.22454874
 0.09566787 0.55198556 0.21877256 0.13357401

MOTIF STvleng_l3_f_65
letter-probability matrix: alength= 4 w= 9 
 0.16876918 0.27548585 0.47118991 0.08455506
 3.40947835e-04 2.28775997e-01 4.70508012e-01 3.00375043e-01
 0.00988749 0.44493692 0.47016706 0.07500852
 0.08932833 0.02079782 0.60961473 0.28025912
 0.12956018 0.29185135 0.42754859 0.15103989
 0.25843846 0.15206273 0.35697238 0.23252642
 0.14285714 0.07944085 0.48244119 0.29526083
 0.13296966 0.04398227 0.69723832 0.12580975
 0.04909649 0.42141152 0.2359359  0.29355609

MOTIF STvleng_l3_f_66
letter-probability matrix: alength= 4 w= 9 
 0.16163265 0.18897959 0.25877551 0.39061224
 0.06040816 0.46       0.03183673 0.4477551 
 0.04122449 0.01632653 0.10897959 0.83346939
 3.99183673e-01 1.72653061e-01 4.27755102e-01 4.08163265e-04
 8.69387755e-01 4.08163265e-04 1.10612245e-01 1.95918367e-02
 0.07959184 0.85265306 0.0444898  0.02326531
 0.19387755 0.12897959 0.06816327 0.60897959
 0.25591837 0.27346939 0.16081633 0.30979592
 0.15877551 0.28204082 0.13183673 0.42734694

MOTIF STvleng_l3_f_67
letter-probability matrix: alength= 4 w= 9 
 0.27683811 0.12771833 0.42630307 0.16914049
 0.32965136 0.30686918 0.13496721 0.22851225
 0.0856058  0.80358992 0.02002071 0.09078357
 0.04452882 0.00310666 0.91922679 0.03313773
 0.07490507 0.51846738 0.01656886 0.39005868
 0.00103555 0.06282361 0.77286848 0.16327235
 0.0652399  0.33931653 0.31722472 0.27821885
 0.297204   0.11183983 0.29927511 0.29168105
 0.06351398 0.08698654 0.450466   0.39903348

MOTIF STvleng_l3_f_68
letter-probability matrix: alength= 4 w= 9 
 0.30633932 0.23268597 0.23378527 0.22718945
 0.19567607 0.58079883 0.10333455 0.12019055
 0.16746061 0.40307805 0.2924148  0.13704654
 0.03407842 0.18395016 0.46940271 0.31256871
 0.08208135 0.62990106 0.27262734 0.01539025
 7.32869183e-02 7.18211799e-01 2.08134848e-01 3.66434591e-04
 0.0296812  0.42139978 0.19677538 0.35214364
 0.20703554 0.59728838 0.05276658 0.14290949
 0.07328692 0.52363503 0.165262   0.23781605

MOTIF STvleng_l3_f_69
letter-probability matrix: alength= 4 w= 9 
 0.0633218  0.67612457 0.05467128 0.20588235
 0.47647059 0.01141869 0.20484429 0.30726644
 0.40276817 0.10449827 0.38823529 0.10449827
 6.49480969e-01 3.49826990e-01 3.46020761e-04 3.46020761e-04
 0.1083045  0.1200692  0.09723183 0.67439446
 0.53114187 0.02041522 0.29584775 0.15259516
 3.66089965e-01 6.03460208e-01 3.01038062e-02 3.46020761e-04
 0.46470588 0.32422145 0.13425606 0.07681661
 0.35743945 0.30034602 0.16574394 0.17647059

MOTIF STvleng_l3_f_70
letter-probability matrix: alength= 4 w= 9 
 0.28318948 0.0945335  0.45293876 0.16933827
 0.14919852 0.28771065 0.39005343 0.1730374 
 0.23181258 0.28688861 0.21701603 0.26428278
 0.85326757 0.01808467 0.12248253 0.00616523
 0.17632552 0.00739827 0.00698726 0.80928894
 4.11015208e-04 8.22030415e-03 8.15043157e-01 1.76325524e-01
 0.22400329 0.0785039  0.62597616 0.07151665
 0.19769831 0.07151665 0.20057542 0.53020962
 0.24085491 0.09864365 0.38964242 0.27085902

MOTIF STvleng_l3_f_71
letter-probability matrix: alength= 4 w= 9 
 0.03840925 0.32154997 0.28993882 0.35010197
 0.29945615 0.34568321 0.18048946 0.17437118
 0.07817811 0.20768185 0.09109449 0.62304555
 0.31645139 0.60061183 0.03467029 0.04826649
 0.49184228 0.24609109 0.08327668 0.17878994
 0.52447315 0.15329708 0.24235214 0.07987763
 0.4014276  0.05030591 0.25186948 0.29639701
 0.485724   0.04996601 0.39496941 0.06934058
 0.21923861 0.0703603  0.29265806 0.41774303

MOTIF STvleng_l3_f_72
letter-probability matrix: alength= 4 w= 9 
 0.19428571 0.12268908 0.3707563  0.31226891
 0.19865546 0.27630252 0.07966387 0.44537815
 3.36134454e-04 1.29747899e-01 7.28403361e-01 1.41512605e-01
 4.97478992e-02 3.36134454e-04 9.49579832e-01 3.36134454e-04
 0.11529412 0.11462185 0.66857143 0.10151261
 0.00672269 0.37613445 0.21243697 0.40470588
 0.19462185 0.10420168 0.66453782 0.03663866
 0.1092437  0.22689076 0.43966387 0.22420168
 0.3210084  0.1912605  0.33848739 0.1492437 

MOTIF STvleng_l3_f_73
letter-probability matrix: alength= 4 w= 9 
 0.40961462 0.14183552 0.4390147  0.00953516
 0.19745729 0.35081446 0.29479539 0.15693286
 0.05880016 0.121176   0.22169249 0.59833135
 0.30830354 0.12554629 0.56376639 0.00238379
 0.01748113 0.17600318 0.51489869 0.291617  
 0.15335717 0.30075487 0.54310687 0.00278109
 0.00635677 0.07906238 0.73500199 0.17957886
 0.19308701 0.47000397 0.28764402 0.049265  
 0.12872467 0.2431466  0.41597139 0.21215733

MOTIF STvleng_l3_f_74
letter-probability matrix: alength= 4 w= 9 
 0.23163445 0.21898067 0.21230228 0.3370826 
 0.58769772 0.06467487 0.2913884  0.05623902
 0.36625659 0.04112478 0.09666081 0.49595782
 0.05483304 0.06467487 0.46608084 0.41441125
 0.30052724 0.19050967 0.32267135 0.18629174
 0.07732865 0.15079086 0.12794376 0.64393673
 0.2629174  0.06467487 0.55782074 0.11458699
 0.02144112 0.00667838 0.53356766 0.43831283
 0.30228471 0.2797891  0.13567663 0.28224956

MOTIF STvleng_l3_f_75
letter-probability matrix: alength= 4 w= 9 
 0.22152778 0.22708333 0.23958333 0.31180556
 0.38472222 0.40520833 0.05       0.16006944
 0.38020833 0.00451389 0.54166667 0.07361111
 3.47222222e-04 1.13194444e-01 3.23611111e-01 5.62847222e-01
 0.01527778 0.10694444 0.75       0.12777778
 0.03993056 0.38229167 0.12083333 0.45694444
 0.49201389 0.07256944 0.01979167 0.415625  
 0.3      0.4625   0.046875 0.190625
 0.19513889 0.11111111 0.31875    0.375     

MOTIF STvleng_l3_f_76
letter-probability matrix: alength= 4 w= 9 
 0.25575101 0.18876861 0.46177267 0.09370771
 0.4052774  0.35351827 0.19113667 0.05006766
 0.50033829 0.3244249  0.15324763 0.02198917
 0.2232747  0.01928281 0.36874154 0.38870095
 0.0064276  0.01150203 0.29769959 0.68437077
 0.26589986 0.06292287 0.53755074 0.13362652
 0.04127199 0.03721245 0.06292287 0.85859269
 0.30311231 0.20500677 0.1759134  0.31596752
 1.33288227e-01 6.00811908e-01 3.38294993e-04 2.65561570e-01

MOTIF STvleng_l3_f_77
letter-probability matrix: alength= 4 w= 9 
 0.49760766 0.16678059 0.14149009 0.19412167
 0.2696514  0.43814081 0.20334928 0.08885851
 0.02187286 0.43984962 0.39131921 0.1469583 
 0.00102529 0.10560492 0.08817498 0.80519481
 0.11107314 0.13362953 0.38790157 0.36739576
 0.04442925 0.2809296  0.10355434 0.57108681
 0.36431989 0.10150376 0.10697198 0.42720437
 0.31954887 0.30075188 0.04647984 0.33321941
 0.02768284 0.23718387 0.31203008 0.42310321

MOTIF STvleng_l3_f_78
letter-probability matrix: alength= 4 w= 9 
 0.29350927 0.18723252 0.33309558 0.18616262
 0.2275321  0.11733238 0.32988588 0.32524964
 0.34985735 0.13801712 0.17902996 0.33309558
 6.63338088e-01 3.56633381e-04 3.35948645e-01 3.56633381e-04
 0.29921541 0.02389444 0.29564907 0.38124108
 0.12874465 0.26141227 0.45649073 0.15335235
 4.50071327e-01 2.01141227e-01 3.48430813e-01 3.56633381e-04
 0.02175464 0.03708987 0.25392297 0.68723252
 0.07845934 0.08808845 0.7403709  0.09308131

MOTIF STvleng_l3_f_79
letter-probability matrix: alength= 4 w= 9 
 0.12173593 0.20779698 0.24751747 0.42294961
 0.2199338  0.34166973 0.20779698 0.23059949
 0.09121    0.58698051 0.12063259 0.2011769 
 0.17065097 0.02353807 0.27841118 0.52739978
 5.38433248e-01 3.67782273e-04 3.66311144e-01 9.48878264e-02
 2.08532549e-01 7.66458257e-01 3.67782273e-04 2.46414123e-02
 0.25009195 0.13424053 0.52923869 0.08642883
 0.21478485 0.03677823 0.12798823 0.62044869
 0.54247885 0.11143803 0.05590291 0.29018021

MOTIF STvleng_l3_f_80
letter-probability matrix: alength= 4 w= 9 
 0.1257515  0.10971944 0.05611222 0.70841683
 0.20541082 0.14328657 0.14829659 0.50300601
 0.15781563 0.06563126 0.35621242 0.42034068
 9.98496994e-01 5.01002004e-04 5.01002004e-04 5.01002004e-04
 5.01002004e-04 5.01002004e-04 5.01002004e-04 9.98496994e-01
 5.01002004e-04 5.01002004e-04 9.98496994e-01 5.01002004e-04
 0.16382766 0.21993988 0.21442886 0.40180361
 0.20440882 0.1503006  0.39128257 0.25400802
 0.31412826 0.26402806 0.13927856 0.28256513

MOTIF STvleng_l3_f_81
letter-probability matrix: alength= 4 w= 9 
 0.25711312 0.21096461 0.28730049 0.24462179
 0.00520472 0.29736294 0.01249133 0.68494101
 0.69882026 0.03053435 0.14607911 0.12456627
 0.14642609 0.03400416 0.72345593 0.09611381
 0.06072172 0.17487856 0.36502429 0.39937543
