MEME version 5.3.0

ALPHABET= ACGT

strands: + -

Background letter frequencies
A 0.25 C 0.25 G 0.25 T 0.25

MOTIF STvleng_l3_f_0
letter-probability matrix: alength= 4 w= 9 
 0.60798548 0.07586207 0.16442831 0.15172414
 0.20980036 0.03956443 0.4384755  0.31215971
 0.03012704 0.06932849 0.09147005 0.80907441
 7.99637024e-01 1.99637024e-01 3.62976407e-04 3.62976407e-04
 3.62976407e-04 3.62976407e-04 9.98911071e-01 3.62976407e-04
 0.20072595 0.04210526 0.49364791 0.26352087
 0.13466425 0.30018149 0.35970962 0.20544465
 0.11651543 0.33829401 0.2199637  0.32522686
 0.46969147 0.30453721 0.14337568 0.08239564

MOTIF STvleng_l3_f_1
letter-probability matrix: alength= 4 w= 9 
 0.35877863 0.30152672 0.15458015 0.1851145 
 0.72709924 0.19656489 0.07442748 0.0019084 
 0.89694656 0.0019084  0.0019084  0.09923664
 0.75381679 0.20610687 0.0019084  0.03816794
 0.33587786 0.65839695 0.00381679 0.0019084 
 0.99427481 0.0019084  0.0019084  0.0019084 
 0.99236641 0.0019084  0.00381679 0.0019084 
 0.13358779 0.04580153 0.38549618 0.4351145 
 0.0019084  0.52862595 0.21946565 0.25      

MOTIF STvleng_l3_f_2
letter-probability matrix: alength= 4 w= 9 
 0.0578203  0.46297837 0.26747088 0.21173045
 4.15973378e-04 7.98668885e-01 1.96339434e-01 4.57570715e-03
 4.15973378e-04 4.86272879e-01 5.05823627e-01 7.48752080e-03
 4.15973378e-04 9.64226290e-01 3.49417637e-02 4.15973378e-04
 4.15973378e-04 9.98752080e-01 4.15973378e-04 4.15973378e-04
 0.03202995 0.38560732 0.26830283 0.3140599 
 0.11189684 0.43760399 0.27412646 0.17637271
 0.09442596 0.22254576 0.61522463 0.06780366
 0.10648918 0.19800333 0.38144759 0.3140599 

MOTIF STvleng_l3_f_3
letter-probability matrix: alength= 4 w= 9 
 0.01835564 0.23556405 0.20497132 0.54110899
 0.05047801 0.1793499  0.04627151 0.72390057
 0.07533461 0.26156788 0.36175908 0.30133843
 0.15908222 0.35793499 0.10478011 0.37820268
 0.31778203 0.04015296 0.08680688 0.55525813
 1.16252390e-01 3.82409178e-04 6.61567878e-02 8.17208413e-01
 0.7124283  0.11625239 0.1334608  0.03785851
 2.05353728e-01 3.82409178e-04 6.47418738e-01 1.46845124e-01
 0.28795411 0.18623327 0.31969407 0.20611855

MOTIF STvleng_l3_f_4
letter-probability matrix: alength= 4 w= 9 
 0.29064039 0.07980296 0.20492611 0.42463054
 0.12216749 0.08768473 0.00394089 0.7862069 
 0.62463054 0.24334975 0.10935961 0.0226601 
 0.94384236 0.0453202  0.00985222 0.00098522
 0.72315271 0.00098522 0.12413793 0.15172414
 0.73399015 0.00098522 0.26108374 0.00394089
 0.16551724 0.33793103 0.32216749 0.17438424
 0.42660099 0.13694581 0.11034483 0.32610837
 0.00985222 0.04039409 0.57536946 0.37438424

MOTIF STvleng_l3_f_5
letter-probability matrix: alength= 4 w= 9 
 0.16990788 0.21119072 0.26987376 0.34902764
 0.18730809 0.15080177 0.10883657 0.55305357
 0.48549983 0.06243603 0.34868646 0.10337769
 0.38928693 0.10542477 0.39781644 0.10747185
 0.00307062 0.01296486 0.01160014 0.97236438
 0.64619584 0.00443535 0.34663937 0.00272944
 5.46571136e-01 3.41180484e-04 4.52746503e-01 3.41180484e-04
 0.09075401 0.09484817 0.66052542 0.1538724 
 0.0682361  0.13408393 0.47492323 0.32275674

MOTIF STvleng_l3_f_6
letter-probability matrix: alength= 4 w= 9 
 0.07833451 0.400494   0.17184192 0.34932957
 0.51129146 0.23041637 0.17642908 0.08186309
 0.0885674  0.13514467 0.44954128 0.32674665
 0.1365561  0.65067043 0.10021171 0.11256175
 3.52858151e-04 3.52858151e-04 3.52858151e-04 9.98941426e-01
 7.87579393e-01 3.52858151e-04 2.11714891e-01 3.52858151e-04
 5.50458716e-01 3.52858151e-04 4.48835568e-01 3.52858151e-04
 0.1534933  0.450247   0.12385321 0.27240649
 0.23817925 0.23288638 0.31721948 0.21171489

MOTIF STvleng_l3_f_7
letter-probability matrix: alength= 4 w= 9 
 0.70824053 0.0155902  0.22717149 0.04899777
 0.00222717 0.0155902  0.04454343 0.9376392 
 0.16926503 0.20712695 0.56347439 0.06013363
 0.48552339 0.00222717 0.51002227 0.00222717
 0.77728285 0.00222717 0.07349666 0.14699332
 0.44988864 0.02895323 0.48329621 0.03786192
 0.34075724 0.12249443 0.53452116 0.00222717
 0.66592428 0.1714922  0.11581292 0.0467706 
 0.01781737 0.04899777 0.26057906 0.67260579

MOTIF STvleng_l3_f_8
letter-probability matrix: alength= 4 w= 9 
 0.0392555  0.37732657 0.0108291  0.57258883
 0.2358714  0.00169205 0.70761421 0.05482234
 0.02301184 0.3786802  0.40642978 0.19187817
 0.08866328 0.06294416 0.13401015 0.7143824 
 0.2284264  0.27681895 0.02301184 0.47174281
 0.35668359 0.00913706 0.3786802  0.25549915
 0.19560068 0.26565144 0.03891709 0.4998308 
 0.08663283 0.41861252 0.24365482 0.25109983
 0.18781726 0.33265651 0.37664975 0.10287648

MOTIF STvleng_l3_f_9
letter-probability matrix: alength= 4 w= 9 
 0.13340935 0.16191562 0.30843786 0.39623717
 0.14082098 0.58893957 0.03306727 0.23717218
 0.05245154 0.24230331 0.51026226 0.1949829 
 0.09692132 0.0718358  0.65450399 0.17673888
 0.05929304 0.45553022 0.30843786 0.17673888
 5.70125428e-04 5.70125428e-04 5.70125428e-04 9.98289624e-01
 0.4618016  0.00057013 0.53705815 0.00057013
 9.77765108e-01 5.70125428e-04 2.10946408e-02 5.70125428e-04
 0.32554162 0.23831243 0.20296465 0.2331813 

MOTIF STvleng_l3_f_10
letter-probability matrix: alength= 4 w= 9 
 0.55681818 0.08092287 0.14703857 0.21522039
 0.14979339 0.04683196 0.5857438  0.21763085
 0.01515152 0.45971074 0.08746556 0.43767218
 0.2165978  0.02548209 0.75378788 0.00413223
 0.11742424 0.10227273 0.17286501 0.60743802
 0.04545455 0.04028926 0.11535813 0.79889807
 0.41873278 0.36260331 0.13842975 0.08023416
 0.20695592 0.44524793 0.19559229 0.15220386
 0.6184573  0.17320937 0.04338843 0.1649449 

MOTIF STvleng_l3_f_11
letter-probability matrix: alength= 4 w= 9 
 0.83390265 0.01537148 0.14133219 0.00939368
 0.21605465 0.1883006  0.14859095 0.4470538 
 0.24551665 0.11827498 0.43552519 0.20068318
 0.76046114 0.02006832 0.09479078 0.12467976
 0.07429547 0.04013664 0.11571307 0.76985482
 0.0204953  0.00384287 0.81938514 0.15627669
 0.24167378 0.1853117  0.29077711 0.2822374 
 0.28864219 0.38471392 0.22886422 0.09777968
 0.29205807 0.24978651 0.22672929 0.23142613

MOTIF STvleng_l3_f_12
letter-probability matrix: alength= 4 w= 9 
 0.06391753 0.13264605 0.39450172 0.40893471
 0.08728522 0.09725086 0.5024055  0.31305842
 7.52920962e-01 1.35395189e-01 1.11340206e-01 3.43642612e-04
 0.2233677  0.02920962 0.27628866 0.47113402
 0.00171821 0.17319588 0.66941581 0.1556701 
 0.23092784 0.30343643 0.36701031 0.09862543
 0.15189003 0.41890034 0.06185567 0.36735395
 0.02199313 0.37285223 0.26219931 0.34295533
 0.19896907 0.6838488  0.03161512 0.08556701

MOTIF STvleng_l3_f_13
letter-probability matrix: alength= 4 w= 9 
 0.20313032 0.0571623  0.65294318 0.08676421
 0.06124532 0.08063967 0.67710105 0.18101395
 0.04083021 0.66451174 0.00374277 0.29091528
 0.35726438 0.14698877 0.32494046 0.1708064 
 3.40251786e-04 9.39094930e-02 1.86457979e-01 7.19292276e-01
 0.1326982  0.23443348 0.00510378 0.62776455
 0.09152773 0.04014971 0.57740728 0.29091528
 0.03470568 0.20823409 0.48315754 0.27390269
 0.27730521 0.27424294 0.16195985 0.286492  

MOTIF STvleng_l3_f_14
letter-probability matrix: alength= 4 w= 9 
 0.31233244 0.15382038 0.39209115 0.14175603
 0.13036193 0.24363271 0.34819035 0.27781501
 3.35120643e-04 3.35120643e-04 4.02144772e-03 9.95308311e-01
 3.94436997e-01 3.35120643e-04 6.04892761e-01 3.35120643e-04
 9.53418231e-01 3.35120643e-04 4.22252011e-02 4.02144772e-03
 0.38907507 0.3327748  0.21447721 0.06367292
 0.02882038 0.34752011 0.57540214 0.04825737
 0.03987936 0.09215818 0.4594504  0.40851206
 0.21012064 0.17057641 0.43297587 0.18632708

MOTIF STvleng_l3_f_15
letter-probability matrix: alength= 4 w= 9 
 0.67047532 0.02102377 0.27787934 0.03062157
 0.67915905 0.13299817 0.12659963 0.06124314
 0.15447898 0.52285192 0.22440585 0.09826325
 0.01416819 0.53290676 0.16864717 0.28427788
 3.65630713e-02 4.57038391e-04 7.71480804e-01 1.91499086e-01
 0.54067642 0.16819013 0.03427788 0.25685558
 2.89305302e-01 2.28519196e-03 7.07952468e-01 4.57038391e-04
 0.44789762 0.01645338 0.33409506 0.20155393
 0.13848263 0.37111517 0.22166362 0.26873857

MOTIF STvleng_l3_f_16
letter-probability matrix: alength= 4 w= 9 
 0.25977011 0.1954023  0.16873563 0.37609195
 0.64551724 0.10022989 0.08643678 0.16781609
 4.59770115e-04 4.59770115e-04 4.59770115e-04 9.98620690e-01
 3.42068966e-01 4.59770115e-04 6.57011494e-01 4.59770115e-04
 8.53333333e-01 4.59770115e-04 1.45747126e-01 4.59770115e-04
 0.18068966 0.09103448 0.29333333 0.43494253
 0.15862069 0.28183908 0.10850575 0.45103448
 0.29149425 0.1291954  0.22390805 0.3554023 
 0.12873563 0.36551724 0.21931034 0.28643678

MOTIF STvleng_l3_f_17
letter-probability matrix: alength= 4 w= 9 
 0.40797987 0.143422   0.2627606  0.18583753
 0.31056794 0.26671459 0.07189073 0.35082674
 0.13838965 0.14953271 0.08662832 0.62544932
 0.42774982 0.07512581 0.37347232 0.12365205
 0.59237958 0.13012221 0.04205607 0.23544213
 0.00934579 0.05607477 0.27570093 0.6588785 
 0.26851186 0.108555   0.57836089 0.04457225
 0.3759885  0.41121495 0.04529116 0.16750539
 0.42271747 0.07656362 0.32925953 0.17145938

MOTIF STvleng_l3_f_18
letter-probability matrix: alength= 4 w= 9 
 0.20061412 0.44865234 0.30330945 0.04742409
 0.16547253 0.27669737 0.36813374 0.18969635
 0.20129649 0.31047424 0.47389969 0.01432958
 3.41180484e-04 9.83623337e-01 9.89423405e-03 6.14124872e-03
 0.00204708 0.09382463 0.06960082 0.83452747
 0.3268509  0.03445923 0.55100648 0.08768338
 0.13135449 0.43636984 0.40293415 0.02934152
 0.40259297 0.34356875 0.19344933 0.06038895
 0.46605254 0.19344933 0.24633231 0.09416581

MOTIF STvleng_l3_f_19
letter-probability matrix: alength= 4 w= 9 
 0.30672554 0.26834239 0.25577446 0.16915761
 0.20244565 0.2357337  0.27887228 0.28294837
 0.1576087 0.2408288 0.2421875 0.359375 
 0.12092391 0.00441576 0.06419837 0.81046196
 7.35733696e-01 3.39673913e-04 2.59171196e-01 4.75543478e-03
 0.40896739 0.06283967 0.46399457 0.06419837
 0.00475543 0.13213315 0.1888587  0.67425272
 0.5794837  0.08525815 0.25679348 0.07846467
 0.48811141 0.15455163 0.30774457 0.04959239

MOTIF STvleng_l3_f_20
letter-probability matrix: alength= 4 w= 9 
 0.35923936 0.27077305 0.14427449 0.2257131 
 0.60190161 0.00330715 0.25547747 0.13931377
 0.32616784 0.14220752 0.25382389 0.27780074
 0.31583299 0.24803638 0.33608929 0.10004134
 0.93757751 0.00289376 0.03803224 0.02149649
 0.02521703 0.00165358 0.02149649 0.95163291
 0.01446879 0.00454733 0.93633733 0.04464655
 0.17982637 0.06696982 0.48036379 0.27284002
 0.33856966 0.26663911 0.22405953 0.17073171

MOTIF STvleng_l3_f_21
letter-probability matrix: alength= 4 w= 9 
 0.69741824 0.07332186 0.16213425 0.06712565
 0.04130809 0.14526678 0.02857143 0.7848537 
 0.88192771 0.03304647 0.0777969  0.00722892
 6.01376936e-01 1.06712565e-02 3.87607573e-01 3.44234079e-04
 0.10499139 0.43407917 0.14457831 0.31635112
 0.14836489 0.20688468 0.47814114 0.16660929
 0.30189329 0.32736661 0.21549053 0.15524957
 0.18726334 0.38037866 0.08881239 0.34354561
 0.16110155 0.13803787 0.54457831 0.15628227

MOTIF STvleng_l3_f_22
letter-probability matrix: alength= 4 w= 9 
 0.32127352 0.34081042 0.25470333 0.08321274
 0.84081042 0.0984081  0.0589725  0.00180897
 0.58176556 0.09442836 0.25904486 0.06476122
 0.0459479  0.30354559 0.37373372 0.27677279
 0.18777135 0.34949349 0.19681621 0.26591896
 0.2434877  0.44971056 0.14290883 0.16389291
 0.03437048 0.0589725  0.84370478 0.06295224
 0.05535456 0.07850941 0.33502171 0.53111433
 0.302822   0.1711288  0.33031838 0.19573082

MOTIF STvleng_l3_f_23
letter-probability matrix: alength= 4 w= 9 
 0.07640297 0.40703178 0.00067613 0.51588911
 0.51926978 0.05544287 0.38945233 0.03583502
 0.00473293 0.43272481 0.29885057 0.26369168
 0.53346856 0.10480054 0.34617985 0.01555105
 0.27789047 0.63083164 0.01284652 0.07843137
 0.0270453  0.35158891 0.53887762 0.08248817
 0.40500338 0.47058824 0.11156187 0.01284652
 0.16024341 0.10344828 0.11764706 0.61866126
 0.59837728 0.14469236 0.15753888 0.09939148

MOTIF STvleng_l3_f_24
letter-probability matrix: alength= 4 w= 9 
 0.3925104  0.10852982 0.18065187 0.31830791
 0.0409154  0.07975035 0.58356449 0.29576976
 0.02704577 0.38176144 0.11927878 0.47191401
 3.46740638e-04 1.31761442e-02 3.69625520e-01 6.16851595e-01
 0.35610264 0.04126214 0.46289875 0.13973648
 8.21775312e-02 6.24133148e-03 9.11234397e-01 3.46740638e-04
 2.16019417e-01 4.87170596e-01 2.96463245e-01 3.46740638e-04
 0.07108183 0.05963939 0.7167129  0.15256588
 0.06449376 0.2482663  0.36061026 0.32662968

MOTIF STvleng_l3_f_25
letter-probability matrix: alength= 4 w= 9 
 0.1190803  0.24845573 0.608442   0.02402196
 0.0353466  0.31022649 0.57755662 0.07687028
 3.43170899e-04 6.27659574e-01 3.50720659e-01 2.12765957e-02
 0.00308854 0.28448868 0.69560741 0.01681537
 0.31949211 0.40837337 0.24502402 0.0271105 
 0.00960879 0.98627316 0.00308854 0.00102951
 0.20247083 0.08339053 0.68119423 0.03294441
 0.25737817 0.13383665 0.37645848 0.2323267 
 0.37062457 0.25428964 0.23678792 0.13829787

MOTIF STvleng_l3_f_26
letter-probability matrix: alength= 4 w= 9 
 0.1834404  0.47858672 0.18486795 0.15310493
 0.78015703 0.16024268 0.00463954 0.05496074
 0.04603854 0.11456103 0.28087081 0.55852962
 0.04211278 0.90756602 0.01427552 0.03604568
 0.03461813 0.81120628 0.05531763 0.09885796
 0.22733762 0.31441827 0.18665239 0.27159172
 0.60242684 0.14097074 0.25481799 0.00178444
 0.34225553 0.03461813 0.33618844 0.2869379 
 0.35082084 0.20021413 0.3697359  0.07922912

MOTIF STvleng_l3_f_27
letter-probability matrix: alength= 4 w= 9 
 0.1690682  0.29971182 0.47934678 0.0518732 
 0.00576369 0.28338136 0.58597502 0.12487992
 0.00192123 0.42459174 0.0518732  0.52161383
 0.00096061 0.2401537  0.08165226 0.67723343
 0.11623439 0.00480307 0.27857829 0.60038425
 0.36311239 0.34486071 0.05763689 0.23439001
 0.77713737 0.00288184 0.12295869 0.09702209
 0.1364073  0.74735831 0.09510086 0.02113353
 0.23054755 0.38520653 0.34774256 0.03650336

MOTIF STvleng_l3_f_28
letter-probability matrix: alength= 4 w= 9 
 0.29004548 0.2390096  0.29004548 0.18089944
 0.44567964 0.3451238  0.08539666 0.1237999 
 0.2299141  0.21172309 0.06518444 0.49317837
 0.82769075 0.0262759  0.10005053 0.04598282
 0.13542193 0.04547751 0.62051541 0.19858514
 0.01819101 0.10459828 0.66144517 0.21576554
 5.61899949e-01 1.66750884e-01 2.70843861e-01 5.05305710e-04
 0.12076806 0.48762001 0.05811016 0.33350177
 0.04850935 0.53815058 0.05608893 0.35725114

MOTIF STvleng_l3_f_29
letter-probability matrix: alength= 4 w= 9 
 0.17706422 0.11422018 0.33211009 0.3766055 
 4.58715596e-04 2.38532110e-02 2.75229358e-03 9.72935780e-01
 0.08944954 0.09220183 0.02385321 0.79449541
 4.26605505e-02 4.58715596e-04 6.03669725e-01 3.53211009e-01
 0.00045872 0.16834862 0.41146789 0.41972477
 0.06559633 0.00458716 0.00688073 0.92293578
 0.02018349 0.08486239 0.0853211  0.80963303
 0.33990826 0.23807339 0.31009174 0.11192661
 0.29908257 0.15688073 0.1412844  0.40275229

MOTIF STvleng_l3_f_30
letter-probability matrix: alength= 4 w= 9 
 0.49811479 0.06116464 0.38667784 0.05404273
 0.21407625 0.130708   0.32174277 0.33347298
 0.2450775  0.21617093 0.31126938 0.2274822 
 8.17762882e-01 4.18935903e-04 1.81399246e-01 4.18935903e-04
 0.10515291 0.09509845 0.03519062 0.76455802
 0.04440721 0.06828655 0.8156682  0.07163804
 0.35190616 0.04105572 0.37117721 0.23586091
 0.17134478 0.15542522 0.14746544 0.52576456
 0.13573523 0.09928781 0.59656473 0.16841223

MOTIF STvleng_l3_f_31
letter-probability matrix: alength= 4 w= 9 
 0.34069887 0.13052415 0.32374101 0.20503597
 5.13874615e-04 5.13874615e-04 7.70811922e-03 9.91264132e-01
 8.34018499e-01 5.13874615e-04 1.62898253e-01 2.56937307e-03
 0.5971223  0.00513875 0.2389517  0.15878726
 0.48561151 0.28314491 0.00051387 0.2307297 
 0.01541624 0.35149024 0.33761562 0.2954779 
 0.12281603 0.11510791 0.19321686 0.5688592 
 0.59301131 0.20195272 0.11716341 0.08787256
 0.28520041 0.29445015 0.18499486 0.23535457

MOTIF STvleng_l3_f_32
letter-probability matrix: alength= 4 w= 9 
 0.17628583 0.17628583 0.29799764 0.3494307 
 0.11425206 0.38633687 0.17903416 0.32037691
 3.92618767e-04 4.63290145e-02 9.46211229e-01 7.06713781e-03
 3.92618767e-04 6.28190027e-03 3.92618767e-04 9.92932862e-01
 0.00903023 0.00431881 0.84923439 0.13741657
 7.85237534e-04 5.69297212e-02 9.23831959e-01 1.84530821e-02
 0.37534354 0.11935611 0.31291716 0.1923832 
 0.24656459 0.18688653 0.40204162 0.16450726
 0.08244994 0.15312132 0.38358854 0.3808402 

MOTIF STvleng_l3_f_34
letter-probability matrix: alength= 4 w= 9 
 0.16572438 0.30706714 0.22968198 0.2975265 
 0.23780919 0.26925795 0.06289753 0.43003534
 0.42438163 0.20530035 0.2844523  0.08586572
 0.76289753 0.09010601 0.08727915 0.05971731
 1.77385159e-01 3.53356890e-04 5.93639576e-02 7.62897527e-01
 0.05865724 0.00106007 0.76289753 0.17738516
 0.02791519 0.21130742 0.43250883 0.32826855
 0.14416961 0.21095406 0.2869258  0.35795053
 0.2540636  0.16925795 0.2590106  0.31766784

MOTIF STvleng_l3_f_35
letter-probability matrix: alength= 4 w= 9 
 0.25804094 0.20102339 0.13194444 0.40899123
 0.5124269  0.24415205 0.08077485 0.1626462 
 0.14766082 0.07383041 0.23245614 0.54605263
 0.09429825 0.15241228 0.05226608 0.70102339
 3.65497076e-04 5.44590643e-02 9.86842105e-03 9.35307018e-01
 0.31103801 0.06834795 0.01900585 0.60160819
 0.01644737 0.15862573 0.6999269  0.125     
 0.0248538  0.12097953 0.19517544 0.65899123
 0.04532164 0.19371345 0.69188596 0.06907895

MOTIF STvleng_l3_f_36
letter-probability matrix: alength= 4 w= 9 
 0.00603824 0.12579671 0.22542771 0.64273734
 0.00905736 0.01476015 0.34149614 0.63468635
 0.19255283 0.19456558 0.39147937 0.22140221
 0.15330426 0.50922509 0.04998323 0.28748742
 0.56021469 0.01845018 0.25192888 0.16940624
 0.1975847  0.37504193 0.16068433 0.26668903
 0.24354244 0.52834619 0.11539752 0.11271385
 0.5202952  0.28648105 0.06541429 0.12780946
 0.18081181 0.1657162  0.33981885 0.31365314

MOTIF STvleng_l3_f_37
letter-probability matrix: alength= 4 w= 9 
 0.13031387 0.30472785 0.18514104 0.37981724
 0.29837108 0.06475963 0.20143027 0.43543901
 0.17441398 0.268971   0.03734605 0.51926897
 0.14342471 0.03535956 0.8041319  0.01708383
 0.00397298 0.35955503 0.04489472 0.59157727
 0.07469209 0.06436234 0.64441796 0.21652761
 0.55621772 0.08104887 0.0007946  0.36193882
 0.21454112 0.08621375 0.41994438 0.27930075
 0.30353596 0.06992451 0.04608661 0.58045292

MOTIF STvleng_l3_f_38
letter-probability matrix: alength= 4 w= 9 
 0.59406632 0.08656195 0.16998255 0.14938918
 0.95532286 0.01954625 0.0069808  0.01815009
 0.36614311 0.39406632 0.1078534  0.13193717
 0.08691099 0.54799302 0.32460733 0.04048866
 0.42617801 0.02862129 0.08272251 0.46247818
 0.35532286 0.01116928 0.39022688 0.24328098
 0.43246073 0.09947644 0.46701571 0.00104712
 0.07085515 0.36579407 0.54310646 0.02024433
 0.23420593 0.19022688 0.47923211 0.09633508

MOTIF STvleng_l3_f_39
letter-probability matrix: alength= 4 w= 9 
 0.23602694 0.16531987 0.26430976 0.33434343
 0.12727273 0.09393939 0.07373737 0.70505051
 0.04882155 0.08552189 0.22390572 0.64175084
 2.02020202e-02 3.36700337e-04 3.36700337e-04 9.79124579e-01
 7.38720539e-01 3.36700337e-04 1.18518519e-01 1.42424242e-01
 0.43434343 0.00606061 0.48316498 0.07643098
 0.03434343 0.06700337 0.14949495 0.74915825
 0.41346801 0.04747475 0.23468013 0.3043771 
 0.41447811 0.11111111 0.27104377 0.203367  

MOTIF STvleng_l3_f_40
letter-probability matrix: alength= 4 w= 9 
 0.89202899 0.00289855 0.10362319 0.00144928
 0.16956522 0.0173913  0.63768116 0.17536232
 0.10797101 0.04782609 0.82101449 0.02318841
 0.84347826 0.14202899 0.00797101 0.00652174
 0.25942029 0.05942029 0.24927536 0.43188406
 0.28913043 0.11594203 0.00072464 0.5942029 
 0.32536232 0.31449275 0.02536232 0.33478261
 0.25797101 0.21304348 0.01884058 0.51014493
 0.55724638 0.07971014 0.17681159 0.18623188

MOTIF STvleng_l3_f_41
letter-probability matrix: alength= 4 w= 9 
 0.62663006 0.07481126 0.20315717 0.09540151
 0.054221   0.05147563 0.02402196 0.8702814 
 0.40082361 0.02745367 0.56760467 0.00411805
 9.89018531e-01 6.86341798e-04 9.60878518e-03 6.86341798e-04
 0.36101579 0.06520247 0.18119423 0.39258751
 0.35758408 0.04804393 0.54289636 0.05147563
 0.2759094  0.2299245  0.26355525 0.23061084
 0.33218943 0.27522306 0.23198353 0.16060398
 0.22580645 0.0754976  0.44955388 0.24914207

MOTIF STvleng_l3_f_42
letter-probability matrix: alength= 4 w= 9 
 0.52139535 0.12093023 0.25209302 0.1055814 
 0.03953488 0.22511628 0.38418605 0.35116279
 0.09813953 0.06325581 0.0544186  0.78418605
 0.09534884 0.02604651 0.20790698 0.67069767
 0.31395349 0.05906977 0.20093023 0.42604651
 2.60465116e-01 9.30232558e-02 4.65116279e-04 6.46046512e-01
 7.85116279e-01 4.65116279e-04 8.88372093e-02 1.25581395e-01
 0.41953488 0.01395349 0.50651163 0.06      
 0.25162791 0.13302326 0.43069767 0.18465116

MOTIF STvleng_l3_f_43
letter-probability matrix: alength= 4 w= 9 
 0.43285664 0.14056505 0.1981165  0.22846181
 0.48447855 0.06801535 0.02964772 0.41785839
 0.07010813 0.01395187 0.22043948 0.69550052
 0.05127311 0.06069062 0.52807813 0.35995814
 0.05127311 0.13324032 0.47366585 0.34182072
 0.3024067  0.17579351 0.21067318 0.31112661
 0.13254273 0.14300663 0.07499128 0.64945937
 0.30938263 0.36135333 0.11998605 0.20927799
 0.41750959 0.11126613 0.19358214 0.27764213

MOTIF STvleng_l3_f_44
letter-probability matrix: alength= 4 w= 9 
 0.45956192 0.15417018 0.27759056 0.10867734
 0.38963774 0.07329402 0.51053075 0.02653749
 0.00884583 0.73925864 0.02653749 0.22535805
 0.04591407 0.26242628 0.00589722 0.68576243
 0.29696714 0.48862679 0.02906487 0.1853412 
 0.00379107 0.84161752 0.04085931 0.1137321 
 2.83066554e-01 6.74810447e-01 4.21229992e-04 4.17017692e-02
 0.24978939 0.50800337 0.08256108 0.15964617
 0.35888795 0.25863521 0.20429655 0.17818029

MOTIF STvleng_l3_f_45
letter-probability matrix: alength= 4 w= 9 
 0.96535797 0.01847575 0.01385681 0.00230947
 0.02309469 0.00230947 0.03233256 0.94226328
 0.00230947 0.00230947 0.99307159 0.00230947
 0.73210162 0.06466513 0.13163972 0.07159353
 0.35334873 0.12933025 0.43879908 0.07852194
 0.09237875 0.05773672 0.00923788 0.84064665
 0.18706697 0.43879908 0.18013857 0.19399538
 0.54734411 0.06466513 0.08083141 0.30715935
 0.58198614 0.07852194 0.10854503 0.23094688

MOTIF STvleng_l3_f_46
letter-probability matrix: alength= 4 w= 9 
 0.25406262 0.22116528 0.19262782 0.33214427
 0.50019818 0.11811336 0.20055489 0.18113357
 0.07173999 0.09076496 0.17518827 0.66230678
 0.56242568 0.02695204 0.18787158 0.22275069
 0.45659929 0.10820452 0.30439952 0.13079667
 3.96353547e-04 3.96353547e-04 3.96353547e-04 9.98810939e-01
 6.99960365e-01 3.96353547e-04 2.99246928e-01 3.96353547e-04
 6.27427665e-01 3.96353547e-04 3.71779627e-01 3.96353547e-04
 0.30994847 0.22671423 0.2124455  0.2508918 

MOTIF STvleng_l3_f_47
letter-probability matrix: alength= 4 w= 9 
 0.47626582 0.17523734 0.22310127 0.12539557
 0.55735759 0.24683544 0.14003165 0.05577532
 4.92484177e-01 3.95569620e-04 3.91613924e-01 1.15506329e-01
 0.6340981  0.06685127 0.15704114 0.14200949
 0.08188291 0.51859177 0.09651899 0.30300633
 0.70806962 0.21835443 0.05893987 0.01463608
 0.75197785 0.16060127 0.00870253 0.07871835
 0.44857595 0.06170886 0.32871835 0.16099684
 0.52452532 0.08544304 0.20094937 0.18908228

MOTIF STvleng_l3_f_48
letter-probability matrix: alength= 4 w= 9 
 0.23239681 0.22962192 0.19909816 0.33888311
 0.23239681 0.11793271 0.05098855 0.59868193
 0.02254596 0.47138398 0.19805758 0.30801249
 0.02081165 0.05619147 0.10475199 0.81824488
 5.65036420e-01 3.46860909e-04 4.34269858e-01 3.46860909e-04
 0.90496011 0.04717308 0.04647936 0.00138744
 0.30280957 0.28061048 0.01040583 0.40617412
 0.20950399 0.68955949 0.02115852 0.07977801
 0.21713493 0.4595907  0.14221297 0.18106139

MOTIF STvleng_l3_f_49
letter-probability matrix: alength= 4 w= 9 
 0.29200405 0.13410931 0.22267206 0.35121457
 0.40688259 0.12246964 0.16801619 0.30263158
 6.91295547e-01 2.32793522e-02 2.84919028e-01 5.06072874e-04
 0.14574899 0.09817814 0.17661943 0.57945344
 1.70546559e-01 5.06072874e-04 6.36133603e-01 1.92813765e-01
 0.86082996 0.10121457 0.02935223 0.00860324
 0.23684211 0.00151822 0.08299595 0.67864372
 0.29453441 0.10880567 0.5        0.09665992
 0.60475709 0.1417004  0.19736842 0.05617409

MOTIF STvleng_l3_f_50
letter-probability matrix: alength= 4 w= 9 
 0.42050732 0.17184709 0.16648803 0.24115756
 0.34440872 0.07788496 0.51232583 0.06538049
 0.38835298 0.13076099 0.02000715 0.46087889
 0.04966059 0.01393355 0.09896392 0.83744194
 0.22150768 0.01036084 0.6384423  0.12968917
 0.61128975 0.21686317 0.01679171 0.15505538
 0.16112897 0.08645945 0.06395141 0.68846016
 0.54197928 0.03894248 0.22865309 0.19042515
 0.48588782 0.02286531 0.39406931 0.09717756

MOTIF STvleng_l3_f_51
letter-probability matrix: alength= 4 w= 9 
 0.24361158 0.09063032 0.44224872 0.22350937
 3.40715503e-04 6.37478705e-01 6.81431005e-03 3.55366269e-01
 0.11107325 0.10732538 0.66030664 0.12129472
 0.12913118 0.13253833 0.59386712 0.14446337
 0.22691652 0.13356048 0.44599659 0.19352641
 0.12027257 0.37240204 0.2746167  0.23270869
 0.08926746 0.07734242 0.62010221 0.2132879 
 0.25212947 0.46746167 0.11482112 0.16558773
 0.08211244 0.19148211 0.13764906 0.58875639

MOTIF STvleng_l3_f_52
letter-probability matrix: alength= 4 w= 9 
 0.31793478 0.24728261 0.234375   0.20040761
 0.02004076 0.41813859 0.05978261 0.50203804
 0.16881793 0.1705163  0.45516304 0.20550272
 3.39673913e-04 3.39673913e-04 3.39673913e-04 9.98980978e-01
 9.51766304e-01 3.39673913e-04 4.75543478e-02 3.39673913e-04
 4.80298913e-01 3.39673913e-04 5.19021739e-01 3.39673913e-04
 0.08661685 0.23947011 0.27547554 0.3984375 
 0.54517663 0.27105978 0.05230978 0.1314538 
 0.15998641 0.07370924 0.42391304 0.3423913 

MOTIF STvleng_l3_f_53
letter-probability matrix: alength= 4 w= 9 
 0.54831014 0.08747515 0.32047714 0.04373757
 0.17097416 0.08469185 0.43737575 0.30695825
 0.02942346 0.20596421 0.05606362 0.70854871
 0.67833002 0.07912525 0.21590457 0.02664016
 0.39125249 0.0027833  0.12683897 0.47912525
 0.49145129 0.0417495  0.01749503 0.44930417
 0.08031809 0.11133201 0.25248509 0.55586481
 0.65407555 0.02982107 0.06560636 0.25049702
 0.37176938 0.10139165 0.26878728 0.25805169

MOTIF STvleng_l3_f_54
letter-probability matrix: alength= 4 w= 9 
 0.34105815 0.17971141 0.22037604 0.25885439
 0.59510275 0.05509401 0.09357237 0.25623087
 2.86401399e-01 4.37254045e-04 1.95452558e-01 5.17708789e-01
 0.09444687 0.0323568  0.55924792 0.3139484 
 0.48841277 0.06864889 0.32881504 0.11412331
 0.3454307  0.07958024 0.26672497 0.3082641 
 0.17971141 0.09619589 0.33974639 0.38434631
 0.13948404 0.13598601 0.40139921 0.32313074
 0.19239178 0.18014867 0.38565807 0.24180149

MOTIF STvleng_l3_f_55
letter-probability matrix: alength= 4 w= 9 
 0.12478032 0.10544815 0.69771529 0.07205624
 0.35500879 0.03690685 0.35852373 0.24956063
 0.24956063 0.51142355 0.08084359 0.15817223
 0.64323374 0.00175747 0.26010545 0.09490334
 0.00175747 0.26186292 0.63796134 0.09841828
 0.1142355  0.00351494 0.31634446 0.5659051 
 0.57644991 0.40773286 0.00175747 0.01405975
 0.74692443 0.00175747 0.23374341 0.01757469
 0.28822496 0.26186292 0.07557118 0.37434095

MOTIF STvleng_l3_f_56
letter-probability matrix: alength= 4 w= 9 
 0.15432483 0.42065961 0.1356565  0.28935905
 0.65712508 0.09956441 0.15619166 0.08711886
 0.08525202 0.27504667 0.55756067 0.08214063
 0.03982576 0.5899191  0.34038581 0.02986932
 6.22277536e-04 6.22277536e-04 6.22277536e-04 9.98133167e-01
 9.42750467e-01 6.22277536e-04 5.60049782e-02 6.22277536e-04
 0.44368388 0.00062228 0.55507156 0.00062228
 0.17423771 0.47604231 0.25637834 0.09334163
 0.19726198 0.31238332 0.37834474 0.11200996

MOTIF STvleng_l3_f_57
letter-probability matrix: alength= 4 w= 9 
 0.26493919 0.19513485 0.09888948 0.44103649
 0.28450555 0.05499736 0.60338445 0.05711264
 0.61501851 0.0713908  0.03754627 0.27604442
 0.09413009 0.03807509 0.10153358 0.76626124
 4.50026441e-01 5.28820730e-04 5.37810682e-01 1.16340561e-02
 0.21575886 0.13802221 0.01163406 0.63458488
 0.32416711 0.01110524 0.61184558 0.05288207
 0.15494447 0.37070333 0.2628239  0.21152829
 0.28291909 0.29561079 0.24061343 0.18085669

MOTIF STvleng_l3_f_58
letter-probability matrix: alength= 4 w= 9 
 0.26511787 0.24427742 0.2405193  0.25008541
 0.26785104 0.34779638 0.1411001  0.24325248
 0.1783396  0.13905022 0.48650495 0.19610523
 3.41646737e-04 3.41646737e-04 3.41646737e-04 9.98975060e-01
 6.01298258e-01 3.41646737e-04 3.98018449e-01 3.41646737e-04
 7.50597882e-01 3.41646737e-04 2.48718825e-01 3.41646737e-04
 0.04031431 0.20088828 0.08233686 0.67646054
 0.44209088 0.17184831 0.28903314 0.09702767
 0.45507345 0.10386061 0.36863683 0.07242911

MOTIF STvleng_l3_f_59
letter-probability matrix: alength= 4 w= 9 
 0.40533151 0.29357485 0.14354067 0.15755297
 6.90362269e-01 3.41763500e-04 3.08954204e-01 3.41763500e-04
 0.23274094 0.31681476 0.06766917 0.38277512
 0.19514696 0.47402597 0.24709501 0.08373206
 0.45898838 0.17942584 0.13602187 0.22556391
 0.00205058 0.00205058 0.00717703 0.9887218 
 3.12713602e-01 3.41763500e-04 6.83185236e-01 3.75939850e-03
 0.60628845 0.01742994 0.33937116 0.03691046
 0.20061517 0.19548872 0.15413534 0.44976077

MOTIF STvleng_l3_f_60
letter-probability matrix: alength= 4 w= 9 
 0.62068966 0.17241379 0.0862069  0.12068966
 0.01724138 0.01724138 0.94827586 0.01724138
 0.17241379 0.01724138 0.79310345 0.01724138
 0.15517241 0.77586207 0.01724138 0.05172414
 0.86206897 0.01724138 0.01724138 0.10344828
 0.10344828 0.01724138 0.01724138 0.86206897
 0.17241379 0.34482759 0.01724138 0.46551724
 0.05172414 0.44827586 0.01724138 0.48275862
 0.01724138 0.82758621 0.0862069  0.06896552

MOTIF STvleng_l3_f_61
letter-probability matrix: alength= 4 w= 9 
 0.45960265 0.05629139 0.2192053  0.26490066
 0.19139073 0.23642384 0.10860927 0.46357616
 6.85430464e-01 6.62251656e-04 3.13245033e-01 6.62251656e-04
 0.19470199 0.04238411 0.4794702  0.28344371
 0.29403974 0.25960265 0.22516556 0.22119205
 0.82715232 0.08211921 0.07880795 0.01192053
 0.02847682 0.00794702 0.17682119 0.78675497
 0.81390728 0.14304636 0.00794702 0.03509934
 0.42251656 0.04569536 0.46490066 0.06688742

MOTIF STvleng_l3_f_62
letter-probability matrix: alength= 4 w= 9 
 0.10934805 0.37392204 0.19385995 0.32286996
 0.24077268 0.40876164 0.06312522 0.28734046
 0.27595723 0.04277337 0.66333218 0.01793722
 0.06243532 0.60089686 0.26767851 0.06898931
 0.03587444 0.49706795 0.44981028 0.01724733
 2.81476371e-01 5.90893412e-01 1.27285271e-01 3.44946533e-04
 1.37978613e-03 6.80579510e-01 3.44946533e-04 3.17695757e-01
 0.00241463 0.72093825 0.26043463 0.01621249
 0.35736461 0.24491204 0.15902035 0.238703  

MOTIF STvleng_l3_f_63
letter-probability matrix: alength= 4 w= 9 
 0.071875   0.28320312 0.0375     0.60742188
 0.45390625 0.003125   0.42460938 0.11835938
 0.28984375 0.13632813 0.21601563 0.3578125 
 0.37421875 0.41992188 0.0546875  0.15117188
 0.47460938 0.05273438 0.45625    0.01640625
 0.27421875 0.19648437 0.10390625 0.42539063
 0.38945313 0.01875    0.56757813 0.02421875
 0.22539063 0.13984375 0.1265625  0.50820312
 0.13789062 0.27265625 0.10390625 0.48554687

MOTIF STvleng_l3_f_64
letter-probability matrix: alength= 4 w= 9 
 0.42718447 0.12621359 0.00970874 0.4368932 
 0.2815534  0.00970874 0.25242718 0.45631068
 0.87378641 0.00970874 0.10679612 0.00970874
 0.00970874 0.00970874 0.40776699 0.57281553
 0.14563107 0.15533981 0.00970874 0.68932039
 0.03883495 0.00970874 0.29126214 0.66019417
 0.15533981 0.58252427 0.00970874 0.25242718
 0.97087379 0.00970874 0.00970874 0.00970874
 0.06796117 0.00970874 0.00970874 0.91262136

MOTIF STvleng_l3_f_65
letter-probability matrix: alength= 4 w= 9 
 0.25044342 0.11351543 0.31323164 0.32280951
 0.14189429 0.27492018 0.35934729 0.22383824
 0.44341965 0.05782192 0.47499113 0.02376729
 9.98226321e-01 3.54735722e-04 1.06420717e-03 3.54735722e-04
 1.06420717e-03 1.06420717e-03 3.54735722e-04 9.97516850e-01
 3.54735722e-04 1.77367861e-03 9.97516850e-01 3.54735722e-04
 0.28804541 0.11528911 0.43880809 0.1578574 
 0.23554452 0.15750266 0.25966655 0.34728627
 0.11067755 0.12486697 0.42000709 0.34444839

MOTIF STvleng_l3_f_66
letter-probability matrix: alength= 4 w= 9 
 0.22787921 0.1323736  0.25561798 0.38412921
 0.3988764  0.10990169 0.29353933 0.19768258
 9.98946629e-01 3.51123596e-04 3.51123596e-04 3.51123596e-04
 3.51123596e-04 3.51123596e-04 3.51123596e-04 9.98946629e-01
 3.51123596e-04 3.51123596e-04 9.98946629e-01 3.51123596e-04
 0.21348315 0.20294944 0.31741573 0.26615169
 0.22226124 0.2440309  0.22155899 0.31214888
 0.30582865 0.19698034 0.32198034 0.17521067
 0.30301966 0.12394663 0.37605337 0.19698034

MOTIF STvleng_l3_f_67
letter-probability matrix: alength= 4 w= 9 
 0.12483266 0.29651941 0.33099063 0.2476573 
 0.02777778 0.45649264 0.39056225 0.12516734
 0.0251004  0.47690763 0.38353414 0.11445783
 3.34672021e-04 5.00669344e-01 3.51070950e-01 1.47925033e-01
 3.34672021e-04 8.05555556e-01 1.87416332e-01 6.69344043e-03
 1.15127175e-01 8.84203481e-01 3.34672021e-04 3.34672021e-04
 0.00368139 0.74129853 0.15896921 0.09605087
 0.08032129 0.60542169 0.1746988  0.13955823
 0.05153949 0.47891566 0.21419009 0.25535475

MOTIF STvleng_l3_f_68
letter-probability matrix: alength= 4 w= 9 
 0.5503212  0.08137045 0.14561028 0.22269807
 0.15417559 0.13875803 0.05139186 0.65567452
 0.58672377 0.00471092 0.0496788  0.35888651
 4.28265525e-04 6.13704497e-01 1.32762313e-01 2.53104925e-01
 0.00299786 0.075803   0.43169165 0.48950749
 0.06423983 0.29379015 0.08051392 0.5614561 
 0.22569593 0.25910064 0.50706638 0.00813704
 0.14004283 0.4745182  0.13276231 0.25267666
 0.19828694 0.26124197 0.43683084 0.10364026

MOTIF STvleng_l3_f_69
letter-probability matrix: alength= 4 w= 9 
 0.47262774 0.1879562  0.24817518 0.09124088
 0.65474453 0.03357664 0.27664234 0.0350365 
 0.27992701 0.28430657 0.12810219 0.30766423
 0.13065693 0.20218978 0.45766423 0.20948905
 0.42262774 0.22883212 0.23759124 0.11094891
 0.64890511 0.04087591 0.00693431 0.30328467
 3.64963504e-04 2.73722628e-02 3.13138686e-01 6.59124088e-01
 0.02372263 0.0810219  0.76459854 0.13065693
 0.23905109 0.27627737 0.25328467 0.23138686

MOTIF STvleng_l3_f_70
letter-probability matrix: alength= 4 w= 9 
 0.04037921 0.31530899 0.19978933 0.44452247
 0.08146067 0.73911517 0.08988764 0.08953652
 0.37851124 0.07233146 0.50702247 0.04213483
 0.49683989 0.04037921 0.1488764  0.31390449
 0.15519663 0.14185393 0.03897472 0.66397472
 0.08918539 0.84936798 0.00667135 0.05477528
 0.02879213 0.2693118  0.60603933 0.09585674
 0.07268258 0.34691011 0.43082865 0.14957865
 0.67942416 0.09691011 0.12851124 0.09515449

MOTIF STvleng_l3_f_71
letter-probability matrix: alength= 4 w= 9 
 0.32315234 0.15497738 0.12820513 0.39366516
 5.13951735e-01 3.24283560e-02 3.77073906e-04 4.53242836e-01
 2.09276018e-01 3.77073906e-04 2.21719457e-01 5.68627451e-01
 9.67571644e-01 3.77073906e-04 3.16742081e-02 3.77073906e-04
 0.39102564 0.22096531 0.31674208 0.07126697
 0.43476621 0.14215686 0.05618401 0.36689291
 0.29147813 0.16176471 0.20135747 0.3453997 
 0.03770739 0.02187029 0.24585219 0.69457014
 0.33408748 0.12631976 0.22624434 0.31334842

MOTIF STvleng_l3_f_72
letter-probability matrix: alength= 4 w= 9 
 0.08061492 0.29396325 0.29958755 0.32583427
 0.3232096  0.51743532 0.13085864 0.02849644
 0.56355456 0.02662167 0.02512186 0.38470191
 6.95163105e-01 3.74953131e-04 2.95838020e-01 8.62392201e-03
 0.14285714 0.7847769  0.04424447 0.02812148
 0.46831646 0.05511811 0.1552306  0.32133483
 0.60779903 0.00149981 0.24821897 0.14248219
 3.74953131e-04 7.70528684e-01 3.74953131e-04 2.28721410e-01
 0.1256093  0.3408324  0.33708286 0.19647544

MOTIF STvleng_l3_f_73
letter-probability matrix: alength= 4 w= 9 
 0.24900758 0.15481776 0.26993865 0.32623602
 0.22807651 0.15553952 0.03861422 0.57776976
 0.22555034 0.17394442 0.15987008 0.44063515
 0.8812703  0.0277878  0.08769397 0.00324792
 5.05232768e-03 2.52616384e-03 3.60880549e-04 9.92060628e-01
 9.95308553e-01 3.60880549e-04 3.96968603e-03 3.60880549e-04
 0.62504511 0.00108264 0.36665464 0.00721761
 0.20461927 0.16131361 0.37892458 0.25514255
 0.47022735 0.15914832 0.14940455 0.22121978

MOTIF STvleng_l3_f_74
letter-probability matrix: alength= 4 w= 9 
 0.38136827 0.17467249 0.30749636 0.13646288
 0.86462882 0.00727802 0.01855895 0.10953421
 0.00181951 0.06477438 0.08551674 0.84788937
 1.72489083e-01 3.63901019e-04 8.26783115e-01 3.63901019e-04
 0.41048035 0.2136099  0.19104803 0.18486172
 0.04475983 0.01237263 0.49781659 0.44505095
 0.26855895 0.1775837  0.21615721 0.33770015
 0.21106259 0.09898108 0.32969432 0.36026201
 0.16994178 0.23362445 0.27292576 0.32350801

MOTIF STvleng_l3_f_75
letter-probability matrix: alength= 4 w= 9 
 0.46451371 0.09500563 0.23845287 0.20202779
 0.09725873 0.53548629 0.03567405 0.33158092
 0.86068344 0.08374014 0.04844161 0.00713481
 0.07472775 0.00187758 0.64100638 0.28238828
 0.04543748 0.21517086 0.02553511 0.71385655
 0.01502065 0.241457   0.21629741 0.52722493
 0.09951183 0.00901239 0.45625235 0.43522343
 0.60345475 0.13030417 0.26473902 0.00150207
 0.22117912 0.14682689 0.08636876 0.54562523

MOTIF STvleng_l3_f_76
letter-probability matrix: alength= 4 w= 9 
 0.51273885 0.21762208 0.17462845 0.09501062
 0.47027601 0.10084926 0.16401274 0.264862  
 0.26433121 0.01433121 0.30838641 0.41295117
 0.06316348 0.01698514 0.67038217 0.24946921
 0.11252654 0.04511677 0.7903397  0.05201699
 0.08651805 0.17887473 0.42250531 0.31210191
 0.13906582 0.02176221 0.78927813 0.04989384
 0.10031847 0.10774947 0.66242038 0.12951168
 0.23779193 0.37951168 0.2940552  0.08864119

MOTIF STvleng_l3_f_77
letter-probability matrix: alength= 4 w= 9 
 0.39808808 0.14783202 0.13895527 0.31512462
 0.33526801 0.12017753 0.33902356 0.2055309 
 0.08945032 0.13246842 0.58484124 0.19324001
 3.41413452e-04 3.41413452e-04 3.41413452e-04 9.98975760e-01
 9.26254694e-01 3.41413452e-04 7.30624787e-02 3.41413452e-04
 7.03311710e-01 3.41413452e-04 2.96005463e-01 3.41413452e-04
 0.34790031 0.22601571 0.42198703 0.00409696
 0.42983954 0.18129054 0.06316149 0.32570843
 0.30419939 0.14236941 0.3502902  0.203141  

MOTIF STvleng_l3_f_79
letter-probability matrix: alength= 4 w= 9 
 0.38709677 0.43074004 0.15901328 0.02314991
 0.60341556 0.10512334 0.28728653 0.00417457
 0.85009488 0.00493359 0.04212524 0.1028463 
 0.39089184 0.10132827 0.06375712 0.44402277
 0.45920304 0.07286528 0.0800759  0.38785579
 0.41859583 0.41328273 0.13282732 0.03529412
 0.25426945 0.05426945 0.66527514 0.02618596
 0.75673624 0.20151803 0.02960152 0.01214421
 0.14041746 0.11499051 0.28538899 0.45920304

MOTIF STvleng_l3_f_80
letter-probability matrix: alength= 4 w= 9 
 0.38297872 0.31148936 0.18297872 0.12255319
 0.66382979 0.00340426 0.23489362 0.09787234
 0.77106383 0.01531915 0.14468085 0.06893617
 0.0706383  0.10297872 0.26723404 0.55914894
 0.1012766  0.75319149 0.07914894 0.06638298
 0.10382979 0.32851064 0.56680851 0.00085106
 0.0306383  0.03829787 0.09617021 0.83489362
 0.30382979 0.00425532 0.03659574 0.65531915
 0.28510638 0.16510638 0.10638298 0.44340426

MOTIF STvleng_l3_f_81
letter-probability matrix: alength= 4 w= 9 
 0.36803984 0.12947035 0.36577637 0.13671344
 0.12675419 0.19692168 0.13671344 0.53961068
 0.05387053 0.24717067 0.10683567 0.59212313
 0.0348574  0.05070167 0.38886374 0.52557718
 0.23449525 0.15255772 0.27614305 0.33680398
 1.72023540e-02 4.52693526e-04 4.52693526e-04 9.81892259e-01
 8.70982345e-01 4.52693526e-04 1.11362608e-01 1.72023540e-02
 9.19420552e-01 4.52693526e-04 7.96740607e-02 4.52693526e-04
 0.20778633 0.04708013 0.27614305 0.46899049

MOTIF STvleng_l3_f_82
letter-probability matrix: alength= 4 w= 9 
 0.30688785 0.07212405 0.45510278 0.16588532
 0.49441039 0.22466643 0.20411107 0.07681212
 0.36530833 0.22610891 0.266859   0.14172376
 0.5694194  0.07176343 0.22538767 0.1334295 
 0.25748287 0.20699603 0.36963577 0.16588532
 0.90948431 0.02452218 0.05842048 0.00757303
 7.39271547e-02 3.60620267e-04 2.99314821e-02 8.95780743e-01
 0.01226109 0.01803101 0.89578074 0.07392715
 0.20447169 0.20266859 0.33501623 0.25784349

MOTIF STvleng_l3_f_83
letter-probability matrix: alength= 4 w= 9 
 0.58064516 0.14990512 0.18216319 0.08728653
