MEME version 5.3.0

ALPHABET= ACGT

strands: + -

Background letter frequencies
A 0.25 C 0.25 G 0.25 T 0.25

MOTIF STvleng_l3_f_0
letter-probability matrix: alength= 4 w= 9 
 0.0317623  0.34118852 0.50512295 0.12192623
 0.00102459 0.03995902 0.00307377 0.95594262
 0.25819672 0.01434426 0.63012295 0.09733607
 0.78586066 0.00102459 0.19672131 0.01639344
 0.15061475 0.59118852 0.1875     0.07069672
 0.0317623  0.08094262 0.61372951 0.27356557
 0.01127049 0.1567623  0.24795082 0.58401639
 0.13422131 0.36680328 0.36680328 0.13217213
 0.21106557 0.3125     0.24897541 0.22745902

MOTIF STvleng_l3_f_1
letter-probability matrix: alength= 4 w= 9 
 0.36282883 0.34882132 0.07037923 0.21797062
 0.22890331 0.20498804 0.21831227 0.34779638
 0.05124701 0.13221729 0.4926546  0.32388111
 3.41646737e-04 1.36658695e-03 3.41646737e-04 9.97950120e-01
 3.45404851e-01 3.41646737e-04 6.52203621e-01 2.04988042e-03
 7.78271268e-01 3.41646737e-04 2.21045439e-01 3.41646737e-04
 0.27878374 0.18893065 0.40519303 0.12709259
 0.05022207 0.08233686 0.30884865 0.55859242
 0.09326956 0.18756406 0.42364195 0.29552443

MOTIF STvleng_l3_f_2
letter-probability matrix: alength= 4 w= 9 
 0.14918657 0.31014192 0.04119072 0.49948079
 0.48667359 0.20768432 0.20387677 0.10176532
 0.1810315  0.55174801 0.07268951 0.19453098
 3.46140533e-04 1.98338525e-01 2.26722049e-01 5.74593285e-01
 0.01765317 0.0512288  0.87088958 0.06022845
 3.46140533e-04 5.74593285e-02 9.36656282e-01 5.53824853e-03
 0.09380408 0.29733472 0.54759432 0.06126687
 0.0913811  0.26168224 0.38144687 0.26548979
 0.11180339 0.18241606 0.48148148 0.22429907

MOTIF STvleng_l3_f_3
letter-probability matrix: alength= 4 w= 9 
 0.00470588 0.23388235 0.44752941 0.31388235
 0.00988235 0.55717647 0.09835294 0.33458824
 4.70588235e-04 1.68000000e-01 7.56235294e-01 7.52941176e-02
 3.08705882e-01 5.95294118e-01 4.70588235e-04 9.55294118e-02
 3.01176471e-02 6.52235294e-01 4.70588235e-04 3.17176471e-01
 0.16141176 0.16235294 0.66964706 0.00658824
 0.07341176 0.14117647 0.28470588 0.50070588
 0.11623529 0.44894118 0.296      0.13882353
 0.25835294 0.11482353 0.34776471 0.27905882

MOTIF STvleng_l3_f_4
letter-probability matrix: alength= 4 w= 9 
 0.75862069 0.01724138 0.15517241 0.06896552
 0.31034483 0.01724138 0.17241379 0.5       
 0.65517241 0.01724138 0.31034483 0.01724138
 0.65517241 0.01724138 0.25862069 0.06896552
 0.06896552 0.53448276 0.05172414 0.34482759
 0.53448276 0.20689655 0.15517241 0.10344828
 0.05172414 0.25862069 0.01724138 0.67241379
 0.01724138 0.36206897 0.15517241 0.46551724
 0.01724138 0.53448276 0.15517241 0.29310345

MOTIF STvleng_l3_f_5
letter-probability matrix: alength= 4 w= 9 
 0.02436548 0.15803723 0.01184433 0.80575296
 0.07241963 0.18646362 0.02335025 0.7177665 
 0.13739425 0.05177665 0.69001692 0.12081218
 0.18409475 0.34754653 0.00067682 0.4676819 
 0.2250423  0.07715736 0.14483926 0.55296108
 0.07478849 0.27648054 0.22571912 0.42301184
 0.57800338 0.12182741 0.07749577 0.22267343
 0.17428088 0.45482234 0.16175973 0.20913706
 0.27309645 0.20575296 0.27580372 0.24534687

MOTIF STvleng_l3_f_6
letter-probability matrix: alength= 4 w= 9 
 0.37456567 0.34329395 0.11744267 0.16469771
 0.18902015 0.39263377 0.05350938 0.36483669
 0.73245309 0.02710215 0.14037526 0.10006949
 0.0180681  0.45934677 0.5114663  0.01111883
 0.01667825 0.18485059 0.79291174 0.00555942
 0.0924253  0.2904795  0.61223072 0.00486449
 0.00069493 0.51285615 0.39541348 0.09103544
 0.0590688  0.56706046 0.24113968 0.13273106
 0.1952745  0.24044475 0.2647672  0.29951355

MOTIF STvleng_l3_f_7
letter-probability matrix: alength= 4 w= 9 
 0.44275068 0.19579946 0.10365854 0.25779133
 0.12432249 0.35331978 0.125      0.39735772
 0.02947154 0.84078591 0.10433604 0.0254065 
 0.07588076 0.48814363 0.19071816 0.24525745
 0.49322493 0.06199187 0.09552846 0.34925474
 0.17615176 0.77947154 0.02235772 0.02201897
 0.45630081 0.2804878  0.08976965 0.17344173
 0.93224932 0.02642276 0.0196477  0.02168022
 0.44342818 0.22391599 0.17920054 0.15345528

MOTIF STvleng_l3_f_8
letter-probability matrix: alength= 4 w= 9 
 0.01107829 0.42171344 0.02215657 0.5450517 
 0.0140325  0.24963072 0.51329394 0.22304284
 0.19497784 0.24002954 0.19534712 0.36964549
 9.56425406e-02 4.03618907e-01 3.69276219e-04 5.00369276e-01
 0.33050222 0.0014771  0.53212703 0.13589365
 4.16174298e-01 3.69276219e-04 5.12555391e-01 7.09010340e-02
 0.0978582  0.73707533 0.12333826 0.04172821
 0.11521418 0.0232644  0.46307238 0.39844904
 0.22525849 0.13035451 0.49519941 0.14918759

MOTIF STvleng_l3_f_9
letter-probability matrix: alength= 4 w= 9 
 0.22651129 0.22760379 0.21922797 0.32665696
 0.5429716  0.2993445  0.02694829 0.13073562
 0.08667152 0.78441369 0.09213401 0.03678077
 5.30225783e-01 3.96941005e-02 4.29715950e-01 3.64166060e-04
 0.22396213 0.28295703 0.31099782 0.18208303
 0.24799709 0.24289876 0.02840495 0.4806992 
 0.73962127 0.04952658 0.2006555  0.01019665
 0.05863074 0.00546249 0.91806264 0.01784414
 0.16314639 0.22578296 0.46868172 0.14238893

MOTIF STvleng_l3_f_10
letter-probability matrix: alength= 4 w= 9 
 0.12049062 0.21356421 0.27164502 0.39430014
 0.0450938  0.08225108 0.09271284 0.77994228
 0.08477633 0.08621934 0.11435786 0.71464646
 0.23881674 0.004329   0.75324675 0.0036075 
 0.48268398 0.40223665 0.09704185 0.01803752
 0.31240981 0.06132756 0.54834055 0.07792208
 0.61002886 0.10064935 0.13564214 0.15367965
 0.27380952 0.2972583  0.0515873  0.37734488
 0.13383838 0.07287157 0.6976912  0.09559885

MOTIF STvleng_l3_f_11
letter-probability matrix: alength= 4 w= 9 
 0.23205829 0.43825137 0.09945355 0.23023679
 0.50346084 0.20255009 0.23679417 0.0571949 
 0.18397086 0.08160291 0.38579235 0.34863388
 0.01347905 0.58287796 0.01384335 0.38979964
 0.35264117 0.01748634 0.56903461 0.06083789
 0.00473588 0.11074681 0.19307832 0.69143898
 1.02367942e-01 3.64298725e-04 2.36429872e-01 6.60837887e-01
 0.08816029 0.13879781 0.44918033 0.32386157
 0.12386157 0.1726776  0.52422587 0.17923497

MOTIF STvleng_l3_f_12
letter-probability matrix: alength= 4 w= 9 
 0.24965229 0.15681502 0.2566064  0.33692629
 0.56849791 0.08275382 0.14360223 0.20514604
 0.46974965 0.06015299 0.05180807 0.41828929
 0.83449235 0.02781641 0.01703755 0.12065369
 0.52433936 0.16550765 0.19089013 0.11926287
 7.30180807e-03 3.47705146e-04 3.47705146e-04 9.92002782e-01
 7.59735744e-01 3.47705146e-04 2.35396384e-01 4.52016690e-03
 5.97357441e-01 3.47705146e-04 3.99165508e-01 3.12934631e-03
 0.24200278 0.31954103 0.19436718 0.24408901

MOTIF STvleng_l3_f_13
letter-probability matrix: alength= 4 w= 9 
 0.36778939 0.17576461 0.24699961 0.20944638
 0.1068525  0.03290747 0.01935734 0.84088269
 0.52419667 0.00154859 0.34649632 0.12775842
 0.47464189 0.05187766 0.42237708 0.05110337
 3.87146729e-04 3.87146729e-04 3.87146729e-04 9.98838560e-01
 0.71854433 0.00929152 0.27022842 0.00193573
 7.04219899e-01 3.87146729e-04 2.73325590e-01 2.20673635e-02
 0.28842431 0.16957027 0.33449477 0.20751065
 0.28145567 0.22609369 0.26984127 0.22260937

MOTIF STvleng_l3_f_14
letter-probability matrix: alength= 4 w= 9 
 0.8131068  0.02002427 0.14320388 0.02366505
 0.41868932 0.00364078 0.44053398 0.13713592
 0.27730583 0.13288835 0.58070388 0.00910194
 0.48847087 0.19417476 0.03883495 0.27851942
 0.70024272 0.09890777 0.0315534  0.16929612
 9.87864078e-01 6.06796117e-04 6.06796117e-04 1.09223301e-02
 0.08434466 0.38167476 0.26334951 0.27063107
 0.07220874 0.52063107 0.30339806 0.10376214
 0.19417476 0.16747573 0.39684466 0.24150485

MOTIF STvleng_l3_f_15
letter-probability matrix: alength= 4 w= 9 
 0.28427184 0.25980583 0.26757282 0.18834951
 0.31067961 0.26563107 0.20815534 0.21553398
 0.20466019 0.22252427 0.27067961 0.30213592
 0.06601942 0.18058252 0.05669903 0.69669903
 0.57165049 0.01941748 0.23300971 0.17592233
 0.45165049 0.26524272 0.23961165 0.04349515
 0.02757282 0.01669903 0.00699029 0.94873786
 0.76737864 0.00116505 0.17669903 0.05475728
 4.73398058e-01 3.88349515e-04 5.21165049e-01 5.04854369e-03

MOTIF STvleng_l3_f_16
letter-probability matrix: alength= 4 w= 9 
 0.72028689 0.02766393 0.23053279 0.02151639
 0.31318306 0.18271858 0.25717213 0.24692623
 0.32650273 0.17315574 0.3613388  0.13900273
 0.76297814 0.00239071 0.07137978 0.16325137
 0.01605191 0.04166667 0.17930328 0.76297814
 1.84426230e-02 3.41530055e-04 9.36816940e-01 4.43989071e-02
 0.16086066 0.17520492 0.39822404 0.26571038
 0.25819672 0.31864754 0.30396175 0.11919399
 0.18715847 0.24556011 0.27527322 0.2920082 

MOTIF STvleng_l3_f_17
letter-probability matrix: alength= 4 w= 9 
 0.06285112 0.3258427  0.10498596 0.50632022
 0.49227528 0.24578652 0.18469101 0.07724719
 0.2945927  0.27247191 0.4241573  0.00877809
 0.01896067 0.01615169 0.31285112 0.65203652
 0.00421348 0.02492978 0.64115169 0.32970506
 0.00526685 0.03370787 0.79880618 0.1622191 
 0.07268258 0.23455056 0.63518258 0.05758427
 0.06109551 0.1383427  0.64080056 0.15976124
 0.06039326 0.24578652 0.40976124 0.28405899

MOTIF STvleng_l3_f_18
letter-probability matrix: alength= 4 w= 9 
 0.17136737 0.3977151  0.20171367 0.22920386
 0.3348804  0.01713674 0.37165298 0.27632988
 0.4626919  0.35737237 0.1349518  0.04498393
 6.01213852e-01 2.21349518e-01 1.77079614e-01 3.57015352e-04
 2.74187790e-01 3.57015352e-04 7.25098179e-01 3.57015352e-04
 0.5930025  0.13637986 0.01428061 0.25633702
 0.46769011 0.21563727 0.21920743 0.09746519
 0.57193859 0.12209925 0.07140307 0.23455909
 0.0510532  0.20028561 0.1999286  0.5487326 

MOTIF STvleng_l3_f_19
letter-probability matrix: alength= 4 w= 9 
 0.39736477 0.11789182 0.22746186 0.25728155
 0.50970874 0.18862691 0.19417476 0.1074896 
 0.35194175 0.09049931 0.43932039 0.11823856
 0.32905687 0.04854369 0.09951456 0.52288488
 0.43411928 0.10852982 0.40950069 0.04785021
 0.4462552  0.00416089 0.41678225 0.13280166
 0.00346741 0.05409154 0.02565881 0.91678225
 0.81622746 0.04056865 0.1168516  0.02635229
 6.10957004e-01 3.46740638e-04 3.86269071e-01 2.42718447e-03

MOTIF STvleng_l3_f_20
letter-probability matrix: alength= 4 w= 9 
 0.37982906 0.19863248 0.17162393 0.24991453
 0.12957265 0.49504274 0.06529915 0.31008547
 0.67931624 0.07692308 0.07008547 0.17367521
 9.53846154e-01 4.00000000e-02 5.81196581e-03 3.41880342e-04
 0.67794872 0.13641026 0.08034188 0.10529915
 0.88034188 0.03111111 0.06598291 0.0225641 
 0.35521368 0.1774359  0.44410256 0.02324786
 0.04854701 0.24       0.54564103 0.16581197
 0.31384615 0.12923077 0.45264957 0.1042735 

MOTIF STvleng_l3_f_21
letter-probability matrix: alength= 4 w= 9 
 0.33730159 0.04585538 0.59964727 0.01719577
 0.08906526 0.14109347 0.10008818 0.66975309
 0.01763668 0.41534392 0.01455026 0.55246914
 0.77998236 0.1186067  0.04188713 0.05952381
 0.04938272 0.14197531 0.02865961 0.77998236
 8.39065256e-01 3.08641975e-02 4.40917108e-04 1.29629630e-01
 0.14858907 0.10714286 0.60537919 0.13888889
 0.17283951 0.19268078 0.30467372 0.329806  
 0.17063492 0.3633157  0.19400353 0.27204586

MOTIF STvleng_l3_f_22
letter-probability matrix: alength= 4 w= 9 
 0.17429637 0.25059342 0.23635131 0.3387589 
 0.59782977 0.06205493 0.33774161 0.00237369
 0.61851475 0.02848423 0.33435063 0.01865039
 0.02407596 0.05493388 0.03628349 0.88470668
 0.58935232 0.08375721 0.32078671 0.00610376
 0.64225161 0.0006782  0.34384537 0.01322482
 0.08816548 0.16310614 0.49372669 0.2550017 
 0.08680909 0.22278739 0.60834181 0.08206172
 0.25093252 0.26008817 0.31129196 0.17768735

MOTIF STvleng_l3_f_23
letter-probability matrix: alength= 4 w= 9 
 0.39891304 0.15217391 0.32608696 0.12282609
 0.14094203 0.26992754 0.08550725 0.50362319
 0.52355072 0.0134058  0.44601449 0.01702899
 3.62318841e-04 5.00724638e-01 1.23188406e-02 4.86594203e-01
 0.41086957 0.11231884 0.4076087  0.0692029 
 0.03949275 0.56666667 0.29456522 0.09927536
 0.24275362 0.02355072 0.2326087  0.50108696
 0.35       0.08804348 0.30398551 0.25797101
 0.08405797 0.17826087 0.3423913  0.39528986

MOTIF STvleng_l3_f_24
letter-probability matrix: alength= 4 w= 9 
 0.21312712 0.36137307 0.20294229 0.22255753
 0.57148246 0.12938514 0.03658997 0.26254244
 0.24971709 0.20671445 0.15013203 0.39343644
 0.03017729 0.40475292 0.32402867 0.24104112
 0.78536401 0.03319502 0.06865334 0.11278763
 0.0373444  0.04111656 0.0396077  0.88193135
 0.0958129  0.0629951  0.80648812 0.03470389
 0.38287439 0.25198038 0.10411166 0.26103357
 0.30818559 0.23651452 0.22632969 0.2289702 

MOTIF STvleng_l3_f_25
letter-probability matrix: alength= 4 w= 9 
 0.05703276 0.23314066 0.12870906 0.58111753
 0.10751445 0.27899807 0.04971098 0.56377649
 0.42736031 0.10134875 0.32870906 0.14258189
 0.16416185 0.08015414 0.07707129 0.67861272
 0.81040462 0.0265896  0.00154143 0.16146435
 3.85356455e-04 7.70712909e-03 1.34874759e-01 8.57032755e-01
 0.66936416 0.10674374 0.02504817 0.19884393
 0.39807322 0.06628131 0.50211946 0.03352601
 0.16647399 0.27707129 0.18342967 0.37302505

MOTIF STvleng_l3_f_26
letter-probability matrix: alength= 4 w= 9 
 0.03107058 0.147923   0.48699764 0.33400878
 0.17088821 0.49679162 0.29989868 0.03242148
 0.29550827 0.49881797 0.06754475 0.13812901
 0.45592705 0.49105032 0.0057413  0.04728132
 0.03782506 0.40357987 0.14116852 0.41742655
 0.03478555 0.6514691  0.0199257  0.29381966
 0.02600473 0.29483283 0.52414725 0.1550152 
 0.10064168 0.70888213 0.10503208 0.08544411
 0.17291456 0.47315096 0.12968592 0.22424856

MOTIF STvleng_l3_f_27
letter-probability matrix: alength= 4 w= 9 
 0.08353061 0.08048698 0.60229963 0.23368279
 0.14135949 0.21542103 0.39634765 0.24687183
 0.18058843 0.30943524 0.50828542 0.0016909 
 0.13966858 0.10415962 0.34190057 0.41427122
 0.02468718 0.23537369 0.34460602 0.39533311
 0.11464322 0.26851539 0.24619547 0.37064592
 0.00338181 0.03787623 0.94961109 0.00913088
 0.00473453 0.04666892 0.89313493 0.05546162
 0.19546838 0.37943862 0.3554278  0.0696652 

MOTIF STvleng_l3_f_28
letter-probability matrix: alength= 4 w= 9 
 0.30077519 0.29108527 0.22674419 0.18139535
 0.26627907 0.1624031  0.50310078 0.06821705
 3.87596899e-04 1.77519380e-01 3.87596899e-04 8.21705426e-01
 4.04651163e-01 3.87596899e-04 5.07751938e-01 8.72093023e-02
 0.05658915 0.30155039 0.00465116 0.6372093 
 0.31705426 0.00077519 0.05736434 0.6248062 
 0.42286822 0.20581395 0.06627907 0.30503876
 0.6003876  0.11162791 0.28604651 0.00193798
 0.4372093  0.11899225 0.23139535 0.2124031 

MOTIF STvleng_l3_f_29
letter-probability matrix: alength= 4 w= 9 
 0.76157804 0.06106346 0.15951973 0.01783877
 0.0109777  0.32727273 0.00686106 0.65488851
 0.10120069 0.01406518 0.88164666 0.00308748
 0.37770154 0.13927959 0.26106346 0.2219554 
 0.35506003 0.35506003 0.10737564 0.18250429
 0.04185249 0.05728988 0.57084048 0.33001715
 0.1941681  0.24391081 0.09674099 0.4651801 
 0.33173242 0.41372213 0.0483705  0.20617496
 0.33344768 0.19897084 0.06826758 0.39931389

MOTIF STvleng_l3_f_30
letter-probability matrix: alength= 4 w= 9 
 0.13115942 0.2115942  0.14057971 0.51666667
 0.29202899 0.26050725 0.13333333 0.31413043
 0.48152174 0.2057971  0.08405797 0.22862319
 0.74094203 0.08152174 0.12789855 0.04963768
 4.42028986e-01 3.62318841e-04 3.62318841e-04 5.57246377e-01
 3.62318841e-04 3.62318841e-04 5.57246377e-01 4.42028986e-01
 0.22644928 0.03043478 0.69673913 0.04637681
 0.38913043 0.12789855 0.1307971  0.35217391
 0.25326087 0.27065217 0.23985507 0.23623188

MOTIF STvleng_l3_f_31
letter-probability matrix: alength= 4 w= 9 
 0.46643718 0.25438898 0.0626506  0.21652324
 0.4616179  0.16041308 0.25886403 0.11910499
 9.97246127e-01 2.06540448e-03 3.44234079e-04 3.44234079e-04
 2.06540448e-03 3.44234079e-04 3.44234079e-04 9.97246127e-01
 3.44234079e-04 3.44234079e-04 9.97246127e-01 2.06540448e-03
 0.49672978 0.15490534 0.183821   0.16454389
 0.39483649 0.16729776 0.3242685  0.11359725
 0.19586919 0.14698795 0.29466437 0.36247849
 0.34492255 0.2151463  0.27022375 0.1697074 

MOTIF STvleng_l3_f_32
letter-probability matrix: alength= 4 w= 9 
 0.07544861 0.41884176 0.13295269 0.37275693
 0.17536705 0.48572594 0.18107667 0.15783034
 0.05995106 0.08075041 0.85114192 0.00815661
 0.0269168  0.04159869 0.92169657 0.00978793
 4.07830343e-04 9.68597064e-01 2.97716150e-02 1.22349103e-03
 4.07830343e-04 6.92903752e-01 2.75693312e-01 3.09951060e-02
 0.1048124  0.5269168  0.08482871 0.28344209
 0.13376835 0.10236542 0.47593801 0.28792822
 0.13947798 0.39600326 0.18800979 0.27650897

MOTIF STvleng_l3_f_33
letter-probability matrix: alength= 4 w= 9 
 0.13064799 0.09246935 0.34465849 0.43222417
 0.3033275  0.13940455 0.54956217 0.00770578
 0.43712785 0.00245184 0.51943958 0.04098074
 0.06619965 0.12644483 0.76462347 0.04273205
 0.00385289 0.12259194 0.85288967 0.0206655 
 3.50262697e-04 2.03852890e-01 5.32399299e-01 2.63397548e-01
 0.05849387 0.32399299 0.48126095 0.13625219
 0.07950963 0.34535902 0.43257443 0.14255692
 0.19929947 0.50297723 0.16917688 0.12854641

MOTIF STvleng_l3_f_34
letter-probability matrix: alength= 4 w= 9 
 0.31573157 0.26622662 0.21452145 0.20352035
 0.06270627 0.06013935 0.75614228 0.1210121 
 0.02273561 0.15951595 0.03593693 0.78181151
 0.02420242 0.37147048 0.23725706 0.36707004
 0.4946828  0.18005134 0.04950495 0.27576091
 0.12614595 0.17271727 0.55885589 0.14228089
 0.12687935 0.00146681 0.01980198 0.85185185
 0.02126879 0.03337    0.87128713 0.07407407
 0.1540154  0.13017968 0.38393839 0.33186652

MOTIF STvleng_l3_f_35
letter-probability matrix: alength= 4 w= 9 
 0.12704918 0.34016393 0.20081967 0.33196721
 0.16393443 0.55737705 0.16803279 0.11065574
 0.00409836 0.27459016 0.00409836 0.71721311
 0.00409836 0.00409836 0.97131148 0.0204918 
 0.19672131 0.12704918 0.18032787 0.49590164
 0.22540984 0.2704918  0.00409836 0.5       
 0.67213115 0.00409836 0.09836066 0.22540984
 0.00409836 0.64754098 0.25       0.09836066
 0.53688525 0.0942623  0.18852459 0.18032787

MOTIF STvleng_l3_f_36
letter-probability matrix: alength= 4 w= 9 
 0.21907994 0.21794872 0.26131222 0.30165913
 0.07466063 0.04788839 0.07126697 0.80618401
 0.3627451  0.05279035 0.23039216 0.3540724 
 0.50188537 0.01847662 0.06636501 0.413273  
 0.00980392 0.0015083  0.00188537 0.98680241
 7.03619910e-01 3.77073906e-04 2.83559578e-01 1.24434389e-02
 0.35972851 0.07352941 0.48529412 0.08144796
 0.4147813  0.20927602 0.19570136 0.18024133
 0.38046757 0.13084465 0.1994721  0.28921569

MOTIF STvleng_l3_f_37
letter-probability matrix: alength= 4 w= 9 
 0.2107943  0.07060421 0.53564155 0.18295995
 0.15818058 0.19551935 0.3197556  0.32654447
 0.2586558  0.23150034 0.44195519 0.06788866
 4.41276307e-02 3.39443313e-04 4.44670740e-02 9.11065852e-01
 0.70672098 0.00543109 0.25288527 0.03496266
 0.53088934 0.03258656 0.43448744 0.00203666
 0.47454175 0.30244399 0.02953157 0.19348269
 0.05736592 0.23659199 0.4059742  0.30006789
 0.13170401 0.17549219 0.51459606 0.17820774

MOTIF STvleng_l3_f_38
letter-probability matrix: alength= 4 w= 9 
 0.49134823 0.04397981 0.14527758 0.31939438
 0.59589041 0.05155011 0.08579668 0.2667628 
 0.33417448 0.37058399 0.14023071 0.15501081
 0.09877433 0.74297044 0.08435472 0.0739005 
 0.04722422 0.05731795 0.76459986 0.13085797
 0.52523432 0.17519827 0.02018745 0.27937996
 0.35580389 0.04578226 0.08399423 0.51441961
 0.78226388 0.12725306 0.02415285 0.06633021
 0.30317231 0.06416727 0.5702956  0.06236482

MOTIF STvleng_l3_f_39
letter-probability matrix: alength= 4 w= 9 
 0.2974359  0.39881657 0.15384615 0.14990138
 0.08678501 0.07376726 0.7581854  0.08126233
 0.0433925  0.02642998 0.14792899 0.78224852
 0.04575937 0.21854043 0.62248521 0.11321499
 2.28007890e-01 1.10453649e-02 7.60552268e-01 3.94477318e-04
 0.31637081 0.21656805 0.23747535 0.2295858 
 0.3530572  0.07573964 0.44378698 0.12741617
 0.16725838 0.13964497 0.53688363 0.15621302
 0.25522682 0.3495069  0.1877712  0.20749507

MOTIF STvleng_l3_f_40
letter-probability matrix: alength= 4 w= 9 
 0.09686411 0.07491289 0.70940767 0.11881533
 0.09303136 0.05191638 0.52090592 0.33414634
 0.05017422 0.48432056 0.39512195 0.07038328
 3.20209059e-01 3.48432056e-04 4.54355401e-01 2.25087108e-01
 3.48432056e-04 3.25783972e-01 6.11846690e-01 6.20209059e-02
 0.09407666 0.42334495 0.4804878  0.00209059
 0.12891986 0.07630662 0.62891986 0.16585366
 0.11010453 0.11602787 0.37491289 0.3989547 
 0.08850174 0.40696864 0.15679443 0.34773519

MOTIF STvleng_l3_f_41
letter-probability matrix: alength= 4 w= 9 
 0.49339736 0.15406162 0.20008003 0.15246098
 0.56982793 0.10564226 0.13405362 0.19047619
 0.45818327 0.03921569 0.06042417 0.44217687
 0.17446979 0.01120448 0.41936775 0.39495798
 0.19447779 0.05962385 0.50940376 0.2364946 
 0.34533814 0.09643858 0.26610644 0.29211685
 0.16046419 0.31812725 0.14645858 0.37494998
 0.27691076 0.24289716 0.2765106  0.20368147
 0.31292517 0.38535414 0.07723089 0.2244898 

MOTIF STvleng_l3_f_42
letter-probability matrix: alength= 4 w= 9 
 0.05984138 0.2815429  0.11643836 0.54217736
 0.01009373 0.31326604 0.10310022 0.57354001
 0.48341745 0.28983417 0.05659697 0.17015141
 0.16402307 0.80930065 0.01550108 0.0111752 
 0.49134823 0.00180245 0.39041096 0.11643836
 0.06777217 0.07750541 0.78695025 0.06777217
 0.08471521 0.03460707 0.79452055 0.08615717
 0.11067051 0.16113915 0.45638068 0.27180966
 0.1369863  0.24945926 0.46719539 0.14635905

MOTIF STvleng_l3_f_43
letter-probability matrix: alength= 4 w= 9 
 0.01223935 0.40435177 0.23073436 0.35267452
 0.10018132 0.43200363 0.10970082 0.35811423
 0.07026292 0.2180417  0.03173164 0.67996374
 8.29102448e-01 4.53309157e-04 1.68631006e-01 1.81323663e-03
 0.34814143 0.00181324 0.11514053 0.53490481
 0.1486854  0.05802357 0.76790571 0.02538531
 0.21577516 0.27923844 0.35312783 0.15185857
 0.05575703 0.03490481 0.42157752 0.48776065
 0.11015413 0.1980961  0.45240254 0.23934723

MOTIF STvleng_l3_f_44
letter-probability matrix: alength= 4 w= 9 
 0.45929119 0.24329502 0.23275862 0.06465517
 0.82998084 0.02729885 0.12739464 0.01532567
 0.18869732 0.05699234 0.11302682 0.64128352
 0.24712644 0.1954023  0.47270115 0.08477011
 0.47413793 0.08429119 0.10680077 0.33477011
 0.10440613 0.0282567  0.30938697 0.55795019
 0.08860153 0.01724138 0.85775862 0.03639847
 0.22509579 0.09003831 0.46551724 0.21934866
 0.25670498 0.17624521 0.34578544 0.22126437

MOTIF STvleng_l3_f_45
letter-probability matrix: alength= 4 w= 9 
 0.01537249 0.10878991 0.22979898 0.64603863
 0.05794245 0.18486401 0.16003153 0.597162  
 6.24753646e-01 1.57666535e-03 3.73275522e-01 3.94166338e-04
 0.47970043 0.21718565 0.16594403 0.13716989
 0.25581395 0.11312574 0.14189988 0.48916043
 0.52739456 0.09381159 0.28971226 0.08908159
 0.13401655 0.06700828 0.07567994 0.72329523
 0.11351991 0.14150572 0.71620024 0.02877414
 0.2798581  0.19117067 0.24674813 0.2822231 

MOTIF STvleng_l3_f_46
letter-probability matrix: alength= 4 w= 9 
 0.39630996 0.23616236 0.21180812 0.15571956
 0.27601476 0.11734317 0.45535055 0.15129151
 0.00664207 0.12214022 0.15793358 0.71328413
 0.0103321  0.16236162 0.08929889 0.73800738
 0.29114391 0.0298893  0.44243542 0.23653137
 0.5701107  0.07416974 0.10701107 0.24870849
 0.28560886 0.02435424 0.02361624 0.66642066
 0.58745387 0.01881919 0.18560886 0.20811808
 0.43099631 0.05313653 0.47933579 0.03653137

MOTIF STvleng_l3_f_47
letter-probability matrix: alength= 4 w= 9 
 0.11522872 0.30804864 0.07932831 0.49739433
 0.27620151 0.00057904 0.32252461 0.40069485
 0.48523451 0.01505501 0.35089751 0.14881297
 0.04574406 0.49334105 0.18297626 0.27793862
 0.00347423 0.94499131 0.01968732 0.03184713
 0.59061957 0.0179502  0.38969311 0.00173712
 0.11059641 0.26056746 0.05327157 0.57556456
 0.27214823 0.28488709 0.19513607 0.2478286 
 0.34916039 0.5118703  0.07643312 0.06253619

MOTIF STvleng_l3_f_48
letter-probability matrix: alength= 4 w= 9 
 0.2578276 0.2682644 0.2570545 0.2168535
 9.98840356e-01 3.86548125e-04 3.86548125e-04 3.86548125e-04
 0.21337457 0.01430228 0.06609973 0.70622342
 0.06223425 0.09045226 0.75222265 0.09509084
 0.40123695 0.02821801 0.53768844 0.03285659
 0.10823348 0.22110553 0.16312331 0.50753769
 0.13219946 0.11441825 0.64862775 0.10475454
 0.1542327  0.16892153 0.37224584 0.30459992
 0.27019714 0.18322381 0.30150754 0.24507151

MOTIF STvleng_l3_f_49
letter-probability matrix: alength= 4 w= 9 
 0.78683492 0.02319236 0.03854025 0.15143247
 0.40893588 0.17496589 0.2452251  0.17087312
 0.49351978 0.21282401 0.27626194 0.01739427
 0.72885402 0.08390177 0.17223738 0.01500682
 0.07435198 0.00409277 0.44952251 0.47203274
 0.03785812 0.30763984 0.16302865 0.4914734 
 0.23806276 0.25886767 0.33901774 0.16405184
 0.00068213 0.01023192 0.40143247 0.58765348
 0.34276944 0.16302865 0.17837653 0.31582538

MOTIF STvleng_l3_f_50
letter-probability matrix: alength= 4 w= 9 
 0.352874   0.29463266 0.20098972 0.15150362
 0.45831747 0.28054815 0.13437381 0.12676056
 0.02664636 0.53064332 0.16825276 0.27445756
 0.72440046 0.14579368 0.07651313 0.05329273
 0.22230681 0.45527217 0.08679102 0.23563   
 1.08108108e-01 3.80662352e-04 1.43509707e-01 7.48001523e-01
 0.3003426  0.01827179 0.03920822 0.64217739
 0.11648268 0.04263418 0.78416445 0.05671869
 0.20708032 0.33917016 0.09059764 0.36315188

MOTIF STvleng_l3_f_51
letter-probability matrix: alength= 4 w= 9 
 0.12060703 0.28674121 0.33306709 0.25958466
 0.39616613 0.01158147 0.40415335 0.18809904
 0.15255591 0.34664537 0.15694888 0.34384984
 0.0615016  0.26277955 0.45087859 0.22484026
 8.36661342e-01 3.99361022e-04 1.62539936e-01 3.99361022e-04
 0.02196486 0.13738019 0.00399361 0.83666134
 3.99361022e-04 4.19329073e-02 8.89376997e-01 6.82907348e-02
 0.26837061 0.28234824 0.18610224 0.26317891
 0.31230032 0.12460064 0.43091054 0.1321885 

MOTIF STvleng_l3_f_52
letter-probability matrix: alength= 4 w= 9 
 0.21116505 0.23959778 0.47156727 0.0776699 
 0.01178918 0.39285714 0.47746186 0.11789182
 0.46081831 0.36615811 0.16886269 0.00416089
 3.46740638e-04 1.76837725e-02 9.81622746e-01 3.46740638e-04
 6.87933426e-01 5.27045770e-02 2.59015257e-01 3.46740638e-04
 8.55755895e-01 3.46740638e-03 1.40429958e-01 3.46740638e-04
 0.259362   0.11477115 0.5520111  0.07385576
 0.16678225 0.24583911 0.18619972 0.40117892
 0.24618585 0.21116505 0.22122053 0.32142857

MOTIF STvleng_l3_f_53
letter-probability matrix: alength= 4 w= 9 
 0.2058319  0.26209262 0.1897084  0.34236707
 0.34099485 0.16981132 0.26003431 0.22915952
 0.00617496 0.01886792 0.01509434 0.95986278
 0.69708405 0.01783877 0.27307033 0.01200686
 0.64734134 0.02058319 0.30634648 0.02572899
 1.13207547e-02 3.07032590e-01 3.43053173e-04 6.81303602e-01
 0.49296741 0.00205832 0.27684391 0.22813036
 0.45900515 0.07238422 0.34168096 0.12692967
 0.27066895 0.24768439 0.2058319  0.27581475

MOTIF STvleng_l3_f_54
letter-probability matrix: alength= 4 w= 9 
 0.15262889 0.28739153 0.23379275 0.32618683
 1.68453292e-02 1.96528841e-01 5.10464523e-04 7.86115365e-01
 0.48902501 0.11689638 0.3884635  0.00561511
 0.12761613 0.30474732 0.46605411 0.10158244
 0.07963247 0.03573252 0.50587034 0.37876468
 0.12455334 0.48698315 0.06584992 0.32261358
 0.85451761 0.00408372 0.11230219 0.02909648
 0.11587545 0.09903012 0.76824911 0.01684533
 0.06789178 0.25523226 0.50535988 0.17151608

MOTIF STvleng_l3_f_55
letter-probability matrix: alength= 4 w= 9 
 0.36577181 0.17785235 0.02684564 0.4295302 
 0.83557047 0.02684564 0.0033557  0.13422819
 0.0033557  0.69798658 0.2852349  0.01342282
 0.91946309 0.02013423 0.05704698 0.0033557 
 0.0033557  0.05704698 0.02013423 0.91946309
 0.02013423 0.07718121 0.8557047  0.04697987
 0.83221477 0.16107383 0.0033557  0.0033557 
 0.27852349 0.15436242 0.26510067 0.30201342
 0.45637584 0.26510067 0.03691275 0.24161074

MOTIF STvleng_l3_f_56
letter-probability matrix: alength= 4 w= 9 
 0.30270458 0.19694868 0.25381415 0.24653259
 0.43862691 0.16227462 0.14112344 0.25797503
 0.17475728 0.14216366 0.1629681  0.52011096
 1.69902913e-02 3.46740638e-04 1.81345354e-01 8.01317614e-01
 0.54715673 0.01490985 0.41886269 0.01907074
 0.58044383 0.11165049 0.29195562 0.01595007
 0.05894591 0.0554785  0.0409154  0.84466019
 0.65846047 0.01248266 0.18446602 0.14459085
 0.48959778 0.04195562 0.38176144 0.08668516

MOTIF STvleng_l3_f_57
letter-probability matrix: alength= 4 w= 9 
 0.25876609 0.06879716 0.49090102 0.18153573
 0.28229028 0.06125166 0.33333333 0.32312472
 0.41100755 0.16067466 0.34886818 0.07944962
 0.03106968 0.00266312 0.66267199 0.30359521
 0.02574345 0.10563693 0.02707501 0.84154461
 0.02130493 0.42964936 0.39059032 0.15845539
 0.03994674 0.08655126 0.33999112 0.53351087
 0.66577896 0.20905459 0.12250333 0.00266312
 0.27163782 0.04660453 0.32134931 0.36040834

MOTIF STvleng_l3_f_58
letter-probability matrix: alength= 4 w= 9 
 0.04923296 0.12522298 0.33392793 0.49161613
 0.05743846 0.70674278 0.00535141 0.23046736
 0.56724938 0.02533    0.1748127  0.23260792
 0.45130218 0.12843382 0.07349269 0.34677132
 0.23474848 0.52550838 0.23795933 0.0017838 
 0.93863717 0.00963254 0.05030325 0.00142704
 0.50660007 0.15055298 0.04316803 0.29967892
 0.18052087 0.25294328 0.36567963 0.20085623
 0.41455583 0.36353907 0.10881199 0.11309311

MOTIF STvleng_l3_f_59
letter-probability matrix: alength= 4 w= 9 
 0.3619841  0.23097312 0.27413858 0.1329042 
 0.01098069 0.31048845 0.44907232 0.22945854
 3.78644453e-04 5.79326013e-01 3.78644453e-04 4.19916698e-01
 0.27338129 0.29875047 0.21393412 0.21393412
 0.1056418  0.75009466 0.10185536 0.04240818
 4.50586899e-01 2.88148429e-01 2.60886028e-01 3.78644453e-04
 0.0034078  0.03294207 0.01666036 0.94698978
 0.00908747 0.88943582 0.03521393 0.06626278
 0.153351   0.19273003 0.35365392 0.30026505

MOTIF STvleng_l3_f_60
letter-probability matrix: alength= 4 w= 9 
 0.17802503 0.1011822  0.22705146 0.49374131
 0.15890125 0.16376912 0.03720445 0.64012517
 2.60431154e-01 3.47705146e-04 2.90681502e-01 4.48539638e-01
 3.47705146e-04 9.73574409e-03 3.47705146e-04 9.89568846e-01
 0.91272601 0.00486787 0.01286509 0.06954103
 0.13595271 0.02468707 0.83275382 0.0066064 
 0.28720445 0.16272601 0.29694019 0.25312935
 0.1554242  0.30806676 0.09631433 0.44019471
 0.20549374 0.13734353 0.3449235  0.31223922

MOTIF STvleng_l3_f_61
letter-probability matrix: alength= 4 w= 9 
 0.00403497 0.4865501  0.06859449 0.44082044
 0.02488231 0.43140551 0.01580363 0.52790854
 0.26529926 0.13584398 0.42501681 0.17383995
 0.52151984 0.29287155 0.01210491 0.1735037 
 0.14055145 0.03732347 0.43140551 0.39071957
 0.01849361 0.05682582 0.78648285 0.13819771
 0.17148621 0.39240081 0.38634835 0.04976463
 0.07431069 0.2528581  0.38164089 0.29119032
 0.08137189 0.48789509 0.12340282 0.3073302 

MOTIF STvleng_l3_f_62
letter-probability matrix: alength= 4 w= 9 
 0.36640625 0.13710938 0.36054687 0.1359375 
 0.53398438 0.059375   0.246875   0.15976563
 0.38828125 0.03984375 0.08710938 0.48476562
 3.90625000e-04 1.21093750e-01 2.59765625e-01 6.18750000e-01
 0.19335938 0.08789062 0.34492187 0.37382813
 0.62265625 0.3328125  0.01523437 0.02929688
 0.62773437 0.03710938 0.01796875 0.3171875 
 0.4390625  0.01367188 0.02578125 0.52148438
 0.409375   0.10078125 0.20507812 0.28476563

MOTIF STvleng_l3_f_63
letter-probability matrix: alength= 4 w= 9 
 0.11702688 0.48919346 0.11228255 0.2814971 
 0.0975224  0.19082762 0.5355825  0.17606747
 0.00896152 0.8160253  0.01845018 0.15656299
 5.27148129e-04 6.02003163e-01 3.90089615e-01 7.38007380e-03
 0.00263574 0.84396415 0.15181866 0.00158144
 4.90247760e-02 9.42013706e-01 5.27148129e-04 8.43437006e-03
 0.04059041 0.78914075 0.0131787  0.15709014
 0.24986821 0.39377965 0.17237744 0.1839747 
 0.34897206 0.20506062 0.23036373 0.21560358

MOTIF STvleng_l3_f_64
letter-probability matrix: alength= 4 w= 9 
 3.62976407e-04 3.85117967e-01 5.08166969e-03 6.09437387e-01
 0.08747731 0.14555354 0.39891107 0.36805808
 0.29038113 0.42286751 0.13248639 0.15426497
 0.95753176 0.00290381 0.02794918 0.01161525
 0.25952813 0.03484574 0.07949183 0.6261343 
 0.4584392  0.25880218 0.10199637 0.18076225
 0.23375681 0.21597096 0.13611615 0.41415608
 0.39455535 0.076951   0.12994555 0.39854809
 0.2845735  0.50453721 0.03484574 0.17604356

MOTIF STvleng_l3_f_65
letter-probability matrix: alength= 4 w= 9 
 0.16690141 0.19225352 0.52323944 0.11760563
 0.37570423 0.30774648 0.19014085 0.12640845
 0.40739437 0.00669014 0.37288732 0.21302817
 0.0028169  0.00246479 0.92147887 0.07323944
 0.00246479 0.08626761 0.51091549 0.40035211
 0.14471831 0.08732394 0.50105634 0.26690141
 0.34542254 0.04330986 0.08380282 0.52746479
 0.55       0.03838028 0.18767606 0.22394366
 0.11338028 0.08873239 0.00457746 0.79330986

MOTIF STvleng_l3_f_66
letter-probability matrix: alength= 4 w= 9 
 0.29763441 0.09591398 0.34150538 0.26494624
 0.21634409 0.16344086 0.31655914 0.30365591
 0.23483871 0.31741935 0.43956989 0.00817204
 0.00430108 0.26365591 0.17290323 0.55913978
 0.08903226 0.08774194 0.58537634 0.23784946
 6.14623656e-01 3.84086022e-01 8.60215054e-04 4.30107527e-04
 0.10193548 0.2916129  0.1255914  0.48086022
 0.64       0.3372043  0.01505376 0.00774194
 0.54021505 0.08344086 0.13204301 0.24430108

MOTIF STvleng_l3_f_67
letter-probability matrix: alength= 4 w= 9 
 0.00792683 0.03963415 0.23719512 0.7152439 
 0.09268293 0.11463415 0.78841463 0.00426829
 0.59695122 0.11890244 0.28109756 0.00304878
 0.04390244 0.2304878  0.05121951 0.67439024
 0.60487805 0.03658537 0.23170732 0.12682927
 0.71280488 0.04512195 0.09146341 0.15060976
 0.5        0.21890244 0.13231707 0.14878049
 0.02195122 0.12743902 0.13170732 0.71890244
 0.18109756 0.23170732 0.3054878  0.28170732

MOTIF STvleng_l3_f_68
letter-probability matrix: alength= 4 w= 9 
 0.35992122 0.17872969 0.25504677 0.20630231
 0.86115214 0.01477105 0.07040867 0.05366814
 0.25061546 0.0310192  0.6971935  0.02117184
 0.00640079 0.21171837 0.03052683 0.75135401
 0.03594289 0.00541605 0.47562777 0.48301329
 0.27720335 0.12161497 0.12703102 0.47415066
 0.18414574 0.34711965 0.04529788 0.42343673
 0.10930576 0.44362383 0.05268341 0.394387  
 0.18562285 0.35696701 0.19891679 0.25849335

MOTIF STvleng_l3_f_69
letter-probability matrix: alength= 4 w= 9 
 0.05336427 0.27842227 0.05336427 0.61484919
 0.016628   0.19528229 0.31515855 0.47293117
 0.23859242 0.15390565 0.19760247 0.40989946
 0.00773395 0.56071152 0.28306265 0.14849188
 2.01082753e-02 7.26991493e-02 3.86697602e-04 9.06805878e-01
 0.93735499 0.00193349 0.05955143 0.00116009
 0.29814385 0.00116009 0.58313998 0.11755607
 0.25483372 0.0638051  0.145785   0.53557618
 0.28654292 0.14385151 0.40680588 0.16279969

MOTIF STvleng_l3_f_70
letter-probability matrix: alength= 4 w= 9 
 0.22881356 0.12677966 0.34576271 0.29864407
 0.00847458 0.13966102 0.06576271 0.78610169
 0.04949153 0.04372881 0.10305085 0.80372881
 0.02542373 0.25152542 0.10881356 0.61423729
 0.04067797 0.64915254 0.10915254 0.20101695
 0.08474576 0.08949153 0.01152542 0.81423729
 0.03118644 0.04610169 0.69457627 0.22813559
 0.33220339 0.07559322 0.05966102 0.53254237
 0.20067797 0.06169492 0.47389831 0.26372881

MOTIF STvleng_l3_f_71
letter-probability matrix: alength= 4 w= 9 
 0.38150289 0.14722883 0.28561714 0.18565114
 0.42536552 0.27235634 0.10880653 0.19347161
 0.1533492  0.49846991 0.04794288 0.30023801
 0.18225094 0.20571234 0.2349541  0.37708262
 3.40020401e-04 3.40020401e-04 3.40020401e-04 9.98979939e-01
 9.55457327e-01 3.40020401e-04 4.38626318e-02 3.40020401e-04
 1.17307038e-01 3.40020401e-04 8.82012921e-01 3.40020401e-04
 0.56885413 0.30397824 0.05644339 0.07072424
 0.11730704 0.21081265 0.30465828 0.36722203

MOTIF STvleng_l3_f_72
letter-probability matrix: alength= 4 w= 9 
 0.29165078 0.2241708  0.39954251 0.08463591
 0.17041555 0.27144491 0.19367137 0.36446817
 0.12962257 0.0026687  0.50552802 0.36218071
 3.81242852e-04 1.73846740e-01 1.54022112e-01 6.71749905e-01
 0.51772779 0.23446435 0.06633626 0.1814716 
 0.22722074 0.00343119 0.1681281  0.60121998
 0.37895539 0.05223027 0.1707968  0.39801754
 0.29012581 0.68623713 0.02020587 0.00343119
 0.31338162 0.2561952  0.3042318  0.12619138

MOTIF STvleng_l3_f_73
letter-probability matrix: alength= 4 w= 9 
 0.75       0.02631579 0.21217105 0.01151316
 0.40953947 0.35197368 0.10690789 0.13157895
 0.12828947 0.01315789 0.85197368 0.00657895
 0.24835526 0.63651316 0.11348684 0.00164474
 0.08223684 0.08388158 0.26973684 0.56414474
 0.74013158 0.01809211 0.00164474 0.24013158
 0.03618421 0.78125    0.13815789 0.04440789
 0.29111842 0.13157895 0.44736842 0.12993421
 0.00986842 0.38157895 0.16611842 0.44243421

MOTIF STvleng_l3_f_74
letter-probability matrix: alength= 4 w= 9 
 0.106323   0.46274668 0.05074507 0.38018526
 0.11316955 0.12364076 0.56141764 0.20177205
 2.81917036e-03 4.02738623e-04 7.32984293e-01 2.63793798e-01
 4.02738623e-04 7.29359646e-01 5.23560209e-03 2.65002014e-01
 0.34997986 0.15787354 0.47039871 0.02174789
 0.00281917 0.23519936 0.26701571 0.49496577
 0.04913411 0.19774466 0.05759162 0.6955296 
 0.02537253 0.09987918 0.35078534 0.52396295
 0.12686267 0.18848168 0.34192509 0.34273057

MOTIF STvleng_l3_f_75
letter-probability matrix: alength= 4 w= 9 
 0.34157913 0.16536767 0.20501525 0.28803795
 0.03592003 0.42934598 0.0010166  0.53371738
 0.12843104 0.15452389 0.14876313 0.56828194
 2.25686208e-01 3.38868180e-04 7.11623179e-01 6.23517452e-02
 0.56963741 0.31582514 0.04337513 0.07116232
 0.01287699 0.07963402 0.45916638 0.4483226 
 0.63876652 0.19044392 0.08878346 0.0820061 
 0.44900034 0.34327347 0.09522196 0.11250424
 0.15621823 0.06675703 0.13351406 0.64351067

MOTIF STvleng_l3_f_77
letter-probability matrix: alength= 4 w= 9 
 0.36467813 0.12740142 0.44523087 0.06268959
 0.11931244 0.24233232 0.22682845 0.41152679
 0.00101112 0.76643074 0.00471857 0.22783957
 0.00471857 0.34715201 0.6471183  0.00101112
 0.19413549 0.41860465 0.0016852  0.38557465
 2.93899562e-01 6.11391978e-01 9.43714189e-02 3.37040782e-04
 0.50556117 0.18806876 0.29726997 0.0091001 
 0.50556117 0.11998652 0.18975396 0.18469835
 0.50252781 0.13751264 0.3107516  0.04920795

MOTIF STvleng_l3_f_78
letter-probability matrix: alength= 4 w= 9 
 0.49162807 0.1521197  0.08122551 0.27502672
 0.46633416 0.41254008 0.07908799 0.04203776
 0.64909156 0.15924475 0.18168864 0.00997506
 0.56644104 0.26220164 0.15354471 0.01781261
 0.05379409 0.4235839  0.01852512 0.5040969 
 0.42180264 0.01603135 0.40826505 0.15390096
 0.20448878 0.44602779 0.09405059 0.25543285
 0.31742073 0.0484503  0.35660848 0.27752048
 0.10580691 0.15853224 0.3042394  0.43142145

MOTIF STvleng_l3_f_79
letter-probability matrix: alength= 4 w= 9 
 0.32476224 0.26840437 0.09651286 0.31032054
 0.41634378 0.19654808 0.19971821 0.18738993
 9.17576611e-01 3.52236703e-04 6.51637901e-02 1.69073617e-02
 0.04825643 0.07890102 0.02536104 0.84748151
 0.07220852 0.06305037 0.84572032 0.01902078
 0.25220148 0.28425502 0.12750969 0.33603381
 0.35752025 0.00810144 0.18210638 0.45227193
 0.23141951 0.16167665 0.39380063 0.21310321
 0.30679817 0.1497006  0.33356816 0.20993308

MOTIF STvleng_l3_f_80
letter-probability matrix: alength= 4 w= 9 
 0.19733146 0.23314607 0.16116573 0.40835674
 0.66783708 0.28335674 0.00456461 0.04424157
 0.25421348 0.25561798 0.34550562 0.14466292
 9.98946629e-01 3.51123596e-04 3.51123596e-04 3.51123596e-04
 3.51123596e-04 3.51123596e-04 3.51123596e-04 9.98946629e-01
 3.51123596e-04 3.51123596e-04 9.98946629e-01 3.51123596e-04
 0.24894663 0.22401685 0.18574438 0.34129213
 0.26369382 0.20365169 0.28370787 0.24894663
 0.3556882  0.18082865 0.18363764 0.27984551

MOTIF STvleng_l3_f_81
letter-probability matrix: alength= 4 w= 9 
 0.29189189 0.22837838 0.33918919 0.14054054
 0.13310811 0.06351351 0.18716216 0.61621622
 0.17939189 0.07297297 0.01216216 0.73547297
 0.31756757 0.0472973  0.54527027 0.08986486
 6.49324324e-01 3.37837838e-04 3.37837838e-04 3.50000000e-01
 0.57432432 0.36756757 0.00337838 0.05472973
 0.12533784 0.05067568 0.53243243 0.29155405
 0.17094595 0.10912162 0.55810811 0.16182432
 0.5375     0.15236486 0.24560811 0.06452703

MOTIF STvleng_l3_f_82
letter-probability matrix: alength= 4 w= 9 
 0.2115247  0.13600573 0.4928418  0.15962777
 0.43307087 0.26234789 0.24015748 0.06442377
 0.32032928 0.01252684 0.66141732 0.00572656
 3.57909807e-04 3.57909807e-04 9.96062992e-01 3.22118826e-03
 3.57909807e-04 3.57909807e-04 9.98926271e-01 3.57909807e-04
 0.00501074 0.05941303 0.89477452 0.04080172
 0.27952756 0.37043665 0.13636364 0.21367215
