MEME version 5.3.0

ALPHABET= ACGT

strands: + -

Background letter frequencies
A 0.25 C 0.25 G 0.25 T 0.25

MOTIF STvleng_l3_f_0
letter-probability matrix: alength= 4 w= 9 
 0.34221902 0.15381844 0.24351585 0.26044669
 0.33537464 0.14157061 0.36779539 0.15525937
 3.60230548e-04 7.31268012e-02 3.60230548e-04 9.26152738e-01
 0.39841499 0.00792507 0.5389049  0.05475504
 0.3407781  0.06736311 0.39409222 0.19776657
 6.11671470e-01 3.60230548e-04 3.38616715e-02 3.54106628e-01
 0.33213256 0.04827089 0.10410663 0.51548991
 0.41534582 0.07744957 0.29899135 0.20821326
 0.40309798 0.18191643 0.1379683  0.27701729

MOTIF STvleng_l3_f_1
letter-probability matrix: alength= 4 w= 9 
 0.23220974 0.13483146 0.41305511 0.21990369
 0.05457464 0.55591225 0.09630819 0.29320492
 0.26056715 0.05778491 0.4023542  0.27929374
 0.64579989 0.11182451 0.1128946  0.12948101
 0.05189941 0.10540396 0.84055645 0.00214018
 0.01926164 0.0952381  0.8812199  0.00428036
 5.35045479e-04 5.35045479e-04 2.23649010e-01 7.75280899e-01
 0.18191546 0.32744783 0.43980738 0.05082932
 0.11021937 0.05831996 0.65757089 0.17388978

MOTIF STvleng_l3_f_3
letter-probability matrix: alength= 4 w= 9 
 0.43896291 0.23046453 0.19985596 0.1307166 
 0.42275837 0.53150882 0.03312928 0.01260353
 0.82247029 0.05617573 0.11919337 0.0021606 
 0.89665106 0.02700756 0.06877926 0.00756212
 0.41735686 0.27475693 0.05833633 0.24954987
 0.5228664  0.24234786 0.21173929 0.02304645
 0.66186532 0.0421318  0.18869283 0.10731005
 0.12783579 0.3485776  0.35073821 0.1728484 
 0.1742888  0.25099028 0.43032049 0.14440043

MOTIF STvleng_l3_f_4
letter-probability matrix: alength= 4 w= 9 
 0.57142857 0.14285714 0.14285714 0.14285714
 0.14285714 0.14285714 0.57142857 0.14285714
 0.14285714 0.14285714 0.14285714 0.57142857
 0.14285714 0.57142857 0.14285714 0.14285714
 0.57142857 0.14285714 0.14285714 0.14285714
 0.14285714 0.14285714 0.57142857 0.14285714
 0.14285714 0.57142857 0.14285714 0.14285714
 0.14285714 0.57142857 0.14285714 0.14285714
 0.14285714 0.57142857 0.14285714 0.14285714

MOTIF STvleng_l3_f_5
letter-probability matrix: alength= 4 w= 9 
 0.22530058 0.14166231 0.3350758  0.29796132
 0.05906952 0.26921066 0.34918975 0.32253006
 5.22739153e-04 5.22739153e-04 5.22739153e-04 9.98431783e-01
 7.02561422e-01 5.22739153e-04 2.96393100e-01 5.22739153e-04
 5.46785154e-01 5.22739153e-04 4.52169367e-01 5.22739153e-04
 0.21327757 0.38003136 0.24882384 0.15786722
 0.62049137 0.22634605 0.07997909 0.07318348
 0.35128071 0.14845792 0.00522739 0.49503398
 0.01150026 0.09095661 0.22320962 0.67433351

MOTIF STvleng_l3_f_6
letter-probability matrix: alength= 4 w= 9 
 0.70987654 0.14437586 0.07578875 0.06995885
 0.66186557 0.07921811 0.22496571 0.03395062
 0.33916324 0.00034294 0.32133059 0.33916324
 0.00377229 0.64300412 0.00788752 0.34533608
 0.3175583  0.20164609 0.30452675 0.17626886
 0.47290809 0.2548011  0.02331962 0.24897119
 0.85699588 0.00857339 0.09636488 0.03806584
 0.24588477 0.16872428 0.06550069 0.51989026
 0.11076818 0.14883402 0.67832647 0.06207133

MOTIF STvleng_l3_f_7
letter-probability matrix: alength= 4 w= 9 
 0.15285881 0.33838973 0.2672112  0.24154026
 0.47724621 0.01166861 0.47607935 0.03500583
 0.17036173 0.64410735 0.18436406 0.00116686
 0.99649942 0.00116686 0.00116686 0.00116686
 0.00116686 0.15985998 0.8378063  0.00116686
 0.26954492 0.0210035  0.35239207 0.35705951
 0.61143524 0.13535589 0.25087515 0.00233372
 0.04434072 0.56709452 0.02683781 0.36172695
 0.22053676 0.26254376 0.11901984 0.39789965

MOTIF STvleng_l3_f_8
letter-probability matrix: alength= 4 w= 9 
 0.4729927  0.14452555 0.19160584 0.19087591
 0.69014599 0.04343066 0.01313869 0.25328467
 0.38941606 0.08430657 0.13722628 0.38905109
 9.77007299e-01 3.64963504e-04 1.42335766e-02 8.39416058e-03
 0.02664234 0.23211679 0.40693431 0.33430657
 0.01642336 0.0850365  0.17591241 0.72262774
 0.64963504 0.05510949 0.20291971 0.09233577
 0.36788321 0.07189781 0.47591241 0.08430657
 0.23467153 0.2879562  0.16569343 0.31167883

MOTIF STvleng_l3_f_9
letter-probability matrix: alength= 4 w= 9 
 0.09656579 0.2366542  0.09520571 0.57157429
 0.37844271 0.28935736 0.20639238 0.12580755
 0.34818089 0.14756885 0.32131928 0.18293098
 5.78034682e-03 3.40020401e-04 3.40020401e-04 9.93539612e-01
 7.97007820e-01 3.40020401e-04 2.00952057e-01 1.70010201e-03
 0.71098266 0.0017001  0.28425706 0.00306018
 0.0867052  0.18259096 0.50459028 0.22611357
 0.3066984  0.54199252 0.05950357 0.09180551
 0.19721183 0.23189391 0.34274056 0.22815369

MOTIF STvleng_l3_f_10
letter-probability matrix: alength= 4 w= 9 
 0.07731959 0.131209   0.07029053 0.72118088
 0.29756326 0.04170572 0.46766635 0.19306467
 0.66401125 0.02717901 0.14245548 0.16635426
 1.72914714e-01 4.68603561e-04 2.01499531e-02 8.06466729e-01
 0.26382381 0.03467666 0.42736645 0.27413308
 0.60965323 0.06044986 0.17432052 0.15557638
 0.63495783 0.1452671  0.11621368 0.10356139
 0.18322399 0.02108716 0.07638238 0.71930647
 0.43252109 0.08856607 0.14854733 0.33036551

MOTIF STvleng_l3_f_11
letter-probability matrix: alength= 4 w= 9 
 0.3021978  0.31421703 0.15625    0.22733516
 0.15041209 0.19024725 0.50961538 0.14972527
 0.5206044  0.02438187 0.44883242 0.00618132
 3.64010989e-01 2.07074176e-01 3.43406593e-04 4.28571429e-01
 5.08241758e-02 3.43406593e-04 7.79189560e-01 1.69642857e-01
 0.09787088 0.12706044 0.30803571 0.46703297
 0.17101648 0.13461538 0.0831044  0.61126374
 0.36401099 0.40350275 0.09203297 0.1404533 
 0.51888736 0.23798077 0.0206044  0.22252747

MOTIF STvleng_l3_f_12
letter-probability matrix: alength= 4 w= 9 
 0.53499824 0.15335913 0.2198382  0.09180443
 0.71790362 0.00703482 0.0137179  0.26134365
 3.48223707e-02 3.51741119e-04 2.51494900e-01 7.13330988e-01
 0.06788604 0.0513542  0.78930707 0.09145269
 0.47590573 0.12768203 0.32395357 0.07245867
 0.28491031 0.14421386 0.2018994  0.36897643
 0.3900809  0.30390433 0.12803377 0.17798101
 0.1702427  0.38972916 0.18079493 0.2592332 
 0.28033767 0.21104467 0.42595849 0.08265916

MOTIF STvleng_l3_f_13
letter-probability matrix: alength= 4 w= 9 
 0.21574042 0.10148429 0.13082499 0.55195029
 0.50914739 0.15015533 0.19710045 0.14359682
 0.29754919 0.19641008 0.38660683 0.1194339 
 3.45184674e-04 3.79703141e-03 5.41939938e-02 9.41663790e-01
 0.60062133 0.00759406 0.36589575 0.02588885
 0.68726269 0.01484294 0.28615809 0.01173628
 0.12115982 0.14773904 0.1080428  0.62305834
 0.58715913 0.17880566 0.15291681 0.0811184 
 0.49430445 0.09527097 0.32999655 0.08042803

MOTIF STvleng_l3_f_14
letter-probability matrix: alength= 4 w= 9 
 0.06566069 0.66068515 0.09991843 0.17373573
 0.6317292  0.02773246 0.22471452 0.11582382
 0.57911909 0.08809135 0.28466558 0.04812398
 4.18841762e-01 4.07830343e-04 6.44371941e-02 5.16313214e-01
 0.0322186  0.15130506 0.12071778 0.69575856
 0.25244698 0.38784666 0.12805873 0.23164763
 0.17169657 0.68515498 0.01508972 0.12805873
 0.28017945 0.35766721 0.24143556 0.12071778
 0.34910277 0.41027732 0.17944535 0.06117455

MOTIF STvleng_l3_f_15
letter-probability matrix: alength= 4 w= 9 
 0.31647808 0.17079208 0.03041018 0.48231966
 7.57425743e-01 3.53606789e-04 2.41867044e-01 3.53606789e-04
 0.32531825 0.09653465 0.37659123 0.20155587
 3.53606789e-04 3.53606789e-04 3.53606789e-04 9.98939180e-01
 9.38826025e-01 3.53606789e-04 6.04667610e-02 3.53606789e-04
 4.58628006e-01 3.53606789e-04 5.40664781e-01 3.53606789e-04
 0.27439887 0.25671853 0.3384017  0.13048091
 0.15205092 0.21251768 0.32001414 0.31541726
 0.26343706 0.28465347 0.18953324 0.26237624

MOTIF STvleng_l3_f_16
letter-probability matrix: alength= 4 w= 9 
 0.39246947 0.20691995 0.19742198 0.2031886 
 0.29274084 0.01696065 0.64925373 0.04104478
 0.14993216 0.22455902 0.11261872 0.51289009
 3.39213026e-04 1.78086839e-01 6.27544098e-02 7.58819539e-01
 3.09023066e-01 3.39213026e-04 1.96743555e-02 6.70963365e-01
 9.08073270e-01 1.76390773e-02 7.39484396e-02 3.39213026e-04
 0.6380597  0.02849389 0.33276798 0.00067843
 0.22014925 0.0702171  0.51289009 0.19674355
 0.36058345 0.17537313 0.40298507 0.06105834

MOTIF STvleng_l3_f_17
letter-probability matrix: alength= 4 w= 9 
 0.0781471  0.34724187 0.09229137 0.48231966
 0.50742574 0.16867044 0.13578501 0.18811881
 0.54066478 0.10113154 0.11881188 0.2393918 
 3.53606789e-04 8.73408769e-02 3.53606789e-04 9.11951909e-01
 2.75106082e-01 3.53606789e-04 5.26874116e-02 6.71852900e-01
 0.04207921 0.03500707 0.87835926 0.04455446
 0.20403112 0.03606789 0.26591231 0.49398868
 0.12588402 0.14321075 0.57637907 0.15452617
 0.47206506 0.16195191 0.25070721 0.11527581

MOTIF STvleng_l3_f_18
letter-probability matrix: alength= 4 w= 9 
 0.62025316 0.04078762 0.32946554 0.00949367
 0.08122363 0.15436006 0.23699015 0.52742616
 0.31715893 0.07137834 0.5545007  0.05696203
 0.19901547 0.26125176 0.52601969 0.01371308
 0.01125176 0.1954993  0.35091421 0.44233474
 0.14908579 0.0242616  0.80028129 0.02637131
 0.09177215 0.29324895 0.48734177 0.12763713
 0.50738397 0.20780591 0.23101266 0.05379747
 0.197609   0.07911392 0.2580872  0.46518987

MOTIF STvleng_l3_f_19
letter-probability matrix: alength= 4 w= 9 
 0.50628183 0.10831919 0.10865874 0.27674024
 0.42988115 0.15144312 0.28081494 0.13786078
 0.1466893  0.01629881 0.3901528  0.44685908
 0.47402377 0.437691   0.05229202 0.03599321
 0.33548387 0.00509338 0.64142615 0.0179966 
 3.39558574e-04 2.75382003e-01 3.03565365e-01 4.20713073e-01
 8.89303905e-01 9.30390492e-02 1.73174873e-02 3.39558574e-04
 0.61935484 0.0196944  0.31714771 0.04380306
 0.22139219 0.19796265 0.41222411 0.16842105

MOTIF STvleng_l3_f_20
letter-probability matrix: alength= 4 w= 9 
 0.32355099 0.15517241 0.19552458 0.32575202
 0.2461482  0.18525312 0.04915627 0.51944241
 0.27476156 0.1511372  0.46074835 0.1133529 
 3.66837858e-04 3.66837858e-04 3.66837858e-04 9.98899486e-01
 5.56493030e-01 3.66837858e-04 4.42773294e-01 3.66837858e-04
 7.10198092e-01 3.66837858e-04 2.89068232e-01 3.66837858e-04
 0.27072634 0.15297139 0.48495965 0.09134263
 0.22890682 0.40315481 0.03044754 0.33749083
 0.06089508 0.10051357 0.33859134 0.5       

MOTIF STvleng_l3_f_21
letter-probability matrix: alength= 4 w= 9 
 0.12440838 0.36409736 0.21602434 0.29546991
 0.11595673 0.37694388 0.27924273 0.22785666
 0.08857336 0.01081812 0.02298851 0.87762001
 0.76436782 0.0821501  0.14976335 0.00371873
 3.42461122e-01 8.07978364e-02 5.76402975e-01 3.38066261e-04
 1.31507776e-01 3.87762001e-01 4.80392157e-01 3.38066261e-04
 0.01588911 0.19371197 0.1703854  0.62001352
 0.05578093 0.45943205 0.37221095 0.11257606
 0.25016903 0.35835024 0.29310345 0.09837728

MOTIF STvleng_l3_f_22
letter-probability matrix: alength= 4 w= 9 
 0.2907916  0.07915994 0.32835218 0.30169628
 0.27948304 0.15751212 0.47859451 0.08441034
 0.05452342 0.02988691 0.35056543 0.56502423
 0.32996769 0.00201939 0.59531502 0.0726979 
 0.78271405 0.01453958 0.09208401 0.11066236
 0.00121163 0.00807754 0.02827141 0.96243942
 0.71001616 0.11712439 0.05694669 0.11591276
 0.65912763 0.16962843 0.14297254 0.02827141
 0.42043619 0.12035541 0.30088853 0.15831987

MOTIF STvleng_l3_f_23
letter-probability matrix: alength= 4 w= 9 
 0.15854998 0.17392896 0.44891981 0.21860124
 3.66166239e-04 4.29512999e-01 1.05822043e-01 4.64298792e-01
 0.12889052 0.03368729 0.23288173 0.60454046
 0.50823874 0.17575979 0.00768949 0.30831197
 3.07579641e-01 3.66166239e-04 6.91688026e-01 3.66166239e-04
 9.11753936e-02 1.06554376e-01 8.01904064e-01 3.66166239e-04
 3.66166239e-04 6.07835958e-02 8.45477847e-01 9.33723911e-02
 0.27279385 0.11424387 0.21786891 0.39509337
 0.30391798 0.13438301 0.32112779 0.24057122

MOTIF STvleng_l3_f_24
letter-probability matrix: alength= 4 w= 9 
 0.26955354 0.18731118 0.43034575 0.11278953
 0.06881504 0.43672373 0.21617993 0.2782813 
 0.02249077 0.05236657 0.74890903 0.17623364
 0.08492783 0.1470292  0.18731118 0.58073179
 0.77844914 0.08559919 0.1211816  0.01477006
 0.56764015 0.0020141  0.41322591 0.01711984
 0.46055723 0.30110775 0.08996307 0.14837194
 0.21416583 0.70594159 0.03759651 0.04229607
 0.60255119 0.08257805 0.11379658 0.20107419

MOTIF STvleng_l3_f_25
letter-probability matrix: alength= 4 w= 9 
 0.27375088 0.18085855 0.28536242 0.26002815
 0.72695285 0.05700211 0.04363125 0.17241379
 3.07881773e-01 3.51864884e-04 3.51864884e-04 6.91414497e-01
 3.51864884e-04 3.51864884e-04 6.78747361e-01 3.20548909e-01
 0.06052076 0.29204785 0.3627727  0.28465869
 0.3947924  0.23363828 0.15306122 0.21850809
 0.08163265 0.36206897 0.26178747 0.29451091
 0.23610134 0.36805067 0.23187896 0.16396904
 0.22695285 0.18578466 0.09465165 0.49261084

MOTIF STvleng_l3_f_26
letter-probability matrix: alength= 4 w= 9 
 0.18634886 0.13326111 0.3058866  0.37450343
 0.02202961 0.07547851 0.11809317 0.7843987 
 0.03178043 0.05055977 0.0491152  0.8685446 
 0.48609606 0.00397255 0.42072951 0.08920188
 0.76561936 0.00505598 0.1849043  0.04442037
 0.17009751 0.25135428 0.04442037 0.53412784
 0.60093897 0.25135428 0.08306248 0.06464428
 0.26616107 0.11556519 0.44059227 0.17768147
 0.20223908 0.14553991 0.10111954 0.55110148

MOTIF STvleng_l3_f_27
letter-probability matrix: alength= 4 w= 9 
 0.6098542  0.07088989 0.22473605 0.09451986
 0.22574158 0.5505279  0.05379588 0.16993464
 0.51432881 0.08396179 0.39064857 0.01106083
 0.42533937 0.28054299 0.17647059 0.11764706
 0.37405732 0.19708396 0.03670186 0.39215686
 0.37254902 0.25540473 0.35997989 0.01206637
 0.32176973 0.18702866 0.1618904  0.32931121
 0.12066365 0.21317245 0.33534439 0.33081951
 0.24786325 0.07239819 0.55304173 0.12669683

MOTIF STvleng_l3_f_28
letter-probability matrix: alength= 4 w= 9 
 0.245629   0.20597015 0.26098081 0.28742004
 0.06609808 0.01748401 0.06780384 0.84861407
 0.55181237 0.09808102 0.31812367 0.03198294
 5.59914712e-01 1.05330490e-01 3.34328358e-01 4.26439232e-04
 0.06268657 0.00255864 0.00341151 0.93134328
 6.93816631e-01 7.16417910e-02 2.34115139e-01 4.26439232e-04
 6.74626866e-01 5.84221748e-02 2.66524520e-01 4.26439232e-04
 0.23454158 0.20767591 0.38294243 0.17484009
 0.25202559 0.19829424 0.24221748 0.30746269

MOTIF STvleng_l3_f_29
letter-probability matrix: alength= 4 w= 9 
 0.02322258 0.07073955 0.01429082 0.89174705
 0.85351911 0.02679528 0.07788496 0.04180064
 0.57984995 0.09038942 0.32332976 0.00643087
 0.0628796  0.39371204 0.22508039 0.31832797
 0.79242587 0.06931047 0.04751697 0.0907467 
 0.07073955 0.08288675 0.34155055 0.50482315
 0.11647017 0.18113612 0.13969275 0.56270096
 0.12897463 0.19614148 0.47016792 0.20471597
 0.23294034 0.18399428 0.31475527 0.26831011

MOTIF STvleng_l3_f_30
letter-probability matrix: alength= 4 w= 9 
 0.26235741 0.17642586 0.32623574 0.23498099
 0.18288973 0.35361217 0.18326996 0.28022814
 0.26121673 0.26463878 0.20722433 0.26692015
 8.77566540e-01 3.80228137e-04 1.21673004e-01 3.80228137e-04
 0.01102662 0.01254753 0.0026616  0.97376426
 0.02015209 0.07756654 0.81596958 0.08631179
 0.23117871 0.09847909 0.60228137 0.06806084
 0.12091255 0.12737643 0.14220532 0.6095057 
 0.18174905 0.20076046 0.49809886 0.11939163

MOTIF STvleng_l3_f_31
letter-probability matrix: alength= 4 w= 9 
 0.23439099 0.30672126 0.17331969 0.28556807
 0.5035824  0.10678949 0.23302627 0.15660184
 0.01910611 0.11873081 0.0156943  0.84646878
 0.62367793 0.09075401 0.1835551  0.10201296
 0.51347663 0.03684749 0.43091095 0.01876493
 0.11634255 0.05731832 0.05083589 0.77550324
 0.58444217 0.03480041 0.26134425 0.11941317
 0.62026612 0.05629478 0.2708973  0.05254179
 0.32241556 0.15523712 0.22927329 0.29307404

MOTIF STvleng_l3_f_32
letter-probability matrix: alength= 4 w= 9 
 0.29188325 0.42542983 0.14034386 0.14234306
 0.2554978  0.05237905 0.65973611 0.03238705
 0.4022391  0.26629348 0.09956018 0.23190724
 0.38104758 0.37864854 0.19992003 0.04038385
 0.21191523 0.00279888 0.61295482 0.17233107
 3.57457017e-01 6.29348261e-01 1.27948820e-02 3.99840064e-04
 5.47780888e-02 8.41263495e-01 1.03558577e-01 3.99840064e-04
 0.4970012  0.00079968 0.4930028  0.00919632
 0.47540984 0.2514994  0.03438625 0.23870452

MOTIF STvleng_l3_f_33
letter-probability matrix: alength= 4 w= 9 
 0.26688453 0.19281046 0.25599129 0.28431373
 0.34912854 0.05065359 0.12636166 0.47385621
 0.38671024 0.0130719  0.2167756  0.38344227
 0.28540305 0.03867102 0.42265795 0.25326797
 0.53431373 0.1459695  0.29139434 0.02832244
 0.44771242 0.00599129 0.0751634  0.4711329 
 0.04738562 0.01470588 0.49346405 0.44444444
 0.10076253 0.18028322 0.54847495 0.1704793 
 0.25599129 0.24782135 0.30827887 0.1879085 

MOTIF STvleng_l3_f_34
letter-probability matrix: alength= 4 w= 9 
 0.45275591 0.13582677 0.30019685 0.11122047
 0.42125984 0.45866142 0.06889764 0.0511811 
 0.61909449 0.19389764 0.13681102 0.05019685
 0.71948819 0.00098425 0.27854331 0.00098425
 0.40059055 0.22145669 0.33464567 0.04330709
 0.00590551 0.01673228 0.06692913 0.91043307
 0.9015748  0.08366142 0.00098425 0.01377953
 0.0265748  0.01279528 0.89370079 0.06692913
 0.20767717 0.21456693 0.26279528 0.31496063

MOTIF STvleng_l3_f_35
letter-probability matrix: alength= 4 w= 9 
 0.22744186 0.30837209 0.21674419 0.24744186
 0.07860465 0.00837209 0.00232558 0.91069767
 0.59255814 0.02511628 0.29348837 0.08883721
 0.68837209 0.02186047 0.28       0.00976744
 3.86046512e-02 4.65116279e-04 4.65116279e-04 9.60465116e-01
 0.69767442 0.00790698 0.26139535 0.03302326
 7.00465116e-01 3.86046512e-02 2.60465116e-01 4.65116279e-04
 0.32       0.21395349 0.27674419 0.18930233
 0.28418605 0.21209302 0.26697674 0.23674419

MOTIF STvleng_l3_f_36
letter-probability matrix: alength= 4 w= 9 
 0.47850854 0.10046608 0.25220093 0.16882444
 0.23407561 0.13205593 0.08648369 0.54738477
 0.368203   0.01553599 0.54324184 0.07301916
 0.3158985  0.22112895 0.11289487 0.35007768
 0.47591921 0.04246504 0.20352149 0.27809425
 0.20766442 0.0678405  0.23666494 0.48783014
 0.31071983 0.02278612 0.46141895 0.20507509
 0.30605904 0.08234076 0.24132574 0.37027447
 0.25530813 0.13775246 0.46193682 0.14500259

MOTIF STvleng_l3_f_37
letter-probability matrix: alength= 4 w= 9 
 0.41087505 0.14836154 0.24378826 0.19697515
 0.00684192 0.29996399 0.42815988 0.26503421
 0.02160605 0.11127116 0.51782499 0.3492978 
 0.33345337 0.41519625 0.15556356 0.09578682
 6.25855239e-01 1.40439323e-02 3.59740727e-01 3.60100828e-04
 9.18257112e-02 1.62045373e-01 7.45768815e-01 3.60100828e-04
 2.85920058e-01 1.87252431e-02 6.94994598e-01 3.60100828e-04
 0.80338495 0.10154843 0.06625855 0.02880807
 0.34101548 0.22830393 0.26611451 0.16456608

MOTIF STvleng_l3_f_38
letter-probability matrix: alength= 4 w= 9 
 0.12040472 0.20236088 0.32040472 0.35682968
 0.05935919 0.18617201 0.61382799 0.14064081
 0.00438449 0.2698145  0.17976391 0.5460371 
 2.36087690e-03 3.37268128e-04 3.37268128e-04 9.96964587e-01
 0.03136594 0.00236088 0.87419899 0.0920742 
 3.37268128e-04 3.70994941e-03 7.21416526e-01 2.74536256e-01
 0.1450253  0.23979764 0.57706577 0.0381113 
 0.36391231 0.14940978 0.29679595 0.18988196
 0.13895447 0.23035413 0.16863406 0.46205734

MOTIF STvleng_l3_f_39
letter-probability matrix: alength= 4 w= 9 
 0.32617001 0.14708691 0.31232092 0.21442216
 7.10601719e-01 4.77554919e-04 2.88443171e-01 4.77554919e-04
 0.5339064  0.05635148 0.35768863 0.05205349
 0.75787966 0.06829035 0.08357211 0.09025788
 0.51957975 0.34479465 0.0296084  0.10601719
 0.41165234 0.18720153 0.00047755 0.40066858
 3.34765998e-01 1.62368672e-01 5.02387775e-01 4.77554919e-04
 0.24498567 0.17096466 0.48662846 0.0974212 
 0.34813754 0.12225406 0.42550143 0.10410697

MOTIF STvleng_l3_f_40
letter-probability matrix: alength= 4 w= 9 
 0.23832685 0.15807393 0.34046693 0.2631323 
 0.06177043 0.04961089 0.25291829 0.63570039
 4.86381323e-04 2.04280156e-02 4.86381323e-04 9.78599222e-01
 0.00291829 0.01994163 0.38132296 0.59581712
 4.86381323e-04 4.57198444e-02 5.64202335e-02 8.97373541e-01
 0.25437743 0.00048638 0.3540856  0.39105058
 4.86381323e-04 2.86964981e-02 1.72665370e-01 7.98151751e-01
 0.12548638 0.06614786 0.27383268 0.53453307
 0.08754864 0.08511673 0.22714008 0.60019455

MOTIF STvleng_l3_f_41
letter-probability matrix: alength= 4 w= 9 
 0.23402802 0.15852409 0.19234711 0.41510079
 0.25076871 0.11615989 0.33139734 0.30167407
 0.42330031 0.12845917 0.09771097 0.35052955
 1.53741032e-02 3.41646737e-04 3.41646737e-04 9.83942603e-01
 7.15749915e-01 3.75811411e-03 2.80150325e-01 3.41646737e-04
 6.72702426e-01 3.41646737e-04 2.94841134e-01 3.21147933e-02
 0.25965152 0.03963102 0.01366587 0.68705159
 0.70140075 0.03928937 0.20259652 0.05671336
 0.47864708 0.03963102 0.30782371 0.17389819

MOTIF STvleng_l3_f_42
letter-probability matrix: alength= 4 w= 9 
 0.10610169 0.19288136 0.23627119 0.46474576
 0.0640678  0.39084746 0.08033898 0.46474576
 0.00305085 0.05322034 0.20372881 0.74      
 5.43728814e-01 3.38983051e-04 3.93898305e-01 6.20338983e-02
 0.50101695 0.21186441 0.28067797 0.00644068
 3.13220339e-01 3.38983051e-04 1.04406780e-01 5.82033898e-01
 0.58       0.06271186 0.10813559 0.24915254
 0.44813559 0.03322034 0.33152542 0.18711864
 0.52949153 0.16101695 0.20745763 0.1020339 

MOTIF STvleng_l3_f_43
letter-probability matrix: alength= 4 w= 9 
 0.35081685 0.03697334 0.6044712  0.00773861
 0.12037833 0.09802236 0.04987102 0.73172829
 0.05417025 0.33705933 0.12811694 0.48065348
 0.77815993 0.03439381 0.07480653 0.11263972
 0.00085985 0.30008598 0.00687876 0.69217541
 9.81943250e-01 1.46173689e-02 8.59845228e-04 2.57953568e-03
 0.03439381 0.66208083 0.16251075 0.14101462
 0.23559759 0.14015477 0.47119518 0.15305245
 0.24935512 0.1900258  0.41530525 0.14531384

MOTIF STvleng_l3_f_44
letter-probability matrix: alength= 4 w= 9 
 0.3378545  0.15043157 0.33210029 0.17961365
 0.24660912 0.3325113  0.14549938 0.27538019
 0.6621455  0.00493218 0.30990547 0.02301685
 0.43567612 0.07891492 0.06000822 0.42540074
 0.34401973 0.09658857 0.38142211 0.17796958
 6.87628442e-01 4.11015208e-04 3.11549527e-01 4.11015208e-04
 0.13111385 0.22482532 0.00164406 0.64241677
 0.06658446 0.02137279 0.79120427 0.12083847
 0.23921085 0.19482121 0.33374435 0.23222359

MOTIF STvleng_l3_f_45
letter-probability matrix: alength= 4 w= 9 
 0.53081232 0.19852941 0.17682073 0.09383754
 0.47093838 0.16946779 0.22338936 0.13620448
 0.76330532 0.07387955 0.04656863 0.1162465 
 0.19012605 0.00735294 0.05917367 0.74334734
 0.0262605  0.00210084 0.76680672 0.20483193
 0.20413165 0.17612045 0.39880952 0.22093838
 0.16526611 0.08858543 0.57492997 0.17121849
 0.20553221 0.08123249 0.49789916 0.21533613
 0.26995798 0.28326331 0.29061625 0.15616246

MOTIF STvleng_l3_f_46
letter-probability matrix: alength= 4 w= 9 
 0.52150538 0.00268817 0.12903226 0.34677419
 0.10752688 0.13709677 0.59139785 0.16397849
 0.11021505 0.02419355 0.86290323 0.00268817
 0.00268817 0.04032258 0.88709677 0.06989247
 0.14247312 0.00268817 0.00806452 0.84677419
 0.00268817 0.03763441 0.14247312 0.8172043 
 0.12634409 0.00268817 0.00268817 0.86827957
 0.22311828 0.13978495 0.48655914 0.15053763
 0.05107527 0.10752688 0.19892473 0.64247312

MOTIF STvleng_l3_f_47
letter-probability matrix: alength= 4 w= 9 
 0.21299762 0.45083362 0.16298061 0.17318816
 0.05137802 0.07247363 0.72303505 0.1531133 
 0.00170126 0.33684927 0.06736985 0.59407962
 0.07213338 0.67233753 0.07927867 0.17625043
 0.07417489 0.31064988 0.60326642 0.01190881
 1.61619599e-01 4.28717251e-01 3.40251786e-04 4.09322899e-01
 0.34671657 0.34093229 0.11024158 0.20210956
 0.31099013 0.24396053 0.27288193 0.1721674 
 0.11942838 0.32187819 0.14018374 0.4185097 

MOTIF STvleng_l3_f_48
letter-probability matrix: alength= 4 w= 9 
 0.42658133 0.09186747 0.32228916 0.15926205
 0.32718373 0.1374247  0.28463855 0.25075301
 0.37424699 0.33283133 0.23004518 0.06287651
 9.98870482e-01 3.76506024e-04 3.76506024e-04 3.76506024e-04
 3.08734940e-02 3.76506024e-04 3.76506024e-04 9.68373494e-01
 3.08734940e-02 3.76506024e-04 9.68373494e-01 3.76506024e-04
 0.26129518 0.29141566 0.42055723 0.02673193
 0.2059488  0.1434488  0.36144578 0.28915663
 0.17206325 0.12801205 0.41641566 0.28350904

MOTIF STvleng_l3_f_49
letter-probability matrix: alength= 4 w= 9 
 0.42049093 0.1020989  0.41977944 0.05763074
 0.61294913 0.16079687 0.21380292 0.01245109
 0.12984703 0.77481323 0.07968694 0.01565279
 0.21842761 0.50836001 0.16542156 0.10779082
 0.03806475 0.82141587 0.07114906 0.06937033
 0.1696905  0.81003202 0.01031661 0.00996087
 0.71398079 0.19601565 0.00106724 0.08893632
 0.4414799  0.30238349 0.05051583 0.20562078
 0.40839559 0.3094984  0.24581999 0.03628602

MOTIF STvleng_l3_f_50
letter-probability matrix: alength= 4 w= 9 
 0.11907514 0.42620424 0.13140655 0.32331407
 0.64816956 0.0026975  0.33217726 0.01695568
 0.11676301 0.3105973  0.51637765 0.05626204
 0.19807322 0.35067437 0.23776493 0.21348748
 0.61310212 0.23660886 0.13294798 0.01734104
 0.00154143 0.00924855 0.92909441 0.06011561
 3.85356455e-04 8.78612717e-02 4.50867052e-02 8.66666667e-01
 0.01657033 0.24238921 0.32947977 0.41156069
 0.13872832 0.10982659 0.5672447  0.18420039

MOTIF STvleng_l3_f_51
letter-probability matrix: alength= 4 w= 9 
 0.11013986 0.59965035 0.01223776 0.27797203
 0.72027972 0.00174825 0.11013986 0.16783217
 0.55244755 0.0034965  0.34615385 0.0979021 
 0.01573427 0.00174825 0.19055944 0.79195804
 0.60839161 0.17832168 0.10664336 0.10664336
 0.12937063 0.33216783 0.05594406 0.48251748
 0.57167832 0.0034965  0.00524476 0.41958042
 0.33216783 0.11188811 0.29370629 0.26223776
 0.19055944 0.07867133 0.65734266 0.07342657

MOTIF STvleng_l3_f_52
letter-probability matrix: alength= 4 w= 9 
 0.54608789 0.11039657 0.2357985  0.10771704
 7.88317256e-01 5.35905681e-04 8.03858521e-03 2.03108253e-01
 0.0187567  0.00589496 0.19882101 0.77652733
 0.13344051 0.03429796 0.79957128 0.03269025
 0.22936763 0.22775991 0.13076099 0.41211147
 0.1982851  0.01554126 0.17416935 0.61200429
 0.18060021 0.14737406 0.45712755 0.21489818
 0.18220793 0.33333333 0.28403001 0.20042872
 0.31511254 0.25616292 0.18542337 0.24330118

MOTIF STvleng_l3_f_53
letter-probability matrix: alength= 4 w= 9 
 0.21451671 0.18145886 0.41717571 0.18684872
 0.05066475 0.53323751 0.19870643 0.2173913 
 0.18900467 0.23140496 0.36974488 0.20984549
 0.27811714 0.04168164 0.62019404 0.06000719
 2.16672655e-01 3.59324470e-04 6.53970535e-02 7.17570967e-01
 3.59324470e-04 1.46963708e-01 6.21631333e-02 7.90513834e-01
 0.02874596 0.22062522 0.47682357 0.27380525
 0.2217032  0.08983112 0.6798419  0.00862379
 0.37046353 0.20733022 0.28314768 0.13905857

MOTIF STvleng_l3_f_54
letter-probability matrix: alength= 4 w= 9 
 0.40254383 0.24647645 0.25403919 0.09694053
 0.79202475 0.10622207 0.0945342  0.00721898
 0.30010313 0.03231351 0.49604675 0.17153661
 0.17188037 0.19766243 0.13784806 0.49260914
 0.1584737  0.13612925 0.14850464 0.5568924 
 3.43760743e-04 3.81574424e-02 3.34135442e-01 6.27363355e-01
 0.26228945 0.24716397 0.42041939 0.07012719
 0.02543829 0.14781712 0.72017876 0.10656583
 0.07872121 0.37985562 0.36094878 0.18047439

MOTIF STvleng_l3_f_55
letter-probability matrix: alength= 4 w= 9 
 0.71139241 0.18227848 0.06329114 0.04303797
 0.7721519  0.00253165 0.10886076 0.1164557 
 0.84810127 0.00759494 0.00253165 0.14177215
 0.53164557 0.27594937 0.08101266 0.11139241
 0.56708861 0.03037975 0.29367089 0.10886076
 0.44050633 0.00253165 0.12658228 0.43037975
 0.00253165 0.00253165 0.3721519  0.62278481
 0.00253165 0.00253165 0.71898734 0.27594937
 0.15189873 0.12658228 0.27341772 0.44810127

MOTIF STvleng_l3_f_56
letter-probability matrix: alength= 4 w= 9 
 0.27439887 0.20367751 0.25424328 0.26768034
 0.23373409 0.25       0.05268741 0.4635785 
 0.3698727  0.34865629 0.21287129 0.06859972
 0.44377652 0.16301273 0.11810467 0.27510608
 7.41867044e-01 1.41442716e-03 2.56364922e-01 3.53606789e-04
 0.38578501 0.56930693 0.00742574 0.03748232
 0.06683168 0.01732673 0.07531825 0.84052334
 0.4582744  0.04985856 0.49045262 0.00141443
 0.34229137 0.10289958 0.32213579 0.23267327

MOTIF STvleng_l3_f_57
letter-probability matrix: alength= 4 w= 9 
 0.19444444 0.20189702 0.38346883 0.2201897 
 0.04945799 0.35060976 0.2296748  0.37025745
 1.32113821e-01 3.38753388e-04 6.56165312e-01 2.11382114e-01
 8.13008130e-02 3.38753388e-04 9.06504065e-01 1.18563686e-02
 0.05928184 0.05758808 0.81910569 0.06402439
 3.38753388e-04 3.38753388e-04 9.89159892e-01 1.01626016e-02
 0.03760163 0.16429539 0.77134146 0.02676152
 0.25677507 0.50237127 0.23441734 0.00643631
 0.27269648 0.18902439 0.29742547 0.24085366

MOTIF STvleng_l3_f_58
letter-probability matrix: alength= 4 w= 9 
 0.1590275  0.38620965 0.31526505 0.13949781
 0.29573535 0.11119968 0.56715823 0.02590674
 0.3535273  0.32243922 0.06257473 0.26145875
 0.43523316 0.53288163 0.01952969 0.01235552
 1.80151455e-01 3.98565165e-04 8.19051415e-01 3.98565165e-04
 0.57273814 0.10003986 0.11398964 0.21323236
 0.32204065 0.15265046 0.41490634 0.11040255
 0.70346752 0.11080112 0.09326425 0.09246712
 0.28975688 0.09406138 0.02550817 0.59067358

MOTIF STvleng_l3_f_59
letter-probability matrix: alength= 4 w= 9 
 0.43156028 0.18829787 0.14219858 0.23794326
 0.46382979 0.10496454 0.11950355 0.31170213
 3.25886525e-01 3.54609929e-04 2.84751773e-01 3.89007092e-01
 0.14858156 0.0464539  0.44255319 0.36241135
 0.35496454 0.12659574 0.3751773  0.14326241
 0.31879433 0.19432624 0.18404255 0.30283688
 0.28439716 0.06524823 0.12375887 0.52659574
 0.36453901 0.19078014 0.28014184 0.16453901
 0.4787234  0.11666667 0.28297872 0.12163121

MOTIF STvleng_l3_f_60
letter-probability matrix: alength= 4 w= 9 
 0.53312079 0.07013815 0.25717322 0.13956784
 0.26248672 0.12043925 0.20014169 0.41693234
 0.08572441 0.18030464 0.32554021 0.40843075
 9.25256819e-01 6.97839178e-02 4.60503011e-03 3.54233085e-04
 0.88416578 0.00602196 0.04675877 0.06305349
 0.48636203 0.00708466 0.36627701 0.1402763 
 0.80481757 0.0439249  0.10024796 0.05100956
 0.49840595 0.21253985 0.17392844 0.11512575
 0.02727595 0.06836699 0.6209706  0.28338647

MOTIF STvleng_l3_f_61
letter-probability matrix: alength= 4 w= 9 
 0.28466019 0.2761165  0.35650485 0.08271845
 0.12776699 0.13165049 0.65475728 0.08582524
 0.51456311 0.05242718 0.3961165  0.0368932 
 0.13165049 0.24038835 0.10174757 0.52621359
 3.88349515e-04 3.51067961e-01 5.16893204e-01 1.31650485e-01
 0.06563107 0.39883495 0.5168932  0.01864078
 0.18135922 0.07728155 0.5161165  0.22524272
 0.18407767 0.32194175 0.27417476 0.21980583
 0.09203883 0.21553398 0.40932039 0.2831068 

MOTIF STvleng_l3_f_62
letter-probability matrix: alength= 4 w= 9 
 0.29903978 0.04938272 0.47668038 0.17489712
 0.28737997 0.06858711 0.22839506 0.41563786
 0.88957476 0.01783265 0.02469136 0.06790123
 0.51165981 0.13443073 0.04389575 0.31001372
 2.18792867e-01 6.85871056e-04 5.14403292e-02 7.29080933e-01
 1.33744856e-01 8.44307270e-01 6.85871056e-04 2.12620027e-02
 0.09465021 0.09396433 0.38888889 0.42249657
 0.13237311 0.61522634 0.07613169 0.17626886
 0.53497942 0.12962963 0.15569273 0.17969822

MOTIF STvleng_l3_f_63
letter-probability matrix: alength= 4 w= 9 
 0.05497382 0.41623037 0.15706806 0.37172775
 0.03141361 0.17342932 0.66426702 0.13089005
 0.07526178 0.35078534 0.2486911  0.32526178
 9.78403141e-01 6.54450262e-04 6.54450262e-04 2.02879581e-02
 6.54450262e-04 6.54450262e-04 2.02879581e-02 9.78403141e-01
 5.23560209e-03 6.54450262e-04 9.93455497e-01 6.54450262e-04
 0.09882199 0.28337696 0.31479058 0.30301047
 0.26570681 0.04712042 0.2447644  0.44240838
 0.20418848 0.15445026 0.35929319 0.28206806

MOTIF STvleng_l3_f_64
letter-probability matrix: alength= 4 w= 9 
 0.15012107 0.23728814 0.41081517 0.20177563
 0.07506053 0.29297821 0.59402744 0.03793382
 0.52017756 0.34543987 0.0976594  0.03672316
 0.63236481 0.09402744 0.24011299 0.03349475
 0.58434221 0.15657789 0.11581921 0.14326069
 0.19733656 0.0637611  0.66949153 0.06941082
 0.35391445 0.00040355 0.29015335 0.35552865
 0.01251009 0.05044391 0.66989508 0.26715093
 0.02703793 0.04277643 0.83212268 0.09806295

MOTIF STvleng_l3_f_65
letter-probability matrix: alength= 4 w= 9 
 0.40674956 0.11438721 0.2642984  0.21456483
 0.55204263 0.08028419 0.14671403 0.22095915
 0.39325044 0.10976909 0.03161634 0.46536412
 0.41598579 0.06571936 0.13783304 0.38046181
 9.49200710e-01 5.32859680e-03 4.51154529e-02 3.55239787e-04
 0.01065719 0.03943162 0.08134991 0.86856128
 0.01989343 0.1687389  0.77655417 0.0348135 
 0.46642984 0.13179396 0.31829485 0.08348135
 0.14564831 0.2259325  0.13712256 0.49129663

MOTIF STvleng_l3_f_66
letter-probability matrix: alength= 4 w= 9 
 0.30085073 0.20030936 0.36349575 0.13534416
 0.01392111 0.20533643 0.73356535 0.04717711
 0.00502707 0.56767208 0.00502707 0.42227378
 0.02706883 0.52397525 0.34416087 0.10479505
 0.01701469 0.74516628 0.11716937 0.12064965
 0.20030936 0.78499613 0.00502707 0.00966744
 0.12142305 0.60827533 0.00541377 0.26488786
 0.14114462 0.39713844 0.28924981 0.17246713
 0.16666667 0.55297757 0.10556845 0.17478732

MOTIF STvleng_l3_f_67
letter-probability matrix: alength= 4 w= 9 
 0.17962371 0.1913383  0.33830316 0.29073482
 0.55768548 0.08981186 0.26162584 0.09087682
 4.46929357e-01 3.54987575e-04 7.20624778e-02 4.80653177e-01
 0.01242457 0.00248491 0.55200568 0.43308484
 1.43059993e-01 3.54987575e-04 6.34717785e-01 2.21867235e-01
 0.09300674 0.11608094 0.48171814 0.30919418
 0.38729144 0.47390841 0.08697196 0.05182819
 0.16932907 0.20660277 0.39119631 0.23287185
 0.15370962 0.33191338 0.22080227 0.29357472

MOTIF STvleng_l3_f_68
letter-probability matrix: alength= 4 w= 9 
 0.28954704 0.19651568 0.32125436 0.19268293
 3.48432056e-04 4.87804878e-03 3.48432056e-04 9.94425087e-01
 5.22648084e-01 3.48432056e-04 4.76306620e-01 6.96864111e-04
 8.65505226e-01 3.48432056e-04 1.32752613e-01 1.39372822e-03
 0.10662021 0.68919861 0.12752613 0.07665505
 0.09651568 0.08919861 0.3641115  0.45017422
 0.05853659 0.13763066 0.27212544 0.53170732
 0.1902439  0.52752613 0.06759582 0.21463415
 0.27560976 0.26236934 0.15714286 0.30487805

MOTIF STvleng_l3_f_69
letter-probability matrix: alength= 4 w= 9 
 0.10572226 0.29902303 0.19783671 0.397418  
 0.15945569 0.06071179 0.50488486 0.27494766
 3.48918353e-04 3.48918353e-04 3.48918353e-04 9.98953245e-01
 5.48499651e-01 3.48918353e-04 4.50802512e-01 3.48918353e-04
 6.16887648e-01 3.48918353e-04 3.55547802e-01 2.72156315e-02
 0.12037683 0.76133985 0.11270063 0.00558269
 0.02302861 0.27983252 0.36950454 0.32763433
 0.10013957 0.19469644 0.33635729 0.3688067 
 0.23796232 0.24110258 0.30844382 0.21249128

MOTIF STvleng_l3_f_70
letter-probability matrix: alength= 4 w= 9 
 0.12836186 0.31295844 0.35819071 0.200489  
 0.12184189 0.26405868 0.55867971 0.05541972
 0.05623472 0.39282804 0.12632437 0.42461288
 0.06886716 0.02281989 0.42624287 0.48207009
 0.02526487 0.25427873 0.49225754 0.22819886
 0.27546862 0.06153219 0.56316218 0.099837  
 0.59209454 0.28239609 0.11572942 0.00977995
 0.01752241 0.00162999 0.90301548 0.07783211
 0.14506927 0.31825591 0.43357783 0.10309698

MOTIF STvleng_l3_f_71
letter-probability matrix: alength= 4 w= 9 
 0.72322046 0.07221838 0.11264686 0.09191431
 0.42501728 0.07982032 0.30269523 0.19246717
 0.06185211 0.42363511 0.07878369 0.43572909
 0.00552868 0.47166551 0.03040774 0.49239806
 0.19143055 0.02557015 0.13199724 0.65100207
 3.42087077e-02 3.45542502e-04 7.65376641e-01 2.00069109e-01
 0.04872149 0.02246026 0.60919143 0.31962681
 0.21700069 0.41292329 0.31686247 0.05321355
 0.2187284  0.15100207 0.39149965 0.23876987

MOTIF STvleng_l3_f_72
letter-probability matrix: alength= 4 w= 9 
 0.04155125 0.59113573 0.06703601 0.30027701
 0.22271468 0.05152355 0.62770083 0.09806094
 0.00055402 0.44432133 0.00166205 0.5534626 
 0.67368421 0.02880886 0.13185596 0.16565097
 0.22216066 0.53684211 0.19168975 0.04930748
 0.12853186 0.22770083 0.62493075 0.01883657
 0.05096953 0.73130194 0.05927978 0.15844875
 0.12409972 0.02603878 0.57285319 0.27700831
 0.26260388 0.3900277  0.23434903 0.11301939

MOTIF STvleng_l3_f_73
letter-probability matrix: alength= 4 w= 9 
 0.21674353 0.30791061 0.23696346 0.23838241
 0.29478538 0.27172756 0.37956722 0.05391983
 8.80099326e-01 9.50691735e-02 2.44767648e-02 3.54735722e-04
 0.91202554 0.01028734 0.01631784 0.06136928
 9.15927634e-01 6.91734658e-02 3.54735722e-04 1.45441646e-02
 2.27385598e-01 6.20787513e-01 3.54735722e-04 1.51472153e-01
 7.68357574e-01 3.54735722e-04 3.54735722e-04 2.30932955e-01
 0.1230933  0.27633913 0.12699539 0.47357219
 0.30258957 0.2284498  0.20184463 0.267116  

MOTIF STvleng_l3_f_75
letter-probability matrix: alength= 4 w= 9 
 0.30125962 0.34324703 0.22043387 0.13505948
 0.55983205 0.35269419 0.08362491 0.00384885
 0.00419874 0.54583625 0.03603919 0.41392582
 1.29461162e-01 8.69839048e-01 3.49895031e-04 3.49895031e-04
 5.92372288e-01 3.49895031e-04 4.04828551e-01 2.44926522e-03
 3.49895031e-04 3.31350595e-01 2.05388383e-01 4.62911127e-01
 0.02239328 0.22218334 0.13156053 0.62386284
 0.24457663 0.31105668 0.24737579 0.1969909 
 0.05038488 0.1550035  0.24492652 0.54968509

MOTIF STvleng_l3_f_76
letter-probability matrix: alength= 4 w= 9 
 0.21458333 0.13125    0.31666667 0.3375    
 0.00833333 0.00208333 0.01458333 0.975     
 0.82708333 0.00208333 0.16875    0.00208333
 0.33333333 0.00208333 0.63958333 0.025     
 0.33541667 0.14583333 0.34583333 0.17291667
 0.27291667 0.26875    0.25       0.20833333
 0.00208333 0.00208333 0.10833333 0.8875    
 0.8875     0.10833333 0.00208333 0.00208333
 0.325      0.00833333 0.56458333 0.10208333

MOTIF STvleng_l3_f_77
letter-probability matrix: alength= 4 w= 9 
 0.34224599 0.24310983 0.26861374 0.14603044
 5.52447552e-01 7.81571370e-03 4.39325381e-01 4.11353353e-04
 0.11929247 0.16125051 0.13903743 0.58041958
 0.41752365 0.16824352 0.33977787 0.07445496
 9.05388729e-01 1.76881942e-02 7.65117236e-02 4.11353353e-04
 0.0431921  0.22871246 0.00740436 0.72069107
 0.02426985 0.0555327  0.86795557 0.05224188
 0.1657754  0.07651172 0.51419169 0.24352118
 0.23570547 0.24105306 0.40024681 0.12299465

MOTIF STvleng_l3_f_78
letter-probability matrix: alength= 4 w= 9 
 0.11942959 0.15614973 0.13404635 0.59037433
 0.02424242 0.25525847 0.13654189 0.58395722
 0.257041   0.12976827 0.06631016 0.54688057
 0.2684492  0.08270945 0.12442068 0.52442068
 0.00926916 0.81283422 0.01461676 0.16327986
 3.56506239e-04 4.99108734e-03 2.60249554e-02 9.68627451e-01
 3.56506239e-04 3.90017825e-01 7.84313725e-02 5.31194296e-01
 0.04777184 0.1197861  0.45240642 0.38003565
 0.44420677 0.21639929 0.17754011 0.16185383

MOTIF STvleng_l3_f_79
letter-probability matrix: alength= 4 w= 9 
 0.36796982 0.16529492 0.25068587 0.21604938
 0.28120713 0.18347051 0.1148834  0.42043896
 0.08504801 0.40946502 0.32098765 0.18449931
 3.42935528e-04 3.42935528e-04 3.42935528e-04 9.98971193e-01
 5.43552812e-01 3.42935528e-04 4.55761317e-01 3.42935528e-04
 8.99519890e-01 3.42935528e-04 9.97942387e-02 3.42935528e-04
 0.24108368 0.10288066 0.06447188 0.59156379
 0.36213992 0.08984911 0.01371742 0.53429355
 0.19924554 0.18449931 0.47427984 0.14197531

MOTIF STvleng_l3_f_80
letter-probability matrix: alength= 4 w= 9 
 0.20651068 0.15361139 0.36113937 0.27873856
 0.00101729 0.08646999 0.23296033 0.67955239
 0.15768057 0.26958291 0.51881994 0.05391658
 0.00101729 0.01119023 0.97660224 0.01119023
 0.07527976 0.52390641 0.24109868 0.15971516
 0.00101729 0.37029502 0.6276704  0.00101729
 0.00101729 0.31536114 0.68260427 0.00101729
 0.35910478 0.38860631 0.25025432 0.00203459
 0.42929807 0.17192269 0.20854527 0.19023398

MOTIF STvleng_l3_f_81
letter-probability matrix: alength= 4 w= 9 
 0.3297956  0.1466195  0.3297956  0.19378931
 0.82507862 0.01375786 0.06603774 0.09512579
 0.19064465 0.01257862 0.03066038 0.76611635
 0.04284591 0.00157233 0.76572327 0.18985849
 0.16823899 0.08726415 0.53812893 0.20636792
 0.25707547 0.06721698 0.17649371 0.49921384
 0.09551887 0.09355346 0.37814465 0.43278302
 0.2413522  0.09198113 0.34433962 0.32232704
 0.33058176 0.11713836 0.39897799 0.15330189

MOTIF STvleng_l3_f_82
letter-probability matrix: alength= 4 w= 9 
 0.07774706 0.40635798 0.28265377 0.23324119
 0.08431237 0.10884589 0.55908777 0.24775397
 4.00829302e-02 3.45542502e-04 7.80580511e-01 1.78991016e-01
 3.45542502e-04 9.51278507e-01 3.45542502e-02 1.38217001e-02
 0.02073255 0.28852799 0.68797512 0.00276434
 0.01105736 0.20456116 0.75812025 0.02626123
