MEME version 5.3.0

ALPHABET= ACGT

strands: + -

Background letter frequencies
A 0.25 C 0.25 G 0.25 T 0.25

MOTIF unmod1_l3_f_0
letter-probability matrix: alength= 4 w= 9 
 0.10286503 0.47048671 0.08802209 0.33862616
 0.1846738  0.76078702 0.05108733 0.00345185
 7.75284777e-01 6.90369348e-04 2.23679669e-01 3.45184674e-04
 0.12737314 0.14083535 0.36002761 0.37176389
 0.17224715 0.13669313 0.50362444 0.18743528
 0.72868485 0.00207111 0.198136   0.07110804
 0.12288574 0.09837763 0.04176735 0.73696928
 1.00103555e-02 3.45184674e-04 8.56748360e-01 1.32896099e-01
 0.14808423 0.45978599 0.11563687 0.27649292

MOTIF unmod1_l3_f_1
letter-probability matrix: alength= 4 w= 9 
 0.79296236 0.0212766  0.16571195 0.0200491 
 0.83919804 0.0789689  0.07487725 0.00695581
 0.28559738 0.24427169 0.0601473  0.40998363
 0.59328969 0.05400982 0.33306056 0.01963993
 1.99672668e-01 4.09165303e-04 3.15057283e-01 4.84860884e-01
 0.21890344 0.03682488 0.54459902 0.19967267
 0.36374795 0.07815057 0.4210311  0.13707038
 0.21767594 0.15180033 0.32364975 0.30687398
 0.09697218 0.45294599 0.32160393 0.12847791

MOTIF unmod1_l3_f_2
letter-probability matrix: alength= 4 w= 9 
 0.30193076 0.62916112 0.03095872 0.0379494 
 8.81824234e-01 3.32889481e-04 1.17509987e-01 3.32889481e-04
 0.50332889 0.07856192 0.23268975 0.18541944
 0.20272969 0.33022636 0.22669774 0.24034621
 9.27762983e-01 3.32889481e-04 7.15712383e-02 3.32889481e-04
 3.32889481e-04 4.79360852e-02 2.39680426e-02 9.27762983e-01
 3.32889481e-04 3.32889481e-04 9.77363515e-01 2.19707057e-02
 0.28661784 0.28462051 0.25366178 0.17509987
 0.31125166 0.33388815 0.28528628 0.0695739 

MOTIF unmod1_l3_f_3
letter-probability matrix: alength= 4 w= 9 
 0.24219911 0.17483903 0.39375929 0.18920258
 0.20752848 0.36651808 0.31401684 0.1119366 
 0.28826152 0.20802377 0.36948985 0.13422486
 9.53937593e-01 1.98117880e-03 4.35859336e-02 4.95294700e-04
 0.00693413 0.04556711 0.01238237 0.93511639
 1.43635463e-02 5.00247647e-02 9.35116394e-01 4.95294700e-04
 0.32540862 0.0559683  0.59930659 0.01931649
 0.00544824 0.23179792 0.4110946  0.35165924
 0.01981179 0.07578009 0.8598316  0.04457652

MOTIF unmod1_l3_f_4
letter-probability matrix: alength= 4 w= 9 
 0.09520639 0.46937417 0.22536618 0.21005326
 0.28462051 0.50998668 0.12616511 0.0792277 
 0.21338216 0.27563249 0.48035952 0.03062583
 0.07023968 0.33089214 0.55492676 0.04394141
 0.04294274 0.02163782 0.35386152 0.58155792
 0.0252996  0.07989348 0.80525965 0.08954727
 3.32889481e-04 1.00532623e-01 7.54993342e-01 1.44141145e-01
 0.10286285 0.20306258 0.62183755 0.07223702
 0.01797603 0.04027963 0.69107856 0.25066578

MOTIF unmod1_l3_f_5
letter-probability matrix: alength= 4 w= 9 
 0.33255659 0.25199734 0.2912783  0.12416778
 0.29926764 0.18308921 0.28229028 0.23535286
 0.18209055 0.19474035 0.2942743  0.32889481
 3.32889481e-04 3.32889481e-04 3.32889481e-04 9.99001332e-01
 7.73302264e-01 3.32889481e-04 2.26031957e-01 3.32889481e-04
 3.57190413e-01 3.32889481e-04 6.42143808e-01 3.32889481e-04
 3.32889481e-04 3.32889481e-04 3.32889481e-04 9.99001332e-01
 7.63315579e-01 3.32889481e-04 2.36018642e-01 3.32889481e-04
 7.10053262e-01 3.32889481e-04 2.89280959e-01 3.32889481e-04

MOTIF unmod1_l3_f_6
letter-probability matrix: alength= 4 w= 9 
 0.03414634 0.55923345 0.20487805 0.20174216
 0.08954704 0.46097561 0.24390244 0.20557491
 0.09616725 0.66620209 0.05226481 0.18536585
 0.32439024 0.27979094 0.10662021 0.28919861
 0.25679443 0.25017422 0.33623693 0.15679443
 3.48432056e-04 8.83972125e-01 8.91986063e-02 2.64808362e-02
 0.01463415 0.9097561  0.06341463 0.01219512
 0.01254355 0.82578397 0.01219512 0.14947735
 0.04181185 0.61602787 0.04320557 0.2989547 

MOTIF unmod1_l3_f_7
letter-probability matrix: alength= 4 w= 9 
 0.24766977 0.14480692 0.56857523 0.03894807
 0.01431425 0.04793609 0.91378162 0.02396804
 0.04960053 0.13215712 0.80559254 0.0126498 
 2.54993342e-01 6.27496671e-01 1.17177097e-01 3.32889481e-04
 3.32889481e-04 1.23834887e-01 2.14380826e-01 6.61451398e-01
 3.32889481e-04 2.71304927e-01 4.52396804e-01 2.75965379e-01
 0.06724368 0.24500666 0.61784288 0.06990679
 0.30093209 0.50066578 0.11284953 0.0855526 
 0.24500666 0.17743009 0.30426099 0.27330226

MOTIF unmod1_l3_f_9
letter-probability matrix: alength= 4 w= 9 
 0.52987368 0.06111301 0.25093889 0.15807443
 3.41413452e-04 1.83339024e-01 3.41413452e-04 8.15978150e-01
 3.34243769e-01 2.68692386e-01 3.96722431e-01 3.41413452e-04
 4.26766815e-01 4.43837487e-03 5.68453397e-01 3.41413452e-04
 0.29600546 0.43530215 0.24137931 0.02731308
 0.0279959  0.41993855 0.03414135 0.51792421
 0.32980539 0.27347217 0.08228064 0.31444179
 0.25093889 0.25776716 0.05633322 0.43496074
 0.16456128 0.10105838 0.51724138 0.21713896

MOTIF unmod1_l3_f_10
letter-probability matrix: alength= 4 w= 9 
 0.12271845 0.31067961 0.46990291 0.09669903
 0.01359223 0.84893204 0.01592233 0.1215534 
 9.70873786e-03 3.88349515e-04 9.89514563e-01 3.88349515e-04
 3.88349515e-04 7.89126214e-01 6.33009709e-02 1.47184466e-01
 0.73242718 0.0415534  0.10951456 0.11650485
 0.5968932  0.0407767  0.24116505 0.12116505
 0.46873786 0.34330097 0.03456311 0.15339806
 0.29747573 0.31456311 0.09980583 0.28815534
 9.62718447e-01 3.88349515e-04 1.70873786e-02 1.98058252e-02

MOTIF unmod1_l3_f_12
letter-probability matrix: alength= 4 w= 9 
 0.20557491 0.01045296 0.67595819 0.10801394
 0.00087108 0.00087108 0.80574913 0.19250871
 0.00696864 0.00087108 0.77351916 0.21864111
 0.05313589 0.01219512 0.57926829 0.3554007 
 0.68902439 0.00087108 0.00958188 0.30052265
 0.14721254 0.06271777 0.31271777 0.47735192
 0.48867596 0.28919861 0.03745645 0.18466899
 0.42160279 0.07839721 0.11585366 0.38414634
 0.09233449 0.15069686 0.02439024 0.7325784 

MOTIF unmod1_l3_f_13
letter-probability matrix: alength= 4 w= 9 
 0.56790945 0.11218375 0.29893475 0.02097204
 0.37683089 0.27929427 0.16711052 0.17676431
 0.25532623 0.24234354 0.31557923 0.186751  
 9.99001332e-01 3.32889481e-04 3.32889481e-04 3.32889481e-04
 7.32356858e-03 3.32889481e-04 3.32889481e-04 9.92010652e-01
 3.32889481e-04 3.32889481e-04 9.92010652e-01 7.32356858e-03
 9.65379494e-03 3.32889481e-04 9.10452730e-01 7.95605859e-02
 0.43408788 0.49700399 0.06491345 0.00399467
 0.21870839 0.13382157 0.4304261  0.21704394

MOTIF unmod1_l3_f_14
letter-probability matrix: alength= 4 w= 9 
 0.10847923 0.55956059 0.2372125  0.09474768
 0.01785101 0.0638517  0.90628218 0.0120151 
 0.00377618 0.53930656 0.43906625 0.01785101
 3.43288706e-04 7.29145211e-01 1.57912805e-02 2.54720220e-01
 3.43288706e-04 6.92756608e-01 2.88705802e-01 1.81943014e-02
 0.13010642 0.21146584 0.46069344 0.19773429
 0.63062135 0.10367319 0.07552352 0.19018194
 0.1551665  0.08650875 0.73223481 0.02608994
 0.20631651 0.37624442 0.25128733 0.16615173

MOTIF unmod1_l3_f_15
letter-probability matrix: alength= 4 w= 9 
 0.10653753 0.55205811 0.03510896 0.3062954 
 0.00726392 0.25302663 0.71065375 0.02905569
 0.00121065 0.00121065 0.00121065 0.99636804
 0.06779661 0.00121065 0.92978208 0.00121065
 0.95762712 0.00121065 0.03995157 0.00121065
 0.14285714 0.50242131 0.24697337 0.10774818
 0.04358354 0.82324455 0.02058111 0.1125908 
 0.19612591 0.60653753 0.0653753  0.13196126
 0.23244552 0.43220339 0.27118644 0.06416465

MOTIF unmod1_l3_f_16
letter-probability matrix: alength= 4 w= 9 
 0.52163782 0.18242344 0.2087217  0.08721704
 0.83422104 0.03761651 0.10685752 0.02130493
 0.16344874 0.04327563 0.43308921 0.36018642
 0.23868176 0.00399467 0.33788282 0.41944075
 0.02596538 0.00066578 0.32223702 0.65113182
 0.060253   0.29560586 0.64014647 0.00399467
 0.28262317 0.01697736 0.25599201 0.44440746
 0.18442077 0.313249   0.11750999 0.38482024
 0.07356858 0.27330226 0.03595206 0.6171771 

MOTIF unmod1_l3_f_17
letter-probability matrix: alength= 4 w= 9 
 0.68076786 0.02915037 0.08567366 0.20440811
 2.32492001e-01 3.55492357e-04 7.46533950e-03 7.59687167e-01
 0.08211873 0.00497689 0.64344117 0.26946321
 0.43654461 0.07038749 0.27977248 0.21329541
 0.5815855  0.07607536 0.21649485 0.12584429
 0.15215073 0.12442232 0.11944543 0.60398151
 0.50408816 0.02843939 0.37646641 0.09100604
 0.54816921 0.09491646 0.14006399 0.21685034
 0.4137931  0.09349449 0.31034483 0.18236758

MOTIF unmod1_l3_f_18
letter-probability matrix: alength= 4 w= 9 
 0.25772825 0.42667146 0.05571531 0.25988497
 4.85981308e-01 3.59453630e-04 4.34938893e-01 7.87203451e-02
 0.29043853 0.07836089 0.60819554 0.02300503
 3.59453630e-04 1.29403307e-01 1.23652049e-01 7.46585191e-01
 0.74658519 0.16139468 0.08015816 0.01186197
 5.28396837e-02 3.59453630e-04 8.26383896e-01 1.20416966e-01
 0.02767793 0.17972682 0.74335011 0.04924515
 0.12221423 0.32674335 0.30553559 0.24550683
 0.38641265 0.3123652  0.10999281 0.19122933

MOTIF unmod1_l3_f_19
letter-probability matrix: alength= 4 w= 9 
 8.47622918e-01 4.06338887e-04 1.35310849e-01 1.66598944e-02
 0.30434783 0.18366518 0.11011784 0.40186916
 0.2173913  0.39780577 0.26452662 0.12027631
 0.58959772 0.0658269  0.33197887 0.01259651
 0.1389679  0.29500203 0.12108899 0.44494108
 4.06338887e-04 1.90166599e-01 6.75335230e-01 1.34091833e-01
 0.68143031 0.11865095 0.17797643 0.0219423 
 3.45388054e-02 3.04347826e-01 4.06338887e-04 6.60707030e-01
 0.02803738 0.07882974 0.81796018 0.07517269

MOTIF unmod1_l3_f_20
letter-probability matrix: alength= 4 w= 9 
 0.22101885 0.42880064 0.14079422 0.20938628
 0.10268753 0.02005616 0.69875652 0.1784998 
 0.24989972 0.50300842 0.08463698 0.16245487
 0.23947052 0.24147613 0.09025271 0.42880064
 4.01123145e-04 2.47492980e-01 4.11151223e-01 3.40954673e-01
 4.01123145e-04 2.29442439e-01 7.07581227e-01 6.25752106e-02
 0.24628961 0.0276775  0.71239471 0.01363819
 0.57721621 0.14721219 0.12274368 0.15282792
 0.48576013 0.13036502 0.26674689 0.11712796

MOTIF unmod1_l3_f_21
letter-probability matrix: alength= 4 w= 9 
 0.19097854 0.01891597 0.58312113 0.20698436
 0.09639869 0.5463805  0.13495817 0.22226264
 0.35685704 0.00909422 0.08439433 0.54965442
 3.63768643e-04 5.34739905e-01 3.04110586e-01 1.60785740e-01
 3.63768643e-04 3.63768643e-04 3.63768643e-04 9.98908694e-01
 3.98326664e-01 3.63768643e-04 6.00945798e-01 3.63768643e-04
 9.33794107e-01 3.63768643e-04 6.54783558e-02 3.63768643e-04
 0.56675155 0.08184794 0.27209895 0.07930156
 0.28228447 0.05311022 0.34994543 0.31465988

MOTIF unmod1_l3_f_22
letter-probability matrix: alength= 4 w= 9 
 0.18708389 0.19873502 0.4334221  0.18075899
 0.30259654 0.2310253  0.11551265 0.35086551
 0.58921438 0.29860186 0.06557923 0.04660453
 9.36085220e-01 5.02663116e-02 1.33155792e-02 3.32889481e-04
 0.55159787 0.01997337 0.02596538 0.40246338
 0.4144474  0.03295606 0.37050599 0.18209055
 5.82223702e-01 3.32889481e-04 2.60985353e-01 1.56458056e-01
 0.02263648 0.2183755  0.17676431 0.5822237 
 0.0189747  0.06890812 0.80093209 0.11118509

MOTIF unmod1_l3_f_23
letter-probability matrix: alength= 4 w= 9 
 0.15155131 0.13961814 0.18973747 0.51909308
 0.00119332 0.00119332 0.00119332 0.99642005
 0.99642005 0.00119332 0.00119332 0.00119332
 0.94868735 0.00119332 0.02505967 0.02505967
 0.18257757 0.0071599  0.00119332 0.80906921
 0.08114558 0.11097852 0.10143198 0.70644391
 0.01670644 0.28042959 0.70167064 0.00119332
 0.1849642  0.11813842 0.53221957 0.1646778 
 0.12768496 0.24701671 0.39498807 0.23031026

MOTIF unmod1_l3_f_24
letter-probability matrix: alength= 4 w= 9 
 0.50399467 0.08588549 0.25765646 0.15246338
 0.39713715 0.19474035 0.13548602 0.27263648
 0.32789614 0.13581891 0.29094541 0.24533955
 8.77829561e-01 3.32889481e-04 1.21504660e-01 3.32889481e-04
 0.24434088 0.10252996 0.05359521 0.59953395
 0.08888149 0.13249001 0.53129161 0.24733688
 0.47403462 0.00765646 0.41478029 0.10352863
 0.11984021 0.16178429 0.2023968  0.5159787 
 0.06225033 0.04926764 0.56691079 0.32157124

MOTIF unmod1_l3_f_25
letter-probability matrix: alength= 4 w= 9 
 0.49933422 0.29394141 0.11884154 0.08788282
 0.58588549 0.06358189 0.33122503 0.01930759
 0.23934754 0.13215712 0.23601864 0.3924767 
 0.22802929 0.01964048 0.43508655 0.31724368
 5.14647137e-01 3.32889481e-04 3.78495340e-01 1.06524634e-01
 0.01631158 0.36251664 0.10652463 0.51464714
 3.32889481e-04 3.32889481e-04 7.99267643e-01 2.00066578e-01
 0.27130493 0.26464714 0.26065246 0.20339547
 0.39081225 0.16245007 0.18941411 0.25732357

MOTIF unmod1_l3_f_26
letter-probability matrix: alength= 4 w= 9 
 0.06458056 0.18009321 0.58888149 0.16644474
 3.32889481e-04 3.32889481e-04 3.32889481e-04 9.99001332e-01
 6.18175766e-01 3.32889481e-04 3.81158455e-01 3.32889481e-04
 7.62316911e-01 3.32889481e-04 2.37017310e-01 3.32889481e-04
 0.10019973 0.56491345 0.30159787 0.03328895
 0.23834887 0.09587217 0.15778961 0.50798935
 0.1930759  0.00466045 0.54960053 0.25266312
 0.19740346 0.10386152 0.66711052 0.0316245 
 0.16977364 0.2213715  0.4207723  0.18808256

MOTIF unmod1_l3_f_27
letter-probability matrix: alength= 4 w= 9 
 0.56724368 0.18075899 0.19107856 0.06091877
 3.32889481e-04 8.65512650e-03 9.35419441e-02 8.97470040e-01
 3.75166445e-01 3.32889481e-04 5.74900133e-01 4.96005326e-02
 0.78595206 0.00366178 0.10186418 0.10852197
 0.01764314 0.13215712 0.01531292 0.83488682
 5.87217044e-01 8.05592543e-02 3.31890812e-01 3.32889481e-04
 0.33155792 0.10286285 0.45339547 0.11218375
 0.16344874 0.12117177 0.27563249 0.439747  
 0.50233023 0.20472703 0.18908123 0.10386152

MOTIF unmod1_l3_f_28
letter-probability matrix: alength= 4 w= 9 
 0.52326028 0.21760861 0.18569781 0.07343329
 0.45713187 0.02921953 0.29565552 0.21799308
 4.33294887e-01 3.84467512e-04 5.38638985e-01 2.76816609e-02
 6.92041522e-03 3.84467512e-04 1.98769704e-01 7.93925413e-01
 3.72549020e-01 3.84467512e-04 5.22875817e-01 1.04190696e-01
 2.80661284e-02 3.84467512e-04 9.66935794e-01 4.61361015e-03
 2.16839677e-01 3.84467512e-04 6.57823914e-01 1.24951942e-01
 0.17031911 0.0438293  0.76893502 0.01691657
 0.21914648 0.13302576 0.52479815 0.1230296 

MOTIF unmod1_l3_f_29
letter-probability matrix: alength= 4 w= 9 
 0.53164557 0.44303797 0.01265823 0.01265823
 0.01265823 0.16455696 0.01265823 0.81012658
 0.01265823 0.44303797 0.53164557 0.01265823
 0.08860759 0.43037975 0.01265823 0.46835443
 0.44303797 0.01265823 0.01265823 0.53164557
 0.01265823 0.51898734 0.44303797 0.02531646
 0.44303797 0.25316456 0.01265823 0.29113924
 0.70886076 0.01265823 0.18987342 0.08860759
 0.69620253 0.24050633 0.01265823 0.05063291

MOTIF unmod1_l3_f_30
letter-probability matrix: alength= 4 w= 9 
 0.52416851 0.14900222 0.20709534 0.11973392
 0.28558758 0.47982262 0.13215078 0.10243902
 8.04878049e-01 3.99113082e-03 1.90687361e-01 4.43458980e-04
 3.09090909e-01 1.65410200e-01 4.43458980e-04 5.25055432e-01
 0.16629712 0.0594235  0.62394678 0.15033259
 0.82793792 0.00532151 0.16141907 0.00532151
 0.09356984 0.0616408  0.06031042 0.78447894
 0.01108647 0.02217295 0.93791574 0.02882483
 0.11042129 0.05764967 0.63858093 0.19334812

MOTIF unmod1_l3_f_31
letter-probability matrix: alength= 4 w= 9 
 0.14444444 0.01111111 0.6        0.24444444
 0.01111111 0.83333333 0.01111111 0.14444444
 0.01111111 0.01111111 0.81111111 0.16666667
 0.01111111 0.84444444 0.01111111 0.13333333
 0.63333333 0.01111111 0.01111111 0.34444444
 0.22222222 0.01111111 0.01111111 0.75555556
 0.14444444 0.01111111 0.63333333 0.21111111
 0.01111111 0.01111111 0.01111111 0.96666667
 0.14444444 0.02222222 0.55555556 0.27777778

MOTIF unmod1_l3_f_32
letter-probability matrix: alength= 4 w= 9 
 0.33552632 0.25450139 0.00554017 0.40443213
 0.15512465 0.26142659 0.12742382 0.45602493
 3.46260388e-04 3.46260388e-04 3.46260388e-04 9.98961219e-01
 8.22714681e-01 3.46260388e-04 1.76592798e-01 3.46260388e-04
 4.01662050e-01 3.46260388e-04 5.97645429e-01 3.46260388e-04
 0.03878116 0.33933518 0.49342105 0.1284626 
 0.08171745 0.00554017 0.81094183 0.10180055
 0.05609418 0.02389197 0.5349723  0.38504155
 0.16897507 0.23995845 0.46433518 0.1267313 

MOTIF unmod1_l3_f_33
letter-probability matrix: alength= 4 w= 9 
 0.41346825 0.29902303 0.1957432  0.09176553
 0.07920447 0.30460572 0.48848569 0.12770412
 0.1350314  0.22923936 0.41381717 0.22191207
 0.02372645 0.03733426 0.93510119 0.0038381 
 8.58339149e-02 3.48918353e-04 5.18492673e-01 3.95324494e-01
 2.19818562e-01 3.48918353e-04 3.48918353e-04 7.79483601e-01
 3.48918353e-04 3.48918353e-04 4.25680391e-02 9.56734124e-01
 3.48918353e-04 1.20376832e-01 8.30425680e-02 7.96231682e-01
 0.14410328 0.17794836 0.25366364 0.42428472

MOTIF unmod1_l3_f_34
letter-probability matrix: alength= 4 w= 9 
 0.55459387 0.34354194 0.01031957 0.09154461
 0.11817577 0.38348868 0.13215712 0.36617843
 3.07922770e-01 3.42876165e-02 6.57456724e-01 3.32889481e-04
 0.1581225  0.15479361 0.56790945 0.11917443
 0.02396804 0.27330226 0.5792277  0.123502  
 2.62982690e-01 3.32889481e-04 3.30892144e-01 4.05792277e-01
 0.09786951 0.02796272 0.19673768 0.67743009
 0.46038615 0.04327563 0.48868176 0.00765646
 0.22003995 0.2213715  0.43774967 0.12083888

MOTIF unmod1_l3_f_35
letter-probability matrix: alength= 4 w= 9 
 0.57789614 0.11418109 0.28528628 0.02263648
 0.00466045 0.15645806 0.40312916 0.43575233
 0.04294274 0.50033289 0.38781625 0.06890812
 0.09087883 0.01464714 0.72370173 0.1707723 
 0.13948069 0.07057257 0.67543276 0.11451398
 0.45439414 0.27030626 0.19773635 0.07756325
 0.17376831 0.46737683 0.23368842 0.12516644
 0.72003995 0.0569241  0.08954727 0.13348868
 0.21604527 0.38249001 0.03894807 0.36251664

MOTIF unmod1_l3_f_36
letter-probability matrix: alength= 4 w= 9 
 0.22906404 0.091133   0.60344828 0.07635468
 0.00246305 0.00246305 0.00246305 0.99261084
 0.48522167 0.00246305 0.50985222 0.00246305
 0.50985222 0.00246305 0.48522167 0.00246305
 0.00246305 0.00246305 0.00246305 0.99261084
 0.9408867  0.00246305 0.05418719 0.00246305
 0.70197044 0.00246305 0.29310345 0.00246305
 0.17487685 0.62807882 0.19458128 0.00246305
 0.07635468 0.04433498 0.65763547 0.22167488

MOTIF unmod1_l3_f_37
letter-probability matrix: alength= 4 w= 9 
 0.32456724 0.31158455 0.24101198 0.12283622
 0.56591212 0.27030626 0.08089214 0.08288948
 0.11251664 0.1804261  0.42809587 0.27896138
 8.67177097e-01 3.92809587e-02 9.32090546e-02 3.32889481e-04
 1.32157124e-01 3.32889481e-04 3.32889481e-04 8.67177097e-01
 3.32889481e-04 3.32889481e-04 8.67177097e-01 1.32157124e-01
 0.59720373 0.00932091 0.3322237  0.06125166
 5.58588549e-01 1.75432756e-01 2.65645806e-01 3.32889481e-04
 0.59387483 0.18308921 0.09786951 0.12516644

MOTIF unmod1_l3_f_38
letter-probability matrix: alength= 4 w= 9 
 0.14314248 0.32656458 0.22603196 0.30426099
 0.08422104 0.04627164 0.13182423 0.73768309
 0.52563249 0.00332889 0.39447403 0.07656458
 0.25565912 0.00266312 0.44074567 0.30093209
 0.48801598 0.01564581 0.32256991 0.17376831
 0.42210386 0.00565912 0.33821571 0.2340213 
 0.35585885 0.19407457 0.02996005 0.42010652
 0.38748336 0.07390146 0.05093209 0.48768309
 0.55592543 0.05858855 0.01797603 0.36750999

MOTIF unmod1_l3_f_39
letter-probability matrix: alength= 4 w= 9 
 0.83195021 0.03319502 0.0560166  0.07883817
 0.64799447 0.15560166 0.11618257 0.0802213 
 0.41770401 0.33748271 0.06085754 0.18395574
 8.33333333e-01 6.91562932e-04 1.56293223e-01 9.68188105e-03
 0.60235131 0.14522822 0.18672199 0.06569848
 7.47579530e-01 2.42047026e-01 6.91562932e-04 9.68188105e-03
 9.88934993e-01 6.91562932e-04 6.91562932e-04 9.68188105e-03
 7.63485477e-01 1.48686030e-01 6.91562932e-04 8.71369295e-02
 0.48271093 0.45297372 0.02973721 0.03457815

MOTIF unmod1_l3_f_40
letter-probability matrix: alength= 4 w= 9 
 0.14262735 0.37533512 0.04182306 0.44021448
 0.12117962 0.37479893 0.25951743 0.24450402
 4.12868633e-02 5.36193029e-04 8.17158177e-01 1.41018767e-01
 0.36782842 0.19302949 0.42680965 0.01233244
 0.0997319  0.62949062 0.03806971 0.23270777
 0.09329759 0.30616622 0.57265416 0.02788204
 0.18176944 0.47560322 0.25844504 0.08418231
 0.00482574 0.10831099 0.68793566 0.19892761
 0.40268097 0.13565684 0.40643432 0.05522788

MOTIF unmod1_l3_f_41
letter-probability matrix: alength= 4 w= 9 
 0.45385451 0.02497286 0.16449511 0.35667752
 0.00054289 0.04885993 0.49728556 0.45331162
 5.42888165e-04 5.42888165e-04 3.77850163e-01 6.21064061e-01
 0.23887079 0.00054289 0.38273616 0.37785016
 7.03583062e-01 5.42888165e-04 2.95331162e-01 5.42888165e-04
 0.19652552 0.41368078 0.29044517 0.09934853
 0.4082519  0.28935939 0.19869707 0.10369164
 0.26872964 0.45765472 0.20901194 0.06460369
 0.247557   0.22421281 0.31758958 0.21064061

MOTIF unmod1_l3_f_42
letter-probability matrix: alength= 4 w= 9 
 0.27629856 0.18856395 0.18376255 0.35137495
 0.04103012 0.54954168 0.1257093  0.2837189 
 0.29725011 0.08860759 0.50894806 0.10519424
 0.54212134 0.06329114 0.2418158  0.15277172
 7.70842427e-01 4.36490615e-04 2.40069838e-02 2.04714099e-01
 0.00829332 0.01615015 0.2047141  0.77084243
 2.28284592e-01 4.36490615e-04 7.70842427e-01 4.36490615e-04
 0.05412484 0.33915321 0.11916194 0.48756002
 0.25054561 0.08860759 0.35966827 0.30117852

MOTIF unmod1_l3_f_43
letter-probability matrix: alength= 4 w= 9 
 0.42243675 0.20705726 0.20272969 0.1677763 
 0.53029294 0.08821571 0.34121172 0.04027963
 0.02896138 0.6930759  0.18941411 0.0885486 
 0.04227696 0.56491345 0.22936085 0.16344874
 1.09853529e-02 3.32889481e-04 8.98468708e-01 9.02130493e-02
 7.50665779e-01 3.32889481e-04 9.02130493e-02 1.58788282e-01
 1.05193076e-01 3.32889481e-04 7.80958722e-01 1.13515313e-01
 0.49434088 0.28262317 0.00565912 0.21737683
 0.08022636 0.18175766 0.67010652 0.06790945

MOTIF unmod1_l3_f_44
letter-probability matrix: alength= 4 w= 9 
 0.5855615  0.13139801 0.09663866 0.18640183
 3.81970970e-04 8.28877005e-02 7.25744843e-03 9.09472880e-01
 0.00611154 0.00878533 0.86631016 0.11879297
 0.60313216 0.02597403 0.02482811 0.3460657 
 0.21886937 0.05882353 0.07410237 0.64820474
 0.01336898 0.01566081 0.592055   0.3789152 
 0.4144385  0.22956455 0.30175707 0.05423988
 0.41558442 0.12910619 0.2540107  0.2012987 
 0.26279603 0.1684492  0.29755539 0.27119939

MOTIF unmod1_l3_f_45
letter-probability matrix: alength= 4 w= 9 
 0.19528341 0.02772031 0.28671907 0.4902772 
 0.06371535 0.11046752 0.52875465 0.29706247
 0.21886636 0.33471245 0.02275548 0.4236657 
 0.32974762 0.00372362 0.31526686 0.35126189
 0.06247414 0.45097228 0.45883326 0.02772031
 3.30988829e-03 4.13736036e-04 3.30161357e-01 6.66115019e-01
 5.98676045e-01 2.95821266e-01 1.05088953e-01 4.13736036e-04
 0.68969797 0.02647911 0.21307406 0.07074886
 0.16425321 0.25279272 0.47827886 0.10467522

MOTIF unmod1_l3_f_46
letter-probability matrix: alength= 4 w= 9 
 0.27896138 0.06391478 0.06724368 0.58988016
 0.28262317 0.22902796 0.14314248 0.34520639
 0.18908123 0.37217044 0.21870839 0.22003995
 0.10286285 0.04727031 0.05426099 0.79560586
 0.83155792 0.04494008 0.01364847 0.10985353
 0.02696405 0.30292943 0.00099867 0.66910786
 6.95073236e-01 1.26498003e-02 6.65778961e-04 2.91611185e-01
 0.42010652 0.03695073 0.08089214 0.4620506 
 0.56191744 0.01564581 0.10419441 0.31824234

MOTIF unmod1_l3_f_47
letter-probability matrix: alength= 4 w= 9 
 0.5521494  0.06624383 0.23995772 0.14164905
 0.26849894 0.16067653 0.10641297 0.46441156
 0.31712474 0.21317829 0.42424242 0.04545455
 7.42071882e-01 3.52360817e-04 2.57223397e-01 3.52360817e-04
 0.44467935 0.21388302 0.0503876  0.29105004
 0.12403101 0.17582805 0.48907681 0.21106413
 0.86046512 0.00563777 0.12825934 0.00563777
 0.02255109 0.11804087 0.01867512 0.84073291
 0.03981677 0.03382664 0.89182523 0.03453136

MOTIF unmod1_l3_f_48
letter-probability matrix: alength= 4 w= 9 
 0.1619479  0.17780294 0.46357116 0.19667799
 0.08795772 0.04567761 0.29445074 0.57191393
 1.67610419e-01 3.77500944e-04 2.09890525e-01 6.22121555e-01
 5.28501321e-02 3.77500944e-04 6.49301623e-02 8.81842205e-01
 0.22385806 0.07474519 0.34503586 0.35636089
 0.0819177  0.0415251  0.37448094 0.50207626
 0.34730087 0.08229521 0.15439789 0.41600604
 0.21706304 0.09362023 0.07474519 0.61457154
 0.03510759 0.00679502 0.46734617 0.49075123

MOTIF unmod1_l3_f_49
letter-probability matrix: alength= 4 w= 9 
 0.06385916 0.01622368 0.84639282 0.07352434
 0.04314808 0.11667242 0.79150846 0.04867104
 3.45184674e-04 5.81290991e-01 3.90058681e-01 2.83051433e-02
 3.23438039e-01 4.21125302e-01 2.55091474e-01 3.45184674e-04
 0.35312392 0.10286503 0.13910942 0.40490162
 0.20331377 0.57059027 0.16189161 0.06420435
 0.3424232  0.04521919 0.53814291 0.0742147 
 0.06662064 0.30307214 0.26613738 0.36416983
 0.02761477 0.05281326 0.6779427  0.24162927

MOTIF unmod1_l3_f_50
letter-probability matrix: alength= 4 w= 9 
 0.22653493 0.16125618 0.42519407 0.18701482
 0.08997883 0.27099506 0.22547636 0.41354975
 0.26499647 0.25899788 0.10021171 0.37579393
 4.64008469e-01 3.52858151e-04 5.35285815e-01 3.52858151e-04
 0.32427664 0.17007763 0.41813691 0.08750882
 0.10973888 0.44283698 0.33662668 0.11079746
 0.79992943 0.04022583 0.01411433 0.14573042
 0.07057163 0.05081157 0.07551164 0.80310515
 0.07551164 0.01834862 0.87826394 0.02787579

MOTIF unmod1_l3_f_51
letter-probability matrix: alength= 4 w= 9 
 0.71271638 0.26065246 0.00499334 0.02163782
 0.70905459 0.01997337 0.13215712 0.13881491
 0.42476698 0.21770972 0.05426099 0.30326232
 0.02296937 0.07523302 0.04194407 0.85985353
 1.13515313e-01 3.32889481e-04 2.49667111e-01 6.36484687e-01
 0.19407457 0.00266312 0.79394141 0.00932091
 0.40213049 0.24567244 0.28195739 0.07023968
 0.12050599 0.29194407 0.28961385 0.29793609
 0.07223702 0.18142477 0.61185087 0.13448735

MOTIF unmod1_l3_f_52
letter-probability matrix: alength= 4 w= 9 
 0.20937151 0.28449238 0.15024173 0.35589438
 0.3938267  0.19635552 0.15805132 0.25176646
 0.43287467 0.09111194 0.46262551 0.01338788
 0.25808851 0.28300483 0.2223875  0.23651915
 0.35068799 0.17552994 0.39233916 0.08144292
 9.70249163e-01 2.90070658e-02 3.71885459e-04 3.71885459e-04
 0.00483451 0.02194124 0.00185943 0.97136482
 3.71885459e-04 2.45444403e-02 9.74711789e-01 3.71885459e-04
 2.86351804e-02 3.71885459e-04 9.66530309e-01 4.46262551e-03

MOTIF unmod1_l3_f_53
letter-probability matrix: alength= 4 w= 9 
 0.079655   0.16286149 0.44292237 0.31456114
 0.00456621 0.04414003 0.63571791 0.31557585
 5.07356672e-04 1.06544901e-01 1.89244039e-01 7.03703704e-01
 0.09284627 0.03703704 0.69101979 0.17909691
 0.08472856 0.04160325 0.5210553  0.35261289
 0.59665145 0.22171487 0.06595637 0.11567732
 6.79857940e-02 5.07356672e-04 1.60324708e-01 7.71182141e-01
 0.16235413 0.07001522 0.53120244 0.23642821
 0.24150178 0.35768645 0.10350076 0.29731101

MOTIF unmod1_l3_f_54
letter-probability matrix: alength= 4 w= 9 
 9.17776298e-01 3.32889481e-04 8.15579228e-02 3.32889481e-04
 0.24533955 0.05359521 0.20006658 0.50099867
 0.0982024  0.28362184 0.17842876 0.439747  
 9.96005326e-01 3.32889481e-04 3.32889481e-04 3.32889481e-03
 3.32889481e-04 3.32889481e-04 3.32889481e-04 9.99001332e-01
 3.32889481e-04 3.32889481e-04 9.96005326e-01 3.32889481e-03
 0.29960053 0.20006658 0.27962716 0.22070573
 0.35918775 0.11984021 0.33788282 0.18308921
 0.4241012  0.16178429 0.14014647 0.27396804

MOTIF unmod1_l3_f_55
letter-probability matrix: alength= 4 w= 9 
 0.24502865 0.20559488 0.32760364 0.22177283
 3.37040782e-04 3.37040782e-04 1.68520391e-03 9.97640715e-01
 8.28783283e-01 3.37040782e-04 1.58746208e-01 1.21334681e-02
 2.17728345e-01 3.37040782e-04 7.81597573e-01 3.37040782e-04
 1.05830806e-01 3.37040782e-04 3.37040782e-04 8.93495113e-01
 5.43646781e-01 3.37040782e-04 4.55679137e-01 3.37040782e-04
 0.67239636 0.01179643 0.28715875 0.02864847
 0.28109201 0.17728345 0.21536906 0.32625548
 0.30434783 0.22817661 0.19346141 0.27401416

MOTIF unmod1_l3_f_56
letter-probability matrix: alength= 4 w= 9 
 0.41811175 0.23314066 0.18400771 0.16473988
 0.85645472 0.03468208 0.0761079  0.0327553 
 0.15317919 0.20231214 0.03564547 0.6088632 
 0.28612717 0.02601156 0.68689788 0.00096339
 0.35452794 0.00096339 0.64354528 0.00096339
 0.00096339 0.10500963 0.00096339 0.89306358
 0.10308285 0.73795761 0.00096339 0.15799615
 0.28323699 0.12138728 0.0655106  0.52986513
 0.76300578 0.0761079  0.12620424 0.03468208

MOTIF unmod1_l3_f_57
letter-probability matrix: alength= 4 w= 9 
 0.04688121 0.35717124 0.11601112 0.47993643
 3.97298371e-04 5.28804132e-01 1.87127533e-01 2.83671037e-01
 0.30234406 0.44338498 0.20421136 0.05005959
 0.25466826 0.58402861 0.08184346 0.07945967
 0.24553039 0.36948749 0.16050854 0.22447358
 0.6336909  0.30909813 0.04330552 0.01390544
 0.14461661 0.21573302 0.03456496 0.60508542
 0.06277314 0.13945173 0.71354787 0.08422725
 0.07588399 0.1462058  0.64759634 0.13031387

MOTIF unmod1_l3_f_58
letter-probability matrix: alength= 4 w= 9 
 0.02173913 0.13043478 0.82608696 0.02173913
 0.02173913 0.93478261 0.02173913 0.02173913
 0.02173913 0.93478261 0.02173913 0.02173913
 0.02173913 0.13043478 0.02173913 0.82608696
 0.02173913 0.02173913 0.02173913 0.93478261
 0.93478261 0.02173913 0.02173913 0.02173913
 0.93478261 0.02173913 0.02173913 0.02173913
 0.89130435 0.02173913 0.02173913 0.06521739
 0.32608696 0.02173913 0.34782609 0.30434783

MOTIF unmod1_l3_f_59
letter-probability matrix: alength= 4 w= 9 
 0.78428762 0.09720373 0.11251664 0.00599201
 0.20372836 0.31990679 0.06058589 0.41577896
 0.23135819 0.01431425 0.73335553 0.02097204
 0.5379494  0.09986684 0.00399467 0.35818908
 0.06125166 0.04627164 0.20505992 0.68741678
 0.02063915 0.25932091 0.54494008 0.17509987
 0.30525965 0.05126498 0.58888149 0.05459387
 0.2436751  0.28561917 0.3165779  0.15412783
 0.69573901 0.08455393 0.14647137 0.07323569

MOTIF unmod1_l3_f_60
letter-probability matrix: alength= 4 w= 9 
 0.08291203 0.40343782 0.12639029 0.38725986
 0.10212336 0.06100438 0.38456353 0.45230873
 3.74115268e-02 3.37040782e-04 7.13852376e-01 2.48399056e-01
 3.37040782e-04 1.88742838e-02 7.43849006e-01 2.36939670e-01
 0.01044826 0.00202224 0.21907651 0.76845298
 0.51432423 0.00977418 0.31378497 0.16211662
 0.04516346 0.00539265 0.93360297 0.01584092
 0.17054264 0.19110212 0.17795753 0.46039771
 0.34041119 0.39197843 0.2140209  0.05358948

MOTIF unmod1_l3_f_61
letter-probability matrix: alength= 4 w= 9 
 0.34675795 0.08618607 0.43656867 0.13048731
 0.25694724 0.23721305 0.31292791 0.1929118 
 4.02738623e-04 2.27547322e-01 4.90535642e-01 2.81514297e-01
 5.75916230e-02 7.16874748e-02 8.70318164e-01 4.02738623e-04
 3.08095046e-01 6.88683045e-02 6.22633911e-01 4.02738623e-04
 0.00040274 0.38260169 0.31252517 0.3044704 
 4.02738623e-04 3.22190898e-03 3.83407169e-01 6.12968184e-01
 0.10310109 0.32420459 0.46153846 0.11115586
 0.28191704 0.15183246 0.44462344 0.12162706

MOTIF unmod1_l3_f_62
letter-probability matrix: alength= 4 w= 9 
 0.49267643 0.20339547 0.24866844 0.05525965
 7.95938748e-01 3.32889481e-04 2.03395473e-01 3.32889481e-04
 0.03861518 0.13482024 0.2786285  0.54793609
 0.03894807 0.15312916 0.46904128 0.33888149
 7.05725699e-01 3.32889481e-04 2.90945406e-01 2.99600533e-03
 4.99334221e-02 2.44007989e-01 3.32889481e-04 7.05725699e-01
 2.26364847e-02 3.32889481e-04 9.09454061e-01 6.75765646e-02
 0.28695073 0.24900133 0.11651132 0.34753662
 0.20605859 0.29693742 0.24467377 0.25233023

MOTIF unmod1_l3_f_63
letter-probability matrix: alength= 4 w= 9 
 0.56524634 0.1328229  0.27996005 0.02197071
 0.05625832 0.10818908 0.00332889 0.8322237 
 0.00932091 0.1551265  0.58388815 0.25166445
 3.32889481e-04 3.32889481e-04 3.32889481e-04 9.99001332e-01
 6.48468708e-01 3.32889481e-04 3.50865513e-01 3.32889481e-04
 5.09986684e-01 3.32889481e-04 4.89347537e-01 3.32889481e-04
 0.28561917 0.35685752 0.27296937 0.08455393
 0.29161119 0.42143808 0.16011984 0.12683089
 0.15912117 0.18841545 0.27130493 0.38115846

MOTIF unmod1_l3_f_64
letter-probability matrix: alength= 4 w= 9 
 0.23768309 0.13681758 0.21338216 0.41211718
 5.57589880e-01 3.51864181e-01 9.02130493e-02 3.32889481e-04
 0.29161119 0.0505992  0.53362184 0.12416778
 3.32889481e-04 4.66045273e-03 9.94673768e-01 3.32889481e-04
 3.32889481e-04 1.49800266e-02 9.84354194e-01 3.32889481e-04
 3.32889481e-04 2.82956059e-02 9.67709720e-01 3.66178429e-03
 3.32889481e-04 6.95739015e-02 9.13448735e-01 1.66444740e-02
 0.03295606 0.18641811 0.61218375 0.16844208
 0.47370173 0.27696405 0.0695739  0.17976032

MOTIF unmod1_l3_f_65
letter-probability matrix: alength= 4 w= 9 
 0.16750587 0.06075864 0.49446123 0.27727425
 0.05203088 0.04128902 0.8647197  0.04196039
 3.75629406e-01 3.35683115e-04 6.23699228e-01 3.35683115e-04
 0.00503525 0.0060423  0.61329305 0.37562941
 3.35683115e-04 4.66599530e-02 7.66700235e-01 1.86304129e-01
 0.00805639 0.22155086 0.33534743 0.43504532
 0.02651897 0.23094998 0.64518295 0.0973481 
 0.1332662  0.33366902 0.04733132 0.48573347
 0.27458879 0.36690164 0.16784156 0.19066801

MOTIF unmod1_l3_f_66
letter-probability matrix: alength= 4 w= 9 
 0.00684932 0.89726027 0.0890411  0.00684932
 0.87671233 0.04794521 0.06849315 0.00684932
 0.06849315 0.29452055 0.20547945 0.43150685
 0.38356164 0.56164384 0.00684932 0.04794521
 0.32191781 0.57534247 0.09589041 0.00684932
 0.00684932 0.00684932 0.39041096 0.59589041
 0.00684932 0.84931507 0.00684932 0.1369863 
 0.1369863  0.00684932 0.00684932 0.84931507
 0.42465753 0.46575342 0.10273973 0.00684932

MOTIF unmod1_l3_f_67
letter-probability matrix: alength= 4 w= 9 
 0.25562219 0.38868066 0.18515742 0.17053973
 0.11956522 0.34670165 0.32046477 0.21326837
 2.13643178e-01 1.79910045e-02 7.67991004e-01 3.74812594e-04
 0.15517241 0.33508246 0.4523988  0.05734633
 0.07421289 0.82946027 0.08545727 0.01086957
 3.63568216e-01 6.35682159e-01 3.74812594e-04 3.74812594e-04
 3.74812594e-04 6.16566717e-01 3.74812594e-04 3.82683658e-01
 0.08658171 0.23275862 0.67503748 0.00562219
 0.02473763 0.18253373 0.67166417 0.12106447

MOTIF unmod1_l3_f_68
letter-probability matrix: alength= 4 w= 9 
 0.3039281  0.20339547 0.28462051 0.20805593
 0.1424767  0.12549933 0.32490013 0.40712383
 6.09187750e-02 9.68708389e-02 3.32889481e-04 8.41877497e-01
 2.76631158e-01 3.32889481e-04 5.11984021e-01 2.11051931e-01
 0.69374168 0.00332889 0.22536618 0.07756325
 3.32889481e-04 3.32889481e-04 3.32889481e-04 9.99001332e-01
 8.47869507e-01 3.32889481e-04 1.51464714e-01 3.32889481e-04
 6.26165113e-01 3.32889481e-04 3.73169108e-01 3.32889481e-04
 0.44141145 0.12583222 0.23468708 0.19806924

MOTIF unmod1_l3_f_69
letter-probability matrix: alength= 4 w= 9 
 0.27729694 0.40778961 0.22270306 0.09221039
 0.7816245  0.00998668 0.19374168 0.01464714
 0.13015979 0.46304927 0.22270306 0.18408788
 7.14047936e-01 1.87083888e-01 9.85352863e-02 3.32889481e-04
 0.86151798 0.03195739 0.09753662 0.00898802
 0.16944075 0.42509987 0.20272969 0.20272969
 0.20605859 0.38115846 0.31691079 0.09587217
 0.8258988  0.00699068 0.00332889 0.16378162
 3.32889481e-04 3.32889481e-03 1.70439414e-01 8.25898802e-01

MOTIF unmod1_l3_f_70
letter-probability matrix: alength= 4 w= 9 
 0.28977871 0.1998595  0.36178433 0.14857745
 0.51984545 0.05725325 0.12328767 0.29961363
 3.94450299e-01 3.51246927e-04 2.49385318e-02 5.80259923e-01
 0.11134528 0.04952582 0.43168247 0.40744643
 0.40428521 0.07200562 0.45837724 0.06533193
 0.47207587 0.1489287  0.00807868 0.37091675
 0.13206884 0.04671584 0.35651563 0.46469968
 0.0748156  0.17000351 0.5658588  0.18932209
 0.23393045 0.19845451 0.38602037 0.18159466

MOTIF unmod1_l3_f_71
letter-probability matrix: alength= 4 w= 9 
 0.3449583  0.22782411 0.0181956  0.40902199
 3.66565580e-01 3.79075057e-04 4.04473086e-01 2.28582259e-01
 3.79075057e-04 3.79075057e-04 4.81425322e-02 9.51099318e-01
 0.12016679 0.02463988 0.4757392  0.37945413
 5.05686126e-01 3.79075057e-04 2.17968158e-01 2.75966641e-01
 9.62850644e-02 5.31084155e-01 3.72251706e-01 3.79075057e-04
 0.26990144 0.29112964 0.33927218 0.09969674
 0.56557998 0.11523882 0.27407127 0.04510993
 0.21455648 0.27482942 0.27672479 0.23388931

MOTIF unmod1_l3_f_72
letter-probability matrix: alength= 4 w= 9 
 0.12715856 0.05075877 0.80847724 0.01360544
 0.18367347 0.7263213  0.04500262 0.04500262
 0.39769754 0.2166405  0.3422292  0.04343276
 0.43903715 0.39874411 0.15698587 0.00523286
 0.00941915 0.01412873 0.89167975 0.08477237
 0.05232862 0.45944532 0.13762428 0.35060178
 0.13710099 0.03924647 0.16431188 0.65934066
 0.04761905 0.5473574  0.26268969 0.14233386
 0.01936159 0.42857143 0.40188383 0.15018315

MOTIF unmod1_l3_f_73
letter-probability matrix: alength= 4 w= 9 
 0.96103896 0.01298701 0.01298701 0.01298701
 0.01298701 0.01298701 0.01298701 0.96103896
 0.01298701 0.01298701 0.96103896 0.01298701
 0.50649351 0.22077922 0.01298701 0.25974026
 0.96103896 0.01298701 0.01298701 0.01298701
 0.44155844 0.53246753 0.01298701 0.01298701
 0.01298701 0.01298701 0.01298701 0.96103896
 0.68831169 0.01298701 0.28571429 0.01298701
 0.28571429 0.01298701 0.68831169 0.01298701

MOTIF unmod1_l3_f_74
letter-probability matrix: alength= 4 w= 9 
 0.37749667 0.45372836 0.06158455 0.10719041
 0.76731025 0.05292943 0.11418109 0.06557923
 0.33322237 0.04194407 0.43608522 0.18874834
 3.32889481e-04 1.89747004e-02 1.23169108e-02 9.68375499e-01
 0.17143808 0.07057257 0.25532623 0.50266312
 0.12217044 0.11551265 0.44707057 0.31524634
 6.05858855e-01 2.92276964e-01 1.01531292e-01 3.32889481e-04
 0.1960719  0.02030626 0.10352863 0.68009321
 0.04793609 0.22703063 0.60486019 0.1201731 

MOTIF unmod1_l3_f_75
letter-probability matrix: alength= 4 w= 9 
 8.36884154e-01 3.32889481e-04 1.62450067e-01 3.32889481e-04
 0.32756325 0.21038615 0.08089214 0.38115846
 0.24766977 0.1960719  0.41478029 0.14147803
 9.97336884e-01 3.32889481e-04 3.32889481e-04 1.99733688e-03
 1.99733688e-03 3.32889481e-04 3.32889481e-04 9.97336884e-01
 3.32889481e-04 3.32889481e-04 9.99001332e-01 3.32889481e-04
 0.26764314 0.12250333 0.56225033 0.0476032 
 0.22070573 0.63115846 0.11018642 0.0379494 
 0.31691079 0.26364847 0.23834887 0.18109188

MOTIF unmod1_l3_f_76
letter-probability matrix: alength= 4 w= 9 
 0.20639148 0.22336884 0.37882823 0.19141145
 3.32889481e-04 3.32889481e-04 3.32889481e-04 9.99001332e-01
 9.49067909e-01 3.32889481e-04 5.02663116e-02 3.32889481e-04
 6.81091877e-01 3.32889481e-04 3.18242344e-01 3.32889481e-04
 0.22336884 0.12683089 0.63348868 0.01631158
 0.39480692 0.06458056 0.47037284 0.07023968
 3.32889481e-04 4.73368842e-01 9.55392810e-02 4.30758988e-01
 0.02796272 0.313249   0.49766977 0.16111851
 0.25033289 0.44840213 0.17276964 0.12849534

MOTIF unmod1_l3_f_77
letter-probability matrix: alength= 4 w= 9 
 0.19673768 0.13515313 0.43475366 0.23335553
 3.32889481e-04 4.19440746e-02 8.68841545e-01 8.88814913e-02
 0.14280959 0.6707723  0.05592543 0.13049268
 7.26031957e-01 2.73302264e-01 3.32889481e-04 3.32889481e-04
 0.27829561 0.26398136 0.4304261  0.02729694
 0.50565912 0.0792277  0.33888149 0.07623169
 0.17942743 0.30193076 0.22603196 0.29260985
 0.34920107 0.34953395 0.1201731  0.18109188
 0.17609854 0.14647137 0.17909454 0.49833555

MOTIF unmod1_l3_f_78
letter-probability matrix: alength= 4 w= 9 
 0.07294833 0.07531239 0.83451537 0.01722391
 0.05876393 0.3144208  0.41438703 0.21242823
 0.01519757 0.1195542  0.68625464 0.17899358
 0.00945626 0.31746032 0.17865586 0.49442756
 0.37993921 0.12326917 0.2134414  0.28335022
 0.04154002 0.89057751 0.02296521 0.04491726
 0.3100304  0.01046944 0.57514353 0.10435664
 3.37723742e-04 7.81492739e-01 8.81458967e-02 1.30023641e-01
 0.03883823 0.26984127 0.63998649 0.05133401

MOTIF unmod1_l3_f_79
letter-probability matrix: alength= 4 w= 9 
 0.16627451 0.18039216 0.17490196 0.47843137
 0.17803922 0.5145098  0.10431373 0.20313725
 0.34117647 0.0854902  0.09176471 0.48156863
 9.52941176e-01 7.84313725e-04 4.54901961e-02 7.84313725e-04
 0.1945098  0.02901961 0.0854902  0.69098039
 0.05568627 0.04156863 0.81647059 0.08627451
 0.76627451 0.14666667 0.04       0.04705882
 7.84313725e-04 1.82745098e-01 7.05882353e-03 8.09411765e-01
 0.01333333 0.11764706 0.82588235 0.04313725

MOTIF unmod1_l3_f_80
letter-probability matrix: alength= 4 w= 9 
 6.47802929e-01 5.92543276e-02 2.92609854e-01 3.32889481e-04
 0.18242344 0.17909454 0.61517976 0.02330226
 0.28994674 0.64580559 0.00765646 0.05659121
 2.26364847e-01 3.32889481e-04 4.93342210e-01 2.79960053e-01
 3.32889481e-04 5.42609854e-02 7.34354194e-01 2.11051931e-01
 0.00266312 0.21770972 0.69074567 0.08888149
 0.42909454 0.36584554 0.17310253 0.03195739
 0.31924101 0.1045273  0.36784288 0.20838881
 0.03728362 0.33721704 0.27163782 0.35386152

