MEME version 5.3.0

ALPHABET= ACGT

strands: + -

Background letter frequencies
A 0.25 C 0.25 G 0.25 T 0.25

MOTIF unmod1_l3_f_0
letter-probability matrix: alength= 4 w= 9 
 0.42334989 0.31227821 0.16323634 0.10113556
 0.61745919 0.19339957 0.13555713 0.0535841 
 0.27714691 0.32753726 0.14123492 0.25408091
 0.53229241 0.09545777 0.09190916 0.28034067
 9.93612491e-01 7.09723208e-04 3.54861604e-04 5.32292406e-03
 3.54861604e-04 9.93612491e-03 3.54861604e-04 9.89354152e-01
 3.54861604e-04 5.67778566e-03 9.89354152e-01 4.61320085e-03
 0.01100071 0.30447126 0.64442867 0.04009936
 0.3530873  0.21362669 0.31298793 0.12029808

MOTIF unmod1_l3_f_1
letter-probability matrix: alength= 4 w= 9 
 0.09654179 0.5259366  0.03602305 0.34149856
 0.07300672 0.4610951  0.40489914 0.06099904
 0.10326609 0.70028818 0.13352546 0.06292027
 4.80307397e-04 5.68203650e-01 3.66954851e-01 6.43611912e-02
 2.35350624e-02 9.42363112e-01 4.80307397e-04 3.36215178e-02
 0.12487992 0.84534102 0.02833814 0.00144092
 0.23919308 0.36887608 0.12487992 0.26705091
 0.16810759 0.10422671 0.4610951  0.26657061
 0.1301633  0.25648415 0.44764649 0.16570605

MOTIF unmod1_l3_f_2
letter-probability matrix: alength= 4 w= 9 
 0.28828229 0.04727031 0.14114514 0.52330226
 0.75732357 0.01031957 0.1644474  0.06790945
 0.70772304 0.11817577 0.05625832 0.11784288
 6.07856192e-01 1.79427430e-01 3.32889481e-04 2.12383489e-01
 0.1454727  0.59687084 0.07090546 0.186751  
 3.32889481e-04 3.90146471e-01 4.73701731e-01 1.35818908e-01
 0.01864181 0.21737683 0.24201065 0.52197071
 0.07689747 0.32323569 0.5476032  0.05226365
 0.43508655 0.0918775  0.32989348 0.14314248

MOTIF unmod1_l3_f_3
letter-probability matrix: alength= 4 w= 9 
 0.72303595 0.04527297 0.18142477 0.05026631
 0.26065246 0.46637816 0.2057257  0.06724368
 3.32889481e-04 7.56657790e-01 3.32889481e-04 2.42676431e-01
 0.35585885 0.14214381 0.31591212 0.18608522
 0.14014647 0.03062583 0.44241012 0.38681758
 0.17876165 0.51564581 0.25166445 0.0539281 
 0.11251664 0.08455393 0.32390146 0.47902796
 0.04194407 0.14780293 0.25732357 0.55292943
 0.39047936 0.25299601 0.06691079 0.28961385

MOTIF unmod1_l3_f_4
letter-probability matrix: alength= 4 w= 9 
 0.10252996 0.30126498 0.46471372 0.13149134
 0.52762983 0.30226365 0.03095872 0.1391478 
 0.22103862 0.08388815 0.09620506 0.59886818
 0.0505992  0.03428762 0.71038615 0.20472703
 0.00233023 0.42210386 0.43541944 0.14014647
 0.0982024  0.88448735 0.00898802 0.00832224
 0.00832224 0.63881491 0.08288948 0.26997337
 0.28328895 0.47403462 0.10985353 0.1328229 
 0.19673768 0.4241012  0.31091877 0.06824234

MOTIF unmod1_l3_f_5
letter-probability matrix: alength= 4 w= 9 
 0.54730417 0.26347915 0.18209563 0.00712106
 0.79552391 0.05289929 0.02746694 0.12410987
 0.52797558 0.00101729 0.39369278 0.07731434
 0.06510682 0.26449644 0.00915565 0.6612411 
 0.00101729 0.00101729 0.02339776 0.97456765
 0.73753815 0.00101729 0.26042726 0.00101729
 0.41403866 0.00101729 0.58392675 0.00101729
 0.0335707  0.1180061  0.09359105 0.75483215
 0.31841302 0.03255341 0.44354018 0.20549339

MOTIF unmod1_l3_f_6
letter-probability matrix: alength= 4 w= 9 
 0.12816245 0.24234354 0.42010652 0.20938748
 0.07390146 0.26131824 0.6488016  0.0159787 
 3.69840213e-01 4.36085220e-02 5.86218375e-01 3.32889481e-04
 0.05326232 0.40945406 0.28861518 0.24866844
 0.17010652 0.2023968  0.4873502  0.14014647
 8.55193076e-01 5.65912117e-03 1.38814913e-01 3.32889481e-04
 0.00798935 0.12949401 0.00199734 0.86051931
 4.36085220e-02 3.32889481e-04 8.68175766e-01 8.78828229e-02
 0.13681758 0.17443409 0.41311585 0.27563249

MOTIF unmod1_l3_f_7
letter-probability matrix: alength= 4 w= 9 
 0.28167575 0.55449591 0.07118529 0.09264305
 0.35115804 0.1256812  0.47854223 0.04461853
 0.28746594 0.08072207 0.38692098 0.24489101
 0.05279292 0.41859673 0.01464578 0.51396458
 0.23603542 0.0647139  0.52043597 0.17881471
 5.38147139e-01 3.40599455e-04 4.53678474e-01 7.83378747e-03
 0.07459128 0.36614441 0.01702997 0.54223433
 0.01055858 0.03099455 0.8719346  0.08651226
 0.04768392 0.38351499 0.20095368 0.36784741

MOTIF unmod1_l3_f_8
letter-probability matrix: alength= 4 w= 9 
 0.04141208 0.51697217 0.28852682 0.15308893
 0.13917176 0.73387644 0.00339443 0.12355737
 0.46673456 0.02545825 0.45723014 0.05057705
 0.43007468 0.03564155 0.46741344 0.06687033
 0.0101833  0.79226069 0.04209097 0.15546504
 0.73489477 0.03462322 0.12763069 0.10285132
 0.1089613  0.00373388 0.73964698 0.14765784
 0.16666667 0.09131025 0.61201629 0.13000679
 0.22912424 0.19178547 0.28038018 0.29871012

MOTIF unmod1_l3_f_9
letter-probability matrix: alength= 4 w= 9 
 0.03030303 0.03030303 0.90909091 0.03030303
 0.03030303 0.03030303 0.03030303 0.90909091
 0.90909091 0.03030303 0.03030303 0.03030303
 0.03030303 0.03030303 0.90909091 0.03030303
 0.03030303 0.24242424 0.57575758 0.15151515
 0.03030303 0.36363636 0.57575758 0.03030303
 0.36363636 0.03030303 0.57575758 0.03030303
 0.03030303 0.03030303 0.3030303  0.63636364
 0.03030303 0.03030303 0.63636364 0.3030303 

MOTIF unmod1_l3_f_10
letter-probability matrix: alength= 4 w= 9 
 0.09380349 0.24580623 0.08832592 0.57206436
 3.42348511e-04 6.36768230e-02 2.10886683e-01 7.25094146e-01
 5.36460116e-01 4.48476549e-02 3.42348511e-04 4.18349880e-01
 0.00992811 0.7247518  0.0465594  0.2187607 
 0.02567614 0.09688463 0.10133516 0.77610407
 0.47244094 0.00787402 0.12461486 0.39507018
 6.53543307e-01 3.42348511e-04 3.02293735e-01 4.38206094e-02
 0.27901404 0.1150291  0.36391647 0.2420404 
 0.36460116 0.31427593 0.15097569 0.17014721

MOTIF unmod1_l3_f_11
letter-probability matrix: alength= 4 w= 9 
 0.29663609 0.25649847 0.23929664 0.20756881
 0.31804281 0.06154434 0.4132263  0.20718654
 9.64449541e-01 3.82262997e-04 3.47859327e-02 3.82262997e-04
 0.35779817 0.17737003 0.12423547 0.34059633
 5.82951070e-01 3.70412844e-01 3.82262997e-04 4.62538226e-02
 9.98088685e-01 3.82262997e-04 3.82262997e-04 1.14678899e-03
 3.82262997e-04 3.82262997e-04 3.82262997e-04 9.98853211e-01
 3.82262997e-04 3.82262997e-04 9.98088685e-01 1.14678899e-03
 0.27752294 0.17507645 0.28134557 0.26605505

MOTIF unmod1_l3_f_12
letter-probability matrix: alength= 4 w= 9 
 0.1930759  0.28595206 0.38082557 0.14014647
 0.10685752 0.24800266 0.4051265  0.24001332
 3.32889481e-04 3.32889481e-04 1.19840213e-02 9.87350200e-01
 9.08122503e-01 3.32889481e-04 7.98934754e-02 1.16511318e-02
 4.50066578e-01 3.32889481e-04 5.37949401e-01 1.16511318e-02
 3.32889481e-04 3.32889481e-04 3.32889481e-04 9.99001332e-01
 5.82889481e-01 3.32889481e-04 4.16444740e-01 3.32889481e-04
 7.32689747e-01 3.32889481e-04 2.66644474e-01 3.32889481e-04
 0.3448735  0.17177097 0.3229028  0.16045273

MOTIF unmod1_l3_f_13
letter-probability matrix: alength= 4 w= 9 
 0.39813582 0.23335553 0.30026631 0.06824234
 0.24101198 0.02330226 0.70073236 0.0349534 
 0.11584554 0.46438083 0.31691079 0.10286285
 0.12882823 0.17376831 0.64680426 0.0505992 
 0.26065246 0.05992011 0.63581891 0.04360852
 1.89414115e-01 3.32889481e-04 7.66644474e-01 4.36085220e-02
 5.98535286e-01 3.32889481e-04 1.87083888e-01 2.14047936e-01
 0.32190413 0.19074567 0.34720373 0.14014647
 0.18075899 0.07323569 0.53295606 0.21304927

MOTIF unmod1_l3_f_14
letter-probability matrix: alength= 4 w= 9 
 0.18222222 0.42622222 0.15022222 0.24133333
 0.01777778 0.532      0.34311111 0.10711111
 0.46088889 0.44888889 0.04933333 0.04088889
 4.44444444e-04 4.00000000e-01 7.33333333e-02 5.26222222e-01
 6.08444444e-01 3.90666667e-01 4.44444444e-04 4.44444444e-04
 4.44444444e-04 4.44444444e-04 9.58666667e-01 4.04444444e-02
 3.67111111e-01 9.28888889e-02 4.44444444e-04 5.39555556e-01
 0.392      0.06711111 0.28088889 0.26      
 0.44533333 0.08088889 0.03422222 0.43955556

MOTIF unmod1_l3_f_15
letter-probability matrix: alength= 4 w= 9 
 3.60880549e-04 3.60880549e-04 3.60880549e-04 9.98917358e-01
 8.45904006e-01 3.60880549e-04 1.53374233e-01 3.60880549e-04
 5.02345724e-01 3.60880549e-04 4.96932515e-01 3.60880549e-04
 3.60880549e-04 3.60880549e-04 3.60880549e-04 9.98917358e-01
 7.98989534e-01 3.60880549e-04 2.00288704e-01 3.60880549e-04
 5.09202454e-01 3.60880549e-04 4.90075785e-01 3.60880549e-04
 0.41753879 0.12017322 0.30386142 0.15842656
 0.28401299 0.28293035 0.21616745 0.21688921
 0.26127752 0.20606279 0.25081198 0.28184771

MOTIF unmod1_l3_f_16
letter-probability matrix: alength= 4 w= 9 
 0.06719368 0.12360762 0.40208408 0.40711462
 0.00718649 0.07330219 0.02227812 0.8972332 
 0.02874596 0.03880704 0.58498024 0.34746676
 0.12217032 0.14840101 0.44592167 0.28350701
 1.88286022e-01 2.51527129e-01 3.59324470e-04 5.59827524e-01
 0.53862738 0.03593245 0.33596838 0.08947179
 0.10779734 0.33524973 0.55084441 0.00610852
 0.05713259 0.44160977 0.44484369 0.05641394
 0.41645706 0.12899748 0.24793388 0.20661157

MOTIF unmod1_l3_f_17
letter-probability matrix: alength= 4 w= 9 
 0.04860186 0.39280959 0.11817577 0.44041278
 0.07390146 0.13748336 0.38648469 0.40213049
 0.0729028  0.47969374 0.1328229  0.31458056
 9.73701731e-01 3.32889481e-04 2.56324900e-02 3.32889481e-04
 2.56324900e-02 3.32889481e-04 3.32889481e-04 9.73701731e-01
 2.56324900e-02 3.32889481e-04 9.73701731e-01 3.32889481e-04
 0.09553928 0.24900133 0.44773635 0.20772304
 0.03928096 0.31624501 0.28462051 0.35985353
 0.41611185 0.26065246 0.11984021 0.20339547

MOTIF unmod1_l3_f_18
letter-probability matrix: alength= 4 w= 9 
 0.10730388 0.10504959 0.66275924 0.12488729
 0.0509468  0.03606853 0.40892696 0.50405771
 4.50856628e-04 4.50856628e-04 1.14066727e-01 8.85031560e-01
 4.50856628e-04 4.50856628e-04 1.78088368e-01 8.21009919e-01
 0.13751127 0.04598738 0.07033363 0.74616772
 0.09738503 0.10144274 0.40171326 0.39945897
 0.17718665 0.2858431  0.25563571 0.28133454
 0.33814247 0.10775473 0.22903517 0.32506763
 0.1600541  0.07258792 0.26465284 0.50270514

MOTIF unmod1_l3_f_19
letter-probability matrix: alength= 4 w= 9 
 0.27063915 0.18275632 0.19507324 0.35153129
 0.44074567 0.09254328 0.33721704 0.12949401
 0.35652463 0.15945406 0.24933422 0.23468708
 0.03994674 0.09687084 0.02929427 0.83388815
 0.59953395 0.03229028 0.29327563 0.07490013
 0.46737683 0.02896138 0.47669774 0.02696405
 3.32889481e-04 3.32889481e-04 3.32889481e-04 9.99001332e-01
 9.44407457e-01 3.32889481e-04 5.49267643e-02 3.32889481e-04
 7.60652463e-01 3.32889481e-04 2.38681758e-01 3.32889481e-04

MOTIF unmod1_l3_f_20
letter-probability matrix: alength= 4 w= 9 
 0.3355526  0.54593875 0.02330226 0.09520639
 0.5695739  0.09454061 0.33422104 0.00166445
 8.72836218e-01 3.32889481e-04 3.32889481e-04 1.26498003e-01
 3.32889481e-04 3.32889481e-04 1.26498003e-01 8.72836218e-01
 8.82157124e-02 3.32889481e-04 9.11118509e-01 3.32889481e-04
 0.24034621 0.19906791 0.05992011 0.50066578
 0.4017976  0.0695739  0.29960053 0.22902796
 0.42643142 0.33954727 0.13515313 0.09886818
 0.37316911 0.29993342 0.27197071 0.05492676

MOTIF unmod1_l3_f_21
letter-probability matrix: alength= 4 w= 9 
 0.09054594 0.03728362 0.02696405 0.84520639
 0.43142477 0.06790945 0.39181092 0.10885486
 0.68841545 0.13315579 0.11651132 0.06191744
 0.10252996 0.25266312 0.42276964 0.22203728
 0.02829561 0.05126498 0.11418109 0.80625832
 0.16378162 0.07689747 0.35219707 0.40712383
 0.2310253  0.11551265 0.37782956 0.27563249
 0.12217044 0.2786285  0.48368842 0.11551265
 0.05559254 0.70705726 0.15579228 0.08155792

MOTIF unmod1_l3_f_22
letter-probability matrix: alength= 4 w= 9 
 0.43708389 0.28195739 0.16378162 0.1171771 
 0.32123835 0.08288948 0.2120506  0.38382157
 0.02563249 0.23868176 0.27929427 0.45639148
 0.05858855 0.00965379 0.31990679 0.61185087
 0.13748336 0.10419441 0.50798935 0.25033289
 0.42343542 0.01531292 0.45838881 0.10286285
 5.17976032e-01 3.32889481e-04 1.26498003e-02 4.69041278e-01
 0.16378162 0.03029294 0.46904128 0.33688415
 0.24966711 0.09387483 0.56557923 0.09087883

MOTIF unmod1_l3_f_23
letter-probability matrix: alength= 4 w= 9 
 0.21071904 0.0379494  0.65312916 0.0982024 
 0.4650466  0.01065246 0.34354194 0.18075899
 0.1804261  0.24167776 0.4873502  0.09054594
 0.30925433 0.00532623 0.5539281  0.13149134
 0.03362184 0.17576565 0.46770972 0.3229028 
 1.99067909e-01 1.05525965e-01 6.95073236e-01 3.32889481e-04
 0.42876165 0.02596538 0.26797603 0.27729694
 0.01031957 0.34320905 0.40246338 0.24400799
 0.27563249 0.06924101 0.20472703 0.45039947

MOTIF unmod1_l3_f_24
letter-probability matrix: alength= 4 w= 9 
 0.29593875 0.29527297 0.25732357 0.15146471
 0.15046605 0.2150466  0.4144474  0.22003995
 0.16810919 0.25565912 0.32989348 0.24633822
 0.06990679 0.0442743  0.42177097 0.46404794
 0.186751   0.36251664 0.07456724 0.37616511
 1.93408788e-01 3.70838881e-01 3.32889481e-04 4.35419441e-01
 0.37849534 0.13781625 0.36418109 0.11950732
 0.35053262 0.20938748 0.36517976 0.07490013
 0.28761651 0.07656458 0.21338216 0.42243675

MOTIF unmod1_l3_f_25
letter-probability matrix: alength= 4 w= 9 
 0.05060141 0.17212775 0.14807134 0.6291995 
 0.05848196 0.26171713 0.26503526 0.41476566
 0.39236831 0.12899212 0.06926586 0.4093737 
 0.60929075 0.10369141 0.15304853 0.13396931
 4.36333472e-01 4.14765657e-04 4.14765657e-03 5.59104106e-01
 4.14765657e-03 4.14765657e-04 5.59104106e-01 4.36333472e-01
 0.29655745 0.22936541 0.44172543 0.03235172
 0.54749067 0.13148071 0.18208212 0.1389465 
 0.28121112 0.258399   0.24554127 0.21484861

MOTIF unmod1_l3_f_26
letter-probability matrix: alength= 4 w= 9 
 0.02929427 0.14613848 0.68541944 0.1391478 
 0.12816245 0.07856192 0.20106525 0.59221039
 0.11018642 0.21171771 0.25133156 0.42676431
 0.29460719 0.06458056 0.13548602 0.50532623
 0.7942743  0.09021305 0.10419441 0.01131824
 0.00565912 0.00432756 0.32989348 0.66011984
 0.01165113 0.06291611 0.90545939 0.01997337
 0.40213049 0.07190413 0.45306258 0.0729028 
 0.27163782 0.16478029 0.33888149 0.2247004 

MOTIF unmod1_l3_f_27
letter-probability matrix: alength= 4 w= 9 
 0.1691879  0.39888535 0.16958599 0.26234076
 0.15764331 0.14291401 0.35031847 0.3491242 
 0.40525478 0.12300955 0.35867834 0.11305732
 9.64171975e-01 3.98089172e-04 3.50318471e-02 3.98089172e-04
 3.98089172e-04 5.57324841e-03 8.39968153e-02 9.10031847e-01
 0.03821656 0.00756369 0.90764331 0.04657643
 0.43829618 0.27109873 0.12261146 0.16799363
 0.20023885 0.09713376 0.20421975 0.49840764
 0.04339172 0.38216561 0.35230892 0.22213376

MOTIF unmod1_l3_f_28
letter-probability matrix: alength= 4 w= 9 
 0.15168539 0.09129213 0.30547753 0.45154494
 0.05688202 0.0877809  0.71839888 0.1369382 
 0.27808989 0.0744382  0.63342697 0.01404494
 0.00561798 0.10393258 0.57724719 0.31320225
 0.44733146 0.03441011 0.49438202 0.0238764 
 0.00772472 0.03581461 0.02598315 0.93047753
 0.19592697 0.03932584 0.75       0.01474719
 0.66853933 0.04775281 0.16713483 0.11657303
 0.25070225 0.06109551 0.43539326 0.25280899

MOTIF unmod1_l3_f_29
letter-probability matrix: alength= 4 w= 9 
 0.52679831 0.19076164 0.11988717 0.16255289
 0.1248237  0.52997179 0.24294781 0.1022567 
 0.11142454 0.42313117 0.34767278 0.11777151
 0.15620592 0.00669958 0.48025388 0.35684062
 0.01198872 0.10648801 0.62834979 0.25317348
 0.1096615  0.32440056 0.1251763  0.44076164
 0.09203103 0.25246827 0.52186178 0.13363893
 0.25634697 0.01093089 0.57545839 0.15726375
 0.33251058 0.24541608 0.34167842 0.08039492

MOTIF unmod1_l3_f_30
letter-probability matrix: alength= 4 w= 9 
 0.41111851 0.13149134 0.29394141 0.16344874
 0.88848202 0.00166445 0.0855526  0.02430093
 3.32889481e-04 3.32889481e-04 8.45539281e-02 9.14780293e-01
 3.32889481e-04 3.32889481e-04 9.61384820e-01 3.79494008e-02
 0.25599201 0.47203728 0.1707723  0.1011984 
 3.32889481e-04 1.80426099e-01 7.56657790e-01 6.25832224e-02
 0.09021305 0.24234354 0.39280959 0.27463382
 0.10552597 0.31890812 0.37782956 0.19773635
 0.09520639 0.31258322 0.39580559 0.19640479

MOTIF unmod1_l3_f_31
letter-probability matrix: alength= 4 w= 9 
 0.27003891 0.36342412 0.0459144  0.32062257
 0.56964981 0.33385214 0.05680934 0.03968872
 0.11750973 0.67782101 0.05136187 0.15330739
 0.06848249 0.39455253 0.21167315 0.32529183
 0.19844358 0.39688716 0.28326848 0.12140078
 0.12140078 0.32373541 0.14319066 0.41167315
 0.38054475 0.42723735 0.09571984 0.09649805
 0.08326848 0.46848249 0.18910506 0.25914397
 0.24046693 0.47237354 0.10116732 0.18599222

MOTIF unmod1_l3_f_32
letter-probability matrix: alength= 4 w= 9 
 0.49533955 0.03428762 0.09587217 0.37450067
 0.30226365 0.1201731  0.00932091 0.56824234
 1.25832224e-01 2.35019973e-01 3.32889481e-04 6.38814913e-01
 0.54161119 0.00832224 0.10153129 0.34853529
 0.51098535 0.37583222 0.07723036 0.03595206
 0.25133156 0.02962716 0.0918775  0.62716378
 0.6171771  0.00133156 0.30359521 0.07789614
 0.66877497 0.09886818 0.17343542 0.05892144
 0.0885486  0.20206391 0.33355526 0.37583222

MOTIF unmod1_l3_f_33
letter-probability matrix: alength= 4 w= 9 
 0.60009421 0.0880829  0.06076307 0.25105982
 0.3551578  0.03391427 0.48139425 0.12953368
 0.00706547 0.01931229 0.03956665 0.93405558
 4.71031559e-04 4.71031559e-04 3.97079604e-01 6.01978333e-01
 0.23174753 0.15591145 0.07583608 0.53650495
 0.61375412 0.10456901 0.09985869 0.18181818
 0.63495054 0.00800754 0.08572774 0.27131418
 0.32077249 0.03815356 0.31512011 0.32595384
 0.10174282 0.18228921 0.53085257 0.1851154 

MOTIF unmod1_l3_f_34
letter-probability matrix: alength= 4 w= 9 
 0.34138973 0.16414904 0.32896945 0.16549178
 0.15374287 0.21349446 0.12990937 0.50285331
 0.68076536 0.13460893 0.00872776 0.17589795
 0.00302115 0.16817724 0.03054716 0.79825445
 0.00637798 0.18361866 0.78952669 0.02047667
 0.09600537 0.28130245 0.55085599 0.07183619
 0.02719033 0.64484726 0.29439409 0.03356831
 0.13427325 0.19301779 0.10238335 0.57032561
 0.14870762 0.44813696 0.30312185 0.10003357

MOTIF unmod1_l3_f_35
letter-probability matrix: alength= 4 w= 9 
 0.15079893 0.40679095 0.1960719  0.24633822
 0.5349534  0.20272969 0.08055925 0.18175766
 0.15679095 0.44507324 0.09121172 0.3069241 
 0.05892144 0.00865513 0.00366178 0.92876165
 0.24933422 0.02296937 0.53262317 0.19507324
 0.15312916 0.03661784 0.4650466  0.34520639
 0.29893475 0.19573901 0.48635153 0.0189747 
 0.03761651 0.50066578 0.24866844 0.21304927
 0.09121172 0.38448735 0.2689747  0.25532623

MOTIF unmod1_l3_f_36
letter-probability matrix: alength= 4 w= 9 
 0.26071609 0.25365608 0.40342915 0.08219869
 0.11043873 0.26525466 0.45637922 0.16792738
 5.04286435e-04 7.30711044e-01 9.53101362e-02 1.73474534e-01
 0.13968734 0.47402925 0.3383762  0.04790721
 5.04286435e-04 6.90368129e-01 3.08623298e-01 5.04286435e-04
 2.85426122e-01 7.13565305e-01 5.04286435e-04 5.04286435e-04
 0.16490166 0.35753908 0.18356026 0.29399899
 0.31114473 0.28593041 0.33888048 0.06404438
 0.27836611 0.32375189 0.27584468 0.12203732

MOTIF unmod1_l3_f_37
letter-probability matrix: alength= 4 w= 9 
 0.37873641 0.4310462  0.14164402 0.04857337
 0.15998641 0.1419837  0.46365489 0.234375  
 0.27921196 0.01256793 0.66949728 0.03872283
 6.58967391e-02 7.47961957e-01 3.39673913e-04 1.85801630e-01
 0.25305707 0.01256793 0.68172554 0.05264946
 1.05298913e-02 3.39673913e-04 1.47758152e-01 8.41372283e-01
 0.78294837 0.00373641 0.02683424 0.18648098
 0.67289402 0.00679348 0.18953804 0.13077446
 0.19735054 0.17629076 0.57472826 0.05163043

MOTIF unmod1_l3_f_38
letter-probability matrix: alength= 4 w= 9 
 0.23069241 0.38781625 0.28528628 0.09620506
 0.47070573 0.04593875 0.47569907 0.00765646
 0.04993342 0.06857523 0.23701731 0.64447403
 3.32889481e-04 7.05725699e-02 6.86750999e-01 2.42343542e-01
 0.0569241  0.12183755 0.61684421 0.20439414
 0.2912783  0.49400799 0.13015979 0.08455393
 0.22869507 0.05492676 0.40446072 0.31191744
 0.10386152 0.21937417 0.44806924 0.22869507
 0.07723036 0.18908123 0.5379494  0.19573901

MOTIF unmod1_l3_f_39
letter-probability matrix: alength= 4 w= 9 
 0.25901639 0.25901639 0.04153005 0.44043716
 0.22185792 0.24808743 0.21584699 0.31420765
 2.02185792e-02 5.46448087e-04 5.46448087e-04 9.78688525e-01
 9.69398907e-01 5.46448087e-04 5.46448087e-04 2.95081967e-02
 3.11475410e-02 5.46448087e-04 9.19125683e-01 4.91803279e-02
 0.15081967 0.01147541 0.6863388  0.15136612
 0.13387978 0.51311475 0.02896175 0.32404372
 0.20273224 0.2715847  0.07814208 0.44754098
 0.58251366 0.14371585 0.21639344 0.05737705

MOTIF unmod1_l3_f_40
letter-probability matrix: alength= 4 w= 9 
 0.00402576 0.25161031 0.0189211  0.72544283
 4.02576490e-04 6.11916264e-02 7.46376812e-01 1.92028986e-01
 0.04227053 0.01690821 0.59098229 0.34983897
 0.24677939 0.28099839 0.25885668 0.21336554
 0.25241546 0.14653784 0.0273752  0.5736715 
 0.49275362 0.03582931 0.2894525  0.18196457
 0.07648953 0.63244767 0.07165862 0.21940419
 0.2020934  0.21900161 0.07487923 0.50402576
 0.4110306  0.32004831 0.06481481 0.20410628

MOTIF unmod1_l3_f_41
letter-probability matrix: alength= 4 w= 9 
 0.18269231 0.1981456  0.27369505 0.34546703
 0.34065934 0.3698489  0.08756868 0.20192308
 0.1095467  0.13873626 0.2239011  0.52781593
 0.04635989 0.07005495 0.03708791 0.84649725
 0.42307692 0.00549451 0.2706044  0.30082418
 0.69711538 0.06833791 0.20535714 0.02918956
 3.43406593e-04 3.43406593e-04 3.43406593e-04 9.98969780e-01
 0.93337912 0.00583791 0.01854396 0.04223901
 4.14835165e-01 3.43406593e-04 5.70741758e-01 1.40796703e-02

MOTIF unmod1_l3_f_42
letter-probability matrix: alength= 4 w= 9 
 0.29964912 0.22385965 0.2277193  0.24877193
 0.23333333 0.32596491 0.29017544 0.15052632
 3.50877193e-04 3.50877193e-04 3.50877193e-04 9.98947368e-01
 8.64912281e-01 3.50877193e-04 1.34385965e-01 3.50877193e-04
 3.06666667e-01 3.50877193e-04 6.92631579e-01 3.50877193e-04
 3.50877193e-04 3.50877193e-04 3.50877193e-04 9.98947368e-01
 7.52982456e-01 3.50877193e-04 2.46315789e-01 3.50877193e-04
 5.65263158e-01 3.50877193e-04 4.34035088e-01 3.50877193e-04
 0.31263158 0.18526316 0.25859649 0.24350877

MOTIF unmod1_l3_f_43
letter-probability matrix: alength= 4 w= 9 
 0.44025157 0.10927673 0.05188679 0.39858491
 0.69732704 0.08726415 0.10141509 0.11399371
 0.12106918 0.07389937 0.73742138 0.06761006
 0.04795597 0.44418239 0.49371069 0.01415094
 7.86163522e-04 8.27044025e-01 1.24213836e-01 4.79559748e-02
 7.86163522e-04 8.07389937e-01 1.87893082e-01 3.93081761e-03
 0.23191824 0.49528302 0.27201258 0.00078616
 0.11163522 0.5172956  0.28694969 0.0841195 
 0.13679245 0.50471698 0.27751572 0.08097484

MOTIF unmod1_l3_f_44
letter-probability matrix: alength= 4 w= 9 
 0.4183391  0.12041522 0.37058824 0.09065744
 0.13010381 0.19204152 0.56470588 0.11314879
 4.80276817e-01 8.20069204e-02 4.37370242e-01 3.46020761e-04
 0.02422145 0.0349481  0.29653979 0.64429066
 5.03114187e-01 3.46020761e-04 1.89619377e-01 3.06920415e-01
 0.82941176 0.03460208 0.04602076 0.0899654 
 3.46020761e-04 3.46020761e-04 3.46020761e-04 9.98961938e-01
 9.94117647e-01 3.46020761e-04 5.19031142e-03 3.46020761e-04
 6.65397924e-01 1.55709343e-02 3.18685121e-01 3.46020761e-04

MOTIF unmod1_l3_f_45
letter-probability matrix: alength= 4 w= 9 
 0.13997986 0.25478348 0.22356495 0.3816717 
 0.37361531 0.10574018 0.25981873 0.26082578
 0.18630413 0.09667674 0.17421954 0.5427996 
 0.11379658 0.07854985 0.21550856 0.59214502
 0.04733132 0.24874119 0.3816717  0.32225579
 0.00100705 0.27794562 0.30513595 0.41591138
 0.00302115 0.78449144 0.00100705 0.21148036
 0.24370594 0.05035247 0.01812689 0.6878147 
 0.03021148 0.18529708 0.56898288 0.21550856

MOTIF unmod1_l3_f_46
letter-probability matrix: alength= 4 w= 9 
 0.09387483 0.25432756 0.12483356 0.52696405
 0.05725699 0.04993342 0.84687084 0.04593875
 6.99067909e-03 3.32889481e-04 9.00133156e-01 9.25432756e-02
 0.05226365 0.08988016 0.81624501 0.04161119
 0.73035952 0.02929427 0.16344874 0.07689747
 0.38348868 0.43175766 0.14114514 0.04360852
 0.09254328 0.18109188 0.55159787 0.17476698
 0.23368842 0.16045273 0.10086551 0.50499334
 0.68475366 0.03195739 0.10619174 0.1770972 

MOTIF unmod1_l3_f_47
letter-probability matrix: alength= 4 w= 9 
 0.40745672 0.37416778 0.09853529 0.11984021
 3.45206391e-01 8.65512650e-02 5.67909454e-01 3.32889481e-04
 0.13648469 0.07956059 0.3671771  0.41677763
 0.08988016 0.57889481 0.03661784 0.29460719
 7.18375499e-01 1.20173103e-01 1.61118509e-01 3.32889481e-04
 4.37749667e-01 3.32889481e-04 2.39680426e-01 3.22237017e-01
 0.01364847 0.22436751 0.36484687 0.39713715
 2.29693742e-01 4.32756325e-02 7.26697736e-01 3.32889481e-04
 0.33754993 0.21171771 0.19540613 0.25532623

MOTIF unmod1_l3_f_48
letter-probability matrix: alength= 4 w= 9 
 0.55902905 0.13313718 0.11952924 0.18830452
 0.10776021 0.21772711 0.15226186 0.52225083
 0.05884516 0.04229496 0.63037882 0.26848106
 0.29643251 0.18021331 0.38617139 0.13718279
 8.01765355e-02 1.14012505e-01 8.05443178e-01 3.67782273e-04
 0.21221037 0.01176903 0.63883781 0.13718279
 0.00367782 0.7572637  0.19308569 0.04597278
 0.05774182 0.12100037 0.13681501 0.68444281
 0.18131666 0.69584406 0.06803972 0.05479956

MOTIF unmod1_l3_f_49
letter-probability matrix: alength= 4 w= 9 
 0.12516644 0.75499334 0.03861518 0.08122503
 0.36051931 0.42909454 0.14980027 0.06058589
 0.05326232 0.25133156 0.10785619 0.58754993
 0.1834221  0.29960053 0.41211718 0.10486019
 0.54960053 0.18242344 0.24600533 0.02197071
 0.23202397 0.26764314 0.36950732 0.13082557
 0.0379494  0.44640479 0.45439414 0.06125166
 0.29660453 0.05459387 0.57556591 0.07323569
 0.11185087 0.17010652 0.66078562 0.05725699

MOTIF unmod1_l3_f_50
letter-probability matrix: alength= 4 w= 9 
 0.19069767 0.17173524 0.03971377 0.59785331
 0.30554562 0.14060823 0.48085868 0.07298748
 0.02110912 0.00178891 0.73667263 0.24042934
 3.57781753e-04 6.35062612e-01 2.51520572e-01 1.13059034e-01
 0.02898032 0.00536673 0.85330948 0.11234347
 0.25008945 0.0980322  0.39105546 0.2608229 
 0.20465116 0.15635063 0.2254025  0.41359571
 0.03184258 0.37209302 0.3019678  0.2940966 
 0.0940966  0.42146691 0.32701252 0.15742397

MOTIF unmod1_l3_f_51
letter-probability matrix: alength= 4 w= 9 
 0.08614668 0.11757858 0.24563446 0.55064028
 0.08963912 0.00116414 0.51571595 0.39348079
 0.49708964 0.00116414 0.14784633 0.35389988
 0.30384168 0.26658906 0.07683353 0.35273574
 0.45168801 0.00116414 0.33876601 0.20838184
 0.06752037 0.01396973 0.3701979  0.54831199
 0.00116414 0.83352736 0.00116414 0.16414435
 0.08963912 0.00698487 0.84400466 0.05937136
 0.20023283 0.1967404  0.23515716 0.36786962

MOTIF unmod1_l3_f_52
letter-probability matrix: alength= 4 w= 9 
 0.26894344 0.06296692 0.59587335 0.07221629
 2.13447172e-03 7.78370687e-01 3.55745286e-04 2.19139096e-01
 0.01849875 0.22803273 0.70828887 0.04517965
 0.09071505 0.70259694 0.07470651 0.1319815 
 0.11241551 0.01743152 0.63073639 0.23941658
 1.91035219e-01 6.27534685e-01 3.55745286e-04 1.81074351e-01
 0.19139096 0.00853789 0.07435076 0.72572038
 0.25364639 0.04838136 0.0487371  0.64923515
 0.2757026  0.23159018 0.16044112 0.3322661 

MOTIF unmod1_l3_f_53
letter-probability matrix: alength= 4 w= 9 
 0.51731025 0.34986684 0.07323569 0.05958722
 0.13948069 0.1581225  0.686751   0.01564581
 0.060253   0.30625832 0.31158455 0.32190413
 0.00366178 0.40246338 0.04260985 0.55126498
 0.52197071 0.05259654 0.1424767  0.28295606
 0.25299601 0.35918775 0.25565912 0.13215712
 0.67909454 0.063249   0.00499334 0.25266312
 0.20173103 0.03528628 0.15379494 0.60918775
 0.11817577 0.01764314 0.76797603 0.09620506

MOTIF unmod1_l3_f_54
letter-probability matrix: alength= 4 w= 9 
 0.01181853 0.0320244  0.00228746 0.95386961
 3.96492566e-02 3.81242852e-04 5.03240564e-01 4.56728936e-01
 3.81242852e-04 3.81242852e-04 6.71749905e-01 3.27487610e-01
 9.34426230e-01 1.41059855e-02 3.81242852e-04 5.10865421e-02
 0.11399161 0.1361037  0.29165078 0.45825391
 0.39420511 0.16965307 0.346931   0.08921083
 0.46359131 0.15059093 0.24628288 0.13953488
 0.52573389 0.19100267 0.18109035 0.10217308
 0.31147541 0.25733892 0.12085398 0.31033168

MOTIF unmod1_l3_f_55
letter-probability matrix: alength= 4 w= 9 
 0.0445705  0.44732577 0.29740681 0.21069692
 0.02998379 0.46515397 0.34602917 0.15883306
 0.20745543 0.01215559 0.77957861 0.00081037
 0.28444084 0.3719611  0.31118314 0.03241491
 0.29659643 0.31037277 0.00081037 0.39222042
 0.14748784 0.06320908 0.73987034 0.04943274
 8.10372771e-04 8.60615883e-01 8.10372771e-04 1.37763371e-01
 0.05672609 0.38006483 0.49918963 0.06401945
 0.58265802 0.21069692 0.16288493 0.04376013

MOTIF unmod1_l3_f_56
letter-probability matrix: alength= 4 w= 9 
 0.38681758 0.30326232 0.25266312 0.05725699
 0.34021305 0.53728362 0.10086551 0.02163782
 0.01231691 0.69440746 0.0822237  0.21105193
 0.00366178 0.00499334 0.94107856 0.05026631
 0.0316245  0.1138482  0.41711052 0.43741678
 0.45838881 0.37949401 0.04793609 0.11418109
 4.10452730e-01 3.32889481e-04 1.49800266e-01 4.39414115e-01
 0.55326232 0.20206391 0.23002663 0.01464714
 0.26364847 0.00565912 0.70173103 0.02896138

MOTIF unmod1_l3_f_57
letter-probability matrix: alength= 4 w= 9 
 0.14587594 0.40593047 0.18438991 0.26380368
 0.09543286 0.06509884 0.58316292 0.25630539
 0.0334015  0.69086571 0.0334015  0.24233129
 0.49079755 0.47716428 0.01806408 0.0139741 
 0.6131561  0.02556237 0.2542604  0.10702113
 0.18234492 0.64178596 0.06134969 0.11451943
 0.01976823 0.2338105  0.70722563 0.03919564
 9.23653715e-01 1.05657805e-02 3.40831629e-04 6.54396728e-02
 0.11247444 0.0743013  0.07225631 0.74096796

MOTIF unmod1_l3_f_58
letter-probability matrix: alength= 4 w= 9 
 0.41577896 0.18908123 0.12683089 0.26830892
 0.61984021 0.15978695 0.03462051 0.18575233
 0.01631158 0.38348868 0.02563249 0.57456724
 0.93375499 0.01231691 0.00366178 0.05026631
 8.81158455e-01 3.32889481e-04 8.38881491e-02 3.46205060e-02
 4.62716378e-02 2.59653795e-02 3.32889481e-04 9.27430093e-01
 0.28695073 0.46304927 0.01098535 0.23901465
 0.28129161 0.2659787  0.27829561 0.17443409
 0.0758988  0.40279627 0.04960053 0.47170439

MOTIF unmod1_l3_f_59
letter-probability matrix: alength= 4 w= 9 
 0.64580559 0.24500666 0.08455393 0.02463382
 0.29527297 0.34121172 0.01697736 0.34653795
 0.68874834 0.09620506 0.05659121 0.15845539
 0.689747   0.01531292 0.03628495 0.25865513
 4.74367510e-01 3.32889481e-04 1.06524634e-02 5.14647137e-01
 0.72303595 0.14713715 0.08888149 0.04094541
 0.19074567 0.18508655 0.61318242 0.01098535
 0.10685752 0.06624501 0.50199734 0.32490013
 0.78395473 0.02996005 0.14314248 0.04294274

MOTIF unmod1_l3_f_60
letter-probability matrix: alength= 4 w= 9 
 0.0333565  0.14767199 0.01459347 0.80437804
 0.06323836 0.43293954 0.02849201 0.47533009
 0.13342599 0.00972898 0.49305073 0.3637943 
 1.62960389e-01 4.38498958e-01 3.47463516e-04 3.98193190e-01
 0.21021543 0.1980542  0.40062543 0.19110493
 0.01181376 0.22063933 0.16504517 0.60250174
 0.15079917 0.07817929 0.39054899 0.38047255
 0.19944406 0.16539263 0.32453092 0.31063238
 0.21195274 0.22063933 0.39471855 0.17268937

MOTIF unmod1_l3_f_61
letter-probability matrix: alength= 4 w= 9 
 0.17966102 0.5        0.11932203 0.20101695
 0.63084746 0.30745763 0.03762712 0.0240678 
 0.22067797 0.59864407 0.13457627 0.04610169
 0.64474576 0.05932203 0.25762712 0.03830508
 0.36305085 0.17288136 0.38576271 0.07830508
 0.20983051 0.03491525 0.41355932 0.34169492
 0.4020339  0.17864407 0.16745763 0.25186441
 0.21457627 0.01288136 0.68949153 0.08305085
 3.38983051e-04 1.86440678e-02 8.53559322e-01 1.27457627e-01

MOTIF unmod1_l3_f_62
letter-probability matrix: alength= 4 w= 9 
 0.16979052 0.26240353 0.19514884 0.37265711
 0.34619625 0.27012128 0.17199559 0.21168688
 0.00110254 0.00110254 0.00110254 0.99669239
 0.646086   0.00110254 0.35170893 0.00110254
 0.39470783 0.00110254 0.6030871  0.00110254
 0.00110254 0.99669239 0.00110254 0.00110254
 0.00110254 0.00110254 0.46968026 0.52811466
 0.18191841 0.61190739 0.1907387  0.0154355 
 0.48732084 0.25137817 0.08820287 0.17309813

MOTIF unmod1_l3_f_63
letter-probability matrix: alength= 4 w= 9 
 0.55434412 0.02282794 0.40579216 0.01703578
 0.22691652 0.21942078 0.32197615 0.23168654
 0.21022147 0.53560477 0.22930153 0.02487223
 0.68824532 0.19897785 0.02930153 0.0834753 
 5.21976150e-01 3.40715503e-04 3.37989779e-01 1.39693356e-01
 0.55843271 0.05383305 0.03100511 0.35672913
 8.05792164e-01 3.40715503e-04 1.02214651e-01 9.16524702e-02
 0.35366269 0.01158433 0.58432709 0.05042589
 0.00988075 0.21158433 0.31584327 0.46269165

MOTIF unmod1_l3_f_64
letter-probability matrix: alength= 4 w= 9 
 0.54021076 0.1957848  0.09706045 0.16694398
 0.02273988 0.21186911 0.48474764 0.28064337
 0.04437049 0.0942873  0.12257349 0.73876872
 5.54631170e-04 6.65557404e-03 7.46533555e-01 2.46256240e-01
 0.14143095 0.44869662 0.32945092 0.08042152
 0.50693289 0.0177482  0.47476428 0.00055463
 0.76261786 0.01053799 0.03272324 0.19412091
 0.44204104 0.14697726 0.04714365 0.36383805
 6.78313921e-01 1.44758735e-01 5.54631170e-04 1.76372712e-01

MOTIF unmod1_l3_f_65
letter-probability matrix: alength= 4 w= 9 
 0.32517355 0.30654001 0.1823164  0.18597004
 0.25867738 0.16843259 0.25283157 0.32005846
 9.96346365e-01 3.65363537e-04 3.65363537e-04 2.92290829e-03
 3.65363537e-04 3.65363537e-04 3.65363537e-04 9.98903909e-01
 3.65363537e-04 3.65363537e-04 9.96346365e-01 2.92290829e-03
 0.24625502 0.07855316 0.37851662 0.29667519
 0.09243697 0.28644501 0.23383266 0.38728535
 3.65363537e-04 1.20569967e-02 8.72122762e-01 1.15454878e-01
 0.14285714 0.25465839 0.48118378 0.12130069

MOTIF unmod1_l3_f_66
letter-probability matrix: alength= 4 w= 9 
 0.1613131  0.29050477 0.31486057 0.23332157
 0.28803389 0.10518885 0.41193082 0.19484645
 0.25167667 0.1143664  0.36992587 0.26403106
 0.17225556 0.22026121 0.56088952 0.04659372
 0.06177197 0.45605365 0.44193435 0.04024003
 0.00529474 0.45217084 0.19908224 0.34345217
 0.00388281 0.6081892  0.23049771 0.15743029
 0.04941758 0.6060713  0.10660078 0.23791034
 0.17896223 0.33992234 0.34451112 0.13660431

MOTIF unmod1_l3_f_67
letter-probability matrix: alength= 4 w= 9 
 0.15412783 0.07023968 0.6328229  0.14280959
 0.24700399 0.2310253  0.29926764 0.22270306
 0.03961385 0.24201065 0.00565912 0.71271638
 0.09653795 0.0349534  0.73901465 0.12949401
 0.18408788 0.02596538 0.62117177 0.16877497
 0.10019973 0.58721704 0.10153129 0.21105193
 1.23169108e-01 3.32889481e-04 6.78428762e-01 1.98069241e-01
 0.15645806 0.33721704 0.13115846 0.37516644
 0.64846871 0.23535286 0.0695739  0.04660453

MOTIF unmod1_l3_f_68
letter-probability matrix: alength= 4 w= 9 
 0.30858855 0.47802929 0.15113182 0.06225033
 0.52130493 0.10719041 0.36884154 0.00266312
 7.05059920e-01 3.32889481e-04 1.35818908e-01 1.58788282e-01
 0.40246338 0.03262317 0.49567244 0.06924101
 1.93075899e-02 3.32889481e-04 9.58388815e-01 2.19707057e-02
 7.65645806e-03 3.32889481e-04 9.91677763e-01 3.32889481e-04
 3.32889481e-04 7.98934754e-03 9.91344874e-01 3.32889481e-04
 3.32889481e-04 1.93075899e-02 7.44340879e-01 2.36018642e-01
 0.24001332 0.20272969 0.28961385 0.26764314

MOTIF unmod1_l3_f_69
letter-probability matrix: alength= 4 w= 9 
 0.08285094 0.18560058 0.16244573 0.56910275
 0.06186686 0.27713459 0.42004342 0.24095514
 0.63386397 0.0133864  0.12843705 0.22431259
 0.24059334 0.38567294 0.21635311 0.15738061
 3.02821997e-01 3.31403763e-01 3.61794501e-04 3.65412446e-01
 0.14146165 0.26591896 0.45730825 0.13531114
 0.25361795 0.33972504 0.34587554 0.06078148
 0.08863965 0.02930535 0.82633864 0.05571635
 3.97973951e-03 3.61794501e-04 9.86613603e-01 9.04486252e-03

MOTIF unmod1_l3_f_70
letter-probability matrix: alength= 4 w= 9 
 0.32756325 0.58455393 0.04394141 0.04394141
 0.59786951 0.04527297 0.02263648 0.33422104
 0.35885486 0.12117177 0.27929427 0.24067909
 8.79494008e-01 3.32889481e-04 7.95605859e-02 4.06125166e-02
 0.03229028 0.00266312 0.08122503 0.88382157
 0.04094541 0.00199734 0.88215712 0.07490013
 0.05825566 0.16611185 0.45472703 0.32090546
 0.24866844 0.2659787  0.33322237 0.15213049
 0.16877497 0.20372836 0.35186418 0.27563249

MOTIF unmod1_l3_f_71
letter-probability matrix: alength= 4 w= 9 
 0.27629734 0.40953717 0.08695652 0.22720898
 0.08309958 0.01928471 0.74193548 0.15568022
 0.09361851 0.03085554 0.1069425  0.76858345
 0.42356241 0.04558205 0.40532959 0.12552595
 4.79663394e-01 3.50631136e-04 3.47124825e-01 1.72861150e-01
 0.04347826 0.71072931 0.06661992 0.17917251
 0.24474053 0.49193548 0.00911641 0.25420757
 0.46493689 0.3457223  0.11290323 0.07643759
 0.16900421 0.30014025 0.08800842 0.44284712

MOTIF unmod1_l3_f_72
letter-probability matrix: alength= 4 w= 9 
 0.10399424 0.30766463 0.40266283 0.1856783 
 0.05001799 0.79057215 0.07376754 0.08564232
 8.62540482e-01 6.47715005e-03 1.30622526e-01 3.59841670e-04
 0.02195034 0.01943145 0.94422454 0.01439367
 0.01655272 0.25116949 0.10723282 0.62504498
 0.38143217 0.28751349 0.25800648 0.07304786
 0.05685498 0.01547319 0.23785534 0.68981648
 0.68801727 0.16264843 0.01943145 0.12990284
 0.1943145  0.25836632 0.12450522 0.42281396

MOTIF unmod1_l3_f_73
letter-probability matrix: alength= 4 w= 9 
 0.547763  0.0713422 0.1305925 0.2503023
 0.27690447 0.00120919 0.12575574 0.59613059
 0.00120919 0.00120919 0.48367594 0.51390568
 0.49939541 0.09189843 0.36638452 0.04232164
 0.59371221 0.04836759 0.15961306 0.19830713
 0.17049577 0.3337364  0.24425635 0.25151149
 0.76541717 0.09189843 0.01813785 0.12454655
 0.09915357 0.09310762 0.00120919 0.80652963
 0.00120919 0.03022975 0.86819831 0.10036276

MOTIF unmod1_l3_f_74
letter-probability matrix: alength= 4 w= 9 
 0.15700219 0.09682713 0.69037199 0.05579869
 0.25109409 0.06455142 0.47757112 0.20678337
 0.0404814  0.59628009 0.10557987 0.25765864
 0.57439825 0.24617068 0.01258206 0.16684902
 0.08205689 0.42013129 0.12089716 0.37691466
 0.00054705 0.29376368 0.22155361 0.48413567
 4.48577681e-02 4.01531729e-01 5.53063457e-01 5.47045952e-04
 0.1619256  0.18599562 0.41466083 0.23741794
 0.09080963 0.38129103 0.11050328 0.41739606

MOTIF unmod1_l3_f_75
letter-probability matrix: alength= 4 w= 9 
 0.20073236 0.13548602 0.25466045 0.40912117
 0.51198402 0.0505992  0.31358189 0.12383489
 0.23535286 0.49866844 0.04860186 0.21737683
 0.03728362 0.45439414 0.37616511 0.13215712
 0.01564581 0.35219707 0.38415446 0.24800266
 0.07490013 0.74500666 0.02896138 0.15113182
 0.03295606 0.47237017 0.34720373 0.14747004
 0.05858855 0.4144474  0.01631158 0.51065246
 0.29227696 0.23901465 0.08022636 0.38848202

MOTIF unmod1_l3_f_76
letter-probability matrix: alength= 4 w= 9 
 0.00229885 0.00229885 0.00229885 0.99310345
 0.6137931  0.00229885 0.3816092  0.00229885
 0.60229885 0.00229885 0.39310345 0.00229885
 0.77471264 0.12643678 0.05517241 0.04367816
 0.18850575 0.74482759 0.00229885 0.06436782
 0.00229885 0.93103448 0.06436782 0.00229885
 0.07126437 0.2        0.72643678 0.00229885
 0.00229885 0.26896552 0.72183908 0.00689655
 0.09655172 0.27126437 0.57471264 0.05747126

MOTIF unmod1_l3_f_77
letter-probability matrix: alength= 4 w= 9 
 0.08112875 0.23985891 0.17425044 0.5047619 
 0.3015873  0.21481481 0.0366843  0.44691358
 0.08994709 0.16155203 0.51216931 0.23633157
 3.52733686e-04 6.94885362e-01 1.87301587e-01 1.17460317e-01
 0.09559083 0.62292769 0.14497354 0.13650794
 0.01375661 0.14144621 0.71887125 0.12592593
 0.00564374 0.38553792 0.13580247 0.47301587
 0.14673721 0.23068783 0.2670194  0.35555556
 0.24973545 0.11534392 0.10582011 0.52910053

MOTIF unmod1_l3_f_78
letter-probability matrix: alength= 4 w= 9 
 0.165661   0.32857926 0.2934723  0.21228744
 0.04607789 0.10916072 0.01316511 0.83159627
 0.11025782 0.04114098 0.37685134 0.47174986
 0.2852441  0.00164564 0.44816237 0.26494789
 0.11574328 0.67910038 0.02413604 0.1810203 
 0.00054855 0.1799232  0.3691717  0.45035656
 0.03839824 0.65002743 0.15469007 0.15688426
 0.02742732 0.1206802  0.62808557 0.22380691
 0.10257817 0.13329676 0.58475041 0.17937466

MOTIF unmod1_l3_f_79
letter-probability matrix: alength= 4 w= 9 
 0.39639958 0.2897988  0.19731733 0.11648429
 0.21073067 0.25979527 0.24779386 0.2816802 
 0.42534416 0.10130604 0.38051535 0.09283445
 0.15178256 0.57818567 0.11260148 0.15743029
 0.11719026 0.34168726 0.40840099 0.1327215 
 9.98941052e-01 3.52982704e-04 3.52982704e-04 3.52982704e-04
 3.52982704e-04 3.52982704e-04 3.52982704e-04 9.98941052e-01
 3.52982704e-04 3.52982704e-04 9.98941052e-01 3.52982704e-04
 0.00882457 0.16096011 0.5693611  0.26085422

MOTIF unmod1_l3_f_80
letter-probability matrix: alength= 4 w= 9 
 0.36692607 0.14941634 0.34007782 0.14357977
