MEME version 5.3.0

ALPHABET= ACGT

strands: + -

Background letter frequencies
A 0.25 C 0.25 G 0.25 T 0.25

MOTIF unmod1_l3_f_0
letter-probability matrix: alength= 4 w= 9 
 0.52140078 0.26848249 0.18949416 0.02062257
 0.03968872 0.20817121 0.27042802 0.48171206
 0.18210117 0.51867704 0.00272374 0.29649805
 8.48249027e-02 3.89105058e-04 4.70038911e-01 4.44747082e-01
 0.04863813 0.6307393  0.09922179 0.22140078
 2.65369650e-01 5.94163424e-01 3.89105058e-04 1.40077821e-01
 0.36575875 0.0766537  0.0770428  0.48054475
 0.15330739 0.41945525 0.17937743 0.24785992
 0.63540856 0.12645914 0.19727626 0.04085603

MOTIF unmod1_l3_f_1
letter-probability matrix: alength= 4 w= 9 
 0.83621838 0.05858855 0.07256991 0.03262317
 3.32889481e-04 8.32223702e-03 6.75765646e-02 9.23768309e-01
 3.32889481e-04 3.32889481e-04 9.67709720e-01 3.16245007e-02
 0.04826897 0.04826897 0.83388815 0.0695739 
 0.03395473 0.25099867 0.64414115 0.07090546
 0.04094541 0.17276964 0.26364847 0.52263648
 0.43608522 0.12083888 0.37949401 0.06358189
 0.36850866 0.11018642 0.4081225  0.11318242
 0.14414115 0.2659787  0.4587217  0.13115846

MOTIF unmod1_l3_f_2
letter-probability matrix: alength= 4 w= 9 
 0.03027682 0.28546713 0.10640138 0.57785467
 0.12889273 0.07958478 0.33910035 0.45242215
 0.21453287 0.08737024 0.01470588 0.683391  
 0.71712803 0.07525952 0.0233564  0.18425606
 0.14359862 0.01643599 0.57179931 0.26816609
 0.00086505 0.00086505 0.44636678 0.55190311
 0.11764706 0.20155709 0.00259516 0.67820069
 0.11678201 0.05363322 0.61245675 0.21712803
 0.36245675 0.27941176 0.13927336 0.21885813

MOTIF unmod1_l3_f_3
letter-probability matrix: alength= 4 w= 9 
 0.30014588 0.13858497 0.34208607 0.21918308
 0.29431072 0.21735959 0.21298322 0.27534646
 0.30415755 0.22137126 0.27789934 0.19657185
 3.64697301e-04 3.64697301e-04 3.64697301e-04 9.98905908e-01
 8.49744712e-01 3.64697301e-04 1.35302699e-01 1.45878920e-02
 6.33114515e-01 3.64697301e-04 3.51932896e-01 1.45878920e-02
 3.64697301e-04 3.64697301e-03 3.64697301e-04 9.95623632e-01
 9.70094821e-01 3.64697301e-04 2.58935084e-02 3.64697301e-03
 6.14879650e-01 3.64697301e-04 3.84390956e-01 3.64697301e-04

MOTIF unmod1_l3_f_4
letter-probability matrix: alength= 4 w= 9 
 0.5665779  0.10086551 0.28262317 0.04993342
 0.05925433 0.00665779 0.33721704 0.59687084
 0.19041278 0.10985353 0.16910786 0.53062583
 0.80193076 0.04727031 0.13249001 0.01830892
 3.32889481e-04 4.32756325e-03 3.32889481e-04 9.95006658e-01
 0.98635153 0.00432756 0.00499334 0.00432756
 1.37483356e-01 3.32889481e-04 8.30892144e-01 3.12916112e-02
 0.38781625 0.01431425 0.40279627 0.19507324
 0.32190413 0.28095872 0.22103862 0.17609854

MOTIF unmod1_l3_f_5
letter-probability matrix: alength= 4 w= 9 
 0.12207084 0.33079019 0.18419619 0.36294278
 1.08991826e-02 6.05449591e-01 5.44959128e-04 3.83106267e-01
 0.33188011 0.05231608 0.58038147 0.03542234
 0.01580381 0.18964578 0.61089918 0.18365123
 7.62942779e-03 9.76566757e-01 5.44959128e-04 1.52588556e-02
 0.01253406 0.00926431 0.69645777 0.28174387
 6.26702997e-02 5.44959128e-04 6.64305177e-01 2.72479564e-01
 0.30408719 0.61307902 0.03542234 0.04741144
 0.11008174 0.15803815 0.46321526 0.26866485

MOTIF unmod1_l3_f_6
letter-probability matrix: alength= 4 w= 9 
 0.52200202 0.05542492 0.12294256 0.2996305 
 0.40275445 0.01276453 0.29828687 0.28619416
 7.06079946e-01 1.87101108e-01 1.06483037e-01 3.35908633e-04
 0.70775949 0.13301982 0.01645952 0.14276117
 7.40006718e-01 3.35908633e-04 9.74135035e-03 2.49916023e-01
 9.72119583e-01 2.72085993e-02 3.35908633e-04 3.35908633e-04
 8.02821633e-02 3.35908633e-04 1.18239839e-01 8.01142089e-01
 0.53745381 0.26335237 0.06113537 0.13805845
 0.36781995 0.01813907 0.5566006  0.05744038

MOTIF unmod1_l3_f_7
letter-probability matrix: alength= 4 w= 9 
 0.24028269 0.26360424 0.2459364  0.25017668
 0.22650177 0.24063604 0.47597173 0.05689046
 1.54416961e-01 3.53356890e-04 8.44876325e-01 3.53356890e-04
 0.22261484 0.04487633 0.65088339 0.08162544
 0.00388693 0.01236749 0.82226148 0.1614841 
 3.53356890e-04 3.53356890e-04 9.89399293e-01 9.89399293e-03
 1.06007067e-02 3.53356890e-04 8.90106007e-01 9.89399293e-02
 3.53356890e-04 1.09187279e-01 8.61484099e-01 2.89752650e-02
 0.05123675 0.37314488 0.41978799 0.15583039

MOTIF unmod1_l3_f_8
letter-probability matrix: alength= 4 w= 9 
 3.32889481e-04 3.32889481e-04 3.32889481e-04 9.99001332e-01
 8.15246338e-01 3.32889481e-04 1.84087883e-01 3.32889481e-04
 4.32756325e-01 3.32889481e-04 5.66577896e-01 3.32889481e-04
 3.32889481e-04 3.32889481e-04 3.32889481e-04 9.99001332e-01
 8.22237017e-01 3.32889481e-04 1.77097204e-01 3.32889481e-04
 4.93009321e-01 3.32889481e-04 5.06324900e-01 3.32889481e-04
 0.34520639 0.18142477 0.36251664 0.1108522 
 0.23501997 0.26331558 0.31358189 0.18808256
 0.23868176 0.22003995 0.2786285  0.2626498 

MOTIF unmod1_l3_f_9
letter-probability matrix: alength= 4 w= 9 
 0.03194888 0.30351438 0.57690552 0.08763122
 0.01049749 0.02555911 0.30625285 0.65769055
 4.94751255e-01 4.56412597e-04 3.01232314e-01 2.03560018e-01
 0.10269283 0.06937471 0.45686901 0.37106344
 9.02327704e-01 4.56412597e-04 2.69283432e-02 7.02875399e-02
 1.20492926e-01 4.56412597e-04 1.90780466e-01 6.88270196e-01
 7.35280694e-01 3.42309448e-02 4.56412597e-04 2.30031949e-01
 0.02829758 0.00456413 0.96120493 0.00593336
 0.15700593 0.04883615 0.55819261 0.23596531

MOTIF unmod1_l3_f_10
letter-probability matrix: alength= 4 w= 9 
 0.09751244 0.18308458 0.60199005 0.11741294
 0.01393035 0.80995025 0.09054726 0.08557214
 0.7681592  0.00099502 0.22985075 0.00099502
 0.06865672 0.34527363 0.19004975 0.3960199 
 0.30149254 0.55223881 0.12537313 0.02089552
 0.00099502 0.65671642 0.06169154 0.28059701
 0.40597015 0.18208955 0.41094527 0.00099502
 0.03383085 0.44477612 0.37910448 0.14228856
 0.00497512 0.35024876 0.29353234 0.35124378

MOTIF unmod1_l3_f_11
letter-probability matrix: alength= 4 w= 9 
 0.43911111 0.316      0.01866667 0.22622222
 0.22133333 0.148      0.10755556 0.52311111
 0.04355556 0.35644444 0.17155556 0.42844444
 0.23377778 0.188      0.00755556 0.57066667
 0.50755556 0.04711111 0.27111111 0.17422222
 0.57822222 0.17911111 0.02666667 0.216     
 0.312      0.49688889 0.05022222 0.14088889
 0.49066667 0.13466667 0.14977778 0.22488889
 0.13511111 0.13377778 0.132      0.59911111

MOTIF unmod1_l3_f_12
letter-probability matrix: alength= 4 w= 9 
 0.27097204 0.04327563 0.65579228 0.02996005
 0.15213049 0.16544607 0.35852197 0.32390146
 0.17177097 0.57856192 0.14846871 0.1011984 
 1.34487350e-01 2.55326232e-01 6.09853529e-01 3.32889481e-04
 0.00565912 0.01031957 0.71005326 0.27396804
 0.04061252 0.05992011 0.84520639 0.05426099
 0.14680426 0.47736352 0.36784288 0.00798935
 0.02296937 0.0189747  0.18808256 0.76997337
 0.41877497 0.17143808 0.05525965 0.3545273 

MOTIF unmod1_l3_f_13
letter-probability matrix: alength= 4 w= 9 
 2.72303595e-01 9.78695073e-02 6.29494008e-01 3.32889481e-04
 0.21770972 0.11817577 0.22703063 0.43708389
 7.32356858e-03 1.53129161e-02 3.32889481e-04 9.77030626e-01
 6.12183755e-01 3.32889481e-04 3.78162450e-01 9.32090546e-03
 0.30193076 0.16011984 0.48202397 0.05592543
 2.19707057e-02 3.32889481e-04 3.32889481e-04 9.77363515e-01
 0.35652463 0.35219707 0.16677763 0.12450067
 0.63814913 0.30525965 0.03229028 0.02430093
 0.30226365 0.08588549 0.45905459 0.15279627

MOTIF unmod1_l3_f_14
letter-probability matrix: alength= 4 w= 9 
 0.27829561 0.25898802 0.20705726 0.25565912
 0.52430093 0.14014647 0.33255659 0.00299601
 7.96604527e-01 1.29494008e-01 3.32889481e-04 7.35685752e-02
 0.61684421 0.10785619 0.24300932 0.03229028
 9.55725699e-01 3.32889481e-04 3.32889481e-04 4.36085220e-02
 3.32889481e-04 3.32889481e-04 4.36085220e-02 9.55725699e-01
 3.32889481e-04 3.32889481e-04 9.55725699e-01 4.36085220e-02
 0.14647137 0.16677763 0.52363515 0.16311585
 0.27729694 0.26131824 0.15579228 0.30559254

MOTIF unmod1_l3_f_15
letter-probability matrix: alength= 4 w= 9 
 0.26842486 0.23735549 0.48952312 0.00469653
 0.10657514 0.43966763 0.20700867 0.24674855
 0.18063584 0.45375723 0.22904624 0.13656069
 0.5025289  0.09971098 0.06358382 0.3341763 
 0.33815029 0.07478324 0.09031792 0.49674855
 3.72109827e-02 3.61271676e-04 9.05708092e-01 5.67196532e-02
 0.0675578  0.00216763 0.91401734 0.01625723
 8.34537572e-02 4.08236994e-02 8.75361272e-01 3.61271676e-04
 0.23302023 0.11343931 0.61524566 0.0382948 

MOTIF unmod1_l3_f_16
letter-probability matrix: alength= 4 w= 9 
 0.32342857 0.09485714 0.33828571 0.24342857
 0.01142857 0.21942857 0.57257143 0.19657143
 0.552      0.09485714 0.352      0.00114286
 0.03428571 0.16685714 0.20457143 0.59428571
 0.03428571 0.00114286 0.00114286 0.96342857
 0.03428571 0.00114286 0.00114286 0.96342857
 0.02628571 0.00114286 0.656      0.31657143
 0.14971429 0.00114286 0.848      0.00114286
 0.05257143 0.54514286 0.25028571 0.152     

MOTIF unmod1_l3_f_17
letter-probability matrix: alength= 4 w= 9 
 0.19740346 0.19573901 0.42776298 0.17909454
 3.32889481e-04 3.32889481e-04 3.32889481e-04 9.99001332e-01
 7.05725699e-01 3.32889481e-04 2.93608522e-01 3.32889481e-04
 4.94673768e-01 3.32889481e-04 5.04660453e-01 3.32889481e-04
 3.32889481e-04 3.32889481e-04 3.32889481e-04 9.99001332e-01
 9.30426099e-01 3.32889481e-04 6.89081225e-02 3.32889481e-04
 5.03994674e-01 3.32889481e-04 4.95339547e-01 3.32889481e-04
 0.31424767 0.18575233 0.29660453 0.20339547
 0.27896138 0.20472703 0.27996005 0.23635153

MOTIF unmod1_l3_f_18
letter-probability matrix: alength= 4 w= 9 
 0.02173913 0.14375877 0.19845722 0.63604488
 0.64235624 0.00631136 0.01402525 0.33730715
 0.02208976 0.02454418 0.48387097 0.46949509
 2.69985975e-02 8.20126227e-01 1.52524544e-01 3.50631136e-04
 0.46178121 0.39235624 0.01472651 0.13113604
 0.04347826 0.20126227 0.63148668 0.12377279
 0.0056101  0.51612903 0.35168303 0.12657784
 0.05154278 0.39936886 0.29628331 0.25280505
 0.23176718 0.40673212 0.1858345  0.1756662 

MOTIF unmod1_l3_f_19
letter-probability matrix: alength= 4 w= 9 
 0.23934754 0.12117177 0.36451398 0.27496671
 0.439747   0.16910786 0.23335553 0.15778961
 0.09054594 0.1391478  0.48601864 0.28428762
 3.32889481e-04 8.32223702e-02 1.82423435e-01 7.34021305e-01
 0.51231691 0.00665779 0.24700399 0.2340213 
 0.11418109 0.34121172 0.24933422 0.29527297
 0.11418109 0.03195739 0.00199734 0.85186418
 0.75898802 0.00765646 0.19340879 0.03994674
 0.83455393 0.06557923 0.07256991 0.02729694

MOTIF unmod1_l3_f_20
letter-probability matrix: alength= 4 w= 9 
 0.40696888 0.16271989 0.31326116 0.11705007
 0.16508796 0.31292287 0.42388363 0.09810555
 0.18843031 0.30953992 0.24255751 0.25947226
 0.22496617 0.21820027 0.21718539 0.33964817
 0.19316644 0.26826793 0.01759134 0.52097429
 0.03010825 0.34167794 0.36231394 0.26589986
 0.00270636 0.48477673 0.06495264 0.44756428
 0.11434371 0.37719892 0.11705007 0.39140731
 0.41474966 0.1826793  0.11434371 0.28822733

MOTIF unmod1_l3_f_21
letter-probability matrix: alength= 4 w= 9 
 0.43610224 0.36900958 0.0798722  0.11501597
 0.07507987 0.00159744 0.91693291 0.00638978
 0.15814696 0.11661342 0.49840256 0.22683706
 0.26038339 0.7172524  0.02076677 0.00159744
 0.75079872 0.01118211 0.23642173 0.00159744
 0.22364217 0.37220447 0.02715655 0.37699681
 0.00159744 0.80351438 0.1086262  0.08626198
 0.88498403 0.00159744 0.01118211 0.10223642
 0.00159744 0.42332268 0.00159744 0.57348243

MOTIF unmod1_l3_f_22
letter-probability matrix: alength= 4 w= 9 
 0.37549933 0.16677763 0.32623169 0.13149134
 0.02463382 0.00532623 0.8954727  0.07456724
 0.18242344 0.24267643 0.03595206 0.53894807
 0.04627164 0.39913449 0.49400799 0.06058589
 0.26431425 0.09720373 0.37217044 0.26631158
 0.40579228 0.13382157 0.12749667 0.33288948
 0.26964048 0.00865513 0.1517976  0.56990679
 3.32889481e-04 3.39547270e-02 5.55925433e-02 9.10119840e-01
 0.18941411 0.46271638 0.1108522  0.23701731

MOTIF unmod1_l3_f_23
letter-probability matrix: alength= 4 w= 9 
 0.38315579 0.29860186 0.15579228 0.16245007
 0.12316911 0.55792277 0.01065246 0.30825566
 0.52463382 0.35985353 0.08954727 0.02596538
 0.8385486  0.05592543 0.01464714 0.09087883
 4.11784288e-01 3.32889481e-04 1.17177097e-01 4.70705726e-01
 0.12583222 0.00599201 0.04926764 0.81890812
 0.15013316 0.01930759 0.04294274 0.78761651
 0.3638482  0.00898802 0.24467377 0.38249001
 0.26997337 0.12150466 0.53561917 0.0729028 

MOTIF unmod1_l3_f_24
letter-probability matrix: alength= 4 w= 9 
 0.30226365 0.29793609 0.31458056 0.08521971
 0.23069241 0.06924101 0.39414115 0.30592543
 0.24600533 0.48202397 0.25932091 0.0126498 
 0.71604527 0.04194407 0.19640479 0.04560586
 0.73135819 0.03362184 0.00532623 0.22969374
 0.74866844 0.01830892 0.19873502 0.03428762
 0.67842876 0.09221039 0.03428762 0.19507324
 0.07190413 0.01398136 0.11651132 0.7976032 
 0.28129161 0.08122503 0.39913449 0.23834887

MOTIF unmod1_l3_f_25
letter-probability matrix: alength= 4 w= 9 
 0.64432469 0.12731559 0.12596834 0.10239138
 0.38666218 0.03267093 0.03839677 0.54227012
 0.04513304 0.03738633 0.54294375 0.37453688
 0.42674301 0.06264736 0.46177164 0.04883799
 0.47254968 0.07544628 0.0734254  0.37857865
 0.08521388 0.08992927 0.39339845 0.4314584 
 0.49848434 0.03502863 0.4264062  0.04008084
 0.15897609 0.11990569 0.15661839 0.56449983
 0.15796564 0.12563153 0.60188616 0.11451667

MOTIF unmod1_l3_f_26
letter-probability matrix: alength= 4 w= 9 
 0.26442659 0.37691746 0.23484295 0.123813  
 0.665084   0.30021914 0.00584368 0.02885318
 0.1687363  0.0558802  0.61249087 0.16289262
 3.59021183e-01 3.65230095e-04 5.65741417e-01 7.48721695e-02
 0.28487947 0.03688824 0.46201607 0.21621622
 1.05916728e-01 3.65230095e-04 3.80204529e-01 5.13513514e-01
 0.23849525 0.01022644 0.5934989  0.1577794 
 8.07158510e-02 3.65230095e-04 7.67713660e-01 1.51205259e-01
 0.31738495 0.13878744 0.24178232 0.30204529

MOTIF unmod1_l3_f_27
letter-probability matrix: alength= 4 w= 9 
 0.75186441 0.10644068 0.07152542 0.07016949
 3.38983051e-04 3.38983051e-04 3.38983051e-04 9.98983051e-01
 2.00000000e-02 2.37288136e-03 9.77288136e-01 3.38983051e-04
 0.01762712 0.60881356 0.14847458 0.22508475
 0.30135593 0.12508475 0.12474576 0.44881356
 0.22677966 0.52915254 0.03627119 0.20779661
 0.56305085 0.00745763 0.35864407 0.07084746
 0.16813559 0.31694915 0.23322034 0.28169492
 0.11322034 0.33830508 0.39118644 0.15728814

MOTIF unmod1_l3_f_28
letter-probability matrix: alength= 4 w= 9 
 0.38521798 0.13283379 0.43017711 0.05177112
 0.49352861 0.14373297 0.20265668 0.16008174
 0.25442779 0.0023842  0.73773842 0.00544959
 1.66893733e-02 3.40599455e-04 7.01294278e-01 2.81675749e-01
 0.01055858 0.05143052 0.8780654  0.0599455 
 1.15803815e-02 1.05585831e-02 9.77520436e-01 3.40599455e-04
 0.10217984 0.01055858 0.8722752  0.01498638
 0.51873297 0.126703   0.10354223 0.2510218 
 0.25885559 0.15565395 0.10388283 0.48160763

MOTIF unmod1_l3_f_29
letter-probability matrix: alength= 4 w= 9 
 0.44507324 0.40213049 0.1424767  0.01031957
 0.01065246 0.16278296 0.46904128 0.3575233 
 0.05825566 0.06790945 0.73834887 0.13548602
 3.32889481e-04 3.32889481e-04 3.32889481e-04 9.99001332e-01
 7.85619174e-01 3.32889481e-04 2.13715047e-01 3.32889481e-04
 3.13914780e-01 3.32889481e-04 6.85419441e-01 3.32889481e-04
 0.36451398 0.19207723 0.26830892 0.17509987
 0.08355526 0.2247004  0.31424767 0.37749667
 0.12117177 0.45139814 0.24434088 0.18308921

MOTIF unmod1_l3_f_30
letter-probability matrix: alength= 4 w= 9 
 0.13154961 0.26012635 0.14195466 0.46636938
 0.05388331 0.32627276 0.25306577 0.36677815
 0.45856559 0.15867707 0.33742103 0.04533631
 3.26272761e-01 3.84986994e-01 3.71609067e-04 2.88368636e-01
 0.58714233 0.00631735 0.25380899 0.15273133
 0.95354887 0.02564103 0.01449275 0.00631735
 3.71609067e-04 4.16202155e-02 3.71609067e-04 9.57636566e-01
 3.71609067e-04 4.12486065e-02 9.34968413e-01 2.34113712e-02
 0.25975474 0.23151245 0.31363805 0.19509476

MOTIF unmod1_l3_f_31
letter-probability matrix: alength= 4 w= 9 
 0.72736352 0.09986684 0.07456724 0.0982024 
 0.04194407 0.08588549 0.05858855 0.81358189
 0.20106525 0.0505992  0.54926764 0.19906791
 0.42143808 0.38182423 0.1298269  0.06691079
 0.55758988 0.0982024  0.0822237  0.26198402
 0.26531292 0.03229028 0.0223036  0.68009321
 0.15379494 0.4241012  0.06824234 0.35386152
 0.4460719  0.17576565 0.07656458 0.30159787
 0.25532623 0.08155792 0.05792277 0.60519308

MOTIF unmod1_l3_f_32
letter-probability matrix: alength= 4 w= 9 
 0.45539281 0.2120506  0.08488682 0.24766977
 0.3355526  0.12882823 0.34553928 0.19007989
 3.32889481e-04 7.34354194e-01 1.66111851e-01 9.92010652e-02
 3.32889481e-04 9.21105193e-01 6.29161119e-02 1.56458056e-02
 3.32889481e-04 1.33155792e-03 9.52063915e-01 4.62716378e-02
 8.93142477e-01 3.32889481e-04 3.96138482e-02 6.69107856e-02
 9.51065246e-01 3.32889481e-04 2.66311585e-03 4.59387483e-02
 0.33055925 0.1424767  0.2247004  0.30226365
 0.29260985 0.30492676 0.25898802 0.14347537

MOTIF unmod1_l3_f_33
letter-probability matrix: alength= 4 w= 9 
 0.15891892 0.12540541 0.12       0.59567568
 0.34918919 0.12216216 0.00108108 0.52756757
 0.36432432 0.00108108 0.60864865 0.02594595
 0.00108108 0.00108108 0.00108108 0.99675676
 0.27783784 0.09081081 0.21513514 0.41621622
 0.00108108 0.00972973 0.01621622 0.97297297
 0.74918919 0.00108108 0.02378378 0.22594595
 0.08972973 0.00108108 0.83027027 0.07891892
 0.43891892 0.0627027  0.42918919 0.06918919

MOTIF unmod1_l3_f_34
letter-probability matrix: alength= 4 w= 9 
 0.09925976 0.25740242 0.43438762 0.2089502 
 0.13795424 0.67732167 0.0077389  0.1769852 
 0.25504711 0.0538358  0.66218035 0.02893674
 2.58075370e-01 3.36473755e-04 3.52624495e-01 3.88963661e-01
 0.04004038 0.2025572  0.26547779 0.49192463
 0.48418573 0.17059219 0.04508748 0.30013459
 0.12752355 0.03297443 0.16857335 0.67092867
 6.74629879e-01 3.01816958e-01 3.36473755e-04 2.32166891e-02
 0.01144011 0.03633917 0.13257066 0.81965007

MOTIF unmod1_l3_f_35
letter-probability matrix: alength= 4 w= 9 
 0.01712204 0.18433515 0.09326047 0.70528233
 7.63934426e-01 3.64298725e-04 2.35336976e-01 3.64298725e-04
 0.37741348 0.43460838 0.08852459 0.09945355
 1.37704918e-01 2.19307832e-01 3.64298725e-04 6.42622951e-01
 7.43897996e-01 3.64298725e-04 2.49180328e-01 6.55737705e-03
 0.09544627 0.02076503 0.74535519 0.13843352
 3.64298725e-04 9.69034608e-02 3.91256831e-01 5.11475410e-01
 0.27759563 0.16138434 0.37632058 0.18469945
 0.56102004 0.10637523 0.30601093 0.02659381

MOTIF unmod1_l3_f_36
letter-probability matrix: alength= 4 w= 9 
 0.49500666 0.21438083 0.22936085 0.06125166
 4.47736352e-01 7.19041278e-02 4.80026631e-01 3.32889481e-04
 0.43375499 0.24766977 0.15612517 0.16245007
 6.89414115e-01 4.22769640e-02 2.67976032e-01 3.32889481e-04
 0.2849534  0.70039947 0.00765646 0.00699068
 9.11451398e-01 6.79094541e-02 2.03062583e-02 3.32889481e-04
 9.11451398e-01 4.99334221e-02 3.82822903e-02 3.32889481e-04
 0.82856192 0.00499334 0.1614514  0.00499334
 7.49667111e-01 3.32889481e-04 1.36817577e-01 1.13182423e-01

MOTIF unmod1_l3_f_37
letter-probability matrix: alength= 4 w= 9 
 0.18909992 0.30800991 0.1370768  0.36581338
 0.32122213 0.58381503 0.09413708 0.00082576
 0.3402147  0.63088357 0.02807597 0.00082576
 0.30718415 0.1758877  0.46490504 0.05202312
 0.0982659  0.60776218 0.29314616 0.00082576
 9.71098266e-01 8.25763832e-04 2.72502064e-02 8.25763832e-04
 0.60445912 0.03137903 0.36333609 0.00082576
 0.09000826 0.23121387 0.6300578  0.04872007
 0.02890173 0.01899257 0.89677952 0.05532618

MOTIF unmod1_l3_f_38
letter-probability matrix: alength= 4 w= 9 
 0.45173103 0.41644474 0.06491345 0.06691079
 0.40545939 0.29294274 0.27663116 0.02496671
 0.07057257 0.04460719 0.63049268 0.25432756
 0.08988016 0.52396804 0.20039947 0.18575233
 0.10585885 0.06158455 0.64114514 0.19141145
 0.06158455 0.04893475 0.68009321 0.20938748
 0.62217044 0.12117177 0.17276964 0.08388815
 0.43541944 0.12117177 0.3069241  0.13648469
 0.10219707 0.19873502 0.60685752 0.09221039

MOTIF unmod1_l3_f_39
letter-probability matrix: alength= 4 w= 9 
 0.22       0.10491228 0.50947368 0.16561404
 0.2077193  0.18175439 0.18035088 0.43017544
 0.72526316 0.01403509 0.03087719 0.22982456
 0.02280702 0.13473684 0.10070175 0.74175439
 0.06596491 0.19929825 0.72736842 0.00736842
 0.02140351 0.62877193 0.00140351 0.34842105
 0.29719298 0.28982456 0.24280702 0.17017544
 0.52666667 0.44350877 0.0045614  0.02526316
 0.39649123 0.04070175 0.1677193  0.39508772

MOTIF unmod1_l3_f_40
letter-probability matrix: alength= 4 w= 9 
 0.23302264 0.12416778 0.35852197 0.28428762
 0.26431425 0.09753662 0.25332889 0.38482024
 0.1201731  0.35019973 0.12217044 0.40745672
 3.32889481e-04 4.66045273e-03 3.49533955e-02 9.60053262e-01
 8.46870839e-01 3.32889481e-04 1.28495340e-01 2.43009321e-02
 9.83355526e-01 3.32889481e-04 1.59786951e-02 3.32889481e-04
 1.25499334e-01 3.32889481e-04 2.23368842e-01 6.50798935e-01
 8.71171771e-01 3.32889481e-04 5.25965379e-02 7.58988016e-02
 0.53695073 0.00266312 0.39780293 0.06258322

MOTIF unmod1_l3_f_41
letter-probability matrix: alength= 4 w= 9 
 0.08122503 0.19840213 0.41278296 0.30758988
 0.05159787 0.43575233 0.41810919 0.09454061
 4.12782956e-02 8.59520639e-01 3.32889481e-04 9.88681758e-02
 9.46071904e-01 2.43009321e-02 2.92942743e-02 3.32889481e-04
 6.22503329e-02 9.18774967e-01 1.86418109e-02 3.32889481e-04
 0.00565912 0.51964048 0.35918775 0.11551265
 0.26498003 0.16844208 0.05725699 0.50932091
 0.41711052 0.18808256 0.14513981 0.24966711
 0.28095872 0.15446072 0.14946738 0.41511318

MOTIF unmod1_l3_f_42
letter-probability matrix: alength= 4 w= 9 
 0.47227533 0.13193117 0.39292543 0.00286807
 0.94263862 0.0210325  0.03537285 0.00095602
 0.24952199 0.2667304  0.2208413  0.26290631
 0.00095602 0.45793499 0.43594646 0.10516252
 0.00095602 0.11281071 0.88527725 0.00095602
 0.50095602 0.00095602 0.00095602 0.49713193
 0.02676864 0.84321224 0.00095602 0.1290631 
 0.41873805 0.291587   0.00095602 0.28871893
 0.41873805 0.55640535 0.00095602 0.02390057

MOTIF unmod1_l3_f_43
letter-probability matrix: alength= 4 w= 9 
 0.11402878 0.09460432 0.53201439 0.25935252
 0.51151079 0.04856115 0.35179856 0.0881295 
 0.68848921 0.00323741 0.11798561 0.19028777
 7.57913669e-01 3.59712230e-04 1.02877698e-01 1.38848921e-01
 0.11654676 0.2823741  0.12517986 0.47589928
 0.12517986 0.74388489 0.12338129 0.00755396
 0.02482014 0.09244604 0.39568345 0.48705036
 0.54244604 0.15863309 0.08057554 0.21834532
 0.55179856 0.01726619 0.13093525 0.3       

MOTIF unmod1_l3_f_44
letter-probability matrix: alength= 4 w= 9 
 0.53914002 0.11907387 0.14994487 0.19184123
 0.29327453 0.08379272 0.15214994 0.4707828 
 0.12458655 0.14002205 0.53803749 0.19735391
 0.12679162 0.27453142 0.15876516 0.4399118 
 0.20837927 0.43770673 0.09040794 0.26350606
 0.43770673 0.43770673 0.12348401 0.00110254
 0.76185226 0.01984564 0.03417861 0.18412348
 0.2216097  0.00110254 0.38588754 0.39140022
 0.74310915 0.00110254 0.10694598 0.14884234

MOTIF unmod1_l3_f_45
letter-probability matrix: alength= 4 w= 9 
 0.6551265  0.04960053 0.18641811 0.10885486
 0.02762983 0.19707057 0.21671105 0.55858855
 0.08655126 0.2786285  0.06691079 0.56790945
 0.37117177 0.16211718 0.37483356 0.0918775 
 5.11318242e-01 1.83089214e-02 3.32889481e-04 4.70039947e-01
 3.32889481e-04 1.74101198e-01 3.32889481e-04 8.25233023e-01
 0.20139814 0.08821571 0.49434088 0.21604527
 0.58888149 0.03728362 0.24933422 0.12450067
 0.32356858 0.25432756 0.19507324 0.22703063

MOTIF unmod1_l3_f_46
letter-probability matrix: alength= 4 w= 9 
 0.21011673 0.74319066 0.04345006 0.00324254
 0.4766537  0.13359274 0.38197147 0.0077821 
 0.15175097 0.25680934 0.5538262  0.03761349
 1.07652399e-01 7.93125811e-01 6.48508431e-04 9.85732815e-02
 0.28858625 0.00648508 0.58884565 0.11608301
 0.00907912 0.00907912 0.86575875 0.11608301
 6.48508431e-04 8.56031128e-02 3.30739300e-02 8.80674449e-01
 0.22957198 0.30869001 0.17833982 0.28339818
 0.15888457 0.52853437 0.04539559 0.26718547

MOTIF unmod1_l3_f_47
letter-probability matrix: alength= 4 w= 9 
 0.32523302 0.11351531 0.39946738 0.16178429
 0.07356858 0.14014647 0.46171771 0.32456724
 0.12516644 0.3005992  0.21970706 0.3545273 
 0.03229028 0.10086551 0.64014647 0.22669774
 0.11185087 0.4936751  0.17210386 0.22237017
 7.14047936e-01 2.70306258e-01 3.32889481e-04 1.53129161e-02
 0.00965379 0.23135819 0.03828229 0.72070573
 0.02563249 0.15346205 0.80026631 0.02063915
 0.27296937 0.26098535 0.16511318 0.30093209

MOTIF unmod1_l3_f_48
letter-probability matrix: alength= 4 w= 9 
 0.33237822 0.06411175 0.22994269 0.37356734
 0.3030086  0.01217765 0.21561605 0.46919771
 0.08488539 0.21812321 0.04369628 0.65329513
 0.00716332 0.26647564 0.04942693 0.6769341 
 0.3760745  0.0222063  0.25358166 0.34813754
 0.58416905 0.11532951 0.22385387 0.07664756
 1.50429799e-01 3.58166189e-04 7.27793696e-01 1.21418338e-01
 3.58166189e-04 8.94699140e-01 2.65042980e-02 7.84383954e-02
 0.04799427 0.26755014 0.63144699 0.0530086 

MOTIF unmod1_l3_f_49
letter-probability matrix: alength= 4 w= 9 
 0.26364847 0.00499334 0.72436751 0.00699068
 0.09354194 0.01964048 0.2436751  0.64314248
 3.32889481e-04 1.69773635e-01 2.11051931e-01 6.18841545e-01
 0.78828229 0.01697736 0.07789614 0.11684421
 0.08422104 0.05359521 0.10419441 0.75798935
 7.47003995e-01 1.63781625e-01 3.32889481e-04 8.88814913e-02
 0.09653795 0.37483356 0.07057257 0.45805593
 0.22902796 0.1488016  0.30958722 0.31258322
 0.39347537 0.19573901 0.15312916 0.25765646

MOTIF unmod1_l3_f_50
letter-probability matrix: alength= 4 w= 9 
 0.42257398 0.279766   0.21851342 0.07914659
 0.44735031 0.07949071 0.20887818 0.2642808 
 0.86682725 0.00619408 0.03441156 0.0925671 
 3.44115623e-04 1.85822436e-02 2.20233999e-02 9.59050241e-01
 0.01238816 0.0220234  0.84962147 0.11596696
 0.0925671  0.15347557 0.33379215 0.42016518
 0.12663455 0.04679972 0.42773572 0.39883001
 0.1321404  0.16448727 0.55849966 0.14487268
 0.13351686 0.00825877 0.75739849 0.10082588

MOTIF unmod1_l3_f_51
letter-probability matrix: alength= 4 w= 9 
 0.22736352 0.36251664 0.28928096 0.12083888
 0.01564581 0.19973369 0.01830892 0.76631158
 0.12383489 0.09620506 0.43774967 0.34221039
 0.19973369 0.0412783  0.73768309 0.02130493
 2.08055925e-01 6.94407457e-01 3.32889481e-04 9.72037284e-02
 0.68475366 0.09620506 0.02396804 0.19507324
 0.03828229 0.01631158 0.7057257  0.23968043
 0.38315579 0.32323569 0.22436751 0.06924101
 0.38715047 0.13082557 0.30359521 0.17842876

MOTIF unmod1_l3_f_52
letter-probability matrix: alength= 4 w= 9 
 9.16777630e-01 3.32889481e-04 8.25565912e-02 3.32889481e-04
 0.65912117 0.18242344 0.01731025 0.14114514
 0.34720373 0.2912783  0.16711052 0.19440746
 9.96005326e-01 3.32889481e-04 3.32889481e-04 3.32889481e-03
 3.32889481e-04 3.32889481e-04 3.32889481e-04 9.99001332e-01
 3.32889481e-04 3.32889481e-04 9.96005326e-01 3.32889481e-03
 0.33688415 0.123502   0.39414115 0.1454727 
 0.21804261 0.30193076 0.3069241  0.17310253
 0.13814913 0.34687084 0.1834221  0.33155792

MOTIF unmod1_l3_f_53
letter-probability matrix: alength= 4 w= 9 
 0.76586667 0.0336     0.1504     0.05013333
 0.7104     0.03413333 0.2224     0.03306667
 0.2176 0.2912 0.04   0.4512
 1.14133333e-01 6.08000000e-02 5.33333333e-04 8.24533333e-01
 0.01333333 0.1472     0.416      0.42346667
 0.14986667 0.5008     0.08693333 0.2624    
 0.15253333 0.5968     0.16106667 0.0896    
 5.33333333e-04 6.97600000e-01 1.48266667e-01 1.53600000e-01
 0.26453333 0.34773333 0.2736     0.11413333

MOTIF unmod1_l3_f_54
letter-probability matrix: alength= 4 w= 9 
 0.3165779  0.35419441 0.29327563 0.03595206
 0.41810919 0.10519308 0.26398136 0.21271638
 1.93075899e-02 5.35952064e-01 3.32889481e-04 4.44407457e-01
 0.13781625 0.43641811 0.20106525 0.2247004 
 0.16910786 0.49434088 0.12549933 0.21105193
 0.59454061 0.02962716 0.36484687 0.01098535
 0.08189081 0.32023968 0.00332889 0.59454061
 0.19374168 0.12316911 0.59454061 0.0885486 
 0.23768309 0.16078562 0.48335553 0.11817577

MOTIF unmod1_l3_f_55
letter-probability matrix: alength= 4 w= 9 
 0.14280959 0.55226365 0.2373502  0.06757656
 0.21604527 0.42643142 0.31790945 0.03961385
 0.0442743  0.52330226 0.03262317 0.39980027
 0.16844208 0.3385486  0.09021305 0.40279627
 0.24300932 0.2023968  0.23368842 0.32090546
 0.33322237 0.04260985 0.37816245 0.24600533
 0.08255659 0.22503329 0.41411451 0.27829561
 0.30559254 0.03362184 0.57390146 0.08688415
 0.16810919 0.23635153 0.44074567 0.15479361

MOTIF unmod1_l3_f_56
letter-probability matrix: alength= 4 w= 9 
 0.29858474 0.20538488 0.25543666 0.24059372
 0.17984122 0.18605454 0.31480842 0.31929582
 3.45184674e-04 3.45184674e-04 3.45184674e-04 9.98964446e-01
 8.66068347e-01 1.41525716e-02 1.19433897e-01 3.45184674e-04
 3.99378668e-01 3.45184674e-04 5.99930963e-01 3.45184674e-04
 3.45184674e-04 3.93510528e-02 3.45184674e-04 9.59958578e-01
 6.89678978e-01 6.59302727e-02 2.44045564e-01 3.45184674e-04
 5.12254056e-01 3.45184674e-04 4.87055575e-01 3.45184674e-04
 0.18847083 0.23714187 0.16465309 0.40973421

MOTIF unmod1_l3_f_57
letter-probability matrix: alength= 4 w= 9 
 9.69707057e-01 3.32889481e-04 2.96271638e-02 3.32889481e-04
 0.39314248 0.27596538 0.11251664 0.2183755 
 0.22636485 0.24733688 0.45672437 0.0695739 
 9.99001332e-01 3.32889481e-04 3.32889481e-04 3.32889481e-04
 3.32889481e-04 3.32889481e-04 3.32889481e-04 9.99001332e-01
 3.32889481e-04 3.32889481e-04 9.99001332e-01 3.32889481e-04
 0.12549933 0.10053262 0.62150466 0.15246338
 0.27663116 0.38249001 0.28728362 0.05359521
 0.33754993 0.27696405 0.25266312 0.1328229 

MOTIF unmod1_l3_f_58
letter-probability matrix: alength= 4 w= 9 
 0.20847933 0.00981079 0.37876664 0.40294324
 2.52277505e-02 3.50385424e-04 9.81079187e-03 9.64611072e-01
 0.04484933 0.12053259 0.1320953  0.70252278
 0.27540294 0.01366503 0.38542397 0.32550806
 0.12193413 0.5287316  0.09320252 0.25613174
 0.28661528 0.50946041 0.02487737 0.17904695
 0.01506657 0.29432376 0.20042046 0.49018921
 0.05816398 0.134548   0.59390329 0.21338472
 0.17694464 0.13840224 0.42747022 0.2571829 

MOTIF unmod1_l3_f_59
letter-probability matrix: alength= 4 w= 9 
 0.27190722 0.08247423 0.03737113 0.60824742
 0.04510309 0.31829897 0.625      0.01159794
 0.00128866 0.00128866 0.00128866 0.99613402
 0.63402062 0.00128866 0.36340206 0.00128866
 0.40206186 0.00128866 0.59536082 0.00128866
 0.07216495 0.17010309 0.54252577 0.21520619
 0.21649485 0.29252577 0.02448454 0.46649485
 0.01804124 0.25       0.05798969 0.67396907
 0.15721649 0.07860825 0.71262887 0.05154639

MOTIF unmod1_l3_f_60
letter-probability matrix: alength= 4 w= 9 
 0.16624473 0.11603376 0.31518987 0.40253165
 0.43375527 0.29198312 0.18607595 0.08818565
 0.65400844 0.22616034 0.01181435 0.10801688
 8.30379747e-01 4.21940928e-04 1.40084388e-01 2.91139241e-02
 4.21940928e-04 2.08860759e-01 4.21940928e-04 7.90295359e-01
 4.21940928e-04 6.40928270e-01 1.15611814e-01 2.43037975e-01
 1.05485232e-02 4.21940928e-04 7.14767932e-01 2.74261603e-01
 0.02067511 0.62658228 0.34303797 0.00970464
 0.24556962 0.03291139 0.29746835 0.42405063

MOTIF unmod1_l3_f_61
letter-probability matrix: alength= 4 w= 9 
 0.63066085 0.06239517 0.1720899  0.13485408
 0.13418316 0.2398524  0.45186179 0.17410265
 7.04461590e-03 6.41060047e-01 3.35457900e-04 3.51559879e-01
 0.07816169 0.063737   0.83059376 0.02750755
 0.03622945 0.26232808 0.4223415  0.27910097
 2.40523314e-01 1.78128145e-01 3.35457900e-04 5.81013083e-01
 1.45588729e-01 3.35457900e-04 3.18349547e-01 5.35726266e-01
 0.14726602 0.00402549 0.62730627 0.22140221
 0.55082187 0.07581349 0.36229453 0.01107011

MOTIF unmod1_l3_f_62
letter-probability matrix: alength= 4 w= 9 
 0.09771755 0.35877318 0.20399429 0.33951498
 0.31169757 0.2681883  0.2510699  0.16904422
 0.32596291 0.0128388  0.32168331 0.33951498
 0.38801712 0.04636234 0.43865906 0.12696148
 7.13266762e-04 7.13266762e-04 7.13266762e-04 9.97860200e-01
 9.97860200e-01 7.13266762e-04 7.13266762e-04 7.13266762e-04
 0.44507846 0.00071327 0.55349501 0.00071327
 9.40798859e-01 7.13266762e-04 7.13266762e-04 5.77746077e-02
 0.0064194  0.0342368  0.42582026 0.53352354

MOTIF unmod1_l3_f_63
letter-probability matrix: alength= 4 w= 9 
 0.62250333 0.04560586 0.24800266 0.08388815
 0.686751   0.18641811 0.05525965 0.07157124
 0.36051931 0.15379494 0.02962716 0.45605859
 0.29960053 0.41011984 0.27663116 0.01364847
 0.36884154 0.15279627 0.42842876 0.04993342
 1.61118509e-01 6.05858855e-02 3.32889481e-04 7.77962716e-01
 9.92010652e-01 3.32889481e-04 3.32889481e-04 7.32356858e-03
 0.74633822 0.00266312 0.09454061 0.15645806
 0.6644474  0.04993342 0.23435419 0.05126498

MOTIF unmod1_l3_f_64
letter-probability matrix: alength= 4 w= 9 
 0.17386648 0.42306319 0.19742949 0.20564084
 0.22349161 0.30203499 0.10960371 0.36486969
 0.53980721 0.29239557 0.05426633 0.11353088
 7.17957872e-01 3.57015352e-04 3.57015352e-04 2.81328097e-01
 3.57015352e-04 3.57015352e-04 2.81328097e-01 7.17957872e-01
 0.2024277  0.03463049 0.76079971 0.00214209
 0.35915744 0.07176009 0.06461978 0.50446269
 0.23063192 0.10710461 0.39985719 0.26240628
 0.17565155 0.04926812 0.48125669 0.29382363

MOTIF unmod1_l3_f_65
letter-probability matrix: alength= 4 w= 9 
 0.04560586 0.35219707 0.07789614 0.52430093
 0.34454061 0.45372836 0.00499334 0.19673768
 0.23202397 0.20772304 0.15745672 0.40279627
 0.45106525 0.01331558 0.29860186 0.23701731
 0.62916112 0.12949401 0.11118509 0.13015979
 8.98801598e-03 3.32889481e-04 1.15512650e-01 8.75166445e-01
 0.63348868 0.04926764 0.22636485 0.09087883
 0.58521971 0.11950732 0.28695073 0.00832224
 0.23235686 0.1644474  0.23934754 0.3638482 

MOTIF unmod1_l3_f_66
letter-probability matrix: alength= 4 w= 9 
 0.25197699 0.21423436 0.33752696 0.19626168
 0.12616822 0.4503954  0.14593817 0.2774982 
 0.2674335  0.06937455 0.32854062 0.33465133
 1.15025162e-01 3.59453630e-04 2.65995687e-01 6.18619698e-01
 8.96117901e-01 3.59453630e-04 6.14665708e-02 4.20560748e-02
 2.87562904e-03 3.59453630e-04 8.96117901e-01 1.00647017e-01
 7.06685838e-01 3.59453630e-04 1.32997843e-02 2.79654925e-01
 0.15204889 0.02516175 0.80913012 0.01365924
 0.15492451 0.02767793 0.65420561 0.16319195

MOTIF unmod1_l3_f_67
letter-probability matrix: alength= 4 w= 9 
 0.41278296 0.02063915 0.33988016 0.22669774
 0.15579228 0.56458056 0.14747004 0.13215712
 0.40079893 0.12183755 0.0379494  0.43941411
 7.32356858e-03 3.32889481e-04 8.37549933e-01 1.54793609e-01
 0.07456724 0.23435419 0.23501997 0.45605859
 0.38748336 0.36784288 0.1804261  0.06424767
 0.0792277  0.09154461 0.39480692 0.43442077
 0.39081225 0.09853529 0.35486019 0.15579228
 0.53828229 0.18009321 0.26165113 0.01997337

MOTIF unmod1_l3_f_68
letter-probability matrix: alength= 4 w= 9 
 0.54502712 0.1005425  0.08137432 0.27305606
 8.69439421e-01 1.22965642e-02 3.61663653e-04 1.17902351e-01
 0.00614828 0.02712477 0.59421338 0.37251356
 3.54430380e-02 3.61663653e-04 3.61663653e-04 9.63833635e-01
 0.13996383 0.01518987 0.22278481 0.62206148
 0.23291139 0.03327306 0.26437613 0.46943942
 0.68679928 0.07233273 0.09403255 0.14683544
 0.49186257 0.22820976 0.04267631 0.23725136
 0.37576854 0.13707052 0.09981917 0.38734177

MOTIF unmod1_l3_f_69
letter-probability matrix: alength= 4 w= 9 
 0.25449385 0.10737938 0.47067171 0.16745506
 0.04304636 0.20009461 0.05345317 0.70340587
 0.88268685 0.01655629 0.07852412 0.02223273
 0.03405866 0.05203406 0.45364238 0.4602649 
 0.13812677 0.07710501 0.73935667 0.04541154
 0.00946074 0.83065279 0.00331126 0.15657521
 0.17502365 0.11163671 0.50520341 0.20813623
 0.52743614 0.45175024 0.00567644 0.01513718
 0.23084201 0.19583728 0.18448439 0.38883633

MOTIF unmod1_l3_f_70
letter-probability matrix: alength= 4 w= 9 
 0.01923077 0.56868132 0.00206044 0.41002747
 0.11092033 0.16105769 0.69471154 0.03331044
 0.18784341 0.06627747 0.18166209 0.56421703
 0.53365385 0.05563187 0.03125    0.37946429
 0.04326923 0.21325549 0.14972527 0.59375   
 0.10611264 0.09581044 0.68818681 0.10989011
 0.47630495 0.14423077 0.20364011 0.17582418
 0.03880495 0.00137363 0.37603022 0.58379121
 0.12465659 0.13221154 0.70364011 0.03949176

MOTIF unmod1_l3_f_71
letter-probability matrix: alength= 4 w= 9 
 0.4587217  0.28129161 0.15878828 0.1011984 
 0.58721704 0.00466045 0.31890812 0.08921438
 0.21870839 0.0918775  0.41411451 0.2752996 
 0.40312916 0.5569241  0.03262317 0.00732357
 0.80725699 0.08521971 0.05592543 0.05159787
 0.50233023 0.1614514  0.32989348 0.0063249 
 0.55326232 0.38881491 0.0442743  0.01364847
 7.22037284e-01 3.32889481e-04 5.55925433e-02 2.22037284e-01
 0.07490013 0.08988016 0.1138482  0.7213715 

MOTIF unmod1_l3_f_72
letter-probability matrix: alength= 4 w= 9 
 0.05009363 0.21863296 0.28230337 0.44897004
 0.42228464 0.01404494 0.50655431 0.0571161 
 0.52996255 0.04166667 0.02762172 0.40074906
 4.68164794e-04 4.68164794e-04 2.45318352e-01 7.53745318e-01
 5.24344569e-01 4.68164794e-04 4.26029963e-01 4.91573034e-02
 0.43867041 0.10627341 0.45458801 0.00046816
 0.56320225 0.22893258 0.15121723 0.05664794
 0.48642322 0.13108614 0.2406367  0.14185393
 0.11891386 0.44241573 0.12453184 0.31413858

MOTIF unmod1_l3_f_73
letter-probability matrix: alength= 4 w= 9 
 0.22025723 0.21141479 0.36575563 0.20257235
 4.01929260e-04 1.01286174e-01 4.01929260e-04 8.97909968e-01
 1.90112540e-01 1.56752412e-02 7.93810289e-01 4.01929260e-04
 9.30064309e-01 4.01929260e-04 6.91318328e-02 4.01929260e-04
 0.36254019 0.0028135  0.61414791 0.02049839
 4.01929260e-04 4.42122186e-03 4.90353698e-02 9.46141479e-01
 0.19172026 0.13625402 0.30305466 0.36897106
 0.27532154 0.26607717 0.08681672 0.37178457
 0.42041801 0.17323151 0.23311897 0.17323151

MOTIF unmod1_l3_f_74
letter-probability matrix: alength= 4 w= 9 
 0.25183824 0.0122549  0.69117647 0.04473039
 6.12745098e-04 2.02205882e-02 6.12745098e-04 9.78553922e-01
 0.23345588 0.33026961 0.1372549  0.29901961
 0.09436275 0.47365196 0.03002451 0.40196078
 0.26348039 0.64767157 0.06127451 0.02757353
 0.52879902 0.08394608 0.13235294 0.25490196
 0.02696078 0.03982843 0.85294118 0.08026961
 0.37683824 0.15073529 0.15808824 0.31433824
 0.13235294 0.51838235 0.15441176 0.19485294

MOTIF unmod1_l3_f_75
letter-probability matrix: alength= 4 w= 9 
 0.34822006 0.07249191 0.37281553 0.20647249
 6.47249191e-04 5.95469256e-02 6.47249191e-04 9.39158576e-01
 0.05372168 0.49708738 0.14822006 0.30097087
 0.03430421 0.01100324 0.10679612 0.84789644
 0.12297735 0.10291262 0.62847896 0.14563107
 1.16504854e-02 6.47249191e-04 8.32362460e-01 1.55339806e-01
 0.63042071 0.03883495 0.31779935 0.01294498
 0.6012945  0.0789644  0.24854369 0.07119741
 0.2763754  0.2433657  0.18511327 0.29514563

MOTIF unmod1_l3_f_76
letter-probability matrix: alength= 4 w= 9 
 0.12877583 0.24165342 0.04252782 0.58704293
 0.41534181 0.23171701 0.22774245 0.12519873
 0.11168521 0.62837838 0.05882353 0.20111288
 6.99523052e-02 5.15898251e-01 3.97456280e-04 4.13751987e-01
 0.08028617 0.71502385 0.00675676 0.19793323
 0.17806041 0.44356121 0.24682035 0.13155803
 0.2217806  0.59300477 0.08386328 0.10135135
 0.33187599 0.56875994 0.05564388 0.04372019
 0.36128776 0.48767886 0.11287758 0.0381558 

MOTIF unmod1_l3_f_77
letter-probability matrix: alength= 4 w= 9 
 0.37969925 0.14900889 0.35406699 0.11722488
 0.07792208 0.09227614 0.49692413 0.33287765
 4.56254272e-01 3.41763500e-04 5.43062201e-01 3.41763500e-04
 1.09364320e-01 3.41763500e-04 8.88243336e-01 2.05058100e-03
 7.63841422e-01 3.41763500e-04 2.31373889e-01 4.44292550e-03
 2.31373889e-01 3.41763500e-04 7.63841422e-01 4.44292550e-03
 1.86602871e-01 3.41763500e-04 6.13807245e-01 1.99248120e-01
 0.73342447 0.01982228 0.08441558 0.16233766
 0.316473   0.15550239 0.1619959  0.36602871

MOTIF unmod1_l3_f_78
letter-probability matrix: alength= 4 w= 9 
 0.75668449 0.03832442 0.1114082  0.09358289
 4.45632799e-04 1.09625668e-01 4.45632799e-04 8.89483066e-01
 3.12388592e-01 4.45632799e-04 5.98484848e-01 8.86809269e-02
 4.45632799e-04 2.34402852e-01 3.01693405e-01 4.63458111e-01
 0.20499109 0.12967914 0.36764706 0.29768271
 0.03921569 0.28475936 0.2228164  0.45320856
 0.0516934  0.04812834 0.29901961 0.60115865
 0.44385027 0.22058824 0.11987522 0.21568627
 0.13012478 0.14527629 0.24331551 0.48128342

MOTIF unmod1_l3_f_79
letter-probability matrix: alength= 4 w= 9 
