MEME version 5.3.0

ALPHABET= ACGT

strands: + -

Background letter frequencies
A 0.25 C 0.25 G 0.25 T 0.25

MOTIF unmod1_l3_f_0
letter-probability matrix: alength= 4 w= 9 
 0.06225033 0.38781625 0.08422104 0.46571238
 0.00865513 0.04294274 0.27929427 0.66910786
 4.52729694e-02 3.70505992e-01 5.83888149e-01 3.32889481e-04
 0.25233023 0.52629827 0.11684421 0.1045273 
 0.15712383 0.25266312 0.41577896 0.17443409
 0.2849534  0.20539281 0.34520639 0.1644474 
 0.43375499 0.34021305 0.05559254 0.17043941
 0.40213049 0.16611185 0.23834887 0.19340879
 0.3701731  0.36584554 0.09786951 0.16611185

MOTIF unmod1_l3_f_1
letter-probability matrix: alength= 4 w= 9 
 0.44530201 0.05671141 0.31610738 0.18187919
 0.18926174 0.22785235 0.19731544 0.38557047
 0.10704698 0.08120805 0.2466443  0.56510067
 3.69127517e-03 2.11409396e-01 3.35570470e-04 7.84563758e-01
 5.45637584e-01 3.35570470e-04 9.32885906e-02 3.60738255e-01
 3.02013423e-03 1.97986577e-02 3.35570470e-04 9.76845638e-01
 0.00738255 0.03154362 0.27281879 0.68825503
 0.26006711 0.03489933 0.28154362 0.42348993
 0.19731544 0.12550336 0.57684564 0.10033557

MOTIF unmod1_l3_f_2
letter-probability matrix: alength= 4 w= 9 
 0.2855615  0.1657754  0.05989305 0.48877005
 0.00106952 0.01925134 0.88770053 0.09197861
 0.00106952 0.0802139  0.10374332 0.81497326
 0.05882353 0.06417112 0.87593583 0.00106952
 0.00106952 0.01925134 0.97860963 0.00106952
 0.00106952 0.64171123 0.35614973 0.00106952
 0.00106952 0.4        0.11016043 0.48877005
 0.42032086 0.06203209 0.39679144 0.12085561
 0.25561497 0.48983957 0.15080214 0.10374332

MOTIF unmod1_l3_f_3
letter-probability matrix: alength= 4 w= 9 
 0.0872006  0.18525449 0.51047904 0.21706587
 0.49663174 0.3255988  0.15531437 0.02245509
 0.33270958 0.22417665 0.3248503  0.11826347
 0.44760479 0.00299401 0.48091317 0.06848802
 0.04790419 0.2994012  0.2870509  0.36564371
 0.17140719 0.49850299 0.21556886 0.11452096
 7.37275449e-02 3.74251497e-04 2.89670659e-01 6.36227545e-01
 0.97005988 0.01122754 0.01422156 0.00449102
 0.57035928 0.19236527 0.06998503 0.16729042

MOTIF unmod1_l3_f_4
letter-probability matrix: alength= 4 w= 9 
 0.04027963 0.21870839 0.64380826 0.09720373
 0.06358189 0.01764314 0.68808256 0.23069241
 3.32889481e-04 5.02663116e-02 2.64314248e-01 6.85086551e-01
 0.77696405 0.18142477 0.02030626 0.02130493
 3.32889481e-04 6.22503329e-02 8.69174434e-01 6.82423435e-02
 0.05226365 0.45539281 0.08921438 0.40312916
 0.37150466 0.12816245 0.17942743 0.32090546
 0.42143808 0.41478029 0.10952064 0.05426099
 0.36684421 0.21005326 0.17276964 0.25033289

MOTIF unmod1_l3_f_5
letter-probability matrix: alength= 4 w= 9 
 0.44193346 0.15442561 0.16195857 0.24168236
 0.1217828  0.07156309 0.77966102 0.02699309
 0.35216573 0.0690521  0.51098556 0.06779661
 0.03264281 0.38857502 0.07909605 0.49968613
 0.08537351 0.06026365 0.01506591 0.83929692
 0.00062775 0.00062775 0.38731952 0.61142498
 0.02699309 0.10860013 0.04896422 0.81544256
 0.3126177  0.01946014 0.63716259 0.03075957
 0.12743252 0.12303829 0.67106089 0.0784683 

MOTIF unmod1_l3_f_6
letter-probability matrix: alength= 4 w= 9 
 0.23783784 0.40912162 0.13310811 0.21993243
 0.81587838 0.11858108 0.03175676 0.03378378
 5.11148649e-01 3.37837838e-04 8.10810811e-02 4.07432432e-01
 0.14695946 0.25540541 0.48412162 0.11351351
 0.31216216 0.23445946 0.3527027  0.10067568
 5.51013514e-01 2.30067568e-01 3.37837838e-04 2.18581081e-01
 0.02297297 0.00439189 0.40912162 0.56351351
 0.06081081 0.09121622 0.69425676 0.15371622
 0.20945946 0.4222973  0.1847973  0.18344595

MOTIF unmod1_l3_f_7
letter-probability matrix: alength= 4 w= 9 
 4.77554919e-04 2.06781280e-01 4.77554919e-04 7.92263610e-01
 0.05491882 0.02053486 0.78414518 0.14040115
 6.54250239e-02 7.56924546e-01 4.77554919e-04 1.77172875e-01
 0.7182426  0.04727794 0.23161414 0.00286533
 0.34718243 0.47516714 0.0243553  0.15329513
 0.30945559 0.46895893 0.15281757 0.06876791
 0.63514804 0.11986628 0.09694365 0.14804202
 0.32808023 0.0148042  0.40401146 0.25310411
 0.32473734 0.10219675 0.34718243 0.22588348

MOTIF unmod1_l3_f_8
letter-probability matrix: alength= 4 w= 9 
 0.31924101 0.21304927 0.30725699 0.16045273
 0.30026631 0.15213049 0.25399467 0.29360852
 0.2057257  0.24234354 0.23801598 0.31391478
 3.32889481e-04 3.32889481e-04 3.32889481e-04 9.99001332e-01
 8.18575233e-01 3.32889481e-04 1.68109188e-01 1.29826897e-02
 5.85219707e-01 3.32889481e-04 4.14114514e-01 3.32889481e-04
 8.65512650e-03 4.66045273e-03 3.32889481e-04 9.86351531e-01
 0.94241012 0.00199734 0.04593875 0.00965379
 0.57623169 0.00499334 0.41278296 0.00599201

MOTIF unmod1_l3_f_9
letter-probability matrix: alength= 4 w= 9 
 0.48716921 0.07217322 0.35044106 0.09021652
 0.15236568 0.49478749 0.09663192 0.25621492
 0.19887731 0.75020048 0.01764234 0.03327987
 5.91018444e-01 2.67040898e-01 4.00962310e-04 1.41539695e-01
 0.01964715 0.42782678 0.02085004 0.53167602
 0.90256616 0.02004812 0.04210104 0.03528468
 0.39695269 0.13231756 0.41740176 0.05332799
 0.04410585 0.05412991 0.89214114 0.0096231 
 0.01082598 0.07778669 0.82277466 0.08861267

MOTIF unmod1_l3_f_10
letter-probability matrix: alength= 4 w= 9 
 0.05226365 0.24966711 0.04860186 0.64946738
 0.72969374 0.00099867 0.26031957 0.00898802
 0.00599201 0.17876165 0.01964048 0.79560586
 0.19873502 0.18708389 0.28328895 0.33089214
 0.31158455 0.10219707 0.33954727 0.24667111
 0.27296937 0.03062583 0.51131824 0.18508655
 0.12383489 0.03661784 0.05892144 0.78062583
 0.1361518  0.14314248 0.49567244 0.22503329
 0.19873502 0.17276964 0.27829561 0.35019973

MOTIF unmod1_l3_f_11
letter-probability matrix: alength= 4 w= 9 
 0.12549933 0.2689747  0.19174434 0.41378162
 0.28195739 0.04993342 0.45339547 0.21471372
 3.32889481e-04 7.62316911e-01 3.32889481e-04 2.37017310e-01
 0.14280959 0.56258322 0.25133156 0.04327563
 0.13015979 0.32789614 0.01564581 0.52629827
 9.84354194e-01 3.32889481e-04 1.49800266e-02 3.32889481e-04
 2.89613848e-02 1.44141145e-01 3.32889481e-04 8.26564581e-01
 0.09553928 0.04627164 0.8069241  0.05126498
 0.35519308 0.16245007 0.3511984  0.13115846

MOTIF unmod1_l3_f_12
letter-probability matrix: alength= 4 w= 9 
 0.27097204 0.43641811 0.2247004  0.06790945
 3.32889481e-04 1.50466045e-01 7.97270306e-01 5.19307590e-02
 4.65712383e-01 3.32889481e-04 3.32889481e-04 5.33621838e-01
 1.19507324e-01 3.32889481e-04 9.38748336e-02 7.86284953e-01
 4.01131824e-01 1.33155792e-02 3.32889481e-04 5.85219707e-01
 2.47003995e-01 5.01331558e-01 3.32889481e-04 2.51331558e-01
 0.01198402 0.42143808 0.35252996 0.21404794
 0.00798935 0.41844208 0.19141145 0.38215712
 0.22103862 0.25599201 0.22936085 0.29360852

MOTIF unmod1_l3_f_13
letter-probability matrix: alength= 4 w= 9 
 0.34154461 0.3448735  0.20838881 0.10519308
 0.69340879 0.12283622 0.16078562 0.02296937
 0.42676431 0.18142477 0.00798935 0.38382157
 0.37716378 0.07090546 0.42043941 0.13149134
 8.99800266e-01 9.72037284e-02 3.32889481e-04 2.66311585e-03
 3.32889481e-04 4.39414115e-02 2.76298269e-02 9.28095872e-01
 3.32889481e-04 7.12383489e-02 9.28095872e-01 3.32889481e-04
 0.0665779  0.06790945 0.79527297 0.07023968
 0.35552597 0.27663116 0.30892144 0.05892144

MOTIF unmod1_l3_f_14
letter-probability matrix: alength= 4 w= 9 
 0.11051931 0.29494008 0.33821571 0.2563249 
 0.44340879 0.05259654 0.17809587 0.3258988 
 0.05426099 0.06391478 0.33921438 0.54260985
 0.41278296 0.18808256 0.16478029 0.23435419
 0.69640479 0.1328229  0.12483356 0.04593875
 0.0539281  0.01298269 0.23768309 0.69540613
 0.04693742 0.02829561 0.5505992  0.37416778
 0.28695073 0.00399467 0.62183755 0.08721704
 0.2023968  0.26231691 0.47603196 0.05925433

MOTIF unmod1_l3_f_15
letter-probability matrix: alength= 4 w= 9 
 0.48701731 0.3671771  0.12416778 0.02163782
 0.72869507 0.06591212 0.09587217 0.10952064
 0.08189081 0.64314248 0.08422104 0.19074567
 0.18774967 0.35552597 0.40146471 0.05525965
 3.60519308e-01 3.32889481e-04 1.43142477e-02 6.24833555e-01
 3.78495340e-01 3.32889481e-04 2.59320905e-01 3.61850866e-01
 0.14147803 0.04960053 0.79227696 0.01664447
 0.12283622 0.04926764 0.7786285  0.04926764
 0.20173103 0.1644474  0.43541944 0.19840213

MOTIF unmod1_l3_f_16
letter-probability matrix: alength= 4 w= 9 
 9.90679095e-01 3.32889481e-04 8.65512650e-03 3.32889481e-04
 0.17143808 0.03095872 0.00399467 0.79360852
 0.01165113 0.05559254 0.79094541 0.14181092
 0.44806924 0.02296937 0.51464714 0.01431425
 0.25565912 0.30659121 0.00932091 0.42842876
 0.21537949 0.02396804 0.62949401 0.13115846
 0.25266312 0.31058589 0.24533955 0.19141145
 0.12882823 0.28994674 0.23535286 0.34587217
 0.39214381 0.1834221  0.20539281 0.21904128

MOTIF unmod1_l3_f_17
letter-probability matrix: alength= 4 w= 9 
 0.14047936 0.21671105 0.4334221  0.20938748
 3.32889481e-04 3.32889481e-04 3.32889481e-04 9.99001332e-01
 8.30559254e-01 3.32889481e-04 1.68774967e-01 3.32889481e-04
 5.50932091e-01 3.32889481e-04 4.48402130e-01 3.32889481e-04
 3.32889481e-04 3.32889481e-04 3.32889481e-04 9.99001332e-01
 9.51065246e-01 3.32889481e-04 4.82689747e-02 3.32889481e-04
 4.66378162e-01 3.32889481e-04 5.32956059e-01 3.32889481e-04
 0.29327563 0.21271638 0.2879494  0.20605859
 0.27330226 0.23202397 0.25898802 0.23568575

MOTIF unmod1_l3_f_18
letter-probability matrix: alength= 4 w= 9 
 0.16313488 0.36831483 0.13891692 0.32963337
 0.17423478 0.11099899 0.02589976 0.68886646
 0.1987891  0.41775984 0.07063572 0.31281534
 0.68550286 0.21089808 0.0938446  0.00975446
 0.33434242 0.09720821 0.18298015 0.38546922
 4.27850656e-01 3.36360579e-04 9.38446014e-02 4.77968382e-01
 4.51395896e-01 6.59266734e-02 3.36360579e-04 4.82341070e-01
 0.24285234 0.0221998  0.12748066 0.6074672 
 0.18331652 0.42986882 0.24352506 0.14328961

MOTIF unmod1_l3_f_19
letter-probability matrix: alength= 4 w= 9 
 0.4559402  0.22344611 0.19905586 0.12155783
 0.81628639 0.00590087 0.13453973 0.04327301
 0.00354052 0.06608969 0.04681353 0.88355625
 3.93391031e-04 1.16050354e-01 8.72147915e-01 1.14083399e-02
 0.48544453 0.09362707 0.05664831 0.36428009
 0.22738002 0.27301338 0.07081039 0.42879622
 0.08457907 0.09834776 0.2104642  0.60660897
 0.08654603 0.57749803 0.18253344 0.1534225 
 0.16404406 0.32140047 0.22501967 0.2895358 

MOTIF unmod1_l3_f_20
letter-probability matrix: alength= 4 w= 9 
 0.24067909 0.43308921 0.22303595 0.10319574
 0.14647137 0.45838881 0.29693742 0.0982024 
 0.3575233  0.22802929 0.0539281  0.36051931
 0.66411451 0.09320905 0.1075233  0.13515313
 0.32523302 0.07756325 0.17010652 0.4270972 
 0.1551265  0.2626498  0.02962716 0.55259654
 0.78295606 0.00399467 0.09753662 0.11551265
 3.32889481e-04 1.66444740e-02 9.04460719e-01 7.85619174e-02
 0.10153129 0.3195739  0.41677763 0.16211718

MOTIF unmod1_l3_f_21
letter-probability matrix: alength= 4 w= 9 
 0.21970706 0.15945406 0.23468708 0.3861518 
 0.34753662 0.22303595 0.29693742 0.13249001
 0.3385486  0.16611185 0.28728362 0.20805593
 0.00965379 0.05492676 0.05958722 0.87583222
 7.78628495e-01 3.32889481e-04 1.20505992e-01 1.00532623e-01
 0.46571238 0.03894807 0.48635153 0.00898802
 3.32889481e-04 3.66178429e-03 3.32889481e-04 9.95672437e-01
 9.48402130e-01 3.66178429e-03 4.76031957e-02 3.32889481e-04
 5.47270306e-01 3.66178429e-03 4.48735020e-01 3.32889481e-04

MOTIF unmod1_l3_f_22
letter-probability matrix: alength= 4 w= 9 
 0.56491345 0.14513981 0.17942743 0.11051931
 0.35652463 0.01198402 0.20106525 0.4304261 
 0.29926764 0.1328229  0.44041278 0.12749667
 0.55525965 0.05525965 0.01331558 0.37616511
 0.45372836 0.20406125 0.12683089 0.21537949
 0.3988016  0.06624501 0.00432756 0.53062583
 5.44940080e-01 2.99600533e-03 3.32889481e-04 4.51731025e-01
 0.49567244 0.01231691 0.34154461 0.15046605
 0.65046605 0.10186418 0.18075899 0.06691079

MOTIF unmod1_l3_f_23
letter-probability matrix: alength= 4 w= 9 
 0.08422104 0.37283622 0.09520639 0.44773635
 0.50798935 0.15213049 0.12316911 0.21671105
 3.22902796e-02 5.42942743e-01 3.32889481e-04 4.24434088e-01
 2.15712383e-01 2.77296937e-01 5.06657790e-01 3.32889481e-04
 0.91577896 0.04161119 0.01997337 0.02263648
 1.10852197e-01 8.32223702e-03 3.32889481e-04 8.80492676e-01
 3.32889481e-04 3.32889481e-04 8.86484687e-01 1.12849534e-01
 0.33954727 0.20339547 0.32090546 0.1361518 
 0.14114514 0.26864181 0.30625832 0.28395473

MOTIF unmod1_l3_f_24
letter-probability matrix: alength= 4 w= 9 
 0.16689703 0.36281963 0.12646856 0.34381479
 0.21112647 0.05943331 0.27988943 0.44955079
 0.3317208  0.35279889 0.15583967 0.15964064
 8.36903939e-01 1.40981341e-01 3.45542502e-04 2.17691776e-02
 8.89080857e-01 2.10780926e-02 3.45542502e-04 8.94955079e-02
 1.36834831e-01 3.45542502e-04 2.17691776e-02 8.41050449e-01
 0.1430546  0.01520387 0.0991707  0.74257084
 0.32204561 0.27366966 0.07843815 0.32584658
 0.08500346 0.28887353 0.16309606 0.46302695

MOTIF unmod1_l3_f_25
letter-probability matrix: alength= 4 w= 9 
 0.46737683 0.14214381 0.13115846 0.25932091
 0.19007989 0.19274301 0.48801598 0.12916112
 0.07023968 0.43275632 0.43142477 0.06557923
 3.32889481e-04 5.59920107e-01 8.28894807e-02 3.56857523e-01
 0.02596538 0.63981358 0.22370173 0.11051931
 0.35486019 0.20938748 0.14314248 0.29260985
 0.37782956 0.17942743 0.00399467 0.43874834
 9.85352863e-02 3.32889481e-04 4.66045273e-03 8.96471372e-01
 0.04593875 0.07856192 0.4114514  0.46404794

MOTIF unmod1_l3_f_26
letter-probability matrix: alength= 4 w= 9 
 0.30915577 0.08858502 0.24673008 0.35552913
 0.30915577 0.19560048 0.02378121 0.47146254
 0.02259215 0.53804994 0.42092747 0.01843044
 5.94530321e-04 9.95243757e-01 5.94530321e-04 3.56718193e-03
 0.15279429 0.50535077 0.33828775 0.00356718
 0.00059453 0.16825208 0.48156956 0.34958383
 0.05945303 0.09512485 0.01486326 0.83055886
 0.02437574 0.04221165 0.60344828 0.32996433
 0.12425684 0.17241379 0.35315101 0.35017836

MOTIF unmod1_l3_f_27
letter-probability matrix: alength= 4 w= 9 
 0.13781625 0.35019973 0.43741678 0.07456724
 0.32090546 0.17343542 0.36051931 0.14513981
 0.09354194 0.44207723 0.14014647 0.32423435
 0.38981358 0.02063915 0.53661784 0.05292943
 0.08255659 0.04194407 0.63781625 0.23768309
 0.02330226 0.56757656 0.17942743 0.22969374
 3.32889481e-04 8.90479361e-01 1.43142477e-02 9.48735020e-02
 0.04227696 0.70605859 0.10186418 0.14980027
 0.05725699 0.45972037 0.06158455 0.42143808

MOTIF unmod1_l3_f_28
letter-probability matrix: alength= 4 w= 9 
 0.27990591 0.17674731 0.35685484 0.18649194
 0.12533602 0.0188172  0.71001344 0.14583333
 3.59543011e-02 3.36357527e-01 3.36021505e-04 6.27352151e-01
 0.16532258 0.03360215 0.68111559 0.11995968
 0.17439516 0.0171371  0.03662634 0.7718414 
 0.19758065 0.74630376 0.02116935 0.03494624
 0.01075269 0.02318548 0.25739247 0.70866935
 0.04704301 0.1421371  0.54469086 0.26612903
 0.30611559 0.17540323 0.44657258 0.0719086 

MOTIF unmod1_l3_f_29
letter-probability matrix: alength= 4 w= 9 
 0.15630252 0.15058824 0.26252101 0.43058824
 0.05882353 0.69680672 0.04806723 0.19630252
 0.22084034 0.00168067 0.71462185 0.06285714
 3.36134454e-04 1.07226891e-01 2.01680672e-03 8.90420168e-01
 0.34151261 0.06722689 0.18823529 0.40302521
 0.1912605  0.05411765 0.06957983 0.68504202
 0.77142857 0.14420168 0.02991597 0.05445378
 4.59831933e-01 1.21680672e-01 3.36134454e-04 4.18151261e-01
 0.00605042 0.4897479  0.38890756 0.11529412

MOTIF unmod1_l3_f_30
letter-probability matrix: alength= 4 w= 9 
 0.37145242 0.40984975 0.02504174 0.19365609
 0.74707846 0.07512521 0.11268781 0.06510851
 0.12520868 0.06427379 0.5409015  0.26961603
 0.00083472 0.36811352 0.00083472 0.63021703
 0.45409015 0.19616027 0.19282137 0.15692821
 0.19282137 0.33055092 0.06510851 0.4115192 
 0.18113523 0.73622705 0.01585977 0.06677796
 2.33722871e-02 8.34724541e-04 8.34724541e-04 9.74958264e-01
 0.0409015  0.03422371 0.89398998 0.03088481

MOTIF unmod1_l3_f_31
letter-probability matrix: alength= 4 w= 9 
 0.2426821  0.15452689 0.41967325 0.18311777
 0.02144316 0.23587474 0.32402995 0.41865214
 3.40367597e-04 9.66643975e-02 2.01497617e-01 7.01497617e-01
 0.07113683 0.00680735 0.75901974 0.16303608
 0.34002723 0.03131382 0.56977536 0.05888359
 0.61572498 0.13989108 0.05275698 0.19162696
 0.02348536 0.00272294 0.07896528 0.89482641
 0.21068754 0.03607897 0.58781484 0.16541865
 0.63376447 0.1344452  0.06909462 0.16269571

MOTIF unmod1_l3_f_32
letter-probability matrix: alength= 4 w= 9 
 0.0324556  0.05143907 0.07409675 0.84200857
 6.12369871e-04 2.56582976e-01 6.12369871e-04 7.42192284e-01
 0.4960196  0.08573178 0.25780772 0.16044091
 7.25658298e-01 1.05327618e-01 1.68401715e-01 6.12369871e-04
 0.26270667 0.47336191 0.21310472 0.0508267 
 0.20391917 0.1849357  0.44029394 0.17085119
 0.02327006 0.07899571 0.33374158 0.56399265
 0.0263319  0.19657073 0.50949173 0.26760563
 0.03429271 0.47519902 0.17085119 0.31965707

MOTIF unmod1_l3_f_33
letter-probability matrix: alength= 4 w= 9 
 0.18549223 0.1253886  0.41554404 0.27357513
 0.15958549 0.23316062 0.46839378 0.1388601 
 0.33367876 0.12227979 0.52642487 0.01761658
 0.00103627 0.28290155 0.00103627 0.71502591
 0.32227979 0.22797927 0.39067358 0.05906736
 0.01139896 0.50673575 0.4        0.08186528
 0.45492228 0.01036269 0.53367876 0.00103627
 0.00103627 0.03523316 0.71295337 0.2507772 
 0.01036269 0.02072539 0.86839378 0.10051813

MOTIF unmod1_l3_f_34
letter-probability matrix: alength= 4 w= 9 
 0.11917443 0.42310253 0.01131824 0.44640479
 0.67609854 0.29693742 0.02063915 0.0063249 
 0.20106525 0.32123835 0.37849534 0.09920107
 0.23601864 0.15845539 0.31524634 0.29027963
 0.35252996 0.19007989 0.11817577 0.33921438
 0.15712383 0.23668442 0.45372836 0.15246338
 0.05093209 0.51697736 0.09753662 0.33455393
 0.19507324 0.19573901 0.3418775  0.26731025
 0.09087883 0.20972037 0.4776964  0.22170439

MOTIF unmod1_l3_f_35
letter-probability matrix: alength= 4 w= 9 
 0.47313329 0.13572924 0.0799023  0.31123517
 0.10781577 0.19050942 0.16608514 0.53558967
 0.1786462  0.32658758 0.11898116 0.37578507
 0.10676902 0.83949756 0.05198883 0.00174459
 3.48918353e-04 1.00139567e-01 4.09979065e-01 4.89532449e-01
 0.04780181 0.24808095 0.03140265 0.67271458
 0.63084438 0.02512212 0.00139567 0.34263782
 0.19644103 0.21946964 0.05233775 0.53175157
 0.69469644 0.20376832 0.07641312 0.02512212

MOTIF unmod1_l3_f_36
letter-probability matrix: alength= 4 w= 9 
 0.14858959 0.24553039 0.17759237 0.42828764
 2.46324990e-02 1.47794994e-01 3.97298371e-04 8.27175209e-01
 0.47993643 0.01350814 0.33094954 0.17560588
 0.03377036 0.70083433 0.01311085 0.25228447
 0.35478745 0.04568931 0.01231625 0.58720699
 1.40246325e-01 3.97298371e-04 7.44537147e-01 1.14819229e-01
 0.57052046 0.01470004 0.28486293 0.12991657
 0.06475963 0.53277712 0.30711164 0.09535161
 0.09972189 0.21295193 0.47834724 0.20897894

MOTIF unmod1_l3_f_37
letter-probability matrix: alength= 4 w= 9 
 0.24727431 0.10597471 0.18316616 0.46358482
 0.12516354 0.28914086 0.03358046 0.55211513
 0.2424771  0.04622765 0.49236808 0.21892717
 0.00654165 0.2996075  0.00479721 0.68905364
 0.0527693  0.16528565 0.20453554 0.57740951
 0.00610554 0.01133886 0.23724379 0.74531182
 0.18970781 0.05800262 0.33624073 0.41604884
 0.08242477 0.22372438 0.52725687 0.16659398
 0.02136939 0.08155255 0.59877889 0.29829917

MOTIF unmod1_l3_f_38
letter-probability matrix: alength= 4 w= 9 
 0.74334221 0.07789614 0.17243675 0.0063249 
 0.60086551 0.14347537 0.18708389 0.06857523
 0.28395473 0.18142477 0.32323569 0.21138482
 0.83655126 0.0126498  0.14747004 0.00332889
 1.68774967e-01 3.99467377e-03 3.32889481e-04 8.26897470e-01
 3.32889481e-04 3.32889481e-04 8.26897470e-01 1.72436751e-01
 8.98801598e-02 3.32889481e-04 8.54860186e-01 5.49267643e-02
 0.2373502  0.23668442 0.47603196 0.04993342
 0.21937417 0.25932091 0.42276964 0.09853529

MOTIF unmod1_l3_f_39
letter-probability matrix: alength= 4 w= 9 
 0.56291611 0.03994674 0.2087217  0.18841545
 0.3861518  0.16644474 0.313249   0.13415446
 0.0792277  0.32190413 0.51431425 0.08455393
 8.08921438e-02 3.32889481e-04 8.91478029e-01 2.72969374e-02
 0.4620506  0.16744341 0.17177097 0.19873502
 0.29527297 0.29660453 0.20505992 0.20306258
 3.39547270e-02 1.26165113e-01 3.32889481e-04 8.39547270e-01
 0.24900133 0.17343542 0.13149134 0.4460719 
 0.08954727 0.01131824 0.66511318 0.2340213 

MOTIF unmod1_l3_f_40
letter-probability matrix: alength= 4 w= 9 
 0.00084818 0.35368957 0.04919423 0.59626802
 0.2985581  0.6403732  0.03053435 0.03053435
 0.67684478 0.03477523 0.11195929 0.1764207 
 0.30619169 0.01272265 0.58693808 0.09414758
 0.09414758 0.2663274  0.60559796 0.03392706
 0.29177269 0.05258694 0.54283291 0.11280746
 0.00084818 0.13910093 0.6726039  0.18744699
 0.03816794 0.26547922 0.64631043 0.05004241
 0.06191688 0.09754029 0.75826972 0.08227311

MOTIF unmod1_l3_f_41
letter-probability matrix: alength= 4 w= 9 
 0.03262317 0.09420772 0.76564581 0.1075233 
 0.03695073 0.18009321 0.07889481 0.70406125
 1.00865513e-01 3.32889481e-04 6.91744341e-01 2.07057257e-01
 0.12683089 0.2689747  0.16378162 0.44041278
 1.40812250e-01 3.32889481e-04 6.61118509e-01 1.97736352e-01
 0.02463382 0.34320905 0.03528628 0.59687084
 6.96071904e-01 3.32889481e-04 3.03262317e-01 3.32889481e-04
 0.17010652 0.23069241 0.26431425 0.33488682
 0.29727031 0.17010652 0.43808256 0.09454061

MOTIF unmod1_l3_f_42
letter-probability matrix: alength= 4 w= 9 
 0.10713043 0.35026087 0.34086957 0.20173913
 0.14991304 0.08069565 0.38921739 0.38017391
 0.36904348 0.25252174 0.16591304 0.21252174
 9.98956522e-01 3.47826087e-04 3.47826087e-04 3.47826087e-04
 3.47826087e-04 3.47826087e-04 3.47826087e-04 9.98956522e-01
 0.024      0.0066087  0.94713043 0.02226087
 0.32243478 0.2466087  0.35513043 0.07582609
 0.03582609 0.04       0.68556522 0.2386087 
 0.14469565 0.22121739 0.51965217 0.11443478

MOTIF unmod1_l3_f_43
letter-probability matrix: alength= 4 w= 9 
 0.03852415 0.02278893 0.00759631 0.93109061
 0.54530657 0.01627781 0.41237113 0.02604449
 6.57080846e-01 5.42593597e-04 3.41833966e-01 5.42593597e-04
 5.42593597e-04 3.41833966e-02 1.95333695e-01 7.69940315e-01
 0.73901248 0.07759088 0.17417254 0.00922409
 6.77156810e-01 5.42593597e-04 3.05480195e-01 1.68204015e-02
 0.37004883 0.03852415 0.13727618 0.45415084
 0.6776994  0.05751492 0.10309278 0.16169289
 0.22409116 0.04720564 0.47259902 0.25610418

MOTIF unmod1_l3_f_44
letter-probability matrix: alength= 4 w= 9 
 0.50466045 0.13215712 0.23335553 0.1298269 
 0.5252996  0.0286285  0.39747004 0.04860186
 0.01964048 0.7752996  0.03595206 0.16910786
 0.43375499 0.08621838 0.18541944 0.29460719
 3.32889481e-04 5.62583222e-02 8.84487350e-01 5.89214381e-02
 0.02330226 0.78395473 0.13415446 0.05858855
 0.59553928 0.14480692 0.08155792 0.17809587
 0.32223702 0.02363515 0.64447403 0.00965379
 0.11185087 0.08988016 0.43209055 0.36617843

MOTIF unmod1_l3_f_45
letter-probability matrix: alength= 4 w= 9 
 3.32889481e-04 3.32889481e-04 3.32889481e-04 9.99001332e-01
 7.20705726e-01 3.32889481e-04 2.78628495e-01 3.32889481e-04
 4.19107856e-01 3.32889481e-04 5.80226365e-01 3.32889481e-04
 3.32889481e-04 3.32889481e-04 3.32889481e-04 9.99001332e-01
 7.74300932e-01 3.32889481e-04 2.25033289e-01 3.32889481e-04
 6.44141145e-01 3.32889481e-04 3.55193076e-01 3.32889481e-04
 0.3039281  0.20139814 0.30792277 0.186751  
 0.27729694 0.21571238 0.34553928 0.1614514 
 0.30659121 0.24533955 0.17177097 0.27629827

MOTIF unmod1_l3_f_46
letter-probability matrix: alength= 4 w= 9 
 0.56548431 0.12687585 0.170191   0.13744884
 0.41814461 0.05218281 0.11834925 0.41132333
 9.88403820e-01 3.41064120e-04 1.09140518e-02 3.41064120e-04
 1.42905866e-01 3.41064120e-04 7.93656207e-01 6.30968622e-02
 0.3212824  0.01057299 0.51125512 0.1568895 
 1.63028649e-01 3.41064120e-04 8.06616644e-01 3.00136426e-02
 6.55525239e-01 3.41064120e-04 3.43792633e-01 3.41064120e-04
 0.06446112 0.026603   0.52455662 0.38437926
 0.48533424 0.14392906 0.2005457  0.170191  

MOTIF unmod1_l3_f_47
letter-probability matrix: alength= 4 w= 9 
 0.21825397 0.25634921 0.30753968 0.21785714
 0.19007937 0.13571429 0.00753968 0.66666667
 6.42063492e-01 1.62301587e-01 1.95238095e-01 3.96825397e-04
 0.06865079 0.01706349 0.91190476 0.00238095
 0.01904762 0.075      0.02460317 0.88134921
 0.17222222 0.39960317 0.23650794 0.19166667
 0.02738095 0.73531746 0.15555556 0.08174603
 1.42063492e-01 8.38095238e-01 3.96825397e-04 1.94444444e-02
 0.075      0.05674603 0.40912698 0.45912698

MOTIF unmod1_l3_f_48
letter-probability matrix: alength= 4 w= 9 
 0.14104778 0.15659182 0.43580887 0.26655153
 0.25791595 0.27921704 0.08693149 0.37593552
 3.35060449e-01 5.75705239e-04 5.75705239e-04 6.63788140e-01
 0.01842257 0.04951065 0.0109384  0.92112838
 5.75705239e-04 6.56303972e-02 5.75705239e-04 9.33218192e-01
 0.37305699 0.50892343 0.04778353 0.07023604
 2.07253886e-02 7.44386874e-01 5.75705239e-04 2.34312032e-01
 0.03511802 0.38860104 0.07829591 0.49798503
 0.07369027 0.24755325 0.1871042  0.49165227

MOTIF unmod1_l3_f_49
letter-probability matrix: alength= 4 w= 9 
 0.27929427 0.15479361 0.49900133 0.06691079
 0.01997337 0.12250333 0.68774967 0.16977364
 0.03129161 0.12583222 0.67443409 0.16844208
 0.02663116 0.39347537 0.16011984 0.41977364
 0.43874834 0.53129161 0.01331558 0.01664447
 0.00332889 0.37150466 0.46105193 0.16411451
 0.10219707 0.4683755  0.08189081 0.34753662
 0.21571238 0.36784288 0.36850866 0.04793609
 0.50499334 0.17210386 0.13748336 0.18541944

MOTIF unmod1_l3_f_50
letter-probability matrix: alength= 4 w= 9 
 2.75768184e-01 9.72384286e-03 7.14119020e-01 3.88953715e-04
 4.76079347e-01 5.17308440e-02 4.71800856e-01 3.88953715e-04
 7.34344613e-01 6.22325943e-03 2.59043174e-01 3.88953715e-04
 7.12563205e-01 1.47802412e-02 2.72267600e-01 3.88953715e-04
 2.21703617e-02 3.88953715e-04 8.44029560e-02 8.93037729e-01
 0.24270712 0.00544535 0.06573318 0.68611435
 1.59859977e-01 8.47919098e-02 3.88953715e-04 7.54959160e-01
 0.53831194 0.14819137 0.21703617 0.09646052
 0.43096072 0.29249319 0.19447686 0.08206923

MOTIF unmod1_l3_f_51
letter-probability matrix: alength= 4 w= 9 
 0.50532623 0.08422104 0.32023968 0.09021305
 4.60719041e-01 3.32889481e-04 9.22103862e-02 4.46737683e-01
 0.0223036  0.46704394 0.3988016  0.11185087
 0.01364847 0.33788282 0.63149134 0.01697736
 0.10053262 0.1804261  0.19074567 0.52829561
 0.46105193 0.33022636 0.07756325 0.13115846
 6.56458056e-01 3.32889481e-04 9.52063915e-02 2.48002663e-01
 0.41744341 0.07390146 0.15379494 0.35486019
 0.25233023 0.3511984  0.17310253 0.22336884

MOTIF unmod1_l3_f_52
letter-probability matrix: alength= 4 w= 9 
 0.37956461 0.16678371 0.11551966 0.33813202
 0.25140449 0.06039326 0.17731742 0.51088483
 0.14676966 0.03300562 0.30828652 0.5119382 
 0.08742978 0.14957865 0.25280899 0.51018258
 0.06566011 0.00175562 0.04950843 0.88307584
 0.08742978 0.25       0.01369382 0.6488764 
 0.14396067 0.02668539 0.15941011 0.66994382
 0.49894663 0.05898876 0.17275281 0.2693118 
 0.23981742 0.10955056 0.25316011 0.39747191

MOTIF unmod1_l3_f_53
letter-probability matrix: alength= 4 w= 9 
 6.18508655e-01 7.49001332e-02 3.06258322e-01 3.32889481e-04
 0.66211718 0.04826897 0.17343542 0.11617843
 0.27596538 0.24966711 0.29693742 0.17743009
 0.86484687 0.06624501 0.05725699 0.01165113
 1.56790945e-01 3.32889481e-04 3.32889481e-04 8.42543276e-01
 3.32889481e-04 3.32889481e-04 8.42543276e-01 1.56790945e-01
 0.02163782 0.02563249 0.69840213 0.25432756
 0.37050599 0.32323569 0.23435419 0.07190413
 0.14747004 0.02929427 0.60486019 0.2183755 

MOTIF unmod1_l3_f_54
letter-probability matrix: alength= 4 w= 9 
 0.32856192 0.2213715  0.20772304 0.24234354
 0.93508655 0.00366178 0.05292943 0.00832224
 3.32889481e-04 3.99467377e-03 4.66045273e-03 9.91011984e-01
 3.32889481e-04 4.66045273e-03 9.84021305e-01 1.09853529e-02
 0.00466045 0.04960053 0.89280959 0.05292943
 0.40912117 0.5316245  0.04627164 0.01298269
 0.27363515 0.24101198 0.23069241 0.25466045
 0.2786285  0.28462051 0.41844208 0.01830892
 0.34753662 0.16611185 0.36418109 0.12217044

MOTIF unmod1_l3_f_55
letter-probability matrix: alength= 4 w= 9 
 0.60186418 0.17343542 0.03362184 0.19107856
 0.563249   0.42776298 0.00432756 0.00466045
 0.34387483 0.17043941 0.20605859 0.27962716
 0.19540613 0.18275632 0.09087883 0.53095872
 0.20772304 0.00599201 0.02097204 0.76531292
 0.6804261  0.10386152 0.02896138 0.186751  
 8.08921438e-01 3.32889481e-04 5.05992011e-02 1.40146471e-01
 0.26564581 0.15912117 0.07689747 0.49833555
 0.66611185 0.19773635 0.01131824 0.12483356

MOTIF unmod1_l3_f_56
letter-probability matrix: alength= 4 w= 9 
 0.36218375 0.47569907 0.04394141 0.11817577
 8.75832224e-01 3.32889481e-04 1.23501997e-01 3.32889481e-04
 0.67143808 0.10685752 0.15412783 0.06757656
 0.21371505 0.12549933 0.33288948 0.32789614
 7.18375499e-01 3.32889481e-04 2.78961385e-01 2.33022636e-03
 0.00166445 0.00266312 0.186751   0.80892144
 0.01298269 0.19041278 0.78262317 0.01398136
 0.27996005 0.06158455 0.53229028 0.12616511
 0.24766977 0.30825566 0.34354194 0.10053262

MOTIF unmod1_l3_f_57
letter-probability matrix: alength= 4 w= 9 
 0.63494222 0.01699524 0.13188307 0.21617947
 0.46125085 0.17980965 0.22637661 0.13256288
 0.38443236 0.02923182 0.5278722  0.05846363
 3.39904827e-04 9.31679130e-01 8.15771584e-03 5.98232495e-02
 0.18524813 0.06662135 0.64921822 0.0989123 
 0.13018355 0.46295037 0.01087695 0.39598912
 9.95581237e-01 3.39904827e-04 3.39904827e-04 3.73895309e-03
 3.39904827e-04 3.39904827e-04 4.58871516e-01 5.40448674e-01
 0.08973487 0.54044867 0.17063222 0.19918423

MOTIF unmod1_l3_f_58
letter-probability matrix: alength= 4 w= 9 
 0.3406326  0.55961071 0.04136253 0.05839416
 9.66747770e-01 8.11030008e-04 8.11030008e-04 3.16301703e-02
 0.25709651 0.00081103 0.5214923  0.22060016
 0.05271695 0.33171127 0.00081103 0.61476075
 0.0243309  0.08272506 0.13219789 0.76074615
 0.60746148 0.26439578 0.12733171 0.00081103
 0.94566099 0.01703163 0.03487429 0.00243309
 0.12570965 0.15247364 0.67072182 0.05109489
 0.11597729 0.24655312 0.30900243 0.32846715

MOTIF unmod1_l3_f_59
letter-probability matrix: alength= 4 w= 9 
 0.07608696 0.08951407 0.10933504 0.72506394
 0.00063939 0.62915601 0.10677749 0.26342711
 0.12276215 0.15473146 0.61317136 0.10933504
 0.03580563 0.31265985 0.4258312  0.22570332
 5.17902813e-02 9.39897698e-01 6.39386189e-04 7.67263427e-03
 0.00831202 0.46930946 0.03196931 0.49040921
 0.57736573 0.2544757  0.02557545 0.14258312
 0.26726343 0.41240409 0.04987212 0.27046036
 0.15664962 0.15345269 0.51790281 0.17199488

MOTIF unmod1_l3_f_60
letter-probability matrix: alength= 4 w= 9 
 0.03642638 0.5226227  0.4309816  0.00996933
 0.15797546 0.64992331 0.14838957 0.04371166
 0.03680982 0.67331288 0.00191718 0.28796012
 3.83435583e-04 6.06978528e-01 2.37730061e-01 1.54907975e-01
 0.00191718 0.26610429 0.51380368 0.21817485
 0.30138037 0.49731595 0.11157975 0.08972393
 0.09969325 0.40184049 0.2446319  0.25383436
 0.05828221 0.4148773  0.29486196 0.23197853
 0.22277607 0.24501534 0.43941718 0.09279141

MOTIF unmod1_l3_f_61
letter-probability matrix: alength= 4 w= 9 
 0.32543554 0.2825784  0.23519164 0.15679443
 0.15505226 0.37944251 0.37839721 0.08710801
 0.08780488 0.4087108  0.46202091 0.04146341
 0.07212544 0.55226481 0.35958188 0.01602787
 0.07944251 0.47770035 0.42404181 0.01881533
 1.56097561e-01 6.07317073e-01 2.36236934e-01 3.48432056e-04
 0.04216028 0.728223   0.22020906 0.00940767
 0.14285714 0.80662021 0.03519164 0.01533101
 0.16167247 0.37735192 0.0533101  0.40766551

MOTIF unmod1_l3_f_62
letter-probability matrix: alength= 4 w= 9 
 0.22802929 0.45372836 0.29460719 0.02363515
 3.50199734e-01 3.83488682e-01 2.65978695e-01 3.32889481e-04
 0.00565912 0.55126498 0.36018642 0.08288948
 6.65778961e-03 9.07456724e-01 8.55525965e-02 3.32889481e-04
 0.07556591 0.87949401 0.02729694 0.01764314
 3.32889481e-04 8.54194407e-01 3.92809587e-02 1.06191744e-01
 0.25732357 0.34986684 0.2723036  0.12050599
 0.21371505 0.26731025 0.36151798 0.15745672
 0.2563249  0.33189081 0.17509987 0.23668442

MOTIF unmod1_l3_f_63
letter-probability matrix: alength= 4 w= 9 
 0.43275632 0.26131824 0.22336884 0.08255659
 0.25399467 0.17809587 0.53095872 0.03695073
 0.11917443 0.05492676 0.74667111 0.0792277 
 0.13681758 0.313249   0.11185087 0.43808256
 0.33954727 0.16544607 0.3322237  0.16278296
 0.5505992  0.16711052 0.05992011 0.22237017
 0.29727031 0.00865513 0.06824234 0.62583222
 0.03828229 0.27996005 0.57856192 0.10319574
 0.10352863 0.16577896 0.54527297 0.18541944

MOTIF unmod1_l3_f_64
letter-probability matrix: alength= 4 w= 9 
 0.56197855 0.15733015 0.181764   0.09892729
 9.98212157e-01 5.95947557e-04 5.95947557e-04 5.95947557e-04
 5.95947557e-04 5.95947557e-04 5.95947557e-04 9.98212157e-01
 5.95947557e-04 5.95947557e-04 9.98212157e-01 5.95947557e-04
 0.09952324 0.18712753 0.43563766 0.27771156
 0.36233611 0.15971395 0.06436234 0.4135876 
 0.24731824 0.25506555 0.05899881 0.4386174 
 0.28724672 0.13647199 0.38259833 0.19368296
 0.39034565 0.1829559  0.2205006  0.20619785

MOTIF unmod1_l3_f_65
letter-probability matrix: alength= 4 w= 9 
 0.47802929 0.16677763 0.08388815 0.27130493
 0.29494008 0.1551265  0.31458056 0.23535286
 9.99001332e-01 3.32889481e-04 3.32889481e-04 3.32889481e-04
 3.32889481e-04 3.32889481e-04 3.32889481e-04 9.99001332e-01
 3.32889481e-04 3.32889481e-04 9.99001332e-01 3.32889481e-04
 0.7247004  0.09320905 0.00732357 0.17476698
 0.20106525 0.4873502  0.19107856 0.12050599
 0.09620506 0.39380826 0.07123835 0.43874834
 0.27896138 0.08621838 0.49567244 0.1391478 

MOTIF unmod1_l3_f_66
letter-probability matrix: alength= 4 w= 9 
 0.12150466 0.29294274 0.35019973 0.23535286
 0.25399467 0.46804261 0.21904128 0.05892144
 3.66844208e-01 3.32889481e-04 5.93874834e-01 3.89480692e-02
 0.04161119 0.18308921 0.51531292 0.25998668
 0.00798935 0.17243675 0.63948069 0.18009321
 0.00466045 0.26498003 0.34920107 0.38115846
 0.48968043 0.11850866 0.34587217 0.04593875
 0.25798935 0.21937417 0.4304261  0.09221039
 0.28062583 0.5505992  0.13082557 0.0379494 

MOTIF unmod1_l3_f_67
letter-probability matrix: alength= 4 w= 9 
 0.38681758 0.25898802 0.15113182 0.20306258
 0.12782956 0.29727031 0.52829561 0.04660453
 0.21937417 0.436751   0.02430093 0.3195739 
 0.71671105 0.17643142 0.04494008 0.06191744
 0.30259654 0.47936085 0.16977364 0.04826897
 3.32889481e-04 8.25565912e-02 7.81957390e-01 1.35153129e-01
 0.63515313 0.15246338 0.1108522  0.10153129
 0.26764314 0.37549933 0.11451398 0.24234354
 0.23768309 0.31291611 0.03362184 0.41577896

MOTIF unmod1_l3_f_68
letter-probability matrix: alength= 4 w= 9 
 0.09085933 0.29228243 0.08155446 0.53530378
 0.36288998 0.15982485 0.24521073 0.23207444
 0.33552271 0.11658456 0.13574165 0.41215107
 0.13847838 0.01642036 0.01423098 0.83087028
 7.65188834e-01 5.47345375e-04 4.92610837e-03 2.29337712e-01
 0.04980843 0.01696771 0.50738916 0.4258347 
 0.43404488 0.12479475 0.41871921 0.02244116
 0.11932129 0.36124795 0.00054735 0.51888342
 0.30103996 0.12698413 0.48823207 0.08374384

MOTIF unmod1_l3_f_69
letter-probability matrix: alength= 4 w= 9 
 0.37316911 0.30758988 0.20339547 0.11584554
 0.91378162 0.01830892 0.05625832 0.01165113
 1.34820240e-01 3.32889481e-04 3.66178429e-03 8.61185087e-01
 3.32889481e-04 3.32889481e-04 8.64513981e-01 1.34820240e-01
 0.66344874 0.0442743  0.28761651 0.00466045
 0.31091877 0.01464714 0.0286285  0.64580559
 0.26997337 0.11118509 0.34920107 0.26964048
 0.16644474 0.13581891 0.51398136 0.18375499
 0.32756325 0.29693742 0.21138482 0.16411451

MOTIF unmod1_l3_f_70
letter-probability matrix: alength= 4 w= 9 
 0.65213049 0.10685752 0.18009321 0.06091877
 0.33055925 0.34953395 0.30592543 0.01398136
 1.39813582e-02 9.36750999e-01 3.32889481e-04 4.89347537e-02
 3.32889481e-04 2.33355526e-01 5.25965379e-02 7.13715047e-01
 0.15712383 0.12283622 0.2659787  0.45406125
 0.02496671 0.186751   0.40312916 0.38515313
 0.3511984  0.44274301 0.05159787 0.15446072
 0.35585885 0.04327563 0.14647137 0.45439414
 0.25599201 0.02596538 0.30659121 0.4114514 

MOTIF unmod1_l3_f_71
letter-probability matrix: alength= 4 w= 9 
 0.36151798 0.46138482 0.09687084 0.08022636
 0.32390146 0.16211718 0.43841545 0.07556591
 0.19873502 0.03828229 0.75466045 0.00832224
 0.13515313 0.01997337 0.76664447 0.07822903
 9.25432756e-02 3.32889481e-04 7.36018642e-01 1.71105193e-01
 2.93608522e-01 3.32889481e-04 6.97403462e-01 8.65512650e-03
 9.92010652e-02 3.32889481e-04 8.71504660e-01 2.89613848e-02
 1.55126498e-01 3.32889481e-04 8.44207723e-01 3.32889481e-04
 0.04826897 0.05292943 0.75       0.1488016 

MOTIF unmod1_l3_f_72
letter-probability matrix: alength= 4 w= 9 
 0.83180915 0.055666   0.03300199 0.07952286
 0.2222664  0.00914513 0.73836978 0.03021869
 0.01033797 0.18648111 0.00516899 0.79801193
 0.10735586 0.15347913 0.16620278 0.57296223
 0.12087475 0.12326044 0.22465209 0.53121272
 0.37614314 0.10178926 0.41073559 0.11133201
 6.79920477e-01 3.97614314e-04 1.49900596e-01 1.69781312e-01
 0.25089463 0.12962227 0.38170974 0.23777336
 0.23817097 0.12206759 0.43936382 0.20039761

MOTIF unmod1_l3_f_73
letter-probability matrix: alength= 4 w= 9 
 0.34594595 0.11747748 0.24252252 0.29405405
 0.27027027 0.21585586 0.16324324 0.35063063
 0.22594595 0.39027027 0.28828829 0.0954955 
 3.62882883e-01 1.65765766e-02 6.20180180e-01 3.60360360e-04
 0.25513514 0.36252252 0.14666667 0.23567568
 0.04504505 0.56936937 0.28036036 0.10522523
 0.68612613 0.20756757 0.06198198 0.04432432
 0.01945946 0.2781982  0.01513514 0.68720721
 0.02954955 0.18558559 0.74738739 0.03747748

MOTIF unmod1_l3_f_74
letter-probability matrix: alength= 4 w= 9 
 0.38715047 0.3418775  0.08022636 0.19074567
 0.58255659 0.2340213  0.09087883 0.09254328
 8.25898802e-01 3.32889481e-04 4.42743009e-02 1.29494008e-01
 0.11584554 0.0126498  0.05758988 0.81391478
 0.0822237  0.01198402 0.68075899 0.22503329
 0.0982024  0.02796272 0.69474035 0.17909454
 0.05093209 0.67177097 0.19540613 0.08189081
 0.54260985 0.20505992 0.10785619 0.14447403
 0.33089214 0.14314248 0.27296937 0.25299601

MOTIF unmod1_l3_f_75
letter-probability matrix: alength= 4 w= 9 
 0.11151798 0.14114514 0.38182423 0.36551265
 0.62217044 0.1930759  0.0539281  0.13082557
 0.69973369 0.01065246 0.09720373 0.19241012
 0.23701731 0.31691079 0.09853529 0.34753662
 0.05559254 0.05426099 0.16944075 0.72070573
 0.18708389 0.02463382 0.70539281 0.08288948
 0.26731025 0.03561917 0.62549933 0.07157124
 0.40346205 0.24334221 0.19540613 0.15778961
 0.26664447 0.46937417 0.1328229  0.13115846

MOTIF unmod1_l3_f_76
letter-probability matrix: alength= 4 w= 9 
 0.27854251 0.24534413 0.35182186 0.1242915 
 0.13238866 0.36396761 0.40809717 0.09554656
 0.01983806 0.68340081 0.27125506 0.02550607
 4.04858300e-04 8.98380567e-01 5.02024291e-02 5.10121457e-02
 0.06072874 0.86882591 0.06801619 0.00242915
 0.04898785 0.87692308 0.03684211 0.03724696
 0.19595142 0.6242915  0.00445344 0.17530364
 0.28421053 0.3340081  0.21781377 0.16396761
 0.22793522 0.21659919 0.33117409 0.2242915 

MOTIF unmod1_l3_f_77
letter-probability matrix: alength= 4 w= 9 
 0.34930876 0.09170507 0.37465438 0.1843318 
 0.00875576 0.33548387 0.31059908 0.34516129
 0.16221198 0.12073733 0.0797235  0.63732719
 0.10368664 0.11059908 0.62626728 0.159447  
 0.22672811 0.26774194 0.13364055 0.3718894 
 0.57926267 0.1078341  0.00645161 0.30645161
 0.0562212  0.02396313 0.50092166 0.41889401
 4.60829493e-04 7.55760369e-02 2.99078341e-01 6.24884793e-01
 0.17926267 0.23548387 0.46774194 0.11751152

MOTIF unmod1_l3_f_78
letter-probability matrix: alength= 4 w= 9 
 0.5080736  0.29402929 0.0552009  0.14269621
 0.20540744 0.26586557 0.1562148  0.3725122 
 0.43146827 0.00525723 0.30792339 0.25535111
 3.75516335e-04 7.59294029e-01 3.75516335e-04 2.39954938e-01
 0.10514457 0.2504694  0.20953811 0.43484792
 0.11340593 0.21254225 0.51145325 0.16259857
 0.33007886 0.00976342 0.55388659 0.10627112
 3.75516335e-04 2.58730755e-01 4.39354112e-01 3.01539617e-01
 0.14006759 0.16184754 0.64776568 0.05031919

MOTIF unmod1_l3_f_79
letter-probability matrix: alength= 4 w= 9 
 0.3559322  0.09304003 0.36602957 0.1849982 
 0.06923909 0.24810674 0.21601154 0.46664263
 0.20375045 0.39127299 0.34150739 0.06346917
 8.57194374e-01 3.60620267e-04 1.42084385e-01 3.60620267e-04
 0.2401731  0.20338983 0.05661738 0.49981969
 0.0746484  0.14893617 0.50486837 0.27154706
