MEME version 5.3.0

ALPHABET= ACGT

strands: + -

Background letter frequencies
A 0.25 C 0.25 G 0.25 T 0.25

MOTIF unmod1_l3_f_0
letter-probability matrix: alength= 4 w= 9 
 0.3248731  0.09847716 0.44873096 0.12791878
 0.00101523 0.32182741 0.00101523 0.67614213
 0.39187817 0.01319797 0.50964467 0.08527919
 0.17969543 0.0822335  0.73299492 0.00507614
 0.33705584 0.12690355 0.43350254 0.10253807
 0.0284264  0.76649746 0.00101523 0.20406091
 0.3248731  0.03147208 0.2        0.44365482
 0.81725888 0.10558376 0.01827411 0.05888325
 0.25989848 0.12588832 0.13908629 0.4751269 

MOTIF unmod1_l3_f_1
letter-probability matrix: alength= 4 w= 9 
 0.59121172 0.11151798 0.20039947 0.09687084
 0.29593875 0.0505992  0.3638482  0.28961385
 3.32889481e-04 2.26031957e-01 5.19640479e-01 2.53994674e-01
 0.05592543 0.05492676 0.19274301 0.69640479
 0.16511318 0.10952064 0.40279627 0.32256991
 0.38049268 0.03761651 0.26697736 0.31491345
 0.25199734 0.1488016  0.14014647 0.45905459
 0.07390146 0.18308921 0.42376831 0.31924101
 0.16677763 0.08122503 0.49933422 0.25266312

MOTIF unmod1_l3_f_2
letter-probability matrix: alength= 4 w= 9 
 0.14392324 0.34115139 0.11833689 0.39658849
 0.49218195 0.16560057 0.25373134 0.08848614
 4.30703625e-01 1.37882018e-01 3.55366027e-04 4.31058991e-01
 0.19083156 0.07391613 0.31876333 0.41648898
 0.19225302 0.00426439 0.63113006 0.17235252
 3.55366027e-04 1.57782516e-01 8.32267235e-01 9.59488273e-03
 0.03802416 0.39339019 0.39161336 0.17697228
 0.40973703 0.03802416 0.54477612 0.00746269
 0.65529495 0.20078181 0.13113006 0.01279318

MOTIF unmod1_l3_f_3
letter-probability matrix: alength= 4 w= 9 
 0.28156863 0.1427451  0.54509804 0.03058824
 3.92156863e-04 9.01960784e-02 4.61176471e-01 4.48235294e-01
 0.16235294 0.0172549  0.71568627 0.10470588
 0.20705882 0.39372549 0.29254902 0.10666667
 2.30588235e-01 3.69019608e-01 3.92156863e-04 4.00000000e-01
 9.31764706e-01 3.92156863e-04 4.31372549e-03 6.35294118e-02
 0.17686275 0.75098039 0.02117647 0.05098039
 0.46509804 0.14588235 0.35921569 0.02980392
 0.81254902 0.02039216 0.14235294 0.02470588

MOTIF unmod1_l3_f_4
letter-probability matrix: alength= 4 w= 9 
 0.34853529 0.34720373 0.15312916 0.15113182
 0.31091877 0.07856192 0.40645806 0.20406125
 0.01131824 0.05459387 0.51664447 0.41744341
 3.32889481e-04 6.99067909e-02 9.23102530e-01 6.65778961e-03
 0.23169108 0.40046605 0.23302264 0.13482024
 0.13082557 0.53595206 0.03928096 0.29394141
 0.09021305 0.15878828 0.03728362 0.71371505
 3.32889481e-04 2.36018642e-01 4.02463382e-01 3.61185087e-01
 0.00732357 0.20439414 0.6707723  0.11750999

MOTIF unmod1_l3_f_5
letter-probability matrix: alength= 4 w= 9 
 0.18541944 0.13881491 0.48535286 0.19041278
 0.23335553 0.38548602 0.37117177 0.00998668
 0.20739015 0.17110519 0.61617843 0.00532623
 0.44174434 0.2276964  0.22636485 0.10419441
 0.10852197 0.06125166 0.14580559 0.68442077
 4.96005326e-01 3.32889481e-04 2.16378162e-02 4.82023968e-01
 0.02663116 0.23635153 0.28994674 0.44707057
 0.28861518 0.33155792 0.1707723  0.20905459
 0.26498003 0.02030626 0.20838881 0.5063249 

MOTIF unmod1_l3_f_6
letter-probability matrix: alength= 4 w= 9 
 0.73801598 0.09287617 0.11684421 0.05226365
 5.07989348e-01 3.32889481e-04 3.32889481e-04 4.91344874e-01
 3.32889481e-04 3.32889481e-04 4.91344874e-01 5.07989348e-01
 0.11051931 0.13548602 0.64913449 0.10486019
 0.37882823 0.18708389 0.13581891 0.29826897
 0.38648469 0.30492676 0.21937417 0.08921438
 0.64114514 0.01498003 0.16245007 0.18142477
 0.17243675 0.1075233  0.14813582 0.57190413
 0.10685752 0.15146471 0.57223702 0.16944075

MOTIF unmod1_l3_f_7
letter-probability matrix: alength= 4 w= 9 
 0.32314924 0.1480611  0.23619271 0.29259694
 0.21347434 0.41754798 0.01096749 0.35801018
 0.36858598 0.01840971 0.06227967 0.55072464
 0.34547591 0.03721112 0.54837446 0.0689385 
 0.10419115 0.51743047 0.0199765  0.35840188
 0.02311007 0.50802977 0.08695652 0.38190364
 0.5738347  0.25460243 0.00861731 0.16294555
 0.34508421 0.09557383 0.21190756 0.34743439
 0.29298864 0.17626322 0.0493537  0.48139444

MOTIF unmod1_l3_f_8
letter-probability matrix: alength= 4 w= 9 
 3.38066261e-04 5.19607843e-01 7.77552400e-03 4.72278567e-01
 0.31575389 0.22413793 0.32589588 0.13421231
 0.54428668 0.06355646 0.29513185 0.09702502
 0.90534145 0.0240027  0.03482082 0.03583502
 2.46788371e-02 4.29344151e-02 3.38066261e-04 9.32048682e-01
 3.38066261e-04 2.73833671e-02 9.19878296e-01 5.24002705e-02
 0.163286   0.31102096 0.1923597  0.33333333
 0.32657201 0.24104124 0.25862069 0.17376606
 0.17410412 0.37525355 0.38167681 0.06896552

MOTIF unmod1_l3_f_9
letter-probability matrix: alength= 4 w= 9 
 0.50066578 0.2023968  0.2183755  0.07856192
 0.66877497 0.09320905 0.09753662 0.14047936
 0.38082557 0.08621838 0.34786951 0.18508655
 0.33288948 0.07090546 0.58155792 0.01464714
 0.01997337 0.13681758 0.64114514 0.20206391
 0.0822237  0.04327563 0.85585885 0.01864181
 3.32889481e-04 3.32889481e-04 1.94740346e-01 8.04593875e-01
 0.12882823 0.24001332 0.62183755 0.00932091
 0.28362184 0.03528628 0.59387483 0.08721704

MOTIF unmod1_l3_f_10
letter-probability matrix: alength= 4 w= 9 
 0.20368098 0.15787321 0.52924335 0.10920245
 0.58486708 0.00654397 0.40777096 0.000818  
 0.0805726  0.30552147 0.09775051 0.51615542
 4.08997955e-04 4.08997955e-04 7.55010225e-01 2.44171779e-01
 0.05194274 0.1394683  0.32719836 0.48139059
 5.76687117e-02 9.08384458e-01 4.08997955e-04 3.35378323e-02
 1.46830266e-01 4.08997955e-04 7.21472393e-01 1.31288344e-01
 0.06707566 0.45030675 0.06707566 0.41554192
 0.12269939 0.41799591 0.29652352 0.16278119

MOTIF unmod1_l3_f_11
letter-probability matrix: alength= 4 w= 9 
 0.04353933 0.14138577 0.16526217 0.64981273
 0.16526217 0.12172285 0.19335206 0.51966292
 0.16573034 0.12406367 0.00749064 0.70271536
 0.30898876 0.04353933 0.51029963 0.13717228
 0.0744382  0.2261236  0.21301498 0.48642322
 4.68164794e-04 1.49812734e-02 3.64232210e-01 6.20318352e-01
 0.02855805 0.15168539 0.16058052 0.65917603
 0.04681648 0.05243446 0.81273408 0.08801498
 0.26825843 0.11610487 0.4508427  0.16479401

MOTIF unmod1_l3_f_12
letter-probability matrix: alength= 4 w= 9 
 3.46020761e-04 7.47404844e-02 3.46020761e-04 9.24567474e-01
 0.57612457 0.05916955 0.30484429 0.05986159
 0.55986159 0.01038062 0.31384083 0.11591696
 0.2384083  0.63079585 0.11384083 0.01695502
 0.19377163 0.10622837 0.09861592 0.60138408
 0.01384083 0.01418685 0.89757785 0.07439446
 0.18235294 0.00346021 0.48304498 0.33114187
 0.15813149 0.09307958 0.62422145 0.12456747
 0.37266436 0.04290657 0.43737024 0.14705882

MOTIF unmod1_l3_f_13
letter-probability matrix: alength= 4 w= 9 
 0.2745553  0.2412993  0.15699923 0.32714617
 0.37896365 0.11678268 0.38283063 0.12142305
 0.21268368 0.0007734  0.60247486 0.18406806
 0.0007734  0.08584687 0.77184841 0.14153132
 0.03866976 0.0007734  0.75328693 0.20726991
 1.23743233e-02 7.73395205e-04 9.86078886e-01 7.73395205e-04
 7.73395205e-04 7.73395205e-04 9.97679814e-01 7.73395205e-04
 7.73395205e-04 1.23743233e-02 9.86078886e-01 7.73395205e-04
 0.0007734  0.33642691 0.60866203 0.05413766

MOTIF unmod1_l3_f_14
letter-probability matrix: alength= 4 w= 9 
 0.17942743 0.24400799 0.38415446 0.19241012
 0.09121172 0.29161119 0.16078562 0.45639148
 3.32889481e-04 2.23035952e-02 6.52463382e-02 9.12117177e-01
 0.12549933 0.1361518  0.13315579 0.60519308
 0.03095872 0.04860186 0.6011984  0.31924101
 0.09121172 0.00599201 0.40545939 0.49733688
 0.33055925 0.40545939 0.0539281  0.21005326
 4.42743009e-02 3.32889481e-04 5.00000000e-01 4.55392810e-01
 0.25366178 0.10419441 0.24134487 0.40079893

MOTIF unmod1_l3_f_15
letter-probability matrix: alength= 4 w= 9 
 0.15545939 0.61484687 0.13715047 0.09254328
 7.70306258e-01 3.32889481e-04 2.29027963e-01 3.32889481e-04
 0.24900133 0.55725699 0.04061252 0.15312916
 0.11617843 0.56358189 0.08521971 0.23501997
 0.34553928 0.02097204 0.54727031 0.08621838
 0.01398136 0.00732357 0.5286285  0.45006658
 0.01098535 0.06491345 0.68774967 0.23635153
 0.04260985 0.00665779 0.61218375 0.3385486 
 0.17543276 0.26031957 0.35086551 0.21338216

MOTIF unmod1_l3_f_16
letter-probability matrix: alength= 4 w= 9 
 0.24766977 0.48202397 0.14447403 0.12583222
 0.10652463 0.39813582 0.43009321 0.06524634
 0.07256991 0.35153129 0.38515313 0.19074567
 6.49134487e-02 5.60252996e-01 3.74500666e-01 3.32889481e-04
 0.01830892 0.82856192 0.08255659 0.07057257
 0.00898802 0.84320905 0.07856192 0.06924101
 0.04460719 0.76531292 0.14414115 0.04593875
 0.06491345 0.75565912 0.15379494 0.02563249
 0.20772304 0.20772304 0.36185087 0.22270306

MOTIF unmod1_l3_f_17
letter-probability matrix: alength= 4 w= 9 
 0.27602131 0.25754885 0.15808171 0.30834813
 0.26749556 0.34955595 0.14600355 0.23694494
 9.98934281e-01 3.55239787e-04 3.55239787e-04 3.55239787e-04
 3.55239787e-04 3.55239787e-04 3.55239787e-04 9.98934281e-01
 3.55239787e-04 3.55239787e-04 9.98934281e-01 3.55239787e-04
 0.22415631 0.07069272 0.51616341 0.18898757
 0.21456483 0.00923623 0.39857904 0.37761989
 0.18294849 0.10905861 0.60639432 0.10159858
 0.3722913 0.1339254 0.2589698 0.2348135

MOTIF unmod1_l3_f_18
letter-probability matrix: alength= 4 w= 9 
 0.08388815 0.60619174 0.14980027 0.16011984
 0.32623169 0.00499334 0.42676431 0.24201065
 0.04893475 0.11517976 0.67643142 0.15945406
 0.29061252 0.09587217 0.30592543 0.30758988
 8.52197071e-02 3.41211718e-01 5.73235686e-01 3.32889481e-04
 0.03195739 0.82756325 0.1011984  0.03928096
 0.14380826 0.61318242 0.16844208 0.07456724
 0.47103862 0.1011984  0.40046605 0.02729694
 0.20905459 0.05958722 0.53062583 0.20073236

MOTIF unmod1_l3_f_19
letter-probability matrix: alength= 4 w= 9 
 0.18163471 0.05449041 0.3481332  0.41574168
 0.04540868 0.05449041 0.04641776 0.85368315
 0.8506559  0.00807265 0.08173562 0.05953582
 0.07769929 0.39152371 0.00403633 0.52674067
 0.01513623 0.2653885  0.64177598 0.07769929
 0.46619576 0.42986882 0.08879919 0.01513623
 0.0938446  0.17759839 0.03632694 0.69223007
 0.08678103 0.85771948 0.04742684 0.00807265
 0.4641776  0.14631685 0.25933401 0.13017154

MOTIF unmod1_l3_f_20
letter-probability matrix: alength= 4 w= 9 
 0.05781391 0.41282746 0.36269196 0.16666667
 4.51671183e-04 6.67118338e-01 5.32971996e-02 2.79132791e-01
 0.09168925 0.5298103  0.2131888  0.16531165
 0.24932249 0.02710027 0.45754291 0.26603433
 8.70370370e-01 4.51671183e-04 4.51671183e-04 1.28726287e-01
 4.06504065e-02 4.51671183e-04 4.51671183e-04 9.58446251e-01
 0.69196025 0.10478771 0.09214092 0.11111111
 0.22493225 0.28455285 0.31165312 0.17886179
 0.13414634 0.18202349 0.22628726 0.45754291

MOTIF unmod1_l3_f_21
letter-probability matrix: alength= 4 w= 9 
 0.08089214 0.49001332 0.23834887 0.19074567
 0.20206391 0.0063249  0.72536618 0.06624501
 0.57956059 0.13848202 0.23568575 0.04627164
 3.32889481e-04 7.62316911e-01 1.38482024e-01 9.88681758e-02
 0.18608522 0.0855526  0.71737683 0.01098535
 0.20705726 0.40645806 0.09320905 0.29327563
 0.45206391 0.08422104 0.44174434 0.02197071
 0.66844208 0.10519308 0.01964048 0.20672437
 0.52896138 0.2057257  0.20406125 0.06125166

MOTIF unmod1_l3_f_22
letter-probability matrix: alength= 4 w= 9 
 0.37549933 0.2023968  0.26431425 0.15778961
 0.36218375 0.17842876 0.33155792 0.12782956
 0.07889481 0.54061252 0.34853529 0.03195739
 0.02829561 0.49733688 0.39081225 0.08355526
 3.32889481e-04 9.90013316e-01 8.98801598e-03 6.65778961e-04
 3.32889481e-04 9.66378162e-01 3.29560586e-02 3.32889481e-04
 0.13082557 0.83621838 0.01930759 0.01364847
 0.10685752 0.75099867 0.04227696 0.09986684
 0.2563249  0.38881491 0.24434088 0.11051931

MOTIF unmod1_l3_f_23
letter-probability matrix: alength= 4 w= 9 
 0.28020566 0.23944179 0.28828498 0.19206757
 0.22328314 0.12522953 0.28094014 0.37054719
 9.21410209e-01 4.77414616e-03 7.34484025e-02 3.67242012e-04
 5.80976864e-01 3.67242012e-04 8.07932427e-02 3.37862651e-01
 0.14285714 0.08520015 0.5952993  0.17664341
 8.85420492e-01 4.40690415e-03 1.09805362e-01 3.67242012e-04
 3.67242012e-04 1.09805362e-01 3.67242012e-04 8.89460154e-01
 3.67242012e-04 3.67242012e-04 9.98898274e-01 3.67242012e-04
 0.18766067 0.09585017 0.41424899 0.30224018

MOTIF unmod1_l3_f_24
letter-probability matrix: alength= 4 w= 9 
 0.67343578 0.03457739 0.05488474 0.23710209
 0.61251372 0.13501647 0.07903403 0.17343578
 0.28649835 0.02634468 0.03293085 0.65422613
 5.48847420e-04 5.48847420e-04 2.03073546e-02 9.78594951e-01
 0.00658617 0.0219539  0.08013172 0.89132821
 0.0417124  0.00054885 0.5219539  0.43578485
 0.30021954 0.02305159 0.56421515 0.11251372
 0.48408342 0.15751921 0.08616905 0.27222832
 0.17947311 0.03073546 0.17727772 0.61251372

MOTIF unmod1_l3_f_25
letter-probability matrix: alength= 4 w= 9 
 0.59262982 0.21842546 0.05494137 0.13400335
 2.13735343e-01 2.17755444e-01 3.35008375e-04 5.68174204e-01
 2.99162479e-01 3.35008375e-04 4.86767169e-01 2.13735343e-01
 0.58023451 0.0921273  0.26566164 0.06197655
 0.42747069 0.03484087 0.03082077 0.50686767
 1.57118928e-01 3.35008375e-04 4.72361809e-01 3.70184255e-01
 0.09246231 0.10820771 0.47135678 0.3279732 
 0.22445561 0.19262982 0.40703518 0.1758794 
 0.25092127 0.22680067 0.23484087 0.28743719

MOTIF unmod1_l3_f_26
letter-probability matrix: alength= 4 w= 9 
 0.1907464  0.19598429 0.59886512 0.01440419
 6.54735923e-03 4.36490615e-04 4.92361414e-01 5.00654736e-01
 6.19816674e-02 4.36490615e-04 3.38716718e-01 5.98865124e-01
 0.03142732 0.2095155  0.57442165 0.18463553
 0.21518987 0.0977739  0.56831078 0.11872545
 0.15713662 0.10868616 0.36141423 0.37276299
 8.85202968e-01 4.36490615e-04 4.36490615e-04 1.13924051e-01
 0.11916194 0.44478394 0.16979485 0.26625928
 0.46617198 0.20820602 0.10344828 0.22217372

MOTIF unmod1_l3_f_27
letter-probability matrix: alength= 4 w= 9 
 6.63730985e-01 2.79423539e-01 5.64451561e-02 4.00320256e-04
 0.81465172 0.04483587 0.07846277 0.06204964
 0.57886309 0.0336269  0.31465172 0.07285829
 4.00320256e-04 5.34827862e-01 7.52602082e-02 3.89511609e-01
 4.00320256e-04 4.00320256e-04 4.00320256e-03 9.95196157e-01
 4.00320256e-04 4.00320256e-04 9.76781425e-01 2.24179343e-02
 0.13490793 0.08807046 0.44435548 0.33266613
 0.18254604 0.08726982 0.07005604 0.6601281 
 0.28823058 0.12009608 0.16293034 0.42874299

MOTIF unmod1_l3_f_28
letter-probability matrix: alength= 4 w= 9 
 0.09087883 0.25399467 0.63149134 0.02363515
 0.2183755  0.06724368 0.19107856 0.52330226
 0.14747004 0.01298269 0.23535286 0.60419441
 0.26964048 0.13249001 0.2849534  0.31291611
 0.04727031 0.10619174 0.64147803 0.20505992
 0.02496671 0.64980027 0.17443409 0.15079893
 0.19773635 0.75166445 0.00432756 0.04627164
 0.08521971 0.04660453 0.48701731 0.38115846
 0.07822903 0.32723036 0.42743009 0.16711052

MOTIF unmod1_l3_f_29
letter-probability matrix: alength= 4 w= 9 
 4.92676431e-01 4.80026631e-01 3.32889481e-04 2.69640479e-02
 0.10352863 0.10985353 0.76131824 0.0252996 
 0.15712383 0.2150466  0.05326232 0.57456724
 3.32889481e-04 2.12050599e-01 4.35419441e-01 3.52197071e-01
 0.6488016  0.04460719 0.02163782 0.2849534 
 9.06790945e-01 6.35818908e-02 2.92942743e-02 3.32889481e-04
 0.12516644 0.61118509 0.22669774 0.03695073
 0.15878828 0.52929427 0.04826897 0.26364847
 0.30093209 0.1614514  0.32523302 0.21238349

MOTIF unmod1_l3_f_30
letter-probability matrix: alength= 4 w= 9 
 0.29494008 0.3069241  0.18109188 0.21704394
 0.52163782 0.1171771  0.29960053 0.06158455
 0.19407457 0.21371505 0.3165779  0.27563249
 3.32889481e-04 3.32889481e-04 2.36351531e-02 9.75699068e-01
 6.52130493e-01 3.32889481e-04 3.47203728e-01 3.32889481e-04
 7.42010652e-01 1.76431425e-02 2.40013316e-01 3.32889481e-04
 1.53129161e-02 3.32889481e-04 3.32889481e-04 9.84021305e-01
 0.79893475 0.00998668 0.18541944 0.00565912
 7.24367510e-01 3.32889481e-04 2.74966711e-01 3.32889481e-04

MOTIF unmod1_l3_f_31
letter-probability matrix: alength= 4 w= 9 
 0.31921397 0.14628821 0.25196507 0.28253275
 0.19868996 0.16724891 0.31965066 0.31441048
 4.36681223e-04 4.36681223e-04 2.57641921e-02 9.73362445e-01
 9.51528384e-01 4.36681223e-04 2.00873362e-02 2.79475983e-02
 0.20960699 0.00786026 0.77074236 0.01179039
 4.36681223e-04 4.36681223e-04 4.36681223e-04 9.98689956e-01
 6.54148472e-01 4.36681223e-04 3.44978166e-01 4.36681223e-04
 7.87336245e-01 4.36681223e-04 2.11790393e-01 4.36681223e-04
 0.37117904 0.19912664 0.28646288 0.14323144

MOTIF unmod1_l3_f_32
letter-probability matrix: alength= 4 w= 9 
 0.14647981 0.25625626 0.4034034  0.19386053
 0.22989656 0.06106106 0.22889556 0.48014681
 0.45045045 0.0647314  0.29462796 0.19019019
 0.20086753 0.08108108 0.70236904 0.01568235
 0.04871538 0.62362362 0.31831832 0.00934268
 3.33667000e-04 7.79446113e-01 2.19886553e-01 3.33667000e-04
 3.33667000e-04 6.93360027e-01 1.63163163e-01 1.43143143e-01
 0.02702703 0.52285619 0.39005672 0.06006006
 0.11511512 0.26359693 0.35035035 0.2709376 

MOTIF unmod1_l3_f_33
letter-probability matrix: alength= 4 w= 9 
 0.27463382 0.34920107 0.20439414 0.17177097
 0.23468708 0.18009321 0.29327563 0.29194407
 0.10352863 0.32090546 0.11984021 0.4557257 
 0.50399467 0.34553928 0.10585885 0.04460719
 5.52596538e-02 5.60252996e-01 3.84154461e-01 3.32889481e-04
 4.26098535e-02 2.99600533e-03 9.54061252e-01 3.32889481e-04
 0.27896138 0.38548602 0.20406125 0.13149134
 0.33754993 0.19540613 0.00466045 0.46238349
 0.88515313 0.00832224 0.07023968 0.03628495

MOTIF unmod1_l3_f_34
letter-probability matrix: alength= 4 w= 9 
 0.13360693 0.26584587 0.05745554 0.54309166
 0.25626995 0.2375741  0.05654355 0.4496124 
 0.12859097 0.5371637  0.24897401 0.08527132
 0.03511172 0.5380757  0.19106247 0.23575011
 0.21340629 0.31509348 0.22571819 0.24578203
 4.37756498e-02 8.25809394e-01 4.55996352e-04 1.29958960e-01
 0.41769266 0.43000456 0.13953488 0.0127679 
 0.15640675 0.36434109 0.35430917 0.124943  
 0.25170999 0.16826265 0.12950296 0.4505244 

MOTIF unmod1_l3_f_35
letter-probability matrix: alength= 4 w= 9 
 0.39647137 0.15778961 0.32323569 0.12250333
 0.40412783 0.41711052 0.16544607 0.01331558
 0.45905459 0.13249001 0.24700399 0.1614514 
 3.32889481e-04 3.32889481e-04 9.71371505e-01 2.79627164e-02
 3.32889481e-04 3.32889481e-04 3.66178429e-03 9.95672437e-01
 3.32889481e-04 3.32889481e-04 9.99001332e-01 3.32889481e-04
 3.32889481e-04 9.65379494e-03 9.86351531e-01 3.66178429e-03
 0.189747   0.16711052 0.38648469 0.25665779
 0.10552597 0.27430093 0.37549933 0.24467377

MOTIF unmod1_l3_f_36
letter-probability matrix: alength= 4 w= 9 
 0.20694397 0.21588175 0.19663114 0.38054314
 0.36369887 0.49329667 0.09006531 0.05293915
 0.45788931 0.16053627 0.07837745 0.30319697
 0.44345136 0.48573393 0.06256446 0.00825026
 0.05843933 0.12925404 0.32829151 0.48401513
 0.15194225 0.25541423 0.08594019 0.50670333
 0.5665177  0.08559642 0.00653145 0.34135442
 0.14437951 0.15366105 0.32244758 0.37951186
 0.09040908 0.66208319 0.15125473 0.09625301

MOTIF unmod1_l3_f_37
letter-probability matrix: alength= 4 w= 9 
 0.2723036  0.11750999 0.49833555 0.11185087
 0.35852197 0.07223702 0.23501997 0.33422104
 0.3069241  0.09653795 0.39513981 0.20139814
 0.13182423 0.02563249 0.49800266 0.34454061
 0.07390146 0.48668442 0.17210386 0.26731025
 0.06458056 0.36617843 0.4304261  0.13881491
 3.32889481e-04 3.97137150e-01 2.83288948e-01 3.19241012e-01
 0.02063915 0.96338216 0.00499334 0.01098535
 0.1075233  0.72969374 0.05426099 0.10852197

MOTIF unmod1_l3_f_38
letter-probability matrix: alength= 4 w= 9 
 0.44906166 0.10924933 0.12399464 0.31769437
 0.17359249 0.33646113 0.19772118 0.2922252 
 0.56099196 0.04758713 0.0536193  0.33780161
 0.66756032 0.15951743 0.16689008 0.00603217
 0.41487936 0.0536193  0.00536193 0.52613941
 6.70241287e-03 6.97721180e-01 6.70241287e-04 2.94906166e-01
 0.02010724 0.25737265 0.06099196 0.66152815
 0.00067024 0.04892761 0.60790885 0.3424933 
 0.22050938 0.02949062 0.73793566 0.01206434

MOTIF unmod1_l3_f_39
letter-probability matrix: alength= 4 w= 9 
 0.14946738 0.45139814 0.05193076 0.34720373
 0.04460719 0.00565912 0.89280959 0.0569241 
 0.19640479 0.04260985 0.23435419 0.52663116
 3.32889481e-04 1.02529960e-01 3.50532623e-01 5.46604527e-01
 0.47936085 0.13948069 0.12083888 0.26031957
 0.50765646 0.26398136 0.00865513 0.21970706
 3.44207723e-01 2.64647137e-01 3.32889481e-04 3.90812250e-01
 0.12782956 0.53828229 0.10585885 0.22802929
 0.20406125 0.44340879 0.34154461 0.01098535

MOTIF unmod1_l3_f_40
letter-probability matrix: alength= 4 w= 9 
 0.2514928  0.29399368 0.27959255 0.17492097
 0.2462241  0.21355813 0.36143309 0.17878469
 3.51246927e-04 3.51246927e-04 3.51246927e-04 9.98946259e-01
 7.81875659e-01 3.51246927e-04 2.17421848e-01 3.51246927e-04
 3.35792062e-01 3.51246927e-04 6.63505444e-01 3.51246927e-04
 3.51246927e-04 3.51246927e-04 3.51246927e-04 9.98946259e-01
 7.94871795e-01 3.51246927e-04 2.04425711e-01 3.51246927e-04
 5.89041096e-01 3.51246927e-04 4.10256410e-01 3.51246927e-04
 0.38356164 0.16438356 0.28029505 0.17175975

MOTIF unmod1_l3_f_41
letter-probability matrix: alength= 4 w= 9 
 0.15716569 0.42621204 0.32818327 0.088439  
 0.28129995 0.01118807 0.38891849 0.3185935 
 0.25519446 0.33777304 0.1981886  0.2088439 
 0.14917421 0.65423548 0.0213106  0.1752797 
 0.31752797 0.28875866 0.07938199 0.31433138
 0.0335642  0.00692595 0.28449654 0.67501332
 0.34523175 0.06979222 0.18007459 0.40490144
 0.2866276  0.04102291 0.50399574 0.16835376
 0.06180075 0.29195525 0.19925413 0.44698988

MOTIF unmod1_l3_f_42
letter-probability matrix: alength= 4 w= 9 
 3.39443313e-04 3.98845893e-01 7.46775289e-03 5.93346911e-01
 0.03767821 0.32959946 0.26069246 0.37202987
 0.3173795  0.08316361 0.30040733 0.29904956
 0.88526816 0.01120163 0.05023761 0.0532926 
 3.86965377e-02 3.39443313e-04 2.88526816e-02 9.32111337e-01
 2.37610319e-03 3.39443313e-04 8.38764426e-01 1.58520027e-01
 0.06992532 0.41989138 0.18533605 0.32484725
 0.44568907 0.03835709 0.34860828 0.16734555
 0.34589274 0.12050238 0.27596741 0.25763747

MOTIF unmod1_l3_f_43
letter-probability matrix: alength= 4 w= 9 
 0.25339367 0.04812834 0.46894282 0.22953517
 0.03249691 0.23652818 0.41752365 0.31345125
 0.63389552 0.2883587  0.04442616 0.03331962
 1.13533525e-01 4.11353353e-04 2.69847799e-01 6.16207322e-01
 5.26943645e-01 4.11353353e-04 4.17935006e-01 5.47099959e-02
 0.34759358 0.07815714 0.23076923 0.34348005
 0.27396133 0.02797203 0.6137392  0.08432744
 0.41916907 0.29247223 0.15425751 0.13410119
 0.35088441 0.04977376 0.21184698 0.38749486

MOTIF unmod1_l3_f_44
letter-probability matrix: alength= 4 w= 9 
 0.25965379 0.32623169 0.17210386 0.24201065
 0.20039947 0.63948069 0.11151798 0.04860186
 3.32889481e-04 3.70505992e-01 5.27962716e-01 1.01198402e-01
 0.25898802 0.23135819 0.46038615 0.04926764
 0.09054594 0.5505992  0.09221039 0.26664447
 0.02896138 0.27097204 0.23035952 0.46970706
 0.37882823 0.08655126 0.28661784 0.24800266
 0.11051931 0.50599201 0.24400799 0.13948069
 0.33055925 0.17676431 0.33189081 0.16078562

MOTIF unmod1_l3_f_45
letter-probability matrix: alength= 4 w= 9 
 0.04967949 0.15224359 0.19551282 0.6025641 
 0.23237179 0.4775641  0.27884615 0.01121795
 0.36698718 0.16666667 0.25801282 0.20833333
 0.34455128 0.3125     0.27884615 0.06410256
 0.1025641  0.11378205 0.78205128 0.00160256
 0.33333333 0.10897436 0.54647436 0.01121795
 0.00160256 0.10897436 0.54647436 0.34294872
 0.00160256 0.00160256 0.57692308 0.41987179
 0.25160256 0.05288462 0.66025641 0.03525641

MOTIF unmod1_l3_f_46
letter-probability matrix: alength= 4 w= 9 
 0.24922866 0.22797395 0.45834762 0.06444978
 0.55845046 0.148783   0.12341447 0.16935207
 0.13986973 0.72814535 0.10250257 0.02948234
 0.27219746 0.15186836 0.20363387 0.37230031
 0.22077477 0.35721632 0.16009599 0.26191292
 0.0497086  0.53033939 0.13986973 0.28008228
 0.08090504 0.33253342 0.11038738 0.47617415
 0.18443606 0.57901954 0.05553651 0.18100788
 0.25539938 0.40109702 0.06170723 0.28179637

MOTIF unmod1_l3_f_47
letter-probability matrix: alength= 4 w= 9 
 0.23069241 0.53229028 0.09420772 0.14280959
 0.24733688 0.14913449 0.58288948 0.02063915
 0.00532623 0.11351531 0.02996005 0.8511984 
 3.32889481e-04 2.12383489e-01 1.49800266e-02 7.72303595e-01
 0.03129161 0.01498003 0.37450067 0.5792277 
 0.16378162 0.44107856 0.09287617 0.30226365
 0.30592543 0.01398136 0.38482024 0.29527297
 0.22203728 0.19806924 0.2373502  0.34254328
 0.11850866 0.29027963 0.48901465 0.10219707

MOTIF unmod1_l3_f_48
letter-probability matrix: alength= 4 w= 9 
 0.45681974 0.12919808 0.34167238 0.0723098 
 0.68917066 0.04660727 0.24194654 0.02227553
 0.2131597  0.18368746 0.18574366 0.41740918
 0.36360521 0.04763537 0.52021933 0.0685401 
 0.23235093 0.0030843  0.52296093 0.24160384
 0.03289925 0.25085675 0.46333105 0.25291295
 0.04215216 0.0740233  0.68608636 0.19773818
 0.19191227 0.26833448 0.33995888 0.19979438
 0.04352296 0.05620288 0.85229609 0.04797807

MOTIF unmod1_l3_f_49
letter-probability matrix: alength= 4 w= 9 
 0.34126333 0.07383101 0.41837572 0.16652994
 0.29860541 0.0754717  0.00656276 0.61936013
 0.29860541 0.37161608 0.25266612 0.07711239
 0.10910582 0.04511895 0.05742412 0.78835111
 0.01886792 0.12387203 0.01066448 0.84659557
 8.20344545e-04 8.20344545e-04 2.29696473e-02 9.75389664e-01
 8.25266612e-01 8.20344545e-04 1.36177194e-01 3.77358491e-02
 0.71287941 0.00984413 0.27645611 0.00082034
 0.09269893 0.09351928 0.61279737 0.20098441

MOTIF unmod1_l3_f_50
letter-probability matrix: alength= 4 w= 9 
 0.16562615 0.28534704 0.15424165 0.39478516
 0.24935733 0.09511568 0.44215938 0.21336761
 0.27286082 0.12743298 0.51560779 0.08409842
 0.42159383 0.01615865 0.52331987 0.03892765
 0.01211899 0.02166728 0.5655527  0.40066104
 0.34557473 0.21300037 0.10723467 0.33419023
 0.40984209 0.22365039 0.22732281 0.13918472
 0.49283878 0.02019831 0.45060595 0.03635696
 0.35549027 0.12192435 0.16819684 0.35438854

MOTIF unmod1_l3_f_51
letter-probability matrix: alength= 4 w= 9 
 0.15189873 0.17886626 0.34397358 0.32526142
 5.50357733e-04 5.50357733e-04 5.50357733e-04 9.98348927e-01
 7.42432581e-01 5.50357733e-04 2.56466703e-01 5.50357733e-04
 2.98293891e-01 5.50357733e-04 7.00605394e-01 5.50357733e-04
 5.50357733e-04 5.50357733e-04 5.50357733e-04 9.98348927e-01
 9.48816731e-01 5.50357733e-04 5.00825537e-02 5.50357733e-04
 0.49862411 0.00055036 0.50027518 0.00055036
 0.32801321 0.20693451 0.35498074 0.11007155
 0.31425427 0.14859659 0.30324711 0.23390204

MOTIF unmod1_l3_f_52
letter-probability matrix: alength= 4 w= 9 
 0.20605859 0.43708389 0.13315579 0.22370173
 0.89580559 0.03062583 0.05925433 0.01431425
 3.64513981e-01 1.94074567e-01 3.32889481e-04 4.41078562e-01
 0.2752996  0.07756325 0.55226365 0.0948735 
 0.49766977 0.00466045 0.38149134 0.11617843
 0.13715047 0.17043941 0.08055925 0.61185087
 0.00199734 0.13382157 0.60685752 0.25732357
 0.05326232 0.20372836 0.4523968  0.29061252
 0.33921438 0.37716378 0.1298269  0.15379494

MOTIF unmod1_l3_f_53
letter-probability matrix: alength= 4 w= 9 
 0.13415446 0.68109188 0.0948735  0.08988016
 0.35585885 0.59387483 0.02130493 0.02896138
 1.33155792e-02 3.32889481e-04 9.48735020e-01 3.76165113e-02
 3.32889481e-04 5.27296937e-01 2.17376831e-01 2.54993342e-01
 0.11617843 0.30758988 0.02097204 0.55525965
 0.11451398 0.39047936 0.17942743 0.31557923
 3.32889481e-04 5.66245007e-01 3.16910786e-01 1.16511318e-01
 0.32190413 0.40046605 0.12050599 0.15712383
 0.53628495 0.16111851 0.13049268 0.17210386

MOTIF unmod1_l3_f_54
letter-probability matrix: alength= 4 w= 9 
 0.02083333 0.25       0.625      0.10416667
 0.02083333 0.02083333 0.02083333 0.9375    
 0.72916667 0.02083333 0.22916667 0.02083333
 0.375      0.02083333 0.58333333 0.02083333
 0.02083333 0.02083333 0.02083333 0.9375    
 0.9375     0.02083333 0.02083333 0.02083333
 0.9375     0.02083333 0.02083333 0.02083333
 0.02083333 0.02083333 0.02083333 0.9375    
 0.02083333 0.02083333 0.9375     0.02083333

MOTIF unmod1_l3_f_55
letter-probability matrix: alength= 4 w= 9 
 0.00214592 0.00214592 0.00214592 0.99356223
 0.86909871 0.00214592 0.12660944 0.00214592
 0.12875536 0.00214592 0.86695279 0.00214592
 0.2360515  0.00214592 0.45708155 0.30472103
 0.77896996 0.00214592 0.00214592 0.2167382 
 0.30686695 0.15450644 0.18669528 0.35193133
 0.29184549 0.62017167 0.08583691 0.00214592
 0.03648069 0.80901288 0.15236052 0.00214592
 0.1695279  0.21030043 0.34763948 0.27253219

MOTIF unmod1_l3_f_56
letter-probability matrix: alength= 4 w= 9 
 0.5189747  0.38348868 0.06058589 0.03695073
 0.45372836 0.17110519 0.32123835 0.0539281 
 3.32889481e-04 5.48934754e-01 3.09587217e-02 4.19773635e-01
 0.27396804 0.29627164 0.15079893 0.27896138
 0.21937417 0.06225033 0.59753662 0.12083888
 0.38881491 0.17243675 0.20406125 0.23468708
 0.13382157 0.67376831 0.04727031 0.14513981
 0.16278296 0.29560586 0.46138482 0.08022636
 0.19906791 0.66211718 0.03894807 0.09986684

MOTIF unmod1_l3_f_57
letter-probability matrix: alength= 4 w= 9 
 0.01830892 0.04593875 0.40279627 0.53295606
 0.23501997 0.20505992 0.33521971 0.2247004 
 0.32956059 0.23768309 0.15446072 0.27829561
 0.58355526 0.20905459 0.13781625 0.0695739 
 0.55026631 0.01298269 0.1551265  0.2816245 
 3.87150466e-01 3.32889481e-04 3.32889481e-04 6.12183755e-01
 4.18442077e-01 3.32889481e-04 2.43342210e-01 3.37882823e-01
 0.29227696 0.1201731  0.07356858 0.51398136
 0.6488016  0.01664447 0.29560586 0.03894807

MOTIF unmod1_l3_f_58
letter-probability matrix: alength= 4 w= 9 
 0.2912783  0.1361518  0.49400799 0.07856192
 0.05226365 0.560253   0.05792277 0.32956059
 0.12782956 0.49201065 0.35918775 0.02097204
 0.22569907 0.27396804 0.43109188 0.06924101
 0.30958722 0.26331558 0.16378162 0.26331558
 0.39147803 0.21537949 0.30525965 0.08788282
 0.2563249  0.34087883 0.22237017 0.1804261 
 0.07123835 0.02363515 0.88448735 0.02063915
 0.07157124 0.1517976  0.63715047 0.13948069

MOTIF unmod1_l3_f_59
letter-probability matrix: alength= 4 w= 9 
 0.63504208 0.15799541 0.08530987 0.12165264
 0.14804897 0.17788829 0.08033665 0.59372609
 0.43190513 0.02371844 0.51071155 0.03366488
 0.57153787 0.09143076 0.06771232 0.26931905
 0.09640398 0.07918898 0.27811783 0.54628921
 0.48699311 0.00956389 0.49808722 0.00535578
 0.11820964 0.04246366 0.09984698 0.73947972
 0.11629686 0.07230298 0.77390972 0.03749044
 0.21002295 0.15493497 0.38944147 0.24560061

MOTIF unmod1_l3_f_60
letter-probability matrix: alength= 4 w= 9 
 0.18908123 0.23668442 0.27796272 0.29627164
 0.19906791 0.27962716 0.34287617 0.17842876
 3.32889481e-04 3.32889481e-04 2.69640479e-02 9.72370173e-01
 8.88482024e-01 3.32889481e-04 8.75499334e-02 2.36351531e-02
 3.15246338e-01 3.32889481e-04 6.80758988e-01 3.66178429e-03
 3.32889481e-04 3.32889481e-04 3.32889481e-04 9.99001332e-01
 6.54793609e-01 3.32889481e-04 3.44540613e-01 3.32889481e-04
 6.80426099e-01 3.32889481e-04 3.18908123e-01 3.32889481e-04
 0.31191744 0.22569907 0.24866844 0.21371505

MOTIF unmod1_l3_f_61
letter-probability matrix: alength= 4 w= 9 
 0.53062583 0.22403462 0.15679095 0.0885486 
 0.55592543 0.32689747 0.06624501 0.05093209
 0.7816245  0.07356858 0.12916112 0.01564581
 0.4810253  0.21271638 0.01464714 0.29161119
 0.12083888 0.19806924 0.31458056 0.36651132
 6.08521971e-01 3.32889481e-04 3.84487350e-01 6.65778961e-03
 3.32889481e-04 6.19174434e-02 3.29227696e-01 6.08521971e-01
 0.1011984  0.15645806 0.72836218 0.01398136
 0.0885486  0.14047936 0.5665779  0.20439414

MOTIF unmod1_l3_f_62
letter-probability matrix: alength= 4 w= 9 
 0.66644474 0.13715047 0.13814913 0.05825566
 6.98735020e-01 3.32889481e-04 3.32889481e-04 3.00599201e-01
 3.32889481e-04 3.32889481e-04 3.00599201e-01 6.98735020e-01
 0.01564581 0.08255659 0.74500666 0.15679095
 0.43641811 0.44374168 0.02396804 0.09587217
 0.19041278 0.03528628 0.67842876 0.09587217
 0.03961385 0.25033289 0.48801598 0.22203728
 0.17842876 0.36750999 0.35219707 0.10186418
 0.2563249  0.32090546 0.31291611 0.10985353

MOTIF unmod1_l3_f_63
letter-probability matrix: alength= 4 w= 9 
 0.34007353 0.12408088 0.11488971 0.42095588
 0.12867647 0.15441176 0.56617647 0.15073529
 9.19117647e-04 9.19117647e-04 4.96323529e-02 9.48529412e-01
 0.75183824 0.01654412 0.23069853 0.00091912
 0.42555147 0.04963235 0.52389706 0.00091912
 0.84283088 0.10477941 0.04136029 0.01102941
 0.04779412 0.11672794 0.00091912 0.83455882
 0.00091912 0.0625     0.83363971 0.10294118
 0.23529412 0.34650735 0.21323529 0.20496324

MOTIF unmod1_l3_f_64
letter-probability matrix: alength= 4 w= 9 
 0.04560586 0.52629827 0.00399467 0.4241012 
 0.23601864 0.0063249  0.63082557 0.12683089
 0.42776298 0.27962716 0.15745672 0.13515313
 0.13448735 0.56790945 0.00565912 0.29194407
 0.33189081 0.09587217 0.38249001 0.189747  
 0.11551265 0.16577896 0.6328229  0.08588549
 0.48868176 0.4587217  0.02396804 0.0286285 
 0.12450067 0.03628495 0.30459387 0.53462051
 0.00432756 0.29560586 0.66411451 0.03595206

MOTIF unmod1_l3_f_65
letter-probability matrix: alength= 4 w= 9 
 0.19274568 0.11514129 0.28511177 0.40700127
 0.29649937 0.09531843 0.54702657 0.06115563
 4.21762969e-04 4.21762969e-04 4.93884437e-01 5.05272037e-01
 4.72374526e-01 6.74820751e-03 5.20455504e-01 4.21762969e-04
 3.33192746e-02 4.21762969e-04 9.26613243e-01 3.96457191e-02
 4.21762969e-04 3.50063264e-02 5.25516660e-01 4.39055251e-01
 0.30029523 0.01687052 0.38000844 0.30282581
 0.5364825  0.09320962 0.31463518 0.05567271
 0.18093631 0.23998313 0.46984395 0.10923661

MOTIF unmod1_l3_f_66
letter-probability matrix: alength= 4 w= 9 
 0.05223881 0.08446404 0.28867028 0.57462687
 5.49525102e-01 3.39213026e-04 4.29104478e-01 2.10312076e-02
 0.6224559  0.1665536  0.16621438 0.04477612
 0.41892809 0.17571235 0.28459973 0.12075984
 9.98982361e-01 3.39213026e-04 3.39213026e-04 3.39213026e-04
 3.39213026e-04 3.39213026e-04 3.39213026e-04 9.98982361e-01
 3.39213026e-04 3.39213026e-04 9.98982361e-01 3.39213026e-04
 0.11160109 0.30698779 0.32123474 0.26017639
 0.30834464 0.09396201 0.46709634 0.13059701

MOTIF unmod1_l3_f_67
letter-probability matrix: alength= 4 w= 9 
 0.3355526  0.30525965 0.19707057 0.16211718
 0.05892144 0.12916112 0.439747   0.37217044
 0.06191744 0.02663116 0.8482024  0.063249  
 3.32889481e-04 3.36551265e-01 6.42809587e-01 2.03062583e-02
 5.75898802e-01 3.32889481e-04 3.71837550e-01 5.19307590e-02
 0.08455393 0.07123835 0.12549933 0.71870839
 0.35652463 0.00565912 0.63348868 0.00432756
 0.26664447 0.18575233 0.19773635 0.34986684
 0.24001332 0.16977364 0.44840213 0.14181092

MOTIF unmod1_l3_f_68
letter-probability matrix: alength= 4 w= 9 
 0.2879494  0.04161119 0.59720373 0.07323569
 0.08155792 0.3448735  0.16111851 0.41245007
 0.17609854 0.23435419 0.35985353 0.22969374
 0.95805593 0.00266312 0.02796272 0.01131824
 5.02663116e-02 3.32889481e-04 3.32889481e-04 9.49067909e-01
 3.36218375e-02 3.32889481e-04 9.36418109e-01 2.96271638e-02
 0.45905459 0.00832224 0.43209055 0.10053262
 0.31191744 0.16011984 0.2087217  0.31924101
 0.32556591 0.10585885 0.30825566 0.26031957

MOTIF unmod1_l3_f_69
letter-probability matrix: alength= 4 w= 9 
 0.19095869 0.2954014  0.15978176 0.35385814
 0.17498051 0.23460639 0.22447389 0.3659392 
 0.39516758 0.27045986 0.12042089 0.21395168
 1.88620421e-01 5.88464536e-01 3.89711613e-04 2.22525331e-01
 0.43920499 0.01130164 0.36009353 0.18939984
 9.98830865e-01 3.89711613e-04 3.89711613e-04 3.89711613e-04
 3.89711613e-04 3.89711613e-04 3.89711613e-04 9.98830865e-01
 3.89711613e-04 3.89711613e-04 9.98830865e-01 3.89711613e-04
 0.06780982 0.20498831 0.45206547 0.2751364 

MOTIF unmod1_l3_f_70
letter-probability matrix: alength= 4 w= 9 
 0.29895796 0.31620553 0.37693137 0.00790514
 0.32123608 0.00970176 0.39346029 0.27560187
 3.59324470e-04 5.10240747e-01 4.83650737e-01 5.74919152e-03
 3.59324470e-04 9.82393101e-01 3.59324470e-03 1.36543299e-02
 0.20984549 0.08480057 0.67445203 0.0309019 
 0.00359324 0.121811   0.70643191 0.16816385
 0.08012936 0.01581028 0.40998922 0.49407115
 0.13079411 0.17606899 0.14840101 0.5447359 
 0.02659001 0.34099892 0.26230686 0.3701042 

MOTIF unmod1_l3_f_71
letter-probability matrix: alength= 4 w= 9 
 0.65645806 0.0982024  0.21105193 0.03428762
 0.00499334 0.03062583 0.00565912 0.9587217 
 0.04260985 0.02263648 0.73235686 0.2023968 
 0.31557923 0.55892144 0.00665779 0.11884154
 0.27430093 0.07356858 0.46870839 0.1834221 
 0.86817577 0.01564581 0.03528628 0.08089214
 0.34287617 0.14081225 0.29027963 0.22603196
 0.14513981 0.36584554 0.35985353 0.12916112
 0.16877497 0.10286285 0.60319574 0.12516644

MOTIF unmod1_l3_f_72
letter-probability matrix: alength= 4 w= 9 
 0.20372836 0.313249   0.18708389 0.29593875
 0.25133156 0.2310253  0.25432756 0.26331558
 3.32889481e-04 3.32889481e-04 3.32889481e-04 9.99001332e-01
 7.22703063e-01 3.32889481e-04 2.76631158e-01 3.32889481e-04
 6.21837550e-01 3.32889481e-04 3.77496671e-01 3.32889481e-04
 3.32889481e-04 3.32889481e-04 3.32889481e-04 9.99001332e-01
 8.14913449e-01 3.32889481e-04 1.84420772e-01 3.32889481e-04
 6.70106525e-01 3.32889481e-04 3.29227696e-01 3.32889481e-04
 0.38182423 0.06424767 0.36418109 0.189747  

MOTIF unmod1_l3_f_73
letter-probability matrix: alength= 4 w= 9 
 0.29194407 0.26398136 0.34653795 0.09753662
 0.25266312 0.03595206 0.51364847 0.19773635
 0.11018642 0.26364847 0.20006658 0.42609854
 0.07723036 0.33089214 0.48268975 0.10918775
 0.31058589 0.22902796 0.42909454 0.03129161
 3.32889481e-04 7.09720373e-01 2.85619174e-01 4.32756325e-03
 3.32889481e-04 2.21371505e-01 7.55992011e-01 2.23035952e-02
 0.38115846 0.15679095 0.39214381 0.06990679
 0.04294274 0.36917443 0.10419441 0.48368842

MOTIF unmod1_l3_f_74
letter-probability matrix: alength= 4 w= 9 
 0.32743029 0.21100226 0.25697061 0.20459683
 0.70045215 0.06179352 0.07950264 0.1582517 
 0.28259231 0.05764883 0.1435569  0.51620196
 0.02336096 0.09155991 0.47588546 0.40919367
 0.4042954  0.1507159  0.35832705 0.08666164
 0.69894499 0.03805576 0.00339111 0.25960814
 3.76789751e-04 8.36473248e-02 1.94800301e-01 7.21175584e-01
 0.05614167 0.15146948 0.74905803 0.04333082
 0.21778448 0.3455162  0.24755087 0.18914846

MOTIF unmod1_l3_f_75
letter-probability matrix: alength= 4 w= 9 
 0.15614392 0.16938221 0.12525458 0.54921928
 0.11235574 0.31296673 0.25254582 0.3221317 
 0.5227427  0.07773252 0.33740665 0.06211813
 0.41751527 0.09300747 0.15003394 0.33944331
 0.65784114 0.11235574 0.17345553 0.05634759
 9.66055669e-01 5.43109301e-03 2.81737950e-02 3.39443313e-04
 3.39443313e-04 2.88526816e-02 2.03665988e-03 9.68771215e-01
 3.39443313e-04 2.44399185e-02 9.71147318e-01 4.07331976e-03
 0.48947726 0.04616429 0.29260014 0.17175832

MOTIF unmod1_l3_f_76
letter-probability matrix: alength= 4 w= 9 
 0.11206897 0.12931034 0.43103448 0.32758621
 0.00862069 0.72413793 0.00862069 0.25862069
 0.00862069 0.00862069 0.97413793 0.00862069
 0.62068966 0.07758621 0.12931034 0.17241379
 0.24137931 0.00862069 0.74137931 0.00862069
 0.00862069 0.74137931 0.00862069 0.24137931
 0.00862069 0.00862069 0.24137931 0.74137931
 0.21551724 0.00862069 0.76724138 0.00862069
 0.64655172 0.00862069 0.00862069 0.3362069 

MOTIF unmod1_l3_f_77
letter-probability matrix: alength= 4 w= 9 
 0.17243675 0.18908123 0.42942743 0.20905459
 0.3482024  0.26431425 0.18242344 0.20505992
 0.373502   0.50033289 0.03894807 0.08721704
 0.32889481 0.24700399 0.40778961 0.01631158
 0.11950732 0.21171771 0.57356858 0.09520639
 0.02962716 0.23868176 0.63581891 0.09587217
 0.00832224 0.16178429 0.72070573 0.10918775
 0.0505992  0.02396804 0.91245007 0.01298269
 0.13448735 0.07889481 0.71770972 0.06890812

MOTIF unmod1_l3_f_78
letter-probability matrix: alength= 4 w= 9 
 0.21142433 0.1884273  0.10385757 0.4962908 
 0.46216617 0.13724036 0.28189911 0.11869436
 0.36646884 0.00074184 0.63204748 0.00074184
 0.60534125 0.00074184 0.25890208 0.13501484
 0.00074184 0.58011869 0.39243323 0.02670623
 4.08011869e-02 7.41839763e-04 7.41839763e-04 9.57715134e-01
 7.41839763e-04 7.41839763e-04 9.57715134e-01 4.08011869e-02
 9.97774481e-01 7.41839763e-04 7.41839763e-04 7.41839763e-04
 0.18249258 0.32418398 0.25667656 0.23664688

MOTIF unmod1_l3_f_79
letter-probability matrix: alength= 4 w= 9 
 8.39214381e-01 1.19507324e-01 3.32889481e-04 4.09454061e-02
 3.39547270e-02 1.07856192e-01 3.32889481e-04 8.57856192e-01
 0.03861518 0.00432756 0.86750999 0.08954727
 0.08588549 0.32856192 0.23568575 0.34986684
