MEME version 5.3.0

ALPHABET= ACGT

strands: + -

Background letter frequencies
A 0.25 C 0.25 G 0.25 T 0.25

MOTIF unmod1_l3_f_0
letter-probability matrix: alength= 4 w= 9 
 0.2310253  0.37483356 0.2912783  0.10286285
 2.39014647e-01 8.05592543e-02 6.80093209e-01 3.32889481e-04
 0.01464714 0.01098535 0.94773635 0.02663116
 3.32889481e-04 1.39480692e-01 8.28561917e-01 3.16245007e-02
 0.00233023 0.05725699 0.44007989 0.50033289
 3.32889481e-04 3.32889481e-04 1.06191744e-01 8.93142477e-01
 7.56324900e-01 5.55925433e-02 1.87749667e-01 3.32889481e-04
 0.47403462 0.04227696 0.47536618 0.00832224
 0.3482024  0.18908123 0.13681758 0.3258988 

MOTIF unmod1_l3_f_1
letter-probability matrix: alength= 4 w= 9 
 4.74700399e-01 3.32889481e-02 4.91677763e-01 3.32889481e-04
 0.03661784 0.2942743  0.29161119 0.37749667
 0.03628495 0.13748336 0.24067909 0.5855526 
 0.95472703 0.01331558 0.02796272 0.00399467
 4.80692410e-01 3.32889481e-04 1.56458056e-02 5.03328895e-01
 4.99334221e-01 3.32889481e-04 5.00000000e-01 3.32889481e-04
 0.03462051 0.00732357 0.92243675 0.03561917
 0.21737683 0.34221039 0.37316911 0.06724368
 0.30259654 0.10585885 0.48302264 0.10852197

MOTIF unmod1_l3_f_2
letter-probability matrix: alength= 4 w= 9 
 0.12797619 0.33035714 0.16852679 0.37313988
 0.71651786 0.01264881 0.26785714 0.00297619
 0.51004464 0.2406994  0.1968006  0.05245536
 0.1235119  0.50223214 0.22767857 0.14657738
 0.33072917 0.66183036 0.00446429 0.00297619
 3.72023810e-04 5.85565476e-01 6.06398810e-02 3.53422619e-01
 0.01041667 0.13653274 0.8452381  0.0078125 
 0.26339286 0.44270833 0.14285714 0.15104167
 0.16778274 0.34188988 0.07254464 0.41778274

MOTIF unmod1_l3_f_3
letter-probability matrix: alength= 4 w= 9 
 0.13051044 0.08758701 0.22737819 0.55452436
 0.18677494 0.3636891  0.33294664 0.11658933
 0.42111369 0.50348028 0.07482599 0.00058005
 0.55684455 0.00986079 0.32540603 0.10788863
 0.55510441 0.40313225 0.00638051 0.03538283
 0.52436195 0.17517401 0.01102088 0.28944316
 0.10150812 0.0562645  0.27030162 0.57192575
 5.80046404e-04 5.80046404e-04 8.14965197e-01 1.83874710e-01
 0.08816705 0.00986079 0.80510441 0.09686775

MOTIF unmod1_l3_f_4
letter-probability matrix: alength= 4 w= 9 
 0.6062417  0.16069057 0.11288181 0.12018592
 0.48074369 0.00066401 0.00066401 0.51792829
 0.00066401 0.00066401 0.51792829 0.48074369
 6.64010624e-04 1.22841965e-01 8.75830013e-01 6.64010624e-04
 0.42231076 0.33266932 0.11088977 0.13413015
 0.12018592 0.22310757 0.52589641 0.13081009
 0.31142098 0.33798141 0.25431607 0.09628154
 0.22377158 0.33930943 0.38579017 0.05112882
 0.21779548 0.48339973 0.17729084 0.12151394

MOTIF unmod1_l3_f_5
letter-probability matrix: alength= 4 w= 9 
 0.73468708 0.09387483 0.0442743  0.12716378
 0.1454727  0.00699068 0.01431425 0.83322237
 0.08022636 0.01298269 0.73368842 0.17310253
 0.29327563 0.10053262 0.51731025 0.08888149
 0.54360852 0.19573901 0.00332889 0.25732357
 0.08954727 0.15446072 0.28961385 0.46637816
 0.33688415 0.15545939 0.45672437 0.05093209
 0.46770972 0.08888149 0.24201065 0.20139814
 0.40579228 0.12150466 0.16910786 0.30359521

MOTIF unmod1_l3_f_6
letter-probability matrix: alength= 4 w= 9 
 0.5822237  0.15479361 0.24034621 0.02263648
 0.41278296 0.13814913 0.33688415 0.11218375
 0.4557257  0.09786951 0.28661784 0.15978695
 0.38781625 0.03761651 0.53561917 0.03894807
 0.02130493 0.09886818 0.43741678 0.44241012
 3.32889481e-04 4.16777630e-01 5.53928096e-01 2.89613848e-02
 0.02929427 0.13015979 0.78928096 0.05126498
 0.16045273 0.13049268 0.45539281 0.25366178
 0.18575233 0.07423435 0.48302264 0.25699068

MOTIF unmod1_l3_f_7
letter-probability matrix: alength= 4 w= 9 
 0.26795026 0.15804252 0.21981548 0.35419174
 4.42438829e-01 3.28920979e-02 4.01123145e-04 5.24267950e-01
 0.21540313 0.10429202 0.09987966 0.58042519
 5.53549940e-02 4.01123145e-04 8.42358604e-01 1.01885279e-01
 3.38547934e-01 4.01123145e-04 5.95667870e-01 6.53830726e-02
 0.86522262 0.0208584  0.10348977 0.0104292 
 0.5286803  0.01083032 0.33533895 0.12515042
 0.44965905 0.30886482 0.19253911 0.04893702
 0.65383073 0.21901324 0.00401123 0.12314481

MOTIF unmod1_l3_f_8
letter-probability matrix: alength= 4 w= 9 
 0.64588357 0.19462625 0.09645195 0.06303824
 0.08749569 0.31519118 0.39717534 0.20013779
 3.44471237e-04 3.90285911e-01 5.72166724e-01 3.72028936e-02
 9.64519463e-03 1.86014468e-02 3.44471237e-04 9.71408887e-01
 0.78780572 0.02583534 0.17705822 0.00930072
 0.87943507 0.04925939 0.06889425 0.0024113 
 0.13916638 0.21184981 0.62245952 0.02652429
 0.60316914 0.0551154  0.03341371 0.30830176
 0.37891836 0.13778849 0.08784017 0.39545298

MOTIF unmod1_l3_f_9
letter-probability matrix: alength= 4 w= 9 
 0.08917683 0.0632622  0.09679878 0.7507622 
 0.16006098 0.06097561 0.03277439 0.74618902
 0.12881098 0.07012195 0.32469512 0.47637195
 0.18521341 0.01448171 0.11432927 0.68597561
 0.40853659 0.02591463 0.36737805 0.19817073
 0.02286585 0.11661585 0.08155488 0.77896341
 7.62195122e-04 1.14329268e-02 4.03963415e-02 9.47408537e-01
 0.21646341 0.01448171 0.08993902 0.67911585
 0.14786585 0.18902439 0.27667683 0.38643293

MOTIF unmod1_l3_f_10
letter-probability matrix: alength= 4 w= 9 
 0.28619642 0.24198448 0.17482281 0.29699629
 1.03273709e-01 3.37495781e-04 2.26459669e-01 6.69929126e-01
 0.18258522 0.30340871 0.08977388 0.4242322 
 0.01991225 0.86095174 0.0958488  0.02328721
 0.45190685 0.13769828 0.36584543 0.04454944
 1.94735066e-01 3.37495781e-04 3.11508606e-01 4.93418832e-01
 0.09314884 0.04252447 0.05366183 0.81066487
 0.22814715 0.02598718 0.49206885 0.25379683
 0.04556193 0.04623692 0.38002025 0.5281809 

MOTIF unmod1_l3_f_11
letter-probability matrix: alength= 4 w= 9 
 0.13660316 0.11957844 0.5788407  0.16497771
 0.14795298 0.18200243 0.07944872 0.59059587
 0.2882043  0.02310499 0.63113093 0.05755979
 1.60924199e-01 4.05350628e-04 8.38265099e-01 4.05350628e-04
 0.01337657 0.1625456  0.78719092 0.03688691
 0.00445886 0.36035671 0.23631942 0.39886502
 0.38792055 0.12241589 0.10498581 0.38467775
 0.30320227 0.15160113 0.22051074 0.32468585
 0.32144305 0.02877989 0.63275233 0.01702473

MOTIF unmod1_l3_f_12
letter-probability matrix: alength= 4 w= 9 
 0.09560524 0.01696222 0.10562837 0.78180416
 0.28527371 0.10485736 0.32922128 0.28064765
 0.05242868 0.02390131 0.0462606  0.87740941
 0.11642251 0.45489591 0.14032382 0.28835775
 0.07093292 0.76252891 0.00077101 0.16576715
 0.09791827 0.15882806 0.02467232 0.71858134
 0.83577487 0.00385505 0.0231303  0.13723978
 0.53970702 0.14494988 0.06476484 0.25057826
 0.4001542  0.24055513 0.11488049 0.24441018

MOTIF unmod1_l3_f_13
letter-probability matrix: alength= 4 w= 9 
 0.25662814 0.2603671  0.38613188 0.09687288
 0.36437797 0.15805574 0.00543848 0.4721278 
 0.70292318 0.07545887 0.18762746 0.03399048
 3.39904827e-04 3.39904827e-04 7.45411285e-01 2.53908906e-01
 0.03127124 0.02005438 0.05166553 0.89700884
 0.06050306 0.14513936 0.71549966 0.07885792
 0.72705642 0.02039429 0.04418763 0.20836166
 0.42895989 0.36029912 0.05506458 0.15567641
 0.267845   0.07885792 0.0492862  0.60401088

MOTIF unmod1_l3_f_14
letter-probability matrix: alength= 4 w= 9 
 6.67199148e-01 5.64430245e-02 2.75825346e-01 5.32481363e-04
 0.19009585 0.11182109 0.6171459  0.08093717
 0.30670927 0.11608094 0.24121406 0.33599574
 8.43982961e-01 2.60915868e-02 1.29392971e-01 5.32481363e-04
 0.55324814 0.13844515 0.1112886  0.1970181 
 0.07188498 0.23109691 0.08040469 0.61661342
 5.64962726e-01 9.53141640e-02 3.39190628e-01 5.32481363e-04
 1.86368477e-01 9.10543131e-02 5.32481363e-04 7.22044728e-01
 0.46325879 0.09584665 0.18903088 0.25186368

MOTIF unmod1_l3_f_15
letter-probability matrix: alength= 4 w= 9 
 0.36582654 0.19495923 0.24128984 0.19792439
 0.31245367 0.23091179 0.19570052 0.26093403
 0.15381764 0.2153447  0.27057079 0.36026686
 3.70644922e-04 3.70644922e-04 3.70644922e-04 9.98888065e-01
 6.86434396e-01 3.70644922e-04 3.12824314e-01 3.70644922e-04
 9.64047443e-01 3.70644922e-04 3.52112676e-02 3.70644922e-04
 3.70644922e-04 2.12379540e-01 3.70644922e-04 7.86879170e-01
 0.07449963 0.08450704 0.80318755 0.03780578
 0.52409192 0.04855448 0.18828762 0.23906597

MOTIF unmod1_l3_f_16
letter-probability matrix: alength= 4 w= 9 
 0.64181092 0.19074567 0.09121172 0.07623169
 0.50166445 0.06724368 0.35652463 0.07456724
 0.02896138 0.21637816 0.19906791 0.55559254
 3.32889481e-04 1.72436751e-01 3.30892144e-01 4.96338216e-01
 0.20472703 0.13848202 0.27729694 0.37949401
 0.25366178 0.14280959 0.22636485 0.37716378
 0.65745672 0.05592543 0.07123835 0.21537949
 0.10918775 0.01398136 0.30758988 0.56924101
 0.10252996 0.10486019 0.70972037 0.08288948

MOTIF unmod1_l3_f_17
letter-probability matrix: alength= 4 w= 9 
 0.0385439  0.334404   0.0385439  0.58850821
 4.33975732e-01 2.64810849e-01 3.00856531e-01 3.56887937e-04
 0.4793005  0.14703783 0.28229836 0.09136331
 0.20770878 0.26980728 0.45824411 0.06423983
 0.40221271 0.17951463 0.04853676 0.3697359 
 0.04568166 0.30692363 0.12705211 0.52034261
 0.01070664 0.44396859 0.49321913 0.05210564
 3.56887937e-04 2.79800143e-01 6.59172020e-01 6.06709493e-02
 0.334404   0.29550321 0.26766595 0.10242684

MOTIF unmod1_l3_f_18
letter-probability matrix: alength= 4 w= 9 
 0.58754603 0.09842651 0.25945765 0.0545698 
 0.08771342 0.13190492 0.40140609 0.37897556
 0.20823569 0.09173083 0.30934048 0.390693  
 8.29594911e-01 2.61131570e-02 3.34784064e-04 1.43957148e-01
 0.07030465 0.07432206 0.01707399 0.8382993 
 0.40374958 0.02008704 0.41546702 0.16069635
 0.33913626 0.03749582 0.57315032 0.05021761
 0.02879143 0.05557415 0.81218614 0.10344828
 0.16538333 0.04151322 0.54871108 0.24439237

MOTIF unmod1_l3_f_19
letter-probability matrix: alength= 4 w= 9 
 0.30390225 0.2786756  0.26803311 0.14938904
 0.3232164  0.22703981 0.29483642 0.15490737
 0.46590461 0.08040993 0.13677572 0.31690974
 0.25463145 0.42215215 0.30271975 0.02049665
 0.65786362 0.03113914 0.14741821 0.16357903
 0.0748916  0.07094994 0.18762318 0.66653528
 3.94166338e-04 6.42491131e-02 8.54552621e-01 8.08040993e-02
 0.05833662 0.20181317 0.59992117 0.13992905
 0.33346472 0.03153331 0.42767048 0.20733149

MOTIF unmod1_l3_f_20
letter-probability matrix: alength= 4 w= 9 
 0.25593668 0.16094987 0.35092348 0.23218997
 0.77308707 0.00263852 0.00263852 0.22163588
 0.40369393 0.02110818 0.35356201 0.22163588
 0.55408971 0.22163588 0.00263852 0.22163588
 0.00263852 0.33245383 0.57255937 0.09234828
 0.95514512 0.00263852 0.03957784 0.00263852
 0.00263852 0.24274406 0.48812665 0.26649077
 0.00263852 0.2585752  0.07387863 0.66490765
 0.40897098 0.41688654 0.10026385 0.07387863

MOTIF unmod1_l3_f_21
letter-probability matrix: alength= 4 w= 9 
 0.33005761 0.33005761 0.21958658 0.1202982 
 0.2246696  0.27312775 0.28803795 0.21416469
 0.02473738 0.2023043  0.76956964 0.00338868
 4.20196544e-02 3.38868180e-04 9.57302609e-01 3.38868180e-04
 0.03964758 0.10708234 0.79837343 0.05489665
 3.38868180e-04 8.99017282e-01 2.54151135e-02 7.52287360e-02
 0.52219587 0.02372077 0.41680786 0.0372755 
 0.01762115 0.25482887 0.39952558 0.3280244 
 0.030837   0.12639783 0.8061674  0.03659776

MOTIF unmod1_l3_f_22
letter-probability matrix: alength= 4 w= 9 
 0.19074567 0.03661784 0.76864181 0.00399467
 2.01731025e-01 3.32889481e-04 7.97603196e-01 3.32889481e-04
 0.12150466 0.56424767 0.26031957 0.0539281 
 0.07656458 0.33055925 0.0948735  0.49800266
 0.76398136 0.00499334 0.03395473 0.19707057
 0.13182423 0.1644474  0.24134487 0.46238349
 0.17809587 0.00299601 0.76464714 0.05426099
 0.36784288 0.36418109 0.07390146 0.19407457
 0.19707057 0.23801598 0.23069241 0.33422104

MOTIF unmod1_l3_f_23
letter-probability matrix: alength= 4 w= 9 
 0.16078562 0.24766977 0.54394141 0.0476032 
 0.16478029 0.20739015 0.4270972  0.20073236
 0.09121172 0.03229028 0.26797603 0.60852197
 0.08322237 0.03761651 0.68608522 0.1930759 
 0.30193076 0.21804261 0.10186418 0.37816245
 0.18375499 0.75399467 0.05925433 0.00299601
 0.01697736 0.43808256 0.04560586 0.49933422
 2.86617843e-01 3.85153129e-01 3.32889481e-04 3.27896138e-01
 0.41178429 0.32223702 0.03861518 0.22736352

MOTIF unmod1_l3_f_24
letter-probability matrix: alength= 4 w= 9 
 0.40279627 0.19507324 0.37716378 0.02496671
 0.16644474 0.0252996  0.47436751 0.33388815
 0.02396804 0.03761651 0.15312916 0.78528628
 2.62649800e-01 3.32889481e-04 3.19241012e-01 4.17776298e-01
 0.06591212 0.06191744 0.53029294 0.3418775 
 1.43142477e-01 1.16511318e-02 3.32889481e-04 8.44873502e-01
 0.81790945 0.00332889 0.03561917 0.14314248
 6.93741678e-01 3.32889481e-04 2.98601864e-01 7.32356858e-03
 0.33954727 0.09320905 0.48135819 0.08588549

MOTIF unmod1_l3_f_25
letter-probability matrix: alength= 4 w= 9 
 0.20326357 0.049663   0.69492728 0.05214615
 0.17630365 0.09045761 0.57006031 0.16317843
 0.2124867  0.27137283 0.09329549 0.42284498
 9.19120255e-01 3.54735722e-04 5.17914154e-02 2.87335935e-02
 3.54735722e-04 3.54735722e-04 2.87335935e-02 9.70556935e-01
 4.32777581e-02 3.54735722e-04 9.35792834e-01 2.05746719e-02
 0.44377439 0.16601632 0.13231642 0.25789287
 0.32245477 0.08655552 0.42816602 0.1628237 
 0.18552678 0.04150408 0.43703441 0.33593473

MOTIF unmod1_l3_f_26
letter-probability matrix: alength= 4 w= 9 
 0.60685752 0.03462051 0.33655126 0.02197071
 0.48934754 0.11251664 0.35186418 0.04627164
 0.22569907 0.45139814 0.10053262 0.22237017
 0.77996005 0.07057257 0.14414115 0.00532623
 0.54826897 0.1488016  0.00499334 0.29793609
 0.08688415 0.32490013 0.37050599 0.21770972
 6.20505992e-01 3.32889481e-04 3.51198402e-01 2.79627164e-02
 0.09520639 0.06591212 0.22270306 0.61617843
 0.32989348 0.00166445 0.65213049 0.01631158

MOTIF unmod1_l3_f_27
letter-probability matrix: alength= 4 w= 9 
 0.0349284  0.34020258 0.10757946 0.51728956
 0.24030737 0.22179532 0.49493538 0.04296193
 5.79811387e-02 9.08138316e-01 3.35312609e-02 3.49283968e-04
 0.05763185 0.28047503 0.00523926 0.65665386
 0.04924904 0.76528117 0.15193853 0.03353126
 0.31575271 0.0478519  0.31540342 0.32099197
 0.72406567 0.02514845 0.24030737 0.01047852
 0.12015368 0.15997206 0.21271394 0.50716032
 0.65071603 0.23052742 0.05937827 0.05937827

MOTIF unmod1_l3_f_28
letter-probability matrix: alength= 4 w= 9 
 0.00333333 0.02333333 0.69       0.28333333
 0.20333333 0.27       0.19333333 0.33333333
 0.27333333 0.13333333 0.55333333 0.04      
 0.26       0.23       0.00333333 0.50666667
 0.00333333 0.73333333 0.00333333 0.26      
 0.26       0.52333333 0.00333333 0.21333333
 0.05333333 0.35       0.05333333 0.54333333
 0.20333333 0.15666667 0.55333333 0.08666667
 0.03666667 0.35       0.31333333 0.3       

MOTIF unmod1_l3_f_29
letter-probability matrix: alength= 4 w= 9 
 0.32123835 0.10785619 0.4304261  0.14047936
 0.12949401 0.2087217  0.07256991 0.58921438
 0.00366178 0.6581225  0.03561917 0.30259654
 3.32889481e-04 4.26098535e-02 5.77896138e-01 3.79161119e-01
 5.75898802e-02 4.89347537e-02 8.93142477e-01 3.32889481e-04
 5.70905459e-01 3.32889481e-04 3.71171771e-01 5.75898802e-02
 0.49667111 0.06258322 0.19873502 0.24201065
 0.24400799 0.02330226 0.49101198 0.24167776
 0.23035952 0.23368842 0.24900133 0.28695073

MOTIF unmod1_l3_f_30
letter-probability matrix: alength= 4 w= 9 
 0.00732357 0.06924101 0.25432756 0.66910786
 0.20073236 0.02696405 0.57689747 0.19540613
 0.20838881 0.39414115 0.10086551 0.29660453
 7.30026631e-01 4.62716378e-02 3.32889481e-04 2.23368842e-01
 0.16478029 0.05792277 0.48535286 0.29194407
 0.42143808 0.38881491 0.17143808 0.01830892
 0.32756325 0.42276964 0.2247004  0.02496671
 0.25532623 0.30858855 0.01964048 0.41644474
 0.16511318 0.2087217  0.16944075 0.45672437

MOTIF unmod1_l3_f_31
letter-probability matrix: alength= 4 w= 9 
 0.82314815 0.03888889 0.07824074 0.05972222
 0.02453704 0.02685185 0.23055556 0.71805556
 1.88888889e-01 4.62962963e-04 8.10185185e-01 4.62962963e-04
 3.16666667e-01 4.62962963e-04 5.50462963e-01 1.32407407e-01
 0.375      0.00046296 0.16342593 0.46111111
 0.01157407 0.00277778 0.88240741 0.10324074
 0.09537037 0.05185185 0.7587963  0.09398148
 0.24537037 0.02731481 0.65185185 0.07546296
 0.23472222 0.11527778 0.40555556 0.24444444

MOTIF unmod1_l3_f_32
letter-probability matrix: alength= 4 w= 9 
 0.61318242 0.02996005 0.34121172 0.01564581
 0.13149134 0.2340213  0.25932091 0.37516644
 0.16977364 0.61551265 0.17942743 0.03528628
 9.36418109e-01 3.32889481e-04 6.29161119e-02 3.32889481e-04
 0.2942743  0.05892144 0.01498003 0.63182423
 0.19906791 0.07789614 0.66711052 0.05592543
 0.65579228 0.11517976 0.0918775  0.13715047
 0.25499334 0.13515313 0.09454061 0.51531292
 0.09920107 0.06591212 0.68541944 0.14946738

MOTIF unmod1_l3_f_33
letter-probability matrix: alength= 4 w= 9 
 0.1688758  0.18311242 0.41875307 0.22925871
 8.83161512e-01 4.90918017e-04 8.83652430e-02 2.79823270e-02
 4.90918017e-04 4.76190476e-02 4.61462936e-02 9.05743741e-01
 4.90918017e-04 4.90918017e-04 9.80854197e-01 1.81639666e-02
 4.90918017e-04 3.82916053e-02 8.81197840e-01 8.00196367e-02
 4.90918017e-04 2.07658321e-01 6.55866470e-01 1.35984291e-01
 0.10014728 0.59597447 0.07854688 0.22533137
 0.26656848 0.18114875 0.45311733 0.09916544
 0.12862052 0.46097202 0.27344134 0.13696613

MOTIF unmod1_l3_f_34
letter-probability matrix: alength= 4 w= 9 
 0.5374359  0.05401709 0.35555556 0.05299145
 0.43452991 0.43931624 0.03316239 0.09299145
 5.88717949e-01 1.57606838e-01 2.53333333e-01 3.41880342e-04
 0.67350427 0.14940171 0.02529915 0.15179487
 0.0991453  0.02974359 0.16273504 0.70837607
 3.63418803e-01 3.41880342e-04 6.35897436e-01 3.41880342e-04
 0.06324786 0.00957265 0.4765812  0.45059829
 3.44273504e-01 1.96239316e-01 4.59145299e-01 3.41880342e-04
 0.09777778 0.12957265 0.60307692 0.16957265

MOTIF unmod1_l3_f_35
letter-probability matrix: alength= 4 w= 9 
 0.05142166 0.19661222 0.34059286 0.41137326
 0.01270417 0.02419843 0.14337568 0.81972172
 0.05142166 0.00362976 0.02661827 0.91833031
 0.03811252 0.15547489 0.41318814 0.39322444
 0.1645493  0.01028433 0.03750756 0.7876588 
 0.31397459 0.07743497 0.4107683  0.19782214
 7.25347852e-01 6.04960678e-04 2.50453721e-01 2.35934664e-02
 0.52631579 0.02419843 0.11796733 0.33151845
 0.33151845 0.09618875 0.05868119 0.51361162

MOTIF unmod1_l3_f_36
letter-probability matrix: alength= 4 w= 9 
 0.22802929 0.27729694 0.29227696 0.2023968 
 0.2057257  0.18142477 0.5729028  0.03994674
 0.11784288 0.7120506  0.02330226 0.14680426
 0.2276964  0.72170439 0.04793609 0.00266312
 0.4587217  0.34620506 0.06058589 0.13448735
 0.00932091 0.31291611 0.14713715 0.53062583
 0.04527297 0.28561917 0.21404794 0.45505992
 0.68708389 0.08155792 0.19274301 0.03861518
 0.08821571 0.21904128 0.01697736 0.67576565

MOTIF unmod1_l3_f_37
letter-probability matrix: alength= 4 w= 9 
 0.27030626 0.04061252 0.57822903 0.1108522 
 0.16311585 0.26065246 0.23868176 0.33754993
 0.16644474 0.1551265  0.14780293 0.53062583
 0.69906791 0.11251664 0.12949401 0.05892144
 0.17143808 0.54727031 0.27130493 0.00998668
 0.81557923 0.03994674 0.06225033 0.0822237 
 1.88748336e-01 6.32490013e-03 3.32889481e-04 8.04593875e-01
 0.01864181 0.00732357 0.81158455 0.16245007
 0.00299601 0.14447403 0.62150466 0.2310253 

MOTIF unmod1_l3_f_38
letter-probability matrix: alength= 4 w= 9 
 0.77603968 0.01297215 0.16749332 0.04349485
 0.05684853 0.00572301 0.57420832 0.36322014
 9.15681038e-03 2.20526517e-01 3.81533766e-04 7.69935139e-01
 0.33231591 0.06753148 0.26173216 0.33842045
 0.04311332 0.19801602 0.01449828 0.74437238
 0.88859214 0.06409767 0.02212896 0.02518123
 0.03739031 0.06409767 0.0904235  0.80808852
 0.09576498 0.22319725 0.57993132 0.10110645
 0.26478443 0.15566578 0.4078596  0.17169019

MOTIF unmod1_l3_f_39
letter-probability matrix: alength= 4 w= 9 
 0.03362201 0.0376974  0.86449312 0.06418747
 0.27152318 0.36321956 0.09475293 0.27050433
 0.2134488  0.01630158 0.21803362 0.552216  
 1.03922567e-01 5.09424350e-04 3.60163016e-01 5.35404992e-01
 0.00050942 0.09780948 0.46306673 0.43861437
 0.01833928 0.04431992 0.60621498 0.33112583
 0.01528273 0.05552725 0.52012226 0.40906775
 0.14926133 0.08252674 0.64544065 0.12277127
 0.07131941 0.25980642 0.43657667 0.2322975 

MOTIF unmod1_l3_f_40
letter-probability matrix: alength= 4 w= 9 
 0.01 0.62 0.36 0.01
 0.07 0.01 0.24 0.68
 0.01 0.01 0.97 0.01
 0.01 0.01 0.6  0.38
 0.01 0.47 0.26 0.26
 0.22 0.01 0.76 0.01
 0.01 0.01 0.01 0.97
 0.01 0.97 0.01 0.01
 0.45 0.47 0.01 0.07

MOTIF unmod1_l3_f_41
letter-probability matrix: alength= 4 w= 9 
 8.12916112e-01 2.33022636e-03 1.84420772e-01 3.32889481e-04
 0.2689747  0.03595206 0.12183755 0.57323569
 0.20938748 0.01631158 0.55159787 0.22270306
 0.59054594 0.02330226 0.00565912 0.38049268
 0.10186418 0.24467377 0.06790945 0.5855526 
 0.12450067 0.0982024  0.56524634 0.2120506 
 0.32356858 0.33322237 0.1834221  0.15978695
 0.04494008 0.15545939 0.29727031 0.50233023
 0.45073236 0.1361518  0.0885486  0.32456724

MOTIF unmod1_l3_f_42
letter-probability matrix: alength= 4 w= 9 
 0.42443409 0.13448735 0.29061252 0.15046605
 0.32556591 0.09221039 0.53229028 0.04993342
 0.13149134 0.17343542 0.61584554 0.0792277 
 0.00432756 0.73968043 0.21571238 0.04027963
 0.00665779 0.76065246 0.05925433 0.17343542
 0.33921438 0.58355526 0.06890812 0.00832224
 0.16611185 0.10785619 0.2659787  0.46005326
 0.34121172 0.07822903 0.08488682 0.49567244
 0.24034621 0.55858855 0.07822903 0.12283622

MOTIF unmod1_l3_f_43
letter-probability matrix: alength= 4 w= 9 
 0.11400512 0.51366354 0.15243382 0.21989752
 0.60802733 0.09777968 0.27028181 0.02391119
 0.43595218 0.28052946 0.24594364 0.03757472
 0.34158839 0.23356106 0.26046114 0.16438941
 1.95132365e-01 2.57899231e-01 5.46541418e-01 4.26985482e-04
 0.14901793 0.02391119 0.74850555 0.07856533
 4.26985482e-04 1.70794193e-02 8.22801025e-01 1.59692570e-01
 4.26985482e-04 4.26985482e-04 8.16396243e-01 1.82749787e-01
 0.00341588 0.27369769 0.32023911 0.40264731

MOTIF unmod1_l3_f_44
letter-probability matrix: alength= 4 w= 9 
 0.12849534 0.51431425 0.14946738 0.20772304
 8.64513981e-01 3.32889481e-04 1.34820240e-01 3.32889481e-04
 0.19540613 0.36850866 0.07190413 0.36418109
 0.10153129 0.26464714 0.54227696 0.09154461
 6.34154461e-01 8.65512650e-03 3.56857523e-01 3.32889481e-04
 3.82822903e-02 3.38881491e-01 3.32889481e-04 6.22503329e-01
 0.04993342 0.02563249 0.72736352 0.19707057
 0.28395473 0.27929427 0.26997337 0.16677763
 0.25       0.45339547 0.24234354 0.05426099

MOTIF unmod1_l3_f_45
letter-probability matrix: alength= 4 w= 9 
 0.1707723  0.33455393 0.29327563 0.20139814
 0.11551265 0.29660453 0.48335553 0.1045273 
 1.12183755e-01 4.32756325e-03 8.83155792e-01 3.32889481e-04
 0.11185087 0.21804261 0.27130493 0.3988016 
 3.32889481e-04 3.34886818e-01 5.08322237e-01 1.56458056e-01
 0.57123835 0.01498003 0.3988016  0.01498003
 0.38049268 0.02263648 0.00665779 0.59021305
 0.15312916 0.01764314 0.79194407 0.03728362
 0.15013316 0.31091877 0.32822903 0.21071904

MOTIF unmod1_l3_f_46
letter-probability matrix: alength= 4 w= 9 
 0.09464871 0.18420095 0.52384419 0.19730615
 0.1598107  0.51947579 0.04586822 0.27484529
 0.29705133 0.26356025 0.28685839 0.15253003
 0.02293411 0.40844558 0.18201675 0.38660357
 0.18201675 0.03276301 0.46596287 0.31925737
 0.16927557 0.3065162  0.34692392 0.17728431
 0.02511831 0.24353841 0.09646888 0.63487441
 0.0717146  0.73461959 0.01565344 0.17801238
 0.08190754 0.22460866 0.18529305 0.50819075

MOTIF unmod1_l3_f_47
letter-probability matrix: alength= 4 w= 9 
 0.4592145  0.13158778 0.37630077 0.03289695
 0.25411212 0.41926821 0.12554549 0.20107419
 0.26955354 0.18731118 0.24303458 0.3001007 
 0.31319235 0.07250755 0.09365559 0.52064451
 0.03726083 0.22490769 0.3816717  0.35615979
 0.04464585 0.27861699 0.51325948 0.16347768
 0.00302115 0.52433703 0.34743202 0.1252098 
 0.06210138 0.86941927 0.05807318 0.01040618
 0.12957368 0.46894931 0.22927157 0.17220544

MOTIF unmod1_l3_f_48
letter-probability matrix: alength= 4 w= 9 
 0.34587217 0.35252996 0.02463382 0.27696405
 0.41711052 0.23834887 0.33521971 0.00932091
 9.54394141e-01 2.99600533e-02 3.32889481e-04 1.53129161e-02
 3.32889481e-04 6.05858855e-02 2.72969374e-02 9.11784288e-01
 1.02197071e-01 3.32889481e-04 8.76165113e-01 2.13049268e-02
 1.25499334e-01 3.32889481e-04 7.75632490e-01 9.85352863e-02
 0.27629827 0.49001332 0.10818908 0.12549933
 0.21371505 0.09687084 0.47070573 0.21870839
 0.21038615 0.29460719 0.27996005 0.2150466 

MOTIF unmod1_l3_f_49
letter-probability matrix: alength= 4 w= 9 
 0.15908301 0.20562695 0.28169503 0.353595  
 0.42063216 0.1087183  0.17818687 0.29246266
 0.61062869 0.00416811 0.25807572 0.12712747
 3.47342827e-04 3.12608545e-02 2.38971865e-01 7.29419937e-01
 0.0291768  0.00138937 0.66967697 0.29975686
 0.2976728  0.30774575 0.1719347  0.22264675
 0.28273706 0.06391108 0.56894755 0.08440431
 0.02882945 0.5522751  0.01076763 0.40812782
 0.1087183  0.13094825 0.48766933 0.27266412

MOTIF unmod1_l3_f_50
letter-probability matrix: alength= 4 w= 9 
 0.29660453 0.25       0.14347537 0.30992011
 0.30792277 0.52962716 0.06091877 0.10153129
 0.01930759 0.48302264 0.1424767  0.35519308
 1.56790945e-01 5.65912117e-03 3.32889481e-04 8.37217044e-01
 9.28761651e-02 2.09387483e-01 3.32889481e-04 6.97403462e-01
 0.09653795 0.2942743  0.02330226 0.58588549
 0.44174434 0.11484687 0.40912117 0.03428762
 0.00898802 0.16311585 0.25033289 0.57756325
 0.30858855 0.22802929 0.24800266 0.21537949

MOTIF unmod1_l3_f_51
letter-probability matrix: alength= 4 w= 9 
 0.5189747  0.08022636 0.15912117 0.24167776
 0.07456724 0.00798935 0.01997337 0.89747004
 3.32889481e-04 4.12782956e-02 5.87882823e-01 3.70505992e-01
 3.32889481e-04 3.32889481e-04 3.32889481e-04 9.99001332e-01
 3.37882823e-01 3.32889481e-04 6.61451398e-01 3.32889481e-04
 8.09920107e-01 3.32889481e-04 1.89414115e-01 3.32889481e-04
 0.34054594 0.13981358 0.19573901 0.32390146
 0.41677763 0.12217044 0.23535286 0.22569907
 0.31424767 0.22503329 0.24933422 0.21138482

MOTIF unmod1_l3_f_52
letter-probability matrix: alength= 4 w= 9 
 0.44007989 0.32223702 0.19840213 0.03928096
 0.49533955 0.06291611 0.4177763  0.02396804
 0.31557923 0.20206391 0.27996005 0.2023968 
 0.36917443 0.28561917 0.2786285  0.0665779 
 8.10918775e-01 3.32889481e-04 3.32889481e-04 1.88415446e-01
 3.32889481e-04 3.32889481e-04 1.88415446e-01 8.10918775e-01
 3.66178429e-03 1.56458056e-02 9.80359521e-01 3.32889481e-04
 0.03628495 0.05359521 0.86185087 0.04826897
 0.41378162 0.2276964  0.24966711 0.10885486

MOTIF unmod1_l3_f_53
letter-probability matrix: alength= 4 w= 9 
 0.69107856 0.10219707 0.15279627 0.0539281 
 0.11551265 0.29593875 0.05559254 0.53295606
 0.05625832 0.28761651 0.52130493 0.13482024
 0.28029294 0.02430093 0.17976032 0.51564581
 0.07723036 0.13482024 0.34087883 0.44707057
 3.32889481e-04 3.32889481e-04 4.29427430e-02 9.56391478e-01
 5.79893475e-01 3.32889481e-04 4.19440746e-01 3.32889481e-04
 9.10785619e-01 3.32889481e-04 8.85486019e-02 3.32889481e-04
 0.46970706 0.15679095 0.14181092 0.23169108

MOTIF unmod1_l3_f_54
letter-probability matrix: alength= 4 w= 9 
 0.34587217 0.21338216 0.31624501 0.12450067
 0.14347537 0.36351531 0.1108522  0.38215712
 6.90079893e-01 2.12716378e-01 9.68708389e-02 3.32889481e-04
 6.38149134e-01 3.32889481e-04 3.61185087e-01 3.32889481e-04
 0.05725699 0.45406125 0.25798935 0.23069241
 0.34720373 0.31491345 0.09953395 0.23834887
 7.59320905e-01 1.34820240e-01 3.32889481e-04 1.05525965e-01
 3.32889481e-04 1.07523302e-01 1.35153129e-01 7.56990679e-01
 0.00233023 0.05992011 0.83155792 0.10619174

MOTIF unmod1_l3_f_55
letter-probability matrix: alength= 4 w= 9 
 0.67318059 0.16239892 0.14016173 0.02425876
 0.50168464 0.1546496  0.32985175 0.01381402
 4.35983827e-01 3.36927224e-04 5.56266846e-01 7.41239892e-03
 0.26145553 0.31132075 0.20956873 0.21765499
 0.21394879 0.21832884 0.19710243 0.37061995
 8.56805930e-01 3.36927224e-04 1.31064690e-01 1.17924528e-02
 0.01415094 0.12264151 0.00977089 0.85343666
 0.02122642 0.01010782 0.93261456 0.03605121
 0.24595687 0.38409704 0.24022911 0.12971698

MOTIF unmod1_l3_f_56
letter-probability matrix: alength= 4 w= 9 
 0.07656458 0.22936085 0.3891478  0.30492676
 3.32889481e-04 3.32889481e-04 3.32889481e-04 9.99001332e-01
 6.51131824e-01 3.32889481e-04 3.48202397e-01 3.32889481e-04
 5.90213049e-01 3.32889481e-04 4.09121172e-01 3.32889481e-04
 0.06824234 0.57157124 0.08488682 0.2752996 
 0.08122503 0.11284953 0.04161119 0.76431425
 0.29627164 0.03561917 0.44873502 0.21937417
 0.66011984 0.19873502 0.13548602 0.00565912
 0.12483356 0.16178429 0.23901465 0.47436751

MOTIF unmod1_l3_f_57
letter-probability matrix: alength= 4 w= 9 
 0.16162988 0.26994907 0.4098472  0.15857385
 0.20679117 0.38811545 0.0811545  0.32393888
 0.55178268 0.20135823 0.17589134 0.07096774
 0.46689304 0.05942275 0.42275042 0.05093379
 2.72325976e-01 3.39558574e-04 1.56196944e-02 7.11714771e-01
 0.66451613 0.00339559 0.28353141 0.04855688
 5.09337861e-03 3.39558574e-04 9.31748727e-01 6.28183362e-02
 0.05432937 0.11307301 0.81154499 0.02105263
 0.04142615 0.0573854  0.77249576 0.1286927 

MOTIF unmod1_l3_f_58
letter-probability matrix: alength= 4 w= 9 
 0.36584554 0.21737683 0.32356858 0.09320905
 0.59154461 0.11950732 0.14280959 0.14613848
 0.21637816 0.09553928 0.10719041 0.58089214
 0.5569241  0.00399467 0.41478029 0.02430093
 3.00599201e-01 3.32889481e-04 3.32889481e-04 6.98735020e-01
 3.32889481e-04 1.13182423e-02 6.98069241e-01 2.90279627e-01
 0.35286285 0.01165113 0.60652463 0.02896138
 0.51031957 0.1391478  0.22103862 0.12949401
 0.14214381 0.18375499 0.2340213  0.44007989

MOTIF unmod1_l3_f_59
letter-probability matrix: alength= 4 w= 9 
 0.57362553 0.3502499  0.03613995 0.03998462
 5.33256440e-01 3.84467512e-04 4.65974625e-01 3.84467512e-04
 7.32410611e-01 2.32602845e-01 3.46020761e-02 3.84467512e-04
 7.23567859e-01 6.53594771e-03 2.69511726e-01 3.84467512e-04
 0.35140331 0.32833526 0.16339869 0.15686275
 0.40138408 0.29104191 0.09034987 0.21722414
 7.67012687e-01 3.84467512e-04 3.42176086e-02 1.98385236e-01
 1.61476355e-02 2.08381392e-01 3.84467512e-04 7.75086505e-01
 0.03613995 0.02806613 0.81737793 0.11841599

MOTIF unmod1_l3_f_60
letter-probability matrix: alength= 4 w= 9 
 0.09021305 0.1770972  0.08355526 0.64913449
 0.2752996  0.0885486  0.43308921 0.20306258
 0.23868176 0.06358189 0.00865513 0.68908123
 8.66844208e-01 3.32889481e-04 1.23834887e-01 8.98801598e-03
 0.3165779  0.02896138 0.35852197 0.29593875
 0.06990679 0.00699068 0.26031957 0.66278296
 0.49567244 0.04926764 0.35419441 0.10086551
 0.60386152 0.08821571 0.18375499 0.12416778
 0.26065246 0.10219707 0.35985353 0.27729694

MOTIF unmod1_l3_f_61
letter-probability matrix: alength= 4 w= 9 
 0.15535445 0.11726998 0.53280543 0.19457014
 0.11613876 0.5158371  0.1994721  0.16855204
 0.17119155 0.25603318 0.35218703 0.22058824
 0.00339367 0.03846154 0.01168929 0.94645551
 0.22134238 0.34803922 0.22963801 0.20098039
 0.00829563 0.06184012 0.00603318 0.92383107
 7.99773756e-01 3.77073906e-04 1.95701357e-01 4.14781297e-03
 0.52903469 0.04487179 0.41779789 0.00829563
 0.83710407 0.01131222 0.1285822  0.02300151

MOTIF unmod1_l3_f_62
letter-probability matrix: alength= 4 w= 9 
 0.267  0.2625 0.122  0.3485
 0.4985 0.191  0.244  0.0665
 0.5065 0.303  0.0515 0.139 
 0.5465 0.0385 0.1925 0.2225
 0.5485 0.3375 0.0645 0.0495
 0.3895 0.033  0.285  0.2925
 5.165e-01 5.000e-04 2.720e-01 2.110e-01
 5.000e-04 8.500e-03 4.825e-01 5.085e-01
 0.1435 0.296  0.55   0.0105

MOTIF unmod1_l3_f_63
letter-probability matrix: alength= 4 w= 9 
 0.20571429 0.64071429 0.13964286 0.01392857
 0.51714286 0.18714286 0.19857143 0.09714286
 0.10035714 0.32       0.5275     0.05214286
 0.09142857 0.77035714 0.02571429 0.1125    
 0.39464286 0.21678571 0.18321429 0.20535714
 0.01642857 0.09678571 0.74392857 0.14285714
 0.02357143 0.61035714 0.19785714 0.16821429
 0.04178571 0.79035714 0.08928571 0.07857143
 0.145      0.48571429 0.16178571 0.2075    

MOTIF unmod1_l3_f_64
letter-probability matrix: alength= 4 w= 9 
 0.43897306 0.27356902 0.01683502 0.2706229 
 4.20875421e-04 9.05303030e-01 4.20875421e-04 9.38552189e-02
 0.20286195 0.04082492 0.62542088 0.13089226
 0.58964646 0.01725589 0.35311448 0.03998316
 9.34343434e-02 9.04040404e-01 4.20875421e-04 2.10437710e-03
 0.91708754 0.03030303 0.04419192 0.00841751
 0.33712121 0.11742424 0.54335017 0.00210438
 0.26094276 0.09806397 0.41119529 0.22979798
 0.43560606 0.45412458 0.06355219 0.04671717

MOTIF unmod1_l3_f_65
letter-probability matrix: alength= 4 w= 9 
 7.25699068e-01 1.79760320e-02 2.55992011e-01 3.32889481e-04
 0.31990679 0.09520639 0.17476698 0.41011984
 0.10719041 0.29161119 0.39447403 0.20672437
 7.20705726e-01 3.32889481e-04 2.46671105e-01 3.22902796e-02
 3.32889481e-04 2.89613848e-02 2.52663116e-01 7.18042610e-01
 3.32889481e-04 1.83089214e-02 9.51398136e-01 2.99600533e-02
 0.22170439 0.08055925 0.16411451 0.53362184
 0.07756325 0.34786951 0.38149134 0.1930759 
 0.37616511 0.26364847 0.1834221  0.17676431

MOTIF unmod1_l3_f_66
letter-probability matrix: alength= 4 w= 9 
 0.26697736 0.20206391 0.33422104 0.19673768
 0.04860186 0.00599201 0.15479361 0.79061252
 0.01331558 0.0316245  0.56824234 0.38681758
 0.5792277  0.14913449 0.24300932 0.0286285 
 0.52197071 0.00832224 0.02396804 0.44573901
 5.61251664e-01 1.33155792e-01 3.32889481e-04 3.05259654e-01
 0.34520639 0.1741012  0.06158455 0.41910786
 0.42210386 0.18808256 0.26930759 0.12050599
 0.28328895 0.18009321 0.27296937 0.26364847

MOTIF unmod1_l3_f_67
letter-probability matrix: alength= 4 w= 9 
 0.28595206 0.02463382 0.51331558 0.17609854
 6.32490013e-03 8.02596538e-01 3.32889481e-04 1.90745672e-01
 0.0223036  0.01231691 0.78961385 0.17576565
 0.25532623 0.33255659 0.34221039 0.06990679
 0.39414115 0.01165113 0.20039947 0.39380826
 0.30126498 0.18575233 0.02762983 0.48535286
 0.15878828 0.01498003 0.69041278 0.13581891
 0.04727031 0.22936085 0.23002663 0.49334221
 0.32123835 0.0855526  0.29094541 0.30226365

MOTIF unmod1_l3_f_68
letter-probability matrix: alength= 4 w= 9 
 0.20971223 0.23201439 0.12230216 0.43597122
 0.22661871 0.2705036  0.2294964  0.27338129
 3.59712230e-04 3.59712230e-04 3.59712230e-04 9.98920863e-01
 8.40287770e-01 3.59712230e-04 1.58992806e-01 3.59712230e-04
 5.02158273e-01 3.59712230e-04 4.97122302e-01 3.59712230e-04
 6.69064748e-02 3.02158273e-02 9.02517986e-01 3.59712230e-04
 0.02014388 0.0028777  0.78597122 0.19100719
 0.06294964 0.20503597 0.42086331 0.31115108
 0.51978417 0.32122302 0.1147482  0.0442446 

MOTIF unmod1_l3_f_69
letter-probability matrix: alength= 4 w= 9 
 0.55436508 0.10634921 0.15119048 0.18809524
 0.13769841 0.03492063 0.08214286 0.7452381 
 0.04285714 0.04920635 0.63730159 0.27063492
 0.24642857 0.0718254  0.49404762 0.18769841
 0.53571429 0.10436508 0.02619048 0.33373016
 0.35873016 0.00873016 0.10198413 0.53055556
 6.78571429e-02 3.96825397e-04 4.88492063e-01 4.43253968e-01
 0.19047619 0.20396825 0.37936508 0.22619048
 0.46904762 0.11746032 0.19404762 0.21944444

MOTIF unmod1_l3_f_70
letter-probability matrix: alength= 4 w= 9 
 0.28922664 0.25301743 0.3540456  0.10371033
 0.0196692  0.26732231 0.10013411 0.61287439
 0.40858292 0.18328118 0.0147519  0.393384  
 0.02503353 0.07554761 0.64461332 0.25480554
 0.01341082 0.03039785 0.67009388 0.28609745
 4.47027269e-04 4.47027269e-04 4.47027269e-04 9.98658918e-01
 0.11622709 0.09074654 0.75994636 0.03308002
 0.33705856 0.11712114 0.28922664 0.25659365
 0.51095217 0.10147519 0.08314707 0.30442557

MOTIF unmod1_l3_f_71
letter-probability matrix: alength= 4 w= 9 
 0.43117089 0.19541139 0.09731013 0.27610759
 0.21439873 0.21281646 0.30300633 0.26977848
 7.56329114e-01 3.95569620e-04 1.79984177e-01 6.32911392e-02
 0.03757911 0.18077532 0.16811709 0.61352848
 0.0221519  0.1068038  0.68868671 0.18235759
 0.06724684 0.00672468 0.13607595 0.78995253
 0.25237342 0.00949367 0.61629747 0.12183544
 0.79509494 0.03243671 0.13924051 0.03322785
 0.34889241 0.22310127 0.3397943  0.08821203

MOTIF unmod1_l3_f_72
letter-probability matrix: alength= 4 w= 9 
 0.17876165 0.30093209 0.28761651 0.23268975
 0.21105193 0.31225033 0.39946738 0.07723036
 3.32889481e-04 8.88814913e-01 6.99067909e-02 4.09454061e-02
 3.32889481e-04 8.12250333e-02 4.76031957e-02 8.70838881e-01
 0.10319574 0.10818908 0.5729028  0.21571238
 0.00332889 0.18009321 0.61617843 0.20039947
 2.16378162e-01 3.99467377e-01 3.83821571e-01 3.32889481e-04
 0.32822903 0.31990679 0.28395473 0.06790945
 0.09420772 0.35053262 0.1075233  0.44773635

MOTIF unmod1_l3_f_73
letter-probability matrix: alength= 4 w= 9 
 0.59687084 0.0982024  0.26431425 0.04061252
 0.41178429 0.34587217 0.06358189 0.17876165
 0.29693742 0.25399467 0.34587217 0.10319574
 0.88781625 0.05992011 0.04893475 0.00332889
 1.70106525e-01 1.09853529e-02 3.32889481e-04 8.18575233e-01
 1.09853529e-02 3.32889481e-04 8.18575233e-01 1.70106525e-01
 2.69640479e-02 3.32889481e-04 9.03794940e-01 6.89081225e-02
 0.4207723  0.37183755 0.20372836 0.00366178
 0.38515313 0.11451398 0.33688415 0.16344874

MOTIF unmod1_l3_f_74
letter-probability matrix: alength= 4 w= 9 
 0.2752996  0.3891478  0.14347537 0.19207723
 3.32889481e-04 5.05659121e-01 1.92743009e-01 3.01264980e-01
 0.03229028 0.77463382 0.02330226 0.16977364
 3.32889481e-04 2.36351531e-01 6.99067909e-03 7.56324900e-01
 5.59254328e-02 1.34820240e-01 3.32889481e-04 8.08921438e-01
 0.53661784 0.40079893 0.00865513 0.0539281 
 9.09454061e-01 3.69507324e-02 3.32889481e-04 5.32623169e-02
 0.52629827 0.23568575 0.09054594 0.14747004
 0.46904128 0.20705726 0.23169108 0.09221039

MOTIF unmod1_l3_f_75
letter-probability matrix: alength= 4 w= 9 
 0.57184859 0.12274899 0.1723631  0.13303932
 0.47335538 0.45020213 0.06394708 0.01249541
 0.74825432 0.02021316 0.22197721 0.00955531
 0.51672179 0.34325616 0.00955531 0.13046674
 0.17089305 0.41381845 0.19919147 0.21609702
 7.50091878e-01 1.30099228e-01 1.19441382e-01 3.67511944e-04
 0.00955531 0.06651966 0.11944138 0.80448365
 2.68283719e-02 3.03932378e-01 6.68871738e-01 3.67511944e-04
 0.36530687 0.12274899 0.44652701 0.06541713

MOTIF unmod1_l3_f_76
letter-probability matrix: alength= 4 w= 9 
 0.97457627 0.00847458 0.00847458 0.00847458
 0.43220339 0.00847458 0.00847458 0.55084746
 0.00847458 0.00847458 0.55084746 0.43220339
 0.15254237 0.00847458 0.40677966 0.43220339
 0.00847458 0.07627119 0.48305085 0.43220339
 0.07627119 0.00847458 0.39830508 0.51694915
 0.00847458 0.55084746 0.00847458 0.43220339
 0.10169492 0.46610169 0.42372881 0.00847458
 0.27118644 0.20338983 0.3220339  0.20338983

MOTIF unmod1_l3_f_77
letter-probability matrix: alength= 4 w= 9 
 0.07465135 0.10828548 0.10787531 0.70918786
 0.04429861 0.15135357 0.11566858 0.68867925
 1.11977030e-01 4.10172272e-04 4.62674323e-01 4.24938474e-01
 0.0607055  0.39007383 0.17514356 0.37407711
 0.4585726  0.08613618 0.34823626 0.10705496
 0.0073831  0.0340443  0.67391304 0.28465956
 0.04552912 0.48687449 0.31624282 0.15135357
 0.11525841 0.18293683 0.66078753 0.04101723
 0.41673503 0.31296144 0.14766202 0.12264151

MOTIF unmod1_l3_f_78
letter-probability matrix: alength= 4 w= 9 
 0.3229028  0.15878828 0.31990679 0.19840213
 3.32889481e-04 1.06524634e-02 3.22902796e-02 9.56724368e-01
 0.62383489 0.04460719 0.32090546 0.01065246
 0.79360852 0.01065246 0.18308921 0.0126498 
 0.27829561 0.19740346 0.51997337 0.00432756
 3.32889481e-04 1.28828229e-01 8.19241012e-01 5.15978695e-02
 0.00932091 0.28628495 0.68442077 0.01997337
 2.89613848e-02 3.32889481e-04 2.84953395e-01 6.85752330e-01
 0.31225033 0.23601864 0.27762983 0.1741012 

MOTIF unmod1_l3_f_79
letter-probability matrix: alength= 4 w= 9 
 0.21375661 0.18447972 0.20564374 0.39611993
 0.31887125 0.05784832 0.31992945 0.30335097
 0.15943563 0.18906526 0.10899471 0.54250441
 0.42151675 0.08112875 0.38906526 0.10828924
 0.16790123 0.24726631 0.34038801 0.24444444
 0.15132275 0.81587302 0.02398589 0.00881834
 0.04444444 0.64585538 0.28747795 0.02222222
 0.02081129 0.72416226 0.21481481 0.04021164
 0.07689594 0.67901235 0.22786596 0.01622575

MOTIF unmod1_l3_f_80
letter-probability matrix: alength= 4 w= 9 
 0.32332096 0.05366183 0.61086736 0.01214985
 0.02598718 0.29463382 0.33007087 0.34930813
 0.00843739 0.53864327 0.08369895 0.36922038
 0.07391158 0.6557543  0.2237597  0.04657442
