MEME version 5.3.0

ALPHABET= ACGT

strands: + -

Background letter frequencies
A 0.25 C 0.25 G 0.25 T 0.25

MOTIF unmod1_l3_f_0
letter-probability matrix: alength= 4 w= 9 
 0.05499368 0.27812895 0.30467762 0.36219975
 0.29013906 0.1573957  0.40075853 0.1517067 
 7.31984829e-01 6.32111252e-04 6.32111252e-04 2.66750948e-01
 6.32111252e-04 6.32111252e-04 2.66750948e-01 7.31984829e-01
 0.01390645 0.09860936 0.73198483 0.15549937
 0.0783818  0.19848293 0.31605563 0.40707965
 0.16245259 0.11441214 0.49557522 0.22756005
 0.46902655 0.2414665  0.07016435 0.2193426 
 0.65297092 0.03982301 0.01453856 0.29266751

MOTIF unmod1_l3_f_1
letter-probability matrix: alength= 4 w= 9 
 9.88015979e-01 3.32889481e-04 1.13182423e-02 3.32889481e-04
 0.49234354 0.17543276 0.01131824 0.32090546
 0.27263648 0.18308921 0.22403462 0.32023968
 9.03462051e-01 3.32889481e-04 2.99600533e-02 6.62450067e-02
 3.36218375e-02 3.36218375e-02 3.32889481e-04 9.32423435e-01
 3.32889481e-04 3.32889481e-04 9.40412783e-01 5.89214381e-02
 0.35719041 0.14480692 0.20905459 0.28894807
 0.18508655 0.39480692 0.28262317 0.13748336
 0.38448735 0.19107856 0.26697736 0.15745672

MOTIF unmod1_l3_f_2
letter-probability matrix: alength= 4 w= 9 
 0.15712383 0.42243675 0.35486019 0.06557923
 3.43874834e-01 4.99334221e-03 6.50798935e-01 3.32889481e-04
 3.32889481e-04 9.62050599e-02 8.32223702e-01 7.12383489e-02
 0.08055925 0.53328895 0.29860186 0.08754993
 3.56191744e-02 3.32889481e-04 7.38348868e-01 2.25699068e-01
 8.15912117e-01 3.32889481e-04 3.32889481e-04 1.83422104e-01
 0.1201731  0.04627164 0.12283622 0.71071904
 0.3355526  0.2786285  0.00765646 0.37816245
 0.38348868 0.5252996  0.02496671 0.06624501

MOTIF unmod1_l3_f_3
letter-probability matrix: alength= 4 w= 9 
 0.20095694 0.19617225 0.07416268 0.52870813
 0.52392344 0.18181818 0.29186603 0.00239234
 0.05502392 0.00239234 0.94019139 0.00239234
 0.00239234 0.03588517 0.00239234 0.95933014
 0.53110048 0.28947368 0.08373206 0.09569378
 0.01674641 0.00239234 0.00239234 0.9784689 
 0.52392344 0.29904306 0.00239234 0.17464115
 0.06937799 0.43301435 0.02870813 0.46889952
 0.00239234 0.67942584 0.25837321 0.05980861

MOTIF unmod1_l3_f_4
letter-probability matrix: alength= 4 w= 9 
 0.3518313  0.18719941 0.22160562 0.23936367
 0.32223455 0.21013688 0.17795043 0.28967814
 0.25897151 0.19792823 0.10136885 0.44173141
 0.01146874 0.49796522 0.48871624 0.0018498 
 0.15649279 0.30225675 0.12615612 0.41509434
 0.14798372 0.07177211 0.19681835 0.58342582
 0.08435072 0.54384018 0.00961894 0.36219016
 0.01738809 0.16019238 0.34369219 0.47872734
 0.26008139 0.07769145 0.11653718 0.54568997

MOTIF unmod1_l3_f_5
letter-probability matrix: alength= 4 w= 9 
 0.38382157 0.40745672 0.17643142 0.03229028
 0.15079893 0.5442743  0.05326232 0.25166445
 0.04926764 0.4207723  0.37716378 0.15279627
 3.32889481e-04 1.91744341e-01 3.32889481e-04 8.07589880e-01
 0.51564581 0.02097204 0.063249   0.40013316
 0.26231691 0.48335553 0.20905459 0.04527297
 0.43475366 0.10153129 0.42842876 0.03528628
 0.09320905 0.05126498 0.6171771  0.23834887
 0.1930759  0.24700399 0.32123835 0.23868176

MOTIF unmod1_l3_f_6
letter-probability matrix: alength= 4 w= 9 
 0.27396804 0.15912117 0.15945406 0.40745672
 0.30492676 0.07856192 0.14347537 0.47303595
 0.63781625 0.02030626 0.30159787 0.04027963
 0.51165113 0.00565912 0.21737683 0.26531292
 2.46338216e-01 3.32889481e-04 1.68109188e-01 5.85219707e-01
 3.32889481e-04 1.19840213e-01 6.50798935e-01 2.29027963e-01
 0.04227696 0.06058589 0.63448735 0.2626498 
 0.26564581 0.31125166 0.25699068 0.16611185
 0.31890812 0.40013316 0.13448735 0.14647137

MOTIF unmod1_l3_f_7
letter-probability matrix: alength= 4 w= 9 
 0.00261097 0.00261097 0.00261097 0.9921671 
 0.00261097 0.00261097 0.9921671  0.00261097
 0.00261097 0.91122715 0.00261097 0.08355091
 0.28981723 0.00261097 0.70496084 0.00261097
 0.35509138 0.30287206 0.17232376 0.16971279
 0.24281984 0.00261097 0.73368146 0.02088773
 0.18276762 0.00261097 0.12793734 0.68668407
 0.10966057 0.38381201 0.16449086 0.34203655
 0.4229765  0.16971279 0.3002611  0.10704961

MOTIF unmod1_l3_f_8
letter-probability matrix: alength= 4 w= 9 
 0.37895867 0.14653784 0.33440687 0.14009662
 5.36768653e-04 2.92002147e-01 1.12721417e-02 6.96188943e-01
 0.60976919 0.01825013 0.30917874 0.06280193
 0.23242083 0.7482555  0.00161031 0.01771337
 0.02952228 0.72034353 0.01127214 0.23886205
 1.11647880e-01 8.63123994e-01 5.36768653e-04 2.46913580e-02
 3.11325819e-02 5.36768653e-04 2.46913580e-02 9.43639291e-01
 0.44873859 0.26570048 0.15619968 0.12936125
 0.1524423  0.28663446 0.11003757 0.45088567

MOTIF unmod1_l3_f_9
letter-probability matrix: alength= 4 w= 9 
 0.09853529 0.4270972  0.27430093 0.20006658
 3.32889481e-04 6.99067909e-03 7.25033289e-01 2.67643142e-01
 2.67643142e-01 4.29427430e-02 6.89081225e-01 3.32889481e-04
 3.32889481e-04 8.62183755e-02 7.41677763e-01 1.71770972e-01
 0.00965379 0.06591212 0.60019973 0.32423435
 0.18874834 0.0316245  0.75432756 0.0252996 
 7.35685752e-02 3.32889481e-04 8.83155792e-01 4.29427430e-02
 0.34354194 0.08355526 0.50266312 0.07023968
 0.40479361 0.05892144 0.33988016 0.19640479

MOTIF unmod1_l3_f_10
letter-probability matrix: alength= 4 w= 9 
 0.09479078 0.51067464 0.30785653 0.08667805
 0.22032451 0.43851409 0.27113578 0.07002562
 0.74893254 0.02134927 0.20794193 0.02177626
 0.20409906 0.08838599 0.16951324 0.53800171
 0.48590948 0.23569599 0.07386849 0.20452605
 1.47309991e-01 2.77967549e-01 4.26985482e-04 5.74295474e-01
 0.3881298  0.38983775 0.03714774 0.18488471
 0.75789923 0.02690009 0.1588386  0.05636208
 0.69940222 0.17122118 0.08881298 0.04056362

MOTIF unmod1_l3_f_11
letter-probability matrix: alength= 4 w= 9 
 0.5379494  0.16677763 0.26031957 0.0349534 
 0.05958722 0.27762983 0.28894807 0.37383489
 0.0792277  0.2849534  0.58521971 0.0505992 
 3.32889481e-04 8.33888149e-01 8.22237017e-02 8.35552597e-02
 0.06890812 0.74267643 0.17576565 0.0126498 
 3.32889481e-04 7.90945406e-01 1.66444740e-03 2.07057257e-01
 0.2276964  0.62083888 0.05892144 0.09254328
 0.37483356 0.36684421 0.22669774 0.0316245 
 0.28728362 0.16611185 0.3988016  0.14780293

MOTIF unmod1_l3_f_12
letter-probability matrix: alength= 4 w= 9 
 0.77363515 0.05159787 0.1298269  0.04494008
 0.69474035 0.06624501 0.16178429 0.07723036
 0.39647137 0.22270306 0.10219707 0.2786285 
 0.66977364 0.189747   0.0822237  0.05825566
 3.92143808e-01 3.32889481e-04 2.99600533e-03 6.04527297e-01
 2.99600533e-03 3.32889481e-04 6.04527297e-01 3.92143808e-01
 0.1138482  0.08189081 0.65446072 0.14980027
 0.56091877 0.18941411 0.13781625 0.11185087
 0.313249   0.06424767 0.37416778 0.24833555

MOTIF unmod1_l3_f_13
letter-probability matrix: alength= 4 w= 9 
 0.19355993 0.21216458 0.44686941 0.14740608
 0.53094812 0.22254025 0.07155635 0.17495528
 0.14132379 0.46976744 0.0783542  0.31055456
 0.25008945 0.00894454 0.70125224 0.03971377
 3.57781753e-04 3.57781753e-04 3.57781753e-04 9.98926655e-01
 9.34168157e-01 3.57781753e-04 6.51162791e-02 3.57781753e-04
 4.30411449e-01 3.57781753e-04 5.68872987e-01 3.57781753e-04
 0.56923077 0.09194991 0.1667263  0.17209302
 0.07191413 0.06547406 0.36314848 0.49946333

MOTIF unmod1_l3_f_14
letter-probability matrix: alength= 4 w= 9 
 0.43566363 0.19554205 0.15737926 0.21141506
 0.54981425 0.061128   0.17527862 0.21377913
 0.21614319 0.33400878 0.07767646 0.37217156
 0.46774738 0.28503884 0.20871327 0.03850051
 4.33637285e-01 1.45221209e-01 4.20803783e-01 3.37723742e-04
 8.59506923e-01 3.37723742e-04 3.37723742e-04 1.39817629e-01
 3.37723742e-04 3.37723742e-04 1.39817629e-01 8.59506923e-01
 3.37723742e-04 3.37723742e-04 9.98986829e-01 3.37723742e-04
 0.22289767 0.2147923  0.26511314 0.29719689

MOTIF unmod1_l3_f_15
letter-probability matrix: alength= 4 w= 9 
 0.31058589 0.03695073 0.21005326 0.44241012
 0.52463382 0.04061252 0.35785619 0.07689747
 0.2879494  0.06258322 0.50166445 0.14780293
 3.32889481e-04 5.99201065e-03 3.32889481e-04 9.93342210e-01
 3.96138482e-01 3.32889481e-04 5.97536618e-01 5.99201065e-03
 0.90545939 0.00366178 0.08821571 0.00266312
 0.09753662 0.06557923 0.31358189 0.52330226
 0.55226365 0.05625832 0.3258988  0.06557923
 0.42809587 0.05559254 0.38082557 0.13548602

MOTIF unmod1_l3_f_16
letter-probability matrix: alength= 4 w= 9 
 0.30531435 0.43695728 0.12539076 0.13233762
 0.65196249 0.07954151 0.23654047 0.03195554
 0.77457451 0.12955887 0.03924974 0.05661688
 0.10246613 0.06738451 0.09343522 0.73671414
 0.24626606 0.03438694 0.71517888 0.00416811
 7.45050365e-01 1.73671414e-02 3.47342827e-04 2.37235151e-01
 0.36505731 0.11913859 0.25564432 0.26015978
 0.26814866 0.01493574 0.59986106 0.11705453
 0.42966308 0.2156999  0.12955887 0.22507815

MOTIF unmod1_l3_f_17
letter-probability matrix: alength= 4 w= 9 
 0.06091877 0.74833555 0.06691079 0.12383489
 0.6994008  0.23868176 0.05825566 0.00366178
 0.85952064 0.0379494  0.06591212 0.03661784
 0.24500666 0.55725699 0.04893475 0.1488016 
 0.38182423 0.09021305 0.39813582 0.1298269 
 0.55525965 0.20139814 0.19540613 0.04793609
 3.32889481e-04 2.04394141e-01 4.04127830e-01 3.91145140e-01
 3.32889481e-04 7.75632490e-02 7.72969374e-01 1.49134487e-01
 0.21471372 0.07423435 0.58255659 0.12849534

MOTIF unmod1_l3_f_18
letter-probability matrix: alength= 4 w= 9 
 3.32889481e-04 4.48735020e-01 3.32889481e-03 5.47603196e-01
 3.32889481e-04 4.74367510e-01 5.14647137e-01 1.06524634e-02
 0.00399467 0.55792277 0.33089214 0.10719041
 0.04960053 0.83155792 0.03528628 0.08355526
 0.01664447 0.29061252 0.42276964 0.26997337
 0.31291611 0.23868176 0.06158455 0.38681758
 0.47170439 0.11950732 0.28861518 0.1201731 
 0.06524634 0.4810253  0.27030626 0.1834221 
 0.24667111 0.41711052 0.23701731 0.09920107

MOTIF unmod1_l3_f_19
letter-probability matrix: alength= 4 w= 9 
 0.36323202 0.08265382 0.40919199 0.14492216
 0.38732394 0.47702001 0.00815419 0.12750185
 0.75871016 0.15455893 0.05151964 0.03521127
 0.6386212  0.20274277 0.06893996 0.08969607
 0.19792439 0.21349148 0.1897702  0.39881394
 5.30392884e-01 3.70644922e-04 4.01037806e-01 6.81986657e-02
 3.70644922e-04 4.81838399e-03 3.96590067e-01 5.98220904e-01
 0.33358043 0.06338028 0.53039288 0.0726464 
 0.15937732 0.1608599  0.40882135 0.27094144

MOTIF unmod1_l3_f_20
letter-probability matrix: alength= 4 w= 9 
 0.3889895  0.18616443 0.00398406 0.42086201
 7.31256791e-01 3.62187613e-04 2.41216950e-01 2.71640710e-02
 0.35023542 0.17385005 0.44404201 0.03187251
 3.62187613e-04 2.40130388e-01 1.37631293e-02 7.45744296e-01
 0.00434625 0.37305324 0.20572256 0.41687794
 0.42665701 0.10286128 0.25461789 0.21586382
 6.04853314e-02 3.62187613e-04 5.21550163e-02 8.86997465e-01
 0.50778703 0.28975009 0.14016661 0.06229627
 0.36762043 0.02209344 0.47555234 0.13473379

MOTIF unmod1_l3_f_21
letter-probability matrix: alength= 4 w= 9 
 0.3969686  0.23962468 0.06134969 0.30205702
 0.47816673 0.03933598 0.34283652 0.13966077
 0.28617827 0.21688921 0.29050884 0.20642367
 0.06531938 0.01984843 0.1577048  0.75712739
 0.93720678 0.00288704 0.02995309 0.02995309
 0.24070733 0.0129917  0.58462649 0.16167449
 1.06459762e-01 3.60880549e-04 3.60880549e-04 8.92818477e-01
 0.19126669 0.08083724 0.67989895 0.04799711
 0.86791772 0.01226994 0.02237459 0.09743775

MOTIF unmod1_l3_f_22
letter-probability matrix: alength= 4 w= 9 
 0.08708273 0.39090469 0.08127721 0.44073537
 0.32075472 0.06482825 0.47411708 0.14029995
 0.58587325 0.09240445 0.26802129 0.05370102
 0.17997097 0.05611998 0.22399613 0.53991292
 0.05853895 0.14900822 0.53604257 0.25641026
 0.23173682 0.03918723 0.5820029  0.14707305
 0.00435414 0.76874698 0.20077407 0.02612482
 0.30188679 0.11417513 0.04837929 0.53555878
 0.21819061 0.68988873 0.08708273 0.00483793

MOTIF unmod1_l3_f_23
letter-probability matrix: alength= 4 w= 9 
 0.14285714 0.32919255 0.04968944 0.47826087
 0.29813665 0.13354037 0.09937888 0.4689441 
 0.00310559 0.76086957 0.00310559 0.23291925
 0.00310559 0.90993789 0.00310559 0.08385093
 0.14906832 0.59937888 0.00310559 0.2484472 
 0.00310559 0.96583851 0.00310559 0.02795031
 0.00310559 0.33229814 0.11490683 0.54968944
 0.00310559 0.1863354  0.02173913 0.78881988
 0.17080745 0.18322981 0.17391304 0.47204969

MOTIF unmod1_l3_f_24
letter-probability matrix: alength= 4 w= 9 
 0.27496671 0.06524634 0.5189747  0.14081225
 0.38448735 0.4620506  0.14747004 0.00599201
 0.52396804 0.35219707 0.12217044 0.00166445
 0.42010652 0.3924767  0.01464714 0.17276964
 0.04227696 0.03129161 0.51964048 0.40679095
 0.26764314 0.0159787  0.03994674 0.67643142
 0.34320905 0.2120506  0.36251664 0.0822237 
 0.04660453 0.49167776 0.12549933 0.33621838
 0.25898802 0.33721704 0.14347537 0.26031957

MOTIF unmod1_l3_f_25
letter-probability matrix: alength= 4 w= 9 
 3.32889481e-04 3.32889481e-04 2.66311585e-03 9.96671105e-01
 8.93142477e-01 3.32889481e-04 1.03861518e-01 2.66311585e-03
 5.09320905e-01 3.32889481e-04 4.90013316e-01 3.32889481e-04
 3.32889481e-04 3.32889481e-04 3.32889481e-04 9.99001332e-01
 7.73635153e-01 3.32889481e-04 2.25699068e-01 3.32889481e-04
 6.79760320e-01 3.32889481e-04 3.19573901e-01 3.32889481e-04
 0.41577896 0.16577896 0.27962716 0.13881491
 0.21304927 0.27496671 0.29527297 0.21671105
 0.28462051 0.23468708 0.28428762 0.19640479

MOTIF unmod1_l3_f_26
letter-probability matrix: alength= 4 w= 9 
 0.19545633 0.09048179 0.64433999 0.0697219 
 0.01566784 0.11476694 0.78300039 0.08656483
 0.13670192 0.31531532 0.1386604  0.40932237
 3.91696044e-04 2.74187231e-03 2.46376812e-01 7.50489620e-01
 0.35017626 0.40305523 0.01057579 0.23619271
 0.13121817 0.10379945 0.03642773 0.72855464
 0.62593028 0.01370936 0.11006659 0.25029377
 0.24598512 0.42146494 0.05131218 0.28123776
 0.08108108 0.0293772  0.42734038 0.46220133

MOTIF unmod1_l3_f_27
letter-probability matrix: alength= 4 w= 9 
 0.29549393 0.20147314 0.37911612 0.12391681
 0.07365685 0.03292894 0.81932409 0.07409012
 4.33275563e-04 4.33275563e-04 6.58578856e-01 3.40554593e-01
 4.33275563e-04 1.42980936e-02 9.28509532e-01 5.67590988e-02
 1.42980936e-02 1.51213172e-01 8.34055459e-01 4.33275563e-04
 0.08232236 0.04722704 0.65337955 0.21707106
 0.20277296 0.28076256 0.51083189 0.00563258
 0.07582322 0.12824957 0.65337955 0.14254766
 0.19670711 0.11741768 0.43327556 0.25259965

MOTIF unmod1_l3_f_28
letter-probability matrix: alength= 4 w= 9 
 0.59653795 0.15412783 0.17609854 0.07323569
 0.14280959 0.31724368 0.33255659 0.20739015
 0.04926764 0.42043941 0.10519308 0.42509987
 0.01231691 0.18508655 0.19906791 0.60352863
 0.10585885 0.08189081 0.20672437 0.60552597
 0.45905459 0.44207723 0.01664447 0.0822237 
 0.58388815 0.0412783  0.01065246 0.36418109
 0.15079893 0.06158455 0.73668442 0.05093209
 0.12749667 0.17576565 0.26731025 0.42942743

MOTIF unmod1_l3_f_29
letter-probability matrix: alength= 4 w= 9 
 0.26378644 0.59290481 0.03863716 0.10467158
 0.53038286 0.29469617 0.17070601 0.00421496
 0.87706358 0.03336846 0.04952582 0.04004215
 0.1886196  0.18405339 0.18405339 0.44327362
 0.29926238 0.2462241  0.41271514 0.04179838
 6.18545838e-01 3.51246927e-04 2.77485072e-01 1.03617843e-01
 0.05374078 0.10361784 0.22409554 0.61854584
 0.00351247 0.00280998 0.77801194 0.21566561
 0.28696874 0.25816649 0.24587285 0.20899192

MOTIF unmod1_l3_f_30
letter-probability matrix: alength= 4 w= 9 
 0.44573901 0.2659787  0.21471372 0.07356858
 0.04860186 0.18209055 0.67576565 0.09354194
 0.01997337 0.35019973 0.52197071 0.10785619
 2.25033289e-01 5.34620506e-01 3.32889481e-04 2.40013316e-01
 0.35352863 0.42643142 0.04660453 0.17343542
 2.43009321e-01 1.16178429e-01 3.32889481e-04 6.40479361e-01
 0.25898802 0.18774967 0.40279627 0.15046605
 0.1488016  0.14081225 0.4936751  0.21671105
 0.11218375 0.07756325 0.59886818 0.21138482

MOTIF unmod1_l3_f_31
letter-probability matrix: alength= 4 w= 9 
 0.33322237 0.30292943 0.15279627 0.21105193
 9.41078562e-01 3.99467377e-03 5.45938748e-02 3.32889481e-04
 0.12183755 0.00798935 0.08988016 0.78029294
 0.00865513 0.12782956 0.81091877 0.05259654
 0.42110519 0.1391478  0.35319574 0.08655126
 0.01131824 0.0476032  0.04260985 0.89846871
 0.14780293 0.06724368 0.75033289 0.03462051
 0.22869507 0.1488016  0.46404794 0.15845539
 0.29893475 0.29527297 0.32689747 0.07889481

MOTIF unmod1_l3_f_32
letter-probability matrix: alength= 4 w= 9 
 0.22210779 0.08238929 0.52385857 0.17164435
 3.43288706e-04 8.45176794e-01 2.88362513e-02 1.25643666e-01
 6.90696876e-01 3.43288706e-04 2.73601099e-01 3.53587367e-02
 3.43288706e-04 3.43288706e-04 7.39443872e-01 2.59869550e-01
 0.2066598  0.15036045 0.11431514 0.52866461
 3.43288706e-04 6.81428081e-01 9.68074150e-02 2.21421215e-01
 0.1002403  0.06247854 0.1853759  0.65190525
 0.84037075 0.07792654 0.03226914 0.04943357
 0.45623069 0.21489873 0.12976313 0.19910745

MOTIF unmod1_l3_f_33
letter-probability matrix: alength= 4 w= 9 
 0.01460159 0.32081769 0.13516896 0.52941176
 2.92031706e-03 5.28577388e-01 4.17188152e-04 4.68085106e-01
 0.70045891 0.08969545 0.08677514 0.1230705 
 0.18439716 0.59991656 0.13892365 0.07676262
 0.67834793 0.07008761 0.08552357 0.16604088
 0.14142678 0.15227368 0.1585315  0.54776804
 0.26115978 0.34751773 0.25865665 0.13266583
 0.40467251 0.11013767 0.3099708  0.17521902
 0.02085941 0.52857739 0.11931581 0.33124739

MOTIF unmod1_l3_f_34
letter-probability matrix: alength= 4 w= 9 
 0.28921733 0.15922069 0.38864629 0.16291569
 3.35908633e-04 3.35908633e-04 4.43399395e-02 9.54988243e-01
 4.39704400e-01 3.35908633e-04 4.51461203e-01 1.08498488e-01
 7.94759825e-01 3.35908633e-04 1.99193819e-01 5.71044676e-03
 0.09707759 0.06147128 0.00268727 0.83876386
 0.67484044 0.17668794 0.13503527 0.01343635
 0.49714478 0.00806181 0.43735304 0.05744038
 0.37285858 0.17332885 0.13738663 0.31642593
 0.54417199 0.12898892 0.12126302 0.20557608

MOTIF unmod1_l3_f_35
letter-probability matrix: alength= 4 w= 9 
 0.40616246 0.11414566 0.39460784 0.08508403
 0.26470588 0.50630252 0.03886555 0.19012605
 0.13410364 0.4807423  0.12745098 0.25770308
 1.50560224e-02 3.50140056e-04 7.49649860e-01 2.34943978e-01
 0.69852941 0.02591036 0.24264706 0.03291317
 0.33438375 0.36904762 0.10294118 0.19362745
 0.08053221 0.85014006 0.01330532 0.05602241
 0.42261905 0.45938375 0.06512605 0.05287115
 0.18837535 0.61764706 0.02941176 0.16456583

MOTIF unmod1_l3_f_36
letter-probability matrix: alength= 4 w= 9 
 0.10785619 0.33488682 0.32123835 0.23601864
 0.18408788 0.12083888 0.66944075 0.02563249
 3.32889481e-04 4.99334221e-03 6.00532623e-01 3.94141145e-01
 0.16111851 0.15013316 0.3988016  0.28994674
 0.07057257 0.32256991 0.44906791 0.15778961
 0.06790945 0.70439414 0.12117177 0.10652463
 0.10252996 0.1994008  0.64647137 0.05159787
 0.01731025 0.21404794 0.68175766 0.08688415
 0.10885486 0.32656458 0.2626498  0.30193076

MOTIF unmod1_l3_f_37
letter-probability matrix: alength= 4 w= 9 
 0.01224204 0.10178384 0.14340679 0.74256733
 0.21895768 0.02693249 0.13990906 0.61420077
 0.2007695  0.00664568 0.38090241 0.41168241
 0.58971668 0.00209864 0.12906611 0.27911857
 0.49702693 0.08814271 0.03182931 0.38300105
 0.02798181 0.77614551 0.10003498 0.09583771
 0.02413431 0.58936691 0.30710038 0.07939839
 0.04197272 0.33788038 0.14935292 0.47079398
 0.32318993 0.1636936  0.38335082 0.12976565

MOTIF unmod1_l3_f_38
letter-probability matrix: alength= 4 w= 9 
 0.15103734 0.15643154 0.08381743 0.60871369
 0.45352697 0.0253112  0.34024896 0.18091286
 0.15518672 0.28879668 0.0659751  0.49004149
 0.44522822 0.14107884 0.41037344 0.0033195 
 0.88298755 0.0593361  0.04481328 0.01286307
 1.35269710e-01 1.24481328e-03 4.14937759e-04 8.63070539e-01
 4.14937759e-04 1.24481328e-03 8.63070539e-01 1.35269710e-01
 0.25186722 0.23112033 0.38713693 0.12987552
 0.17966805 0.19170124 0.25435685 0.37427386

MOTIF unmod1_l3_f_39
letter-probability matrix: alength= 4 w= 9 
 0.28172043 0.22150538 0.38365591 0.11311828
 0.11354839 0.06236559 0.70795699 0.11612903
 4.30107527e-04 6.70967742e-02 1.72043011e-02 9.15268817e-01
 0.15139785 0.01075269 0.6972043  0.14064516
 4.30107527e-04 3.38924731e-01 5.81505376e-01 7.91397849e-02
 4.47311828e-02 2.15053763e-02 4.30107527e-04 9.33333333e-01
 0.55913978 0.06623656 0.32516129 0.04946237
 0.76473118 0.10924731 0.09892473 0.02709677
 0.59827957 0.11827957 0.18408602 0.09935484

MOTIF unmod1_l3_f_40
letter-probability matrix: alength= 4 w= 9 
 0.30968992 0.32403101 0.12635659 0.23992248
 0.42984496 0.22054264 0.10310078 0.24651163
 0.74496124 0.02790698 0.18178295 0.04534884
 3.87596899e-04 6.37596899e-01 3.87596899e-04 3.61627907e-01
 0.24496124 0.45813953 0.27015504 0.02674419
 8.45736434e-01 1.51550388e-01 3.87596899e-04 2.32558140e-03
 4.96124031e-02 3.87596899e-04 3.87596899e-04 9.49612403e-01
 8.81007752e-01 1.12015504e-01 3.87596899e-04 6.58914729e-03
 7.00387597e-01 3.87596899e-04 2.74418605e-01 2.48062016e-02

MOTIF unmod1_l3_f_41
letter-probability matrix: alength= 4 w= 9 
 0.27563249 0.10053262 0.53395473 0.08988016
 0.20505992 0.09653795 0.4936751  0.20472703
 0.04960053 0.04893475 0.8828229  0.01864181
 3.32889481e-04 1.59454061e-01 8.39880160e-01 3.32889481e-04
 2.16378162e-02 3.32889481e-04 7.29027963e-01 2.49001332e-01
 3.32889481e-04 2.69640479e-02 5.34953395e-01 4.37749667e-01
 0.2689747  0.13049268 0.55126498 0.04926764
 0.07256991 0.44074567 0.40246338 0.08422104
 0.06391478 0.29394141 0.41311585 0.22902796

MOTIF unmod1_l3_f_42
letter-probability matrix: alength= 4 w= 9 
 0.19569672 0.21755464 0.34289617 0.24385246
 0.09562842 0.20594262 0.375      0.32342896
 0.41564208 0.06625683 0.22916667 0.28893443
 0.15095628 0.03449454 0.30157104 0.51297814
 6.04849727e-01 3.41530055e-04 4.57650273e-02 3.49043716e-01
 0.11509563 0.46174863 0.39617486 0.02698087
 0.05054645 0.09289617 0.00819672 0.84836066
 0.81147541 0.07889344 0.05498634 0.05464481
 0.66461749 0.06045082 0.19945355 0.07547814

MOTIF unmod1_l3_f_43
letter-probability matrix: alength= 4 w= 9 
 0.27370908 0.09989875 0.16503544 0.46135673
 0.42085724 0.0236247  0.06209922 0.49341883
 0.18292271 0.18933513 0.02227472 0.60546743
 9.78737766e-02 3.37495781e-04 3.94870064e-02 8.62301721e-01
 0.11441107 0.0722241  0.07458657 0.73877827
 0.36382045 0.05973675 0.04387445 0.53256834
 0.00168748 0.0242997  0.07829902 0.8957138 
 0.18596018 0.18292271 0.14546068 0.48565643
 0.11103611 0.20215997 0.21532231 0.47148161

MOTIF unmod1_l3_f_44
letter-probability matrix: alength= 4 w= 9 
 0.28595206 0.18808256 0.39846871 0.12749667
 0.52596538 0.19573901 0.05858855 0.21970706
 0.17276964 0.16078562 0.35985353 0.30659121
 0.06524634 0.00133156 0.4270972  0.5063249 
 0.13249001 0.10153129 0.66478029 0.1011984 
 3.32889481e-04 3.58189081e-01 6.19174434e-01 2.23035952e-02
 0.05825566 0.52363515 0.07956059 0.3385486 
 0.15778961 0.41644474 0.20639148 0.21937417
 0.03095872 0.37549933 0.22569907 0.36784288

MOTIF unmod1_l3_f_45
letter-probability matrix: alength= 4 w= 9 
 0.06937173 0.38045375 0.22818499 0.32198953
 0.0004363  0.32198953 0.31631763 0.36125654
 6.15619546e-01 3.92670157e-02 3.44677138e-01 4.36300175e-04
 0.16535777 0.01483421 0.81282723 0.0069808 
 8.21553229e-01 2.00698080e-02 1.57940663e-01 4.36300175e-04
 8.18935428e-01 4.14485166e-02 4.36300175e-04 1.39179756e-01
 0.7478185  0.04275742 0.004363   0.20506108
 0.2604712  0.02835951 0.21465969 0.4965096 
 0.91317627 0.0047993  0.01396161 0.06806283

MOTIF unmod1_l3_f_46
letter-probability matrix: alength= 4 w= 9 
 0.15948856 0.32503365 0.22913863 0.28633917
 0.32200538 0.2217362  0.11103634 0.34522207
 0.03297443 0.25874832 0.39602961 0.31224764
 0.53936743 0.30047106 0.10329744 0.05686406
 0.6076716  0.22779273 0.1615074  0.00302826
 0.33546433 0.43506057 0.07772544 0.15174966
 3.36473755e-04 5.83781965e-01 7.73889637e-02 3.38492598e-01
 0.06493943 0.80955585 0.09454913 0.03095559
 0.4461642  0.0282638  0.16386272 0.36170929

MOTIF unmod1_l3_f_47
letter-probability matrix: alength= 4 w= 9 
 0.08695652 0.42391304 0.01086957 0.47826087
 0.01086957 0.06521739 0.01086957 0.91304348
 0.01086957 0.9673913  0.01086957 0.01086957
 0.01086957 0.91304348 0.06521739 0.01086957
 0.01086957 0.9673913  0.01086957 0.01086957
 0.01086957 0.31521739 0.01086957 0.66304348
 0.7173913  0.01086957 0.26086957 0.01086957
 0.17391304 0.55434783 0.26086957 0.01086957
 0.72826087 0.08695652 0.17391304 0.01086957

MOTIF unmod1_l3_f_48
letter-probability matrix: alength= 4 w= 9 
 0.13696613 0.11192931 0.72655866 0.0245459 
 0.03632793 0.04614629 0.28718704 0.63033873
 0.0790378  0.21600393 0.69464899 0.01030928
 0.04025528 0.02601865 0.91948945 0.01423662
 0.03289151 0.37506136 0.54540992 0.04663721
 0.00589102 0.51595484 0.45900835 0.0191458 
 0.12518409 0.39469809 0.08296514 0.39715268
 4.90918017e-04 7.45213549e-01 6.33284242e-02 1.90967108e-01
 0.1281296  0.56308297 0.13500245 0.17378498

MOTIF unmod1_l3_f_49
letter-probability matrix: alength= 4 w= 9 
 0.53229028 0.10785619 0.25532623 0.1045273 
 0.20938748 0.05292943 0.67276964 0.06491345
 0.6138482  0.0316245  0.20206391 0.15246338
 0.75432756 0.04494008 0.13182423 0.06890812
 9.99001332e-01 3.32889481e-04 3.32889481e-04 3.32889481e-04
 4.82689747e-02 3.32889481e-04 9.65379494e-03 9.41744341e-01
 2.33022636e-02 3.32889481e-04 9.76031957e-01 3.32889481e-04
 0.55359521 0.03695073 0.11051931 0.29893475
 0.25732357 0.22237017 0.21637816 0.3039281 

MOTIF unmod1_l3_f_50
letter-probability matrix: alength= 4 w= 9 
 3.32889481e-04 3.99467377e-02 2.99600533e-02 9.29760320e-01
 0.00366178 0.03095872 0.40279627 0.56258322
 0.13215712 0.03661784 0.64713715 0.18408788
 0.41677763 0.47037284 0.11018642 0.00266312
 0.05459387 0.00932091 0.24500666 0.69107856
 0.68808256 0.00765646 0.26864181 0.03561917
 0.32856192 0.16677763 0.34587217 0.15878828
 0.2816245  0.26065246 0.07490013 0.3828229 
 0.63881491 0.26364847 0.0379494  0.05958722

MOTIF unmod1_l3_f_51
letter-probability matrix: alength= 4 w= 9 
 0.40789474 0.20131579 0.19144737 0.19934211
 0.20855263 0.27697368 0.28552632 0.22894737
 0.31513158 0.00065789 0.34276316 0.34144737
 6.57894737e-04 6.57894737e-04 6.58552632e-01 3.40131579e-01
 2.82894737e-02 6.57894737e-04 9.51973684e-01 1.90789474e-02
 3.28947368e-03 3.28947368e-02 9.63157895e-01 6.57894737e-04
 0.04671053 0.60263158 0.34736842 0.00328947
 0.20921053 0.00328947 0.68552632 0.10197368
 0.13815789 0.6875     0.0875     0.08684211

MOTIF unmod1_l3_f_52
letter-probability matrix: alength= 4 w= 9 
 0.45073236 0.04860186 0.08521971 0.41544607
 0.06824234 0.0758988  0.37549933 0.48035952
 0.01631158 0.06058589 0.13348868 0.78961385
 3.32889481e-04 3.28894807e-01 2.80625832e-01 3.90146471e-01
 0.37516644 0.14713715 0.44740346 0.03029294
 0.24300932 0.36318242 0.27130493 0.12250333
 0.63781625 0.12050599 0.11351531 0.12816245
 0.03994674 0.21604527 0.41577896 0.32822903
 0.13981358 0.3385486  0.37949401 0.14214381

MOTIF unmod1_l3_f_53
letter-probability matrix: alength= 4 w= 9 
 0.40712383 0.35918775 0.16111851 0.07256991
 0.15945406 0.00366178 0.80359521 0.03328895
 0.07323569 0.27097204 0.42276964 0.23302264
 0.3448735  0.23635153 0.15612517 0.2626498 
 0.21604527 0.12316911 0.53861518 0.12217044
 0.23202397 0.27030626 0.1108522  0.38681758
 0.14347537 0.27363515 0.09087883 0.49201065
 0.24467377 0.19241012 0.30193076 0.26098535
 0.11484687 0.29527297 0.39480692 0.19507324

MOTIF unmod1_l3_f_54
letter-probability matrix: alength= 4 w= 9 
 6.01684717e-04 9.27196149e-01 6.01684717e-04 7.16004813e-02
 0.19314079 0.01504212 0.66185319 0.1299639 
 0.38387485 0.14620939 0.41456077 0.05535499
 0.52948255 0.07400722 0.07581227 0.32069795
 0.43802647 0.10409146 0.01022864 0.44765343
 0.09566787 0.09205776 0.43983153 0.37244284
 0.46690734 0.19434416 0.1377858  0.2009627 
 0.02045728 0.20156438 0.12936221 0.64861613
 0.26474128 0.31287605 0.25752106 0.16486161

MOTIF unmod1_l3_f_55
letter-probability matrix: alength= 4 w= 9 
 0.44740346 0.30492676 0.15945406 0.08821571
 0.82256991 0.03628495 0.10252996 0.03861518
 0.30825566 0.22503329 0.08521971 0.38149134
 0.22603196 0.31824234 0.23368842 0.22203728
 0.82057257 0.01298269 0.06258322 0.10386152
 0.01664447 0.05892144 0.10386152 0.82057257
 6.65778961e-04 6.99067909e-03 9.45739015e-01 4.66045273e-02
 0.38482024 0.31591212 0.189747   0.10952064
 0.22103862 0.26364847 0.24267643 0.27263648

MOTIF unmod1_l3_f_56
letter-probability matrix: alength= 4 w= 9 
 0.32285603 0.19906868 0.31276678 0.1653085 
 0.40706248 0.19324796 0.10787738 0.29181218
 8.07916182e-01 1.39697322e-02 1.77726038e-01 3.88048118e-04
 0.14668219 0.25533566 0.01552192 0.58246023
 0.10826542 0.12068296 0.71012806 0.06092355
 7.38067520e-01 5.39386884e-02 2.07605743e-01 3.88048118e-04
 0.00271634 0.18354676 0.02444703 0.78928987
 0.0112534  0.0112534  0.91346527 0.06402794
 0.06713232 0.10748933 0.59099728 0.23438106

MOTIF unmod1_l3_f_57
letter-probability matrix: alength= 4 w= 9 
 0.44241012 0.21238349 0.31291611 0.03229028
 0.00466045 0.0855526  0.17643142 0.73335553
 4.52729694e-02 3.47203728e-01 3.32889481e-04 6.07190413e-01
 0.13681758 0.27130493 0.46138482 0.13049268
 0.01298269 0.55825566 0.00998668 0.41877497
 0.41378162 0.00699068 0.21271638 0.36651132
 0.01797603 0.09720373 0.03695073 0.84786951
 0.02130493 0.07822903 0.69773635 0.20272969
 0.18109188 0.1488016  0.44174434 0.22836218

MOTIF unmod1_l3_f_58
letter-probability matrix: alength= 4 w= 9 
 0.36941813 0.07036536 0.49086604 0.06935047
 0.27063599 0.09100135 0.18437077 0.45399188
 0.11806495 0.01691475 0.08288227 0.78213802
 0.01420839 0.0067659  0.13971583 0.83930988
 0.04364005 0.14039242 0.10520974 0.71075778
 0.73376184 0.02503383 0.11434371 0.12686062
 0.2905954  0.01082544 0.45568336 0.24289581
 0.04533153 0.43335589 0.33288227 0.18843031
 0.12110961 0.22090663 0.44046008 0.21752368

MOTIF unmod1_l3_f_59
letter-probability matrix: alength= 4 w= 9 
 0.31225033 0.47603196 0.13215712 0.07956059
 0.18209055 0.11318242 0.25532623 0.4494008 
 0.10652463 0.11451398 0.61584554 0.16311585
 3.32889481e-04 3.32889481e-04 3.32889481e-04 9.99001332e-01
 7.83954727e-01 3.32889481e-04 2.15379494e-01 3.32889481e-04
 6.49800266e-01 3.32889481e-04 3.49533955e-01 3.32889481e-04
 0.55525965 0.189747   0.2373502  0.01764314
 0.03295606 0.19241012 0.13515313 0.63948069
 0.04327563 0.10785619 0.71937417 0.12949401

MOTIF unmod1_l3_f_60
letter-probability matrix: alength= 4 w= 9 
 0.23368842 0.2310253  0.31158455 0.22370173
 0.48435419 0.02030626 0.35818908 0.13715047
 1.21837550e-01 3.32889481e-04 9.55392810e-02 7.82290280e-01
 0.58355526 0.05858855 0.2310253  0.12683089
 0.55259654 0.02463382 0.40079893 0.02197071
 2.40013316e-01 3.12916112e-02 3.32889481e-04 7.28362184e-01
 1.84753662e-01 3.32889481e-04 5.46604527e-01 2.68308921e-01
 0.83754993 0.11151798 0.01298269 0.0379494 
 0.24334221 0.15146471 0.28462051 0.32057257

MOTIF unmod1_l3_f_61
letter-probability matrix: alength= 4 w= 9 
 0.54727031 0.06158455 0.3671771  0.02396804
 0.17243675 0.37283622 0.31225033 0.1424767 
 0.03229028 0.90645806 0.02762983 0.03362184
 0.5252996  0.25765646 0.0252996  0.19174434
 3.32889481e-04 5.42609854e-02 5.30292943e-01 4.15113182e-01
 0.16278296 0.58988016 0.23268975 0.01464714
 0.22936085 0.65479361 0.01231691 0.10352863
 0.24167776 0.10552597 0.45605859 0.19673768
 0.20705726 0.21238349 0.25898802 0.32157124

MOTIF unmod1_l3_f_62
letter-probability matrix: alength= 4 w= 9 
 0.26045563 0.18293098 0.4600476  0.09656579
 0.23393404 0.07038422 0.51615097 0.17953077
 0.08602516 0.34954097 0.55491329 0.00952057
 0.2917375  0.05712343 0.53757225 0.11356681
 0.94593676 0.01258075 0.00578035 0.03570214
 5.44032642e-03 3.40020401e-04 3.40020401e-04 9.93879633e-01
 9.68378103e-01 6.80040802e-03 3.40020401e-04 2.44814689e-02
 2.61475689e-01 3.40020401e-04 7.37844271e-01 3.40020401e-04
 0.14552873 0.07446447 0.70622237 0.07378443

MOTIF unmod1_l3_f_63
letter-probability matrix: alength= 4 w= 9 
 0.12150466 0.48435419 0.16644474 0.2276964 
 0.18541944 0.49334221 0.25898802 0.06225033
 0.22802929 0.07956059 0.22370173 0.46870839
 0.0539281  0.23035952 0.41577896 0.29993342
 0.53728362 0.03462051 0.27729694 0.15079893
 0.10419441 0.00798935 0.86418109 0.02363515
 0.67876165 0.15113182 0.16577896 0.00432756
 0.04360852 0.00798935 0.05459387 0.89380826
 0.46171771 0.18874834 0.00199734 0.34753662

MOTIF unmod1_l3_f_64
letter-probability matrix: alength= 4 w= 9 
 0.33333333 0.16256684 0.29839572 0.2057041 
 0.32049911 0.0798574  0.37005348 0.22959002
 0.23137255 0.09483066 0.1657754  0.50802139
 0.14723708 0.00392157 0.39286988 0.45597148
 0.29304813 0.16862745 0.29768271 0.24064171
 9.96434938e-01 3.56506239e-04 3.56506239e-04 2.85204991e-03
 3.56506239e-04 3.56506239e-04 2.85204991e-03 9.96434938e-01
 2.85204991e-03 3.56506239e-04 9.96434938e-01 3.56506239e-04
 0.27344029 0.29839572 0.18360071 0.24456328

MOTIF unmod1_l3_f_65
letter-probability matrix: alength= 4 w= 9 
 0.20931099 0.26480447 0.28528864 0.2405959 
 0.28752328 0.17690875 0.2424581  0.29310987
 0.34599628 0.18994413 0.02607076 0.43798883
 5.38175047e-01 2.56983240e-02 4.35754190e-01 3.72439479e-04
 0.11731844 0.07225326 0.50391061 0.30651769
 0.2122905  0.2141527  0.56238361 0.01117318
 0.32886406 0.07113594 0.58808194 0.01191806
 3.72439479e-04 6.21973929e-02 5.79888268e-01 3.57541899e-01
 0.0264432  0.13445065 0.7575419  0.08156425

MOTIF unmod1_l3_f_66
letter-probability matrix: alength= 4 w= 9 
 0.10885486 0.30259654 0.31524634 0.27330226
 0.09786951 0.0885486  0.4334221  0.38015979
 3.32889481e-04 1.23169108e-02 5.31624501e-01 4.55725699e-01
 0.20272969 0.27263648 0.06691079 0.45772304
 0.23968043 0.08821571 0.52363515 0.14846871
 0.15612517 0.16977364 0.35885486 0.31524634
 0.1644474  0.46970706 0.14513981 0.22070573
 0.11151798 0.5412783  0.24733688 0.09986684
 0.45439414 0.2087217  0.1298269  0.20705726

MOTIF unmod1_l3_f_67
letter-probability matrix: alength= 4 w= 9 
 0.24059197 0.2435518  0.194926   0.32093023
 0.37336152 0.01479915 0.60549683 0.00634249
 0.84651163 0.0038055  0.13742072 0.01226216
 0.07399577 0.27653277 0.3230444  0.32642706
 0.38816068 0.28710359 0.14249471 0.18224101
 9.80549683e-01 4.22832981e-04 4.22832981e-04 1.86046512e-02
 4.22832981e-04 4.22832981e-04 1.86046512e-02 9.80549683e-01
 4.22832981e-04 4.22832981e-04 9.98731501e-01 4.22832981e-04
 0.29852008 0.18900634 0.27484144 0.23763214

MOTIF unmod1_l3_f_68
letter-probability matrix: alength= 4 w= 9 
 0.48282516 0.02045542 0.42030104 0.07641837
 0.12736395 0.15746816 0.5928213  0.12234658
 0.11115399 0.23041297 0.60054033 0.05789271
 3.85951370e-04 1.68274797e-01 8.30953300e-01 3.85951370e-04
 0.50829795 0.10613663 0.19297569 0.19258973
 3.85951370e-04 6.40679274e-02 3.48514087e-01 5.87032034e-01
 0.17367812 0.01852567 0.02045542 0.7873408 
 0.06715554 0.04708607 0.49556156 0.39019684
 0.14511772 0.04477036 0.49517561 0.31493632

MOTIF unmod1_l3_f_69
letter-probability matrix: alength= 4 w= 9 
 0.18581657 0.44255029 0.19979543 0.17183771
 0.03579952 0.27139448 0.46948517 0.22332083
 0.24036822 0.29764746 0.06682578 0.39515854
 1.73201500e-01 5.26423457e-01 3.40947835e-04 3.00034095e-01
 0.36413229 0.01772929 0.47084896 0.14728946
 0.05864303 0.02863962 0.66893965 0.2437777 
 0.22673031 0.00545517 0.01909308 0.74872145
 0.33378793 0.10126151 0.00988749 0.55506308
 0.07296284 0.21888851 0.0163655  0.69178316

MOTIF unmod1_l3_f_70
letter-probability matrix: alength= 4 w= 9 
 0.10617832 0.43211247 0.19237884 0.26933037
 0.21420644 0.36921939 0.06992231 0.34665187
 0.63226045 0.01664817 0.34110248 0.0099889 
 7.76544580e-01 3.69959304e-04 3.69959304e-04 2.22715501e-01
 3.69959304e-04 1.29485757e-02 2.10136885e-01 7.76544580e-01
 2.35664077e-01 3.69959304e-04 7.62116167e-01 1.84979652e-03
 0.21531632 0.11209767 0.06400296 0.60858306
 0.24935257 0.13096559 0.51720311 0.10247873
 0.2127266  0.16019238 0.42323344 0.20384758

MOTIF unmod1_l3_f_71
letter-probability matrix: alength= 4 w= 9 
 0.29860186 0.18608522 0.28229028 0.23302264
 0.23501997 0.20039947 0.35519308 0.20938748
 3.32889481e-04 8.65512650e-03 2.29693742e-02 9.68042610e-01
 8.06258322e-01 3.32889481e-04 1.62117177e-01 3.12916112e-02
 3.83821571e-01 4.66045273e-03 6.11185087e-01 3.32889481e-04
 3.32889481e-04 3.32889481e-04 3.32889481e-04 9.99001332e-01
 7.64647137e-01 3.32889481e-04 2.34687084e-01 3.32889481e-04
 7.16378162e-01 3.32889481e-04 2.82956059e-01 3.32889481e-04
 0.46371505 0.1328229  0.24267643 0.16078562

MOTIF unmod1_l3_f_72
letter-probability matrix: alength= 4 w= 9 
 0.3012218  0.10009398 0.50093985 0.09774436
 0.24483083 0.10526316 0.06015038 0.58975564
 0.55263158 0.20676692 0.21804511 0.02255639
 0.8068609  0.08505639 0.08787594 0.02020677
 0.78900376 0.05169173 0.04699248 0.11231203
 4.69924812e-04 1.22650376e-01 8.76409774e-01 4.69924812e-04
 1.17481203e-02 1.19830827e-01 8.67951128e-01 4.69924812e-04
 0.08552632 0.04699248 0.59962406 0.26785714
 0.69219925 0.05357143 0.21428571 0.03994361

MOTIF unmod1_l3_f_73
letter-probability matrix: alength= 4 w= 9 
 0.46005326 0.18242344 0.2912783  0.06624501
 0.50599201 0.4840213  0.00665779 0.00332889
 0.13182423 0.3195739  0.03229028 0.51631158
 0.2689747  0.02962716 0.68109188 0.02030626
 0.33788282 0.61950732 0.01997337 0.02263648
 0.00699068 0.03029294 0.60019973 0.36251664
 0.54094541 0.04094541 0.0223036  0.39580559
 0.20306258 0.0316245  0.5539281  0.21138482
 0.11118509 0.16078562 0.19707057 0.53095872

MOTIF unmod1_l3_f_74
letter-probability matrix: alength= 4 w= 9 
 0.32506702 0.16655496 0.46347185 0.04490617
 0.1769437  0.2174933  0.10891421 0.49664879
 0.01843164 0.46246649 0.0113941  0.50770777
 0.3441689  0.02379357 0.44202413 0.1900134 
 0.08713137 0.18063003 0.31266756 0.41957105
 1.89008043e-01 3.35120643e-04 2.88538874e-01 5.22117962e-01
 0.5        0.12466488 0.23089812 0.144437  
 0.37969169 0.01340483 0.5958445  0.01105898
 0.13002681 0.16152815 0.1136059  0.59483914

MOTIF unmod1_l3_f_75
letter-probability matrix: alength= 4 w= 9 
 0.14923547 0.34740061 0.38348624 0.11987768
 0.20672783 0.47889908 0.09480122 0.21957187
 0.17186544 0.47889908 0.22507645 0.12415902
 1.05810398e-01 8.81957187e-01 1.16207951e-02 6.11620795e-04
 6.77064220e-01 3.10091743e-01 6.11620795e-04 1.22324159e-02
 6.33639144e-01 3.35779817e-01 6.11620795e-04 2.99694190e-02
 9.32110092e-01 2.32415902e-02 4.40366972e-02 6.11620795e-04
 0.71009174 0.09357798 0.1529052  0.04342508
 0.13639144 0.04281346 0.03302752 0.78776758

MOTIF unmod1_l3_f_76
letter-probability matrix: alength= 4 w= 9 
 0.2034851  0.13378302 0.22653176 0.43620011
 0.17762788 0.14896009 0.22428331 0.44912872
 0.74817313 0.06913997 0.11298482 0.06970208
 0.04215852 0.5435638  0.07532322 0.33895447
 0.47217538 0.05564924 0.07251265 0.39966273
 7.45924677e-01 5.62113547e-04 1.48397976e-01 1.05115233e-01
 0.0292299  0.0084317  0.21753794 0.74480045
 0.67903316 0.00618325 0.23721192 0.07757167
 7.53232153e-02 2.64193367e-02 8.97695334e-01 5.62113547e-04

MOTIF unmod1_l3_f_77
letter-probability matrix: alength= 4 w= 9 
 0.44274301 0.05892144 0.27197071 0.22636485
 0.12150466 0.42243675 0.21671105 0.23934754
 0.09154461 0.00932091 0.45039947 0.44873502
 0.21770972 0.11817577 0.60985353 0.05426099
 0.27063915 0.14014647 0.15845539 0.43075899
 0.04560586 0.78828229 0.1328229  0.03328895
 0.6707723  0.00499334 0.25       0.07423435
 0.52729694 0.2626498  0.20639148 0.00366178
 0.26764314 0.27263648 0.38382157 0.0758988 

MOTIF unmod1_l3_f_78
letter-probability matrix: alength= 4 w= 9 
 0.69816273 0.02204724 0.14698163 0.1328084 
 0.19265092 0.50446194 0.15748031 0.14540682
 0.40629921 0.19160105 0.4015748  0.00052493
 0.11023622 0.07296588 0.767979   0.0488189 
 0.03412073 0.01049869 0.05984252 0.89553806
 0.27296588 0.08661417 0.01889764 0.62152231
 4.72440945e-03 5.24934383e-04 7.11286089e-01 2.83464567e-01
 0.00419948 0.04199475 0.10551181 0.84829396
 0.45669291 0.07086614 0.17270341 0.29973753

MOTIF unmod1_l3_f_79
letter-probability matrix: alength= 4 w= 9 
 0.4270972  0.19207723 0.26631158 0.11451398
 0.32956059 0.48868176 0.11151798 0.07023968
 0.60885486 0.29893475 0.06790945 0.02430093
 0.88548602 0.02696405 0.06924101 0.01830892
 0.40312916 0.06158455 0.08422104 0.45106525
 0.23968043 0.10619174 0.40046605 0.25366178
 0.19840213 0.00133156 0.57423435 0.22603196
