MEME version 5.3.0

ALPHABET= ACGT

strands: + -

Background letter frequencies
A 0.25 C 0.25 G 0.25 T 0.25

MOTIF unmod1_l3_f_0
letter-probability matrix: alength= 4 w= 9 
 0.25166445 0.15479361 0.05592543 0.53761651
 0.28062583 0.07023968 0.58055925 0.06857523
 0.39580559 0.18641811 0.20139814 0.21637816
 0.36418109 0.1804261  0.22303595 0.23235686
 0.09653795 0.24800266 0.20272969 0.45272969
 0.01431425 0.42010652 0.50399467 0.06158455
 0.26631158 0.42476698 0.22503329 0.08388815
 0.3322237  0.20139814 0.35286285 0.11351531
 0.4177763  0.30559254 0.18841545 0.08821571

MOTIF unmod1_l3_f_1
letter-probability matrix: alength= 4 w= 9 
 0.37124913 0.28785764 0.19993022 0.14096301
 0.47208653 0.2662247  0.13817167 0.1235171 
 0.94173064 0.00488486 0.04605722 0.00732729
 0.19609211 0.18318214 0.06140963 0.55931612
 0.36461968 0.05861828 0.52058618 0.05617585
 0.87194696 0.04535939 0.05931612 0.02337753
 0.11165387 0.02721563 0.02930914 0.83182135
 0.01814375 0.02930914 0.92533147 0.02721563
 0.15247732 0.08967202 0.66294487 0.09490579

MOTIF unmod1_l3_f_2
letter-probability matrix: alength= 4 w= 9 
 0.20470027 0.14066757 0.53303815 0.12159401
 0.04189373 0.04019074 0.72309264 0.19482289
 1.48501362e-01 4.76839237e-02 8.03474114e-01 3.40599455e-04
 0.02656676 0.75       0.15599455 0.06743869
 0.02418256 0.6866485  0.06982289 0.21934605
 0.26737057 0.54768392 0.0596049  0.1253406 
 0.01600817 0.16110354 0.46457766 0.35831063
 0.01498638 0.64816076 0.28201635 0.05483651
 0.1890327  0.13044959 0.50442779 0.17608992

MOTIF unmod1_l3_f_3
letter-probability matrix: alength= 4 w= 9 
 0.03504043 0.24730458 0.12297844 0.59467655
 0.23214286 0.02392183 0.70114555 0.04278976
 0.10377358 0.77156334 0.07816712 0.04649596
 0.76078167 0.13645553 0.09871968 0.00404313
 0.47742588 0.30020216 0.0458221  0.17654987
 0.27695418 0.03605121 0.21866577 0.46832884
 5.49191375e-01 4.78436658e-02 4.02628032e-01 3.36927224e-04
 0.17318059 0.14184636 0.11455526 0.57041779
 0.19642857 0.08524259 0.50539084 0.21293801

MOTIF unmod1_l3_f_4
letter-probability matrix: alength= 4 w= 9 
 3.32889481e-04 2.80625832e-01 3.32889481e-02 6.85752330e-01
 0.20406125 0.04793609 0.14047936 0.6075233 
 0.05126498 0.53595206 0.18475366 0.22802929
 0.27496671 0.06557923 0.45073236 0.2087217 
 0.16744341 0.15878828 0.33455393 0.33921438
 5.71904128e-01 3.32889481e-04 4.25099867e-01 2.66311585e-03
 0.06624501 0.15579228 0.0316245  0.74633822
 0.08255659 0.08388815 0.7563249  0.07723036
 0.28428762 0.19407457 0.25832224 0.26331558

MOTIF unmod1_l3_f_5
letter-probability matrix: alength= 4 w= 9 
 0.49105145 0.31152125 0.07326622 0.12416107
 0.83557047 0.08836689 0.06711409 0.00894855
 8.38926174e-02 5.59284116e-04 5.59284116e-04 9.14988814e-01
 3.43400447e-01 5.59284116e-04 5.79977629e-01 7.60626398e-02
 0.82829978 0.07438479 0.0950783  0.00223714
 0.31487696 0.46085011 0.15212528 0.07214765
 0.25055928 0.29194631 0.12919463 0.32829978
 0.46979866 0.09787472 0.00055928 0.43176734
 0.61129754 0.07774049 0.1655481  0.14541387

MOTIF unmod1_l3_f_6
letter-probability matrix: alength= 4 w= 9 
 0.00446429 0.36160714 0.00446429 0.62946429
 0.95089286 0.04017857 0.00446429 0.00446429
 0.03125    0.00446429 0.95982143 0.00446429
 0.40625    0.36607143 0.04910714 0.17857143
 0.00446429 0.875      0.08928571 0.03125   
 0.00446429 0.90178571 0.04910714 0.04464286
 0.16517857 0.29017857 0.5        0.04464286
 0.0625     0.00446429 0.88839286 0.04464286
 0.00446429 0.00446429 0.87946429 0.11160714

MOTIF unmod1_l3_f_7
letter-probability matrix: alength= 4 w= 9 
 0.24766977 0.51764314 0.19207723 0.04260985
 0.2849534  0.11684421 0.563249   0.0349534 
 0.00832224 0.16944075 0.26198402 0.560253  
 0.06125166 0.21970706 0.52896138 0.19007989
 0.18475366 0.23002663 0.49001332 0.09520639
 0.08954727 0.16478029 0.53528628 0.21038615
 0.1994008  0.28095872 0.13781625 0.38182423
 0.11484687 0.61517976 0.2120506  0.05792277
 0.12316911 0.02962716 0.2057257  0.64147803

MOTIF unmod1_l3_f_8
letter-probability matrix: alength= 4 w= 9 
 0.39647887 0.12253521 0.35809859 0.12288732
 0.2        0.375      0.23978873 0.18521127
 0.56549296 0.09014085 0.23204225 0.11232394
 8.95070423e-01 3.52112676e-04 3.52112676e-04 1.04225352e-01
 3.52112676e-04 3.52112676e-04 1.04225352e-01 8.95070423e-01
 7.67605634e-02 3.52112676e-04 9.22535211e-01 3.52112676e-04
 0.25352113 0.03626761 0.53732394 0.17288732
 0.31408451 0.26267606 0.16161972 0.26161972
 0.01549296 0.06549296 0.73380282 0.18521127

MOTIF unmod1_l3_f_9
letter-probability matrix: alength= 4 w= 9 
 0.24667111 0.22703063 0.47703063 0.04926764
 0.1804261  0.09553928 0.40412783 0.31990679
 0.18175766 0.11418109 0.64747004 0.05659121
 0.38415446 0.16611185 0.16178429 0.2879494 
 0.10319574 0.43075899 0.21604527 0.25      
 0.66577896 0.13382157 0.19840213 0.00199734
 0.12416778 0.12749667 0.10286285 0.6454727 
 2.12050599e-01 5.22636485e-02 7.35352863e-01 3.32889481e-04
 0.07523302 0.0126498  0.69107856 0.22103862

MOTIF unmod1_l3_f_10
letter-probability matrix: alength= 4 w= 9 
 0.33155792 0.33455393 0.24966711 0.08422104
 0.09953395 0.31591212 0.50865513 0.0758988 
 0.28994674 0.19241012 0.42643142 0.09121172
 0.00432756 0.21438083 0.08322237 0.69806924
 0.46671105 0.08788282 0.38149134 0.06391478
 0.00865513 0.16810919 0.71171771 0.11151798
 0.27663116 0.22902796 0.36451398 0.1298269 
 0.04294274 0.13049268 0.73868176 0.08788282
 0.09553928 0.31624501 0.36984021 0.2183755 

MOTIF unmod1_l3_f_11
letter-probability matrix: alength= 4 w= 9 
 0.17644953 0.16463851 0.34395132 0.31496063
 0.05941303 0.58124553 0.07265569 0.28668576
 0.44702935 0.0146743  0.49105225 0.04724409
 3.57909807e-04 3.62562634e-01 3.57909807e-04 6.36721546e-01
 0.44022906 0.07229778 0.44130279 0.04617037
 0.72906228 0.11488905 0.12240515 0.03364352
 0.53937008 0.01574803 0.28274875 0.16213314
 0.1861131  0.27272727 0.00178955 0.53937008
 0.40408017 0.23085183 0.33249821 0.03256979

MOTIF unmod1_l3_f_12
letter-probability matrix: alength= 4 w= 9 
 0.14502924 0.37134503 0.2122807  0.27134503
 0.43625731 0.02923977 0.5122807  0.02222222
 0.20409357 0.40584795 0.30467836 0.08538012
 0.39356725 0.05204678 0.40350877 0.15087719
 0.51929825 0.15438596 0.20994152 0.11637427
 0.0619883  0.1619883  0.19415205 0.58187135
 0.03567251 0.18596491 0.7251462  0.05321637
 0.12339181 0.00526316 0.78011696 0.09122807
 0.09064327 0.10292398 0.70233918 0.10409357

MOTIF unmod1_l3_f_13
letter-probability matrix: alength= 4 w= 9 
 0.23444284 0.03473227 0.24167873 0.48914616
 0.14037627 0.61649783 0.12879884 0.11432706
 0.34008683 0.00144718 0.65701881 0.00144718
 0.13458755 0.00144718 0.73227207 0.1316932 
 0.23444284 0.17945007 0.00144718 0.58465991
 0.49204052 0.00144718 0.24602026 0.26049204
 0.23878437 0.00144718 0.00144718 0.75832127
 0.20260492 0.02749638 0.17366136 0.59623734
 0.57597685 0.09117221 0.06801737 0.26483357

MOTIF unmod1_l3_f_14
letter-probability matrix: alength= 4 w= 9 
 0.37936637 0.30544273 0.12956946 0.18562145
 0.53371243 0.11697807 0.17831032 0.17099919
 8.22502031e-01 2.92445167e-02 1.47847279e-01 4.06173842e-04
 0.0077173  0.01015435 0.11007311 0.87205524
 9.74817222e-03 4.06173842e-04 8.68399675e-01 1.21445979e-01
 0.1584078  0.03330626 0.65190902 0.15637693
 0.86596263 0.00528026 0.00568643 0.12307067
 0.53777417 0.0698619  0.01624695 0.37611698
 0.29488221 0.10073111 0.24817222 0.35621446

MOTIF unmod1_l3_f_15
letter-probability matrix: alength= 4 w= 9 
 0.09920107 0.40645806 0.44241012 0.05193076
 0.00332889 0.50732357 0.20639148 0.28295606
 3.32889481e-04 3.32889481e-04 5.62583222e-02 9.43075899e-01
 0.01964048 0.06924101 0.87782956 0.03328895
 0.77330226 0.01231691 0.13348868 0.08089214
 5.89880160e-01 1.74434088e-01 3.32889481e-04 2.35352863e-01
 0.0442743  0.7183755  0.05659121 0.18075899
 0.13382157 0.28628495 0.39047936 0.18941411
 0.28595206 0.38315579 0.18142477 0.14946738

MOTIF unmod1_l3_f_16
letter-probability matrix: alength= 4 w= 9 
 0.33122503 0.09620506 0.21071904 0.36185087
 0.20705726 0.06890812 0.71071904 0.01331558
 3.59520639e-01 3.32889481e-04 5.72569907e-01 6.75765646e-02
 5.17976032e-01 4.63049268e-01 3.32889481e-04 1.86418109e-02
 0.02396804 0.25199734 0.43774967 0.28628495
 8.45539281e-01 7.98934754e-03 3.32889481e-04 1.46138482e-01
 0.03628495 0.68941411 0.04327563 0.2310253 
 0.05825566 0.34387483 0.21804261 0.3798269 
 0.20306258 0.17476698 0.42310253 0.19906791

MOTIF unmod1_l3_f_17
letter-probability matrix: alength= 4 w= 9 
 0.22735043 0.34415954 0.17435897 0.25413105
 0.44330484 0.01253561 0.51168091 0.03247863
 0.1025641  0.00968661 0.80968661 0.07806268
 8.49002849e-02 5.69800570e-04 5.69800570e-04 9.13960114e-01
 6.02279202e-01 5.69800570e-04 1.03133903e-01 2.94017094e-01
 5.69800570e-04 1.28205128e-01 3.19088319e-02 8.39316239e-01
 0.597151   0.24330484 0.11566952 0.04387464
 0.39031339 0.27065527 0.03247863 0.30655271
 0.11680912 0.42108262 0.38347578 0.07863248

MOTIF unmod1_l3_f_18
letter-probability matrix: alength= 4 w= 9 
 0.09895658 0.04476607 0.11679569 0.73948166
 0.14607876 0.13699091 0.53382699 0.18310333
 0.50387075 0.09424436 0.34601144 0.05587344
 0.60518344 0.06698081 0.00942444 0.31841131
 0.00336587 0.71524739 0.01346348 0.26792326
 0.46650959 0.48502188 0.03736116 0.01110737
 0.28912824 0.30427465 0.10669808 0.29989902
 0.66947156 0.05890273 0.1087176  0.16290811
 0.24301582 0.13059576 0.12251767 0.50387075

MOTIF unmod1_l3_f_19
letter-probability matrix: alength= 4 w= 9 
 0.3255814  0.06385495 0.3594797  0.25108396
 0.31888057 0.00788333 0.09302326 0.58021285
 0.16081987 0.01064249 0.42412298 0.40441466
 0.10997241 0.04138747 0.09932992 0.74931021
 0.22822231 0.08947576 0.31099724 0.37130469
 0.23216397 0.0760741  0.03665747 0.65510445
 0.35790304 0.06858494 0.01458415 0.55892787
 0.11154907 0.08908159 0.05715412 0.74221521
 0.42727631 0.10681908 0.21245566 0.25344896

MOTIF unmod1_l3_f_20
letter-probability matrix: alength= 4 w= 9 
 0.24167776 0.04826897 0.21637816 0.4936751 
 0.36351531 0.37882823 0.12782956 0.1298269 
 0.21271638 0.05426099 0.33055925 0.40246338
 0.4776964  0.09720373 0.11784288 0.30725699
 0.16011984 0.22003995 0.27330226 0.34653795
 0.00366178 0.00299601 0.05825566 0.93508655
 0.13715047 0.06990679 0.03062583 0.76231691
 0.58921438 0.17876165 0.05958722 0.17243675
 0.02896138 0.17942743 0.11018642 0.68142477

MOTIF unmod1_l3_f_21
letter-probability matrix: alength= 4 w= 9 
 0.18331652 0.13151699 0.40632358 0.27884292
 3.36360579e-04 4.37268752e-02 3.36360579e-04 9.55600404e-01
 9.26673394e-01 3.36360579e-04 7.26538850e-02 3.36360579e-04
 1.75580222e-01 3.36360579e-04 8.19374369e-01 4.70904810e-03
 0.23007064 0.19340733 0.18230743 0.3942146 
 0.15741675 0.41439623 0.03632694 0.39186007
 0.04137235 0.09283552 0.30474268 0.56104945
 0.46485032 0.28018836 0.02287252 0.2320888 
 0.24419778 0.3464514  0.10864447 0.30070636

MOTIF unmod1_l3_f_22
letter-probability matrix: alength= 4 w= 9 
 0.21537949 0.27163782 0.34387483 0.16910786
 0.17776298 0.20539281 0.34587217 0.27097204
 3.32889481e-04 3.32889481e-04 3.32889481e-04 9.99001332e-01
 7.93608522e-01 3.32889481e-04 2.05725699e-01 3.32889481e-04
 4.55392810e-01 3.32889481e-04 5.43941411e-01 3.32889481e-04
 3.32889481e-04 3.32889481e-04 3.32889481e-04 9.99001332e-01
 7.80625832e-01 3.32889481e-04 2.18708389e-01 3.32889481e-04
 4.95006658e-01 3.32889481e-04 5.04327563e-01 3.32889481e-04
 0.27363515 0.21637816 0.35252996 0.15745672

MOTIF unmod1_l3_f_23
letter-probability matrix: alength= 4 w= 9 
 0.28016222 0.18316999 0.18350794 0.35315985
 0.19939169 0.50625211 0.17370733 0.12064887
 0.14599527 0.05643799 0.45217979 0.34538696
 0.23217303 0.00304157 0.00608314 0.75870226
 7.90807705e-01 3.37952011e-04 3.37952011e-04 2.08516391e-01
 0.06116931 0.00574518 0.77965529 0.15343021
 0.07367354 0.25076039 0.3359243  0.33964177
 0.28016222 0.35856708 0.1520784  0.20919229
 0.30381886 0.3281514  0.30314295 0.06488679

MOTIF unmod1_l3_f_24
letter-probability matrix: alength= 4 w= 9 
 0.14579125 0.09057239 0.17845118 0.58518519
 0.46430976 0.04915825 0.396633   0.08989899
 0.57407407 0.11077441 0.27138047 0.04377104
 0.22996633 0.07508418 0.14915825 0.54579125
 0.39393939 0.0976431  0.4010101  0.10740741
 0.70740741 0.13299663 0.10942761 0.05016835
 3.36700337e-04 3.36700337e-04 3.36700337e-04 9.98989899e-01
 9.88552189e-01 3.36700337e-04 1.07744108e-02 3.36700337e-04
 5.07744108e-01 3.36700337e-04 4.91582492e-01 3.36700337e-04

MOTIF unmod1_l3_f_25
letter-probability matrix: alength= 4 w= 9 
 0.39747004 0.2626498  0.14680426 0.1930759 
 0.51498003 0.14214381 0.12683089 0.21604527
 9.34420772e-01 3.32889481e-04 3.32889481e-04 6.49134487e-02
 3.32889481e-04 3.32889481e-04 6.25832224e-02 9.36750999e-01
 3.32889481e-04 3.32889481e-04 9.96671105e-01 2.66311585e-03
 0.56125166 0.06258322 0.21770972 0.15845539
 0.13981358 0.07689747 0.37516644 0.4081225 
 0.01198402 0.41910786 0.11584554 0.45306258
 0.22037284 0.22836218 0.36884154 0.18242344

MOTIF unmod1_l3_f_26
letter-probability matrix: alength= 4 w= 9 
 0.15678571 0.06892857 0.56892857 0.20535714
 0.0325     0.12357143 0.16357143 0.68035714
 0.06428571 0.27892857 0.37178571 0.285     
 0.20428571 0.02821429 0.1075     0.66      
 1.07142857e-03 7.39285714e-02 3.57142857e-04 9.24642857e-01
 9.61785714e-01 3.57142857e-04 3.67857143e-02 1.07142857e-03
 0.00642857 0.89678571 0.05428571 0.0425    
 0.1425     0.29785714 0.21892857 0.34071429
 0.28821429 0.41392857 0.19428571 0.10357143

MOTIF unmod1_l3_f_27
letter-probability matrix: alength= 4 w= 9 
 0.32023968 0.18941411 0.26631158 0.22403462
 0.04227696 0.20672437 0.39047936 0.36051931
 0.00266312 0.05026631 0.06757656 0.87949401
 0.7373502  0.01830892 0.15146471 0.09287617
 0.62683089 0.02896138 0.25965379 0.08455393
 3.32889481e-04 2.99600533e-03 1.19840213e-02 9.84687084e-01
 5.27962716e-01 3.32889481e-04 4.57057257e-01 1.46471372e-02
 7.52996005e-01 3.32889481e-04 2.46338216e-01 3.32889481e-04
 0.25233023 0.18375499 0.34687084 0.21704394

MOTIF unmod1_l3_f_28
letter-probability matrix: alength= 4 w= 9 
 0.16548798 0.16265912 0.40169731 0.27015559
 0.00636492 0.23408769 0.33592645 0.42362093
 7.07920792e-01 7.07213579e-04 2.90664781e-01 7.07213579e-04
 0.36421499 0.06364922 0.26166902 0.31046676
 0.07567185 0.47595474 0.28217822 0.16619519
 0.781471   0.04596888 0.16478076 0.00777935
 0.0049505 0.1874116 0.0261669 0.781471 
 4.59688826e-02 7.07213579e-04 8.68458274e-01 8.48656294e-02
 0.08981612 0.14639321 0.53889675 0.22489392

MOTIF unmod1_l3_f_29
letter-probability matrix: alength= 4 w= 9 
 0.38015979 0.34553928 0.15446072 0.11984021
 0.46338216 0.11584554 0.30426099 0.11651132
 0.30792277 0.10585885 0.22436751 0.36185087
 0.30292943 0.32523302 0.31125166 0.06058589
 8.56857523e-01 3.32889481e-04 1.33155792e-01 9.65379494e-03
 1.39147803e-01 7.65645806e-03 3.32889481e-04 8.52862850e-01
 3.32889481e-04 9.98668442e-03 8.94474035e-01 9.52063915e-02
 0.8258988  0.07723036 0.02996005 0.06691079
 0.08022636 0.19740346 0.47037284 0.25199734

MOTIF unmod1_l3_f_30
letter-probability matrix: alength= 4 w= 9 
 0.27796272 0.04960053 0.65579228 0.01664447
 0.06691079 0.27596538 0.16644474 0.49067909
 0.06291611 0.30359521 0.17010652 0.46338216
 0.09986684 0.02796272 0.63082557 0.24134487
 0.38115846 0.22969374 0.07756325 0.31158455
 0.85053262 0.03362184 0.09587217 0.01997337
 3.32889481e-04 1.99733688e-03 3.32889481e-04 9.97336884e-01
 0.00199734 0.19007989 0.78561917 0.0223036 
 0.36617843 0.32523302 0.12683089 0.18175766

MOTIF unmod1_l3_f_31
letter-probability matrix: alength= 4 w= 9 
 0.46338216 0.34553928 0.13082557 0.060253  
 0.53062583 0.0442743  0.40379494 0.02130493
 0.07856192 0.04593875 0.86950732 0.00599201
 3.32889481e-04 6.65778961e-02 6.40812250e-01 2.92276964e-01
 2.30692410e-01 3.32889481e-04 7.56657790e-01 1.23169108e-02
 3.32889481e-04 3.32889481e-04 4.81025300e-01 5.18308921e-01
 2.65312916e-01 3.57523302e-01 3.76830892e-01 3.32889481e-04
 0.54161119 0.19074567 0.13981358 0.12782956
 0.50532623 0.2436751  0.12882823 0.12217044

MOTIF unmod1_l3_f_32
letter-probability matrix: alength= 4 w= 9 
 0.26817043 0.05263158 0.1374269  0.54177109
 0.15329992 0.16666667 0.61236424 0.06766917
 4.61152882e-01 4.17710944e-04 5.38011696e-01 4.17710944e-04
 0.21177945 0.12865497 0.1984127  0.46115288
 4.17710944e-04 4.55304929e-02 8.61319967e-01 9.27318296e-02
 4.17710944e-04 8.93901420e-02 7.33500418e-01 1.76691729e-01
 0.46700084 0.41520468 0.07894737 0.03884712
 0.14578112 0.08939014 0.59732665 0.16750209
 0.23684211 0.27192982 0.16499582 0.32623225

MOTIF unmod1_l3_f_33
letter-probability matrix: alength= 4 w= 9 
 3.49528137e-04 6.42432716e-01 3.49528137e-04 3.56868228e-01
 0.3652569  0.10136316 0.45858092 0.07479902
 0.30024467 0.19818245 0.18035652 0.32121636
 0.66270535 0.2222999  0.00734009 0.10765467
 0.11918909 0.15588955 0.03005942 0.69486194
 0.14889899 0.02831178 0.78119539 0.04159385
 0.32016777 0.19014331 0.17546312 0.3142258 
 0.01223348 0.01293254 0.38657812 0.58825585
 6.18664803e-02 1.40160783e-01 7.97623209e-01 3.49528137e-04

MOTIF unmod1_l3_f_34
letter-probability matrix: alength= 4 w= 9 
 7.89613848e-01 1.53794940e-01 5.62583222e-02 3.32889481e-04
 0.61850866 0.16245007 0.17643142 0.04260985
 0.30659121 0.42543276 0.2310253  0.03695073
 2.64314248e-01 2.58655126e-01 4.76697736e-01 3.32889481e-04
 0.376498   0.12483356 0.37316911 0.12549933
 0.00166445 0.32256991 0.31924101 0.35652463
 0.00599201 0.10352863 0.84587217 0.04460719
 0.17110519 0.30592543 0.47237017 0.0505992 
 0.25399467 0.10419441 0.5223036  0.11950732

MOTIF unmod1_l3_f_35
letter-probability matrix: alength= 4 w= 9 
 0.53189265 0.17845939 0.16904845 0.12059951
 0.52492158 0.04531196 0.06029976 0.36946671
 2.23771349e-01 3.48553503e-04 4.81352388e-01 2.94527710e-01
 0.15127222 0.11258278 0.46043918 0.27570582
 0.43150924 0.14952945 0.32973161 0.0892297 
 8.17706518e-01 4.87974904e-03 3.48553503e-04 1.77065180e-01
 4.87974904e-03 3.48553503e-04 1.81247822e-01 8.13523876e-01
 0.03136982 0.01289648 0.89787382 0.05785988
 0.28616243 0.22551412 0.34193099 0.14639247

MOTIF unmod1_l3_f_36
letter-probability matrix: alength= 4 w= 9 
 0.05214466 0.34608915 0.20100925 0.40075694
 0.00336417 0.76240538 0.08662742 0.14760303
 0.12699748 0.45920942 0.30992431 0.1038688 
 0.02985702 0.18839361 0.62068966 0.16105971
 7.67872161e-01 4.20521447e-04 1.08494533e-01 1.23212784e-01
 0.15727502 0.01345669 0.13708999 0.6921783 
 0.07695542 0.18965517 0.43944491 0.29394449
 0.10933558 0.254836   0.11396131 0.52186712
 0.21530698 0.36585366 0.17073171 0.24810765

MOTIF unmod1_l3_f_37
letter-probability matrix: alength= 4 w= 9 
 0.16256525 0.23862789 0.01938852 0.57941834
 0.17524236 0.12826249 0.3191648  0.37733035
 0.00074571 0.50708427 0.41237882 0.0797912 
 0.02535421 0.52050708 0.39075317 0.06338553
 0.36465324 0.40641312 0.21401939 0.01491424
 0.2699478  0.12975391 0.49217002 0.10812826
 7.45712155e-04 6.63683818e-02 7.50932140e-01 1.81953766e-01
 0.01043997 0.24459359 0.30275913 0.44220731
 0.11782252 0.27665921 0.4235645  0.18195377

MOTIF unmod1_l3_f_38
letter-probability matrix: alength= 4 w= 9 
 0.36018642 0.02596538 0.53994674 0.07390146
 0.03328895 0.71005326 0.01498003 0.24167776
 0.1804261  0.22503329 0.52063915 0.07390146
 0.53561917 0.03362184 0.23169108 0.19906791
 0.00798935 0.47636485 0.13249001 0.38315579
 0.00399467 0.34221039 0.36517976 0.28861518
 0.17809587 0.03994674 0.63548602 0.14647137
 0.64780293 0.10619174 0.189747   0.05625832
 0.41910786 0.14580559 0.20106525 0.2340213 

MOTIF unmod1_l3_f_39
letter-probability matrix: alength= 4 w= 9 
 0.10331721 0.08569454 0.16655149 0.64443677
 0.21458189 0.11333794 0.48168625 0.19039392
 0.20456116 0.37491361 0.12301313 0.29751209
 3.45542502e-04 5.12785073e-01 3.45542502e-04 4.86523842e-01
 0.03939185 0.00967519 0.46959226 0.4813407 
 0.04492053 0.09467865 0.71803732 0.14236351
 0.14996545 0.40117484 0.31340705 0.13545266
 0.18279198 0.18175536 0.22771251 0.40774015
 0.18071873 0.08673117 0.42812716 0.30442294

MOTIF unmod1_l3_f_40
letter-probability matrix: alength= 4 w= 9 
 0.36118509 0.41810919 0.0855526  0.13515313
 0.19640479 0.33588549 0.45006658 0.01764314
 0.36251664 0.0855526  0.50332889 0.04860186
 0.07822903 0.26065246 0.07456724 0.58655126
 0.41178429 0.063249   0.52130493 0.00366178
 1.13182423e-01 3.32889481e-04 2.81291611e-01 6.05193076e-01
 0.35585885 0.26997337 0.09953395 0.27463382
 0.1201731  0.24700399 0.49334221 0.13948069
 0.13182423 0.1960719  0.55359521 0.11850866

MOTIF unmod1_l3_f_41
letter-probability matrix: alength= 4 w= 9 
 0.11779539 0.29106628 0.3926513  0.19848703
 0.370317   0.02233429 0.18804035 0.41930836
 0.11059078 0.21865994 0.39841499 0.27233429
 0.08285303 0.76981268 0.03998559 0.1073487 
 0.3148415  0.00684438 0.43731988 0.24099424
 0.27269452 0.00324207 0.71433718 0.00972622
 0.00936599 0.01657061 0.28998559 0.68407781
 0.11527378 0.05295389 0.82132565 0.01044669
 0.05043228 0.1721902  0.47694524 0.30043228

MOTIF unmod1_l3_f_42
letter-probability matrix: alength= 4 w= 9 
 0.49963424 0.32114119 0.0771763  0.10204828
 0.329188   0.05010973 0.5874177  0.03328456
 3.65764448e-04 2.18727140e-01 4.46232626e-01 3.34674470e-01
 3.65764448e-04 3.65764448e-04 9.21726408e-02 9.07095830e-01
 0.06108266 0.04974396 0.74725677 0.14191661
 0.15252377 0.02852963 0.74615947 0.07278713
 6.91294806e-01 2.02267740e-01 3.65764448e-04 1.06071690e-01
 0.23701536 0.05523043 0.46964155 0.23811266
 0.31638625 0.15727871 0.27761522 0.24871982

MOTIF unmod1_l3_f_43
letter-probability matrix: alength= 4 w= 9 
 0.09097035 0.25067385 0.54514825 0.11320755
 0.00943396 0.13544474 0.375      0.48012129
 6.83962264e-02 4.73045822e-01 3.36927224e-04 4.58221024e-01
 9.10377358e-01 6.73854447e-03 8.25471698e-02 3.36927224e-04
 0.1212938  0.1212938  0.74225067 0.01516173
 0.07715633 0.03672507 0.86893531 0.01718329
 0.57008086 0.02493261 0.28975741 0.11522911
 6.26684636e-02 1.50943396e-01 3.36927224e-04 7.86051213e-01
 0.31266846 0.16913747 0.44946092 0.06873315

MOTIF unmod1_l3_f_44
letter-probability matrix: alength= 4 w= 9 
 0.05292702 0.07538091 0.78428228 0.08740978
 0.00280674 0.23857257 0.07578188 0.68283881
 0.46952686 0.09903769 0.25581395 0.17562149
 4.00962310e-04 4.29029671e-02 1.37530072e-01 8.19165998e-01
 5.24458701e-01 4.69526864e-01 5.61347233e-03 4.00962310e-04
 0.26463512 0.43744988 0.2638332  0.0340818 
 0.03047314 0.08580593 0.83640738 0.04731355
 0.47995188 0.159583   0.16639936 0.19406576
 0.39775461 0.25541299 0.30392943 0.04290297

MOTIF unmod1_l3_f_45
letter-probability matrix: alength= 4 w= 9 
 0.47237017 0.08621838 0.08288948 0.35852197
 8.27230360e-01 1.09853529e-01 3.32889481e-04 6.25832224e-02
 0.1741012  0.37150466 0.21937417 0.23501997
 0.32822903 0.00865513 0.40146471 0.26165113
 0.24001332 0.12450067 0.57423435 0.06125166
 0.05892144 0.08189081 0.82723036 0.03195739
 0.09853529 0.30093209 0.43442077 0.16611185
 0.1454727  0.62616511 0.06358189 0.16478029
 0.08355526 0.19806924 0.48635153 0.23202397

MOTIF unmod1_l3_f_46
letter-probability matrix: alength= 4 w= 9 
 0.13781625 0.48501997 0.31924101 0.05792277
 0.0189747  0.18275632 0.59853529 0.19973369
 0.60286285 0.08688415 0.27696405 0.03328895
 3.32889481e-04 3.32889481e-04 9.99001332e-01 3.32889481e-04
 3.32889481e-04 7.98934754e-03 9.91344874e-01 3.32889481e-04
 3.32889481e-04 2.79627164e-02 9.51398136e-01 2.03062583e-02
 0.24334221 0.02263648 0.46371505 0.27030626
 0.31424767 0.18175766 0.21537949 0.28861518
 0.57523302 0.11950732 0.0665779  0.23868176

MOTIF unmod1_l3_f_47
letter-probability matrix: alength= 4 w= 9 
 0.49933422 0.05892144 0.09054594 0.3511984 
 1.35486019e-01 8.06591212e-01 3.32889481e-04 5.75898802e-02
 0.17809587 0.00898802 0.1517976  0.66111851
 0.02929427 0.08388815 0.54560586 0.34121172
 0.20605859 0.15912117 0.10885486 0.52596538
 0.28761651 0.17676431 0.3608522  0.17476698
 0.49800266 0.06191744 0.32123835 0.11884154
 0.66178429 0.07789614 0.16178429 0.09853529
 0.47270306 0.1770972  0.21471372 0.13548602

MOTIF unmod1_l3_f_48
letter-probability matrix: alength= 4 w= 9 
 0.19307296 0.20854827 0.49152542 0.10685335
 0.24797347 0.11790715 0.30545321 0.32866618
 0.47973471 0.02026529 0.32608696 0.17391304
 5.37951363e-02 3.68459838e-04 3.66249079e-01 5.79587325e-01
 0.18312454 0.04642594 0.74613117 0.02431835
 1.61016949e-01 6.04274134e-02 7.78187178e-01 3.68459838e-04
 0.23913043 0.39167281 0.34635225 0.02284451
 1.84229919e-03 3.68459838e-04 5.37582903e-01 4.60206338e-01
 0.44694178 0.23618276 0.06448047 0.25239499

MOTIF unmod1_l3_f_49
letter-probability matrix: alength= 4 w= 9 
 0.28728362 0.10652463 0.41344874 0.19274301
 0.08155792 0.41611185 0.17343542 0.32889481
 3.32889481e-04 1.56125166e-01 6.42143808e-01 2.01398136e-01
 3.32889481e-04 3.97137150e-01 5.81890812e-01 2.06391478e-02
 0.23635153 0.11984021 0.21071904 0.43308921
 0.25133156 0.19241012 0.23002663 0.32623169
 0.37117177 0.00499334 0.07223702 0.55159787
 0.34154461 0.1581225  0.29960053 0.20073236
 0.28029294 0.22436751 0.28661784 0.2087217 

MOTIF unmod1_l3_f_50
letter-probability matrix: alength= 4 w= 9 
 0.32216582 0.07546531 0.4        0.20236887
 0.56514382 0.08527919 0.04940778 0.3001692 
 3.45854484e-01 7.51269036e-02 3.38409475e-04 5.78680203e-01
 2.12182741e-01 3.38409475e-04 1.37055838e-01 6.50423012e-01
 0.58950931 0.01353638 0.01387479 0.38307953
 0.242978   0.74551607 0.00270728 0.00879865
 0.29746193 0.15600677 0.29137056 0.25516074
 0.25786802 0.34754653 0.09847716 0.29610829
 0.26125212 0.1428088  0.39052453 0.20541455

MOTIF unmod1_l3_f_51
letter-probability matrix: alength= 4 w= 9 
 0.17219048 0.16038095 0.50133333 0.16609524
 0.07771429 0.22628571 0.24533333 0.45066667
 0.02895238 0.30057143 0.38552381 0.28495238
 0.55657143 0.39085714 0.04114286 0.01142857
 0.06933333 0.53066667 0.35504762 0.04495238
 0.00990476 0.84152381 0.02438095 0.12419048
 0.18438095 0.63314286 0.16457143 0.01790476
 0.34514286 0.24380952 0.21485714 0.19619048
 0.2392381  0.21638095 0.3847619  0.15961905

MOTIF unmod1_l3_f_52
letter-probability matrix: alength= 4 w= 9 
 0.01366982 0.11286365 0.72029443 0.1531721 
 3.50508237e-04 3.50508237e-03 1.62986330e-01 8.33158079e-01
 0.02243253 0.01191728 0.66211006 0.30354013
 0.56396775 0.01542236 0.12022433 0.30038556
 0.50332983 0.00525762 0.42201192 0.06940063
 0.70557308 0.01612338 0.08061689 0.19768665
 0.0809674  0.5320715  0.17665615 0.21030494
 0.11882229 0.41324921 0.27374693 0.19418156
 0.19838766 0.34595163 0.11742026 0.33824045

MOTIF unmod1_l3_f_53
letter-probability matrix: alength= 4 w= 9 
 0.45139814 0.07822903 0.30659121 0.16378162
 0.25366178 0.12916112 0.56557923 0.05159787
 0.09387483 0.13215712 0.47003995 0.3039281 
 7.29027963e-02 3.32889481e-04 7.68308921e-01 1.58455393e-01
 0.57023968 0.17776298 0.04460719 0.20739015
 1.70772304e-01 3.32889481e-04 2.92942743e-01 5.35952064e-01
 0.10352863 0.32023968 0.26531292 0.31091877
 0.26065246 0.50266312 0.18808256 0.04860186
 0.27296937 0.33189081 0.22237017 0.17276964

MOTIF unmod1_l3_f_54
letter-probability matrix: alength= 4 w= 9 
 0.42976032 0.48968043 0.03428762 0.04627164
 8.33222370e-01 3.32889481e-04 1.54127830e-01 1.23169108e-02
 0.57057257 0.24733688 0.0665779  0.11551265
 0.18541944 0.35319574 0.41411451 0.04727031
 0.92043941 0.01431425 0.04094541 0.02430093
 3.32889481e-04 3.32889481e-04 4.09454061e-02 9.58388815e-01
 3.32889481e-04 3.32889481e-04 9.88348868e-01 1.09853529e-02
 0.19074567 0.15579228 0.40079893 0.25266312
 0.29727031 0.15679095 0.40046605 0.1454727 

MOTIF unmod1_l3_f_55
letter-probability matrix: alength= 4 w= 9 
 0.15113182 0.35918775 0.05758988 0.43209055
 0.70006658 0.08455393 0.15412783 0.06125166
 0.19174434 0.10286285 0.01031957 0.69507324
 0.66178429 0.09687084 0.2310253  0.01031957
 0.86750999 0.03994674 0.08754993 0.00499334
 0.19806924 0.67776298 0.0412783  0.08288948
 0.03029294 0.07956059 0.64047936 0.24966711
 0.25233023 0.15645806 0.29161119 0.29960053
 0.59021305 0.04061252 0.36218375 0.00699068

MOTIF unmod1_l3_f_56
letter-probability matrix: alength= 4 w= 9 
 0.01521739 0.60362319 0.0115942  0.36956522
 0.06666667 0.56775362 0.18405797 0.18152174
 0.34384058 0.25471014 0.07246377 0.32898551
 0.48369565 0.00398551 0.32173913 0.19057971
 0.0673913  0.78478261 0.01956522 0.12826087
 0.02572464 0.09637681 0.32644928 0.55144928
 0.06992754 0.78478261 0.04384058 0.10144928
 0.23152174 0.71413043 0.05072464 0.00362319
 0.18586957 0.15869565 0.29565217 0.35978261

MOTIF unmod1_l3_f_57
letter-probability matrix: alength= 4 w= 9 
 0.15046194 0.67839859 0.11174659 0.05939287
 0.1808183  0.133304   0.67487901 0.01099868
 6.27804663e-01 4.39947206e-04 3.47558293e-01 2.41970963e-02
 0.02639683 0.34755829 0.02067752 0.60536736
 0.03255609 0.02771667 0.85349758 0.08622965
 0.16805983 0.11790585 0.52221733 0.19181698
 0.1267048  0.23449186 0.4100308  0.22877255
 0.01891773 0.16893973 0.56841179 0.24373075
 0.13462385 0.47206335 0.25208975 0.14122305

MOTIF unmod1_l3_f_58
letter-probability matrix: alength= 4 w= 9 
 0.6816019  0.05273592 0.15265662 0.11300555
 0.69944489 0.17446471 0.07731959 0.04877082
 0.56463125 0.07375099 0.10785091 0.25376685
 9.46867565e-01 6.74068200e-03 3.96510706e-04 4.59952419e-02
 0.28707375 0.00991277 0.62569389 0.07731959
 0.57494052 0.05471848 0.00872324 0.36161776
 2.85487708e-01 3.96510706e-04 1.39571768e-01 5.74544013e-01
 0.4742268  0.0222046  0.31086439 0.1927042 
 0.70222046 0.03528945 0.1629659  0.09952419

MOTIF unmod1_l3_f_59
letter-probability matrix: alength= 4 w= 9 
 0.41511318 0.17776298 0.30925433 0.09786951
 0.15778961 0.65113182 0.08988016 0.1011984 
 0.30259654 0.00299601 0.68009321 0.01431425
 6.85086551e-01 1.41145140e-01 3.32889481e-04 1.73435419e-01
 0.20672437 0.36651132 0.13448735 0.29227696
 8.64846871e-01 3.32889481e-04 1.33155792e-02 1.21504660e-01
 2.44007989e-01 1.79760320e-02 3.32889481e-04 7.37683089e-01
 0.21038615 0.03861518 0.74733688 0.00366178
 0.20206391 0.08288948 0.6644474  0.0505992 

MOTIF unmod1_l3_f_60
letter-probability matrix: alength= 4 w= 9 
 0.15240734 0.35122965 0.30377555 0.19258746
 0.71285071 0.14651888 0.09837201 0.0422584 
 0.90474541 0.05161067 0.02771043 0.01593349
 0.5756841  0.13370281 0.2130239  0.07758919
 0.01073779 0.3785937  0.12227225 0.48839626
 3.46380326e-04 3.39106339e-01 1.87738136e-01 4.72809144e-01
 0.11499827 0.05057153 0.39521995 0.43921025
 1.76653966e-02 3.46380326e-04 9.62937305e-01 1.90509179e-02
 0.31485972 0.09975753 0.52199515 0.0633876 

MOTIF unmod1_l3_f_61
letter-probability matrix: alength= 4 w= 9 
 0.20836502 0.29923954 0.2878327  0.20456274
 0.80532319 0.10456274 0.06311787 0.0269962 
 0.18022814 0.22547529 0.27984791 0.31444867
 3.80228137e-04 5.17110266e-02 3.80228137e-04 9.47528517e-01
 0.70912548 0.01406844 0.12357414 0.15323194
 0.24752852 0.021673   0.7026616  0.02813688
 0.33802281 0.00380228 0.57528517 0.08288973
 0.18935361 0.41558935 0.19923954 0.19581749
 3.80228137e-04 1.53992395e-01 8.31558935e-01 1.40684411e-02

MOTIF unmod1_l3_f_62
letter-probability matrix: alength= 4 w= 9 
 0.40982013 0.03548858 0.23043267 0.32425863
 0.11618862 0.01701507 0.40204181 0.4647545 
 4.86144871e-04 8.11861935e-02 4.86144871e-04 9.17841517e-01
 2.39669421e-01 4.86144871e-04 6.32474477e-01 1.27369956e-01
 0.0140982  0.71803597 0.02673797 0.24112786
 5.51288284e-01 4.34127370e-01 1.40982013e-02 4.86144871e-04
 1.80845892e-01 4.86144871e-04 1.69178415e-01 6.49489548e-01
 0.18667963 0.00340301 0.7345649  0.07535246
 0.22119592 0.25765678 0.32814779 0.19299951

MOTIF unmod1_l3_f_63
letter-probability matrix: alength= 4 w= 9 
 0.17443409 0.32190413 0.42310253 0.08055925
 0.45173103 0.06857523 0.35219707 0.12749667
 3.32889481e-04 3.08588549e-01 2.06391478e-01 4.84687084e-01
 3.32889481e-04 5.99201065e-02 3.18242344e-01 6.21504660e-01
 0.06924101 0.08754993 0.8005992  0.04260985
 0.55259654 0.16478029 0.19840213 0.08422104
 2.82290280e-01 3.32889481e-04 3.32889481e-04 7.17043941e-01
 0.37616511 0.28262317 0.09387483 0.24733688
 0.34420772 0.01631158 0.52996005 0.10952064

MOTIF unmod1_l3_f_64
letter-probability matrix: alength= 4 w= 9 
 0.0782877  0.31777863 0.47589664 0.12803702
 0.07057462 0.14847667 0.04627844 0.73467027
 0.05476282 0.04126494 0.455457   0.44851523
 0.06478982 0.12340918 0.11685307 0.69494794
 0.30698033 0.19668338 0.02969533 0.46664096
 0.21442345 0.03817971 0.14346317 0.60393367
 0.67720787 0.01619745 0.19359815 0.11299653
 1.10296953e-01 3.85653683e-04 6.27458542e-01 2.61858851e-01
 0.30543772 0.15194755 0.27959892 0.26301581

MOTIF unmod1_l3_f_65
letter-probability matrix: alength= 4 w= 9 
 0.49201065 0.23801598 0.17043941 0.09953395
 0.66178429 0.07756325 0.00599201 0.25466045
 9.32090546e-03 3.32889481e-04 2.45672437e-01 7.44673768e-01
 3.32889481e-04 3.32889481e-03 7.10386152e-01 2.85952064e-01
 1.08854860e-01 3.32889481e-04 8.74500666e-01 1.63115846e-02
 0.42310253 0.52197071 0.04094541 0.01398136
 0.13515313 0.0948735  0.47669774 0.29327563
 0.2689747  0.2340213  0.12549933 0.37150466
 0.32623169 0.35952064 0.20272969 0.11151798

MOTIF unmod1_l3_f_66
letter-probability matrix: alength= 4 w= 9 
 0.05359521 0.18841545 0.03029294 0.7276964 
 0.59587217 0.13715047 0.18175766 0.08521971
 0.56724368 0.04027963 0.29527297 0.09720373
 3.32889481e-04 3.32889481e-04 3.32889481e-04 9.99001332e-01
 8.36884154e-01 3.32889481e-04 1.62450067e-01 3.32889481e-04
 3.28561917e-01 3.32889481e-04 6.70772304e-01 3.32889481e-04
 0.25532623 0.27962716 0.19007989 0.27496671
 0.06724368 0.35419441 0.38548602 0.1930759 
 0.12949401 0.20439414 0.51398136 0.15213049

MOTIF unmod1_l3_f_67
letter-probability matrix: alength= 4 w= 9 
 0.26890756 0.16587505 0.33649982 0.22871757
 0.1092437  0.49725977 0.13116551 0.26233102
 0.02776763 0.82279868 0.00365364 0.14578005
 0.1443186  0.70149799 0.14797223 0.00621118
 0.42089879 0.40774571 0.11582024 0.05553526
 2.19218122e-03 8.94409938e-01 3.65363537e-04 1.03032517e-01
 0.07161125 0.63938619 0.0580928  0.23090976
 0.22579467 0.70222872 0.02995981 0.04201681
 0.23090976 0.43770552 0.1834125  0.14797223

MOTIF unmod1_l3_f_68
letter-probability matrix: alength= 4 w= 9 
 0.35286285 0.34287617 0.19174434 0.11251664
 0.31890812 0.28029294 0.30226365 0.09853529
 9.36418109e-01 1.86418109e-02 3.32889481e-04 4.46071904e-02
 3.32889481e-04 1.86418109e-02 1.79760320e-02 9.63049268e-01
 3.32889481e-04 1.86418109e-02 9.36418109e-01 4.46071904e-02
 0.01697736 0.02163782 0.0569241  0.90446072
 0.44773635 0.00299601 0.50932091 0.03994674
 0.40579228 0.2120506  0.28395473 0.0982024 
 0.36850866 0.14081225 0.32090546 0.16977364

MOTIF unmod1_l3_f_69
letter-probability matrix: alength= 4 w= 9 
 0.16278296 0.07789614 0.73834887 0.02097204
 0.54094541 0.08422104 0.32356858 0.05126498
 0.09553928 0.38581891 0.24067909 0.27796272
 0.22503329 0.01198402 0.70306258 0.05992011
 0.22203728 0.17343542 0.25       0.3545273 
 0.1298269  0.38715047 0.34054594 0.1424767 
 0.08821571 0.26930759 0.37217044 0.27030626
 0.22403462 0.55126498 0.16844208 0.05625832
 0.22237017 0.39680426 0.25366178 0.12716378

MOTIF unmod1_l3_f_70
letter-probability matrix: alength= 4 w= 9 
 0.37922078 0.04415584 0.4961039  0.08051948
 0.0025974  0.0025974  0.08311688 0.91168831
 0.2        0.05714286 0.71428571 0.02857143
 0.95584416 0.0025974  0.03896104 0.0025974 
 0.0025974  0.04415584 0.0025974  0.95064935
 0.2025974  0.0025974  0.75064935 0.04415584
 0.79220779 0.0025974  0.2025974  0.0025974 
 0.54805195 0.06753247 0.09350649 0.29090909
 0.20519481 0.1038961  0.09090909 0.6       

MOTIF unmod1_l3_f_71
letter-probability matrix: alength= 4 w= 9 
 0.33621838 0.34653795 0.00466045 0.31258322
 0.61251664 0.01731025 0.01964048 0.35053262
 0.5539281  0.16378162 0.02097204 0.26131824
 0.07023968 0.04161119 0.29227696 0.59587217
 0.15679095 0.16877497 0.29260985 0.38182423
 0.43209055 0.28861518 0.2247004  0.05459387
 0.24633822 0.29161119 0.12616511 0.33588549
 0.24700399 0.54094541 0.09287617 0.11917443
 0.41045273 0.3511984  0.08122503 0.15712383

MOTIF unmod1_l3_f_72
letter-probability matrix: alength= 4 w= 9 
 0.49467377 0.37749667 0.11484687 0.01298269
 0.76298269 0.08754993 0.0189747  0.13049268
 0.15213049 0.11584554 0.45505992 0.27696405
 0.34886818 0.14813582 0.26631158 0.23668442
 0.11684421 0.29394141 0.24966711 0.33954727
 2.47336884e-01 3.32889481e-04 6.22170439e-01 1.30159787e-01
 0.0539281  0.2087217  0.54394141 0.19340879
 0.19407457 0.37816245 0.33754993 0.09021305
 0.18075899 0.22503329 0.51731025 0.07689747

MOTIF unmod1_l3_f_73
letter-probability matrix: alength= 4 w= 9 
 3.06258322e-02 3.32889481e-04 3.32889481e-04 9.68708389e-01
 8.25233023e-01 3.32889481e-04 1.74101198e-01 3.32889481e-04
 4.13115846e-01 3.32889481e-04 5.55925433e-01 3.06258322e-02
 3.32889481e-04 2.66311585e-03 3.32889481e-04 9.96671105e-01
 6.68442077e-01 3.32889481e-04 3.28561917e-01 2.66311585e-03
 7.24034621e-01 3.32889481e-04 2.72969374e-01 2.66311585e-03
 0.46304927 0.20372836 0.1930759  0.14014647
 0.3165779  0.27829561 0.27663116 0.12849534
 0.26930759 0.19507324 0.30093209 0.23468708

MOTIF unmod1_l3_f_74
letter-probability matrix: alength= 4 w= 9 
 0.80958722 0.04294274 0.14114514 0.0063249 
 0.57656458 0.05825566 0.10086551 0.26431425
 0.22969374 0.11850866 0.39181092 0.25998668
 7.68974700e-01 3.32889481e-04 2.30359521e-01 3.32889481e-04
 3.32889481e-04 1.66444740e-03 1.22503329e-01 8.75499334e-01
 0.01065246 0.07057257 0.91711052 0.00166445
 0.0729028  0.09753662 0.7087217  0.12083888
 0.21571238 0.44107856 0.23035952 0.11284953
 0.36251664 0.24633822 0.29227696 0.09886818

MOTIF unmod1_l3_f_75
letter-probability matrix: alength= 4 w= 9 
 0.3954727  0.22436751 0.32356858 0.05659121
 0.82789614 0.02097204 0.14780293 0.00332889
 0.24700399 0.14780293 0.07356858 0.5316245 
 0.19340879 0.1994008  0.38715047 0.22003995
 8.17243675e-01 3.99467377e-03 1.78428762e-01 3.32889481e-04
 0.08455393 0.10386152 0.01165113 0.79993342
 0.00932091 0.03894807 0.75665779 0.19507324
 0.12450067 0.03928096 0.66810919 0.16810919
 0.32889481 0.46637816 0.05892144 0.14580559

MOTIF unmod1_l3_f_76
letter-probability matrix: alength= 4 w= 9 
 9.97699387e-01 7.66871166e-04 7.66871166e-04 7.66871166e-04
 7.66871166e-04 7.66871166e-04 7.66871166e-04 9.97699387e-01
 7.66871166e-04 7.66871166e-04 9.97699387e-01 7.66871166e-04
 0.28527607 0.22546012 0.29754601 0.19171779
 0.28680982 0.22162577 0.25613497 0.23542945
 0.63343558 0.1648773  0.10736196 0.09432515
 0.47852761 0.00613497 0.00996933 0.5053681 
 0.00076687 0.04371166 0.47162577 0.48389571
 0.16104294 0.10582822 0.64187117 0.09125767

MOTIF unmod1_l3_f_77
letter-probability matrix: alength= 4 w= 9 
 0.12816245 0.69806924 0.04460719 0.12916112
 0.24400799 0.46171771 0.10319574 0.19107856
 0.01131824 0.04394141 0.90346205 0.0412783 
 0.0159787  0.57423435 0.04826897 0.36151798
 0.16478029 0.02629827 0.63149134 0.17743009
 0.25932091 0.29527297 0.03661784 0.40878828
 0.4051265  0.20106525 0.01031957 0.38348868
 0.62117177 0.02463382 0.21537949 0.13881491
 0.16944075 0.25765646 0.310253   0.2626498 

MOTIF unmod1_l3_f_78
letter-probability matrix: alength= 4 w= 9 
 0.59121172 0.10818908 0.16344874 0.13715047
 0.36651132 0.21970706 0.00665779 0.40712383
 3.32889481e-04 4.04127830e-01 3.32889481e-04 5.95206391e-01
 0.07456724 0.15346205 0.74434088 0.02762983
 0.20772304 0.34387483 0.09054594 0.35785619
 0.6707723  0.189747   0.00965379 0.1298269 
 0.09753662 0.02430093 0.21271638 0.66544607
 3.32889481e-04 1.05525965e-01 8.40213049e-01 5.39280959e-02
 0.24134487 0.30659121 0.26664447 0.18541944

MOTIF unmod1_l3_f_79
letter-probability matrix: alength= 4 w= 9 
 0.28618301 0.29310973 0.29894276 0.12176449
 0.06452789 0.03755013 0.64855997 0.24936201
 0.27852716 0.02479038 0.04557054 0.65111192
 3.64564346e-04 3.64564346e-04 8.50528618e-01 1.48742253e-01
 6.70798396e-02 3.28107911e-03 3.64564346e-04 9.29274517e-01
 0.2617572  0.00619759 0.71855633 0.01348888
 0.87313161 0.00328108 0.05359096 0.06999635
 0.34341961 0.30076559 0.33831571 0.01749909
 0.44622676 0.08530806 0.19905213 0.26941305

MOTIF unmod1_l3_f_80
