MEME version 5.3.0

ALPHABET= ACGT

strands: + -

Background letter frequencies
A 0.25 C 0.25 G 0.25 T 0.25

MOTIF unmod1_l3_f_0
letter-probability matrix: alength= 4 w= 9 
 0.26067019 0.11851852 0.34532628 0.27548501
 0.3037037  0.17671958 0.29488536 0.22469136
 0.40458554 0.14638448 0.40705467 0.04197531
 5.36155203e-02 1.37566138e-02 3.52733686e-04 9.32275132e-01
 0.64197531 0.01728395 0.32945326 0.01128748
 0.55837743 0.01199295 0.42363316 0.00599647
 3.52733686e-04 3.52733686e-04 3.52733686e-04 9.98941799e-01
 9.49206349e-01 3.52733686e-04 5.00881834e-02 3.52733686e-04
 5.53439153e-01 3.52733686e-04 4.45855379e-01 3.52733686e-04

MOTIF unmod1_l3_f_1
letter-probability matrix: alength= 4 w= 9 
 0.17010652 0.25       0.25499334 0.32490013
 0.79727031 0.06191744 0.0505992  0.09021305
 0.14014647 0.03894807 0.69440746 0.126498  
 0.0063249  0.02796272 0.40978695 0.55592543
 0.05492676 0.52296937 0.2150466  0.20705726
 0.00865513 0.00133156 0.77463382 0.21537949
 0.03229028 0.51165113 0.02463382 0.43142477
 0.46005326 0.09753662 0.38348868 0.05892144
 0.0379494  0.02962716 0.58488682 0.34753662

MOTIF unmod1_l3_f_2
letter-probability matrix: alength= 4 w= 9 
 0.05359521 0.41744341 0.21404794 0.31491345
 0.17310253 0.06591212 0.74933422 0.01165113
 0.42576565 0.2120506  0.34853529 0.01364847
 0.68508655 0.1677763  0.12283622 0.02430093
 0.60486019 0.06524634 0.10952064 0.22037284
 0.61284953 0.06125166 0.01864181 0.30725699
 0.10386152 0.01198402 0.26398136 0.6201731 
 0.06890812 0.00399467 0.74567244 0.18142477
 0.18075899 0.44041278 0.09087883 0.2879494 

MOTIF unmod1_l3_f_3
letter-probability matrix: alength= 4 w= 9 
 0.19806924 0.17443409 0.52330226 0.10419441
 1.89414115e-01 3.32889481e-04 1.84087883e-01 6.26165113e-01
 0.46737683 0.17243675 0.18608522 0.1741012 
 0.15346205 0.2912783  0.20039947 0.35486019
 0.07456724 0.13215712 0.33588549 0.45739015
 0.26431425 0.47902796 0.15013316 0.10652463
 0.63082557 0.13814913 0.06291611 0.16810919
 0.74201065 0.02996005 0.16644474 0.06158455
 0.23601864 0.33521971 0.15146471 0.27729694

MOTIF unmod1_l3_f_4
letter-probability matrix: alength= 4 w= 9 
 0.43442077 0.35952064 0.1138482  0.09221039
 0.50432756 0.06491345 0.40213049 0.0286285 
 0.38315579 0.02163782 0.52762983 0.06757656
 0.11051931 0.05093209 0.56058589 0.27796272
 1.95073236e-01 3.32889481e-04 5.97869507e-01 2.06724368e-01
 0.14280959 0.10785619 0.61118509 0.13814913
 3.32889481e-04 2.22370173e-01 6.78095872e-01 9.92010652e-02
 0.00832224 0.34420772 0.09853529 0.54893475
 0.16511318 0.28395473 0.31058589 0.24034621

MOTIF unmod1_l3_f_5
letter-probability matrix: alength= 4 w= 9 
 0.20794824 0.03512015 0.22735675 0.52957486
 0.34149723 0.07624769 0.55545287 0.02680222
 0.49214418 0.0707024  0.28327172 0.1538817 
 0.07855823 0.02033272 0.53789279 0.36321627
 0.58502773 0.01802218 0.18114603 0.21580407
 1.86691312e-01 4.62107209e-04 3.01756007e-01 5.11090573e-01
 3.82624769e-01 4.62107209e-04 5.45286506e-02 5.62384473e-01
 0.57162662 0.20147874 0.1668207  0.06007394
 0.45887246 0.00323475 0.50693161 0.03096118

MOTIF unmod1_l3_f_6
letter-probability matrix: alength= 4 w= 9 
 0.45791783 0.0733945  0.45791783 0.01076984
 0.42042282 0.46908656 0.09812525 0.01236538
 3.78938971e-01 2.11408057e-01 4.09254089e-01 3.98883127e-04
 0.815716   0.01834862 0.09812525 0.06781013
 0.55404866 0.04746709 0.02871959 0.36976466
 0.28759473 0.11208616 0.16114878 0.43917032
 0.1041085  0.18587954 0.40167531 0.30833666
 0.13123255 0.38851217 0.47187874 0.00837655
 0.11806941 0.59353809 0.28161149 0.00678101

MOTIF unmod1_l3_f_7
letter-probability matrix: alength= 4 w= 9 
 0.00652091 0.60529344 0.092827   0.29535865
 0.1814346  0.70809359 0.08362102 0.02685079
 0.06444189 0.71423092 0.2079018  0.01342539
 0.04449559 0.73187572 0.20943613 0.01419256
 0.01649405 0.51208285 0.28231684 0.18910625
 0.0598389  0.63252781 0.16800921 0.13962409
 0.1350211  0.34982739 0.22593019 0.28922133
 0.22017645 0.37015727 0.26620637 0.14345992
 0.15420023 0.31568853 0.27809743 0.25201381

MOTIF unmod1_l3_f_8
letter-probability matrix: alength= 4 w= 9 
 0.02132999 0.2183187  0.14178168 0.61856964
 0.01380176 0.06398996 0.25595985 0.66624843
 0.55457967 0.09159348 0.18318695 0.1706399 
 0.27352572 0.1706399  0.01882058 0.5370138 
 0.61480552 0.01129235 0.00125471 0.37264743
 0.10790464 0.01129235 0.30112923 0.57967378
 0.59974906 0.28105395 0.00125471 0.11794228
 0.00125471 0.01003764 0.69134253 0.29736512
 0.25470514 0.31869511 0.11292346 0.31367629

MOTIF unmod1_l3_f_9
letter-probability matrix: alength= 4 w= 9 
 0.36551265 0.36950732 0.24933422 0.01564581
 0.16844208 0.02929427 0.73002663 0.07223702
 3.32889481e-04 1.11517976e-01 9.05459387e-02 7.97603196e-01
 3.32889481e-04 9.18442077e-01 3.86151798e-02 4.26098535e-02
 0.10619174 0.34221039 0.32756325 0.22403462
 0.08821571 0.18741678 0.31125166 0.41311585
 0.90579228 0.03894807 0.04360852 0.01165113
 0.14613848 0.06091877 0.30525965 0.48768309
 0.09287617 0.08655126 0.43142477 0.3891478 

MOTIF unmod1_l3_f_10
letter-probability matrix: alength= 4 w= 9 
 0.16111111 0.1375     0.28888889 0.4125    
 0.20625    0.371875   0.12569444 0.29618056
 0.72395833 0.08923611 0.10833333 0.07847222
 0.83402778 0.07673611 0.01979167 0.06944444
 0.21805556 0.11388889 0.14618056 0.521875  
 4.23263889e-01 1.28819444e-01 4.47569444e-01 3.47222222e-04
 0.46284722 0.01736111 0.04270833 0.47708333
 0.09166667 0.02222222 0.46423611 0.421875  
 0.02708333 0.02465278 0.81215278 0.13611111

MOTIF unmod1_l3_f_11
letter-probability matrix: alength= 4 w= 9 
 0.4749556  0.02699822 0.39147425 0.10657194
 0.19964476 0.12468917 0.20781528 0.4678508 
 5.84724689e-01 3.55239787e-04 4.14564831e-01 3.55239787e-04
 0.33499112 0.16980462 0.40994671 0.08525755
 0.12362345 0.06891652 0.04191829 0.76554174
 2.12433393e-01 7.86856128e-01 3.55239787e-04 3.55239787e-04
 0.29840142 0.01349911 0.00142096 0.68667851
 6.14564831e-01 3.55239787e-04 4.47602131e-02 3.40319716e-01
 0.16056838 0.23090586 0.18827709 0.42024867

MOTIF unmod1_l3_f_12
letter-probability matrix: alength= 4 w= 9 
 0.23169108 0.42310253 0.16611185 0.17909454
 0.12383489 0.4081225  0.08255659 0.38548602
 0.19107856 0.50732357 0.17543276 0.12616511
 0.21271638 0.15213049 0.42743009 0.20772304
 0.54560586 0.0729028  0.33322237 0.04826897
 0.17576565 0.14414115 0.66977364 0.01031957
 0.03095872 0.33621838 0.19873502 0.43408788
 0.3165779  0.11451398 0.26231691 0.30659121
 0.2976032  0.52962716 0.12549933 0.04727031

MOTIF unmod1_l3_f_13
letter-probability matrix: alength= 4 w= 9 
 0.35252996 0.41944075 0.14280959 0.08521971
 0.70206391 0.07856192 0.21071904 0.00865513
 0.29993342 0.10652463 0.18874834 0.40479361
 3.32889481e-04 1.44141145e-01 4.96005326e-02 8.05925433e-01
 0.0252996  0.00366178 0.03761651 0.9334221 
 3.32889481e-04 3.32889481e-04 7.34687084e-01 2.64647137e-01
 0.17110519 0.00932091 0.75565912 0.06391478
 0.71704394 0.20339547 0.03528628 0.0442743 
 0.063249   0.07523302 0.44540613 0.41611185

MOTIF unmod1_l3_f_14
letter-probability matrix: alength= 4 w= 9 
 0.24347826 0.29640832 0.3731569  0.08695652
 0.37202268 0.09224953 0.30359168 0.23213611
 0.49565217 0.10245747 0.21965974 0.18223062
 0.08128544 0.00491493 0.65066163 0.263138  
 0.31909263 0.25595463 0.12551985 0.29943289
 0.068431   0.05293006 0.6952741  0.18336484
 0.61247637 0.00491493 0.00982987 0.37277883
 1.33081285e-01 7.18336484e-02 3.78071834e-04 7.94706994e-01
 0.4362949  0.01663516 0.0510397  0.49603025

MOTIF unmod1_l3_f_15
letter-probability matrix: alength= 4 w= 9 
 0.38415446 0.34553928 0.0252996  0.24500666
 0.09354194 0.55892144 0.22669774 0.12083888
 0.09853529 0.13748336 0.57889481 0.18508655
 3.32889481e-04 3.32889481e-04 3.32889481e-04 9.99001332e-01
 3.90146471e-01 3.32889481e-04 6.07856192e-01 1.66444740e-03
 0.85952064 0.00199734 0.13082557 0.00765646
 7.91611185e-01 1.98069241e-01 3.32889481e-04 9.98668442e-03
 0.00432756 0.25033289 0.41478029 0.33055925
 0.22603196 0.31125166 0.39647137 0.06624501

MOTIF unmod1_l3_f_16
letter-probability matrix: alength= 4 w= 9 
 0.15348176 0.21980104 0.40549503 0.22122217
 0.03505448 0.01942207 0.86783515 0.0776883 
 3.72335386e-01 3.78967314e-02 5.89294173e-01 4.73709143e-04
 0.00805306 0.026054   0.76551397 0.20037897
 2.36854571e-01 2.51065846e-02 4.73709143e-04 7.37565135e-01
 0.34107058 0.00615822 0.43818096 0.21459024
 1.23164377e-02 4.73709143e-04 4.73709143e-04 9.86736144e-01
 0.49076267 0.06679299 0.20558977 0.23685457
 0.27048792 0.01468498 0.34817622 0.36665088

MOTIF unmod1_l3_f_17
letter-probability matrix: alength= 4 w= 9 
 0.18722877 0.4600124  0.24054557 0.11221327
 0.133292   0.31060136 0.3050217  0.25108493
 6.19962802e-04 6.19962802e-04 7.43955363e-03 9.91320521e-01
 9.91320521e-01 6.19962802e-04 7.43955363e-03 6.19962802e-04
 1.03533788e-01 6.19962802e-04 8.88406696e-01 7.43955363e-03
 0.01611903 0.04029758 0.59640422 0.34717917
 0.42219467 0.00061996 0.53068816 0.04649721
 0.12957223 0.00061996 0.5616863  0.30812151
 0.32052077 0.06509609 0.46435214 0.150031  

MOTIF unmod1_l3_f_18
letter-probability matrix: alength= 4 w= 9 
 0.3861518  0.17842876 0.35252996 0.08288948
 0.48435419 0.39447403 0.03728362 0.08388815
 0.20006658 0.59121172 0.08089214 0.12782956
 3.22902796e-02 2.99600533e-03 9.64380826e-01 3.32889481e-04
 0.03894807 0.12450067 0.35818908 0.47836218
 0.0569241  0.18075899 0.60186418 0.16045273
 0.05093209 0.52130493 0.17976032 0.24800266
 0.22103862 0.27829561 0.27430093 0.22636485
 0.04627164 0.19007989 0.58621838 0.17743009

MOTIF unmod1_l3_f_19
letter-probability matrix: alength= 4 w= 9 
 0.22170439 0.1201731  0.17243675 0.48568575
 0.43175766 0.06624501 0.42909454 0.0729028 
 0.38182423 0.18442077 0.22603196 0.20772304
 0.04826897 0.10885486 0.06458056 0.77829561
 0.6581225  0.09054594 0.11218375 0.1391478 
 0.47736352 0.09320905 0.37749667 0.05193076
 3.32889481e-04 3.32889481e-04 3.32889481e-04 9.99001332e-01
 9.47070573e-01 3.32889481e-04 5.22636485e-02 3.32889481e-04
 6.95406125e-01 3.32889481e-04 3.03928096e-01 3.32889481e-04

MOTIF unmod1_l3_f_20
letter-probability matrix: alength= 4 w= 9 
 0.44937177 0.08832225 0.1751663  0.28713969
 0.29859571 0.04878049 0.17331855 0.47930525
 3.69549150e-04 4.27937916e-01 6.28233555e-03 5.65410200e-01
 0.15964523 0.09460458 0.28566149 0.46008869
 0.05025868 0.07317073 0.61936438 0.25720621
 5.82039911e-01 5.13673319e-02 3.66223208e-01 3.69549150e-04
 0.13636364 0.23429416 0.04730229 0.58203991
 0.13895048 0.00369549 0.8466371  0.01071693
 0.20916482 0.18773097 0.39393939 0.20916482

MOTIF unmod1_l3_f_21
letter-probability matrix: alength= 4 w= 9 
 3.32889481e-04 8.32223702e-03 2.66311585e-03 9.88681758e-01
 8.78828229e-01 3.32889481e-04 1.20505992e-01 3.32889481e-04
 3.39214381e-01 3.32889481e-04 6.60119840e-01 3.32889481e-04
 0.06058589 0.7752996  0.08921438 0.07490013
 0.24034621 0.13415446 0.61517976 0.01031957
 0.34021305 0.09653795 0.21704394 0.34620506
 0.21937417 0.25099867 0.23202397 0.2976032 
 0.32256991 0.18475366 0.37716378 0.11551265
 0.40645806 0.17310253 0.13082557 0.28961385

MOTIF unmod1_l3_f_22
letter-probability matrix: alength= 4 w= 9 
 0.90371697 0.04567846 0.02776534 0.02283923
 0.34975369 0.53112405 0.04926108 0.06986117
 0.09897    0.89207344 0.00358262 0.00537394
 9.04612629e-02 6.91446485e-01 2.17644425e-01 4.47828034e-04
 0.16166592 0.50515002 0.10927004 0.22391402
 0.13837886 0.27451858 0.06448724 0.52261532
 0.31482311 0.03851321 0.1518137  0.49484998
 0.26869682 0.01567398 0.12449619 0.591133  
 0.59337215 0.06448724 0.13748321 0.20465741

MOTIF unmod1_l3_f_23
letter-probability matrix: alength= 4 w= 9 
 0.15960691 0.32226364 0.33751271 0.18061674
 0.1352084  0.30633683 0.30091494 0.25753982
 0.30396476 0.28193833 0.11826499 0.29583192
 3.38868180e-04 2.54828872e-01 3.38868180e-04 7.44493392e-01
 0.39884785 0.03219248 0.52897323 0.03998645
 0.14774653 0.07658421 0.63165029 0.14401898
 1.25720095e-01 6.42494070e-01 3.38868180e-04 2.31446967e-01
 0.05455778 0.17587259 0.36868858 0.40088106
 0.09623856 0.51270756 0.26736699 0.12368689

MOTIF unmod1_l3_f_24
letter-probability matrix: alength= 4 w= 9 
 0.33788282 0.34553928 0.10186418 0.21471372
 0.29027963 0.10086551 0.4840213  0.12483356
 5.62583222e-02 3.32889481e-04 3.32889481e-04 9.43075899e-01
 7.39347537e-01 5.62583222e-02 2.04061252e-01 3.32889481e-04
 5.20306258e-01 4.66045273e-03 4.74700399e-01 3.32889481e-04
 0.01531292 0.18375499 0.03029294 0.77063915
 0.28395473 0.13848202 0.53994674 0.03761651
 0.97237017 0.01664447 0.00466045 0.0063249 
 0.30159787 0.17976032 0.13182423 0.38681758

MOTIF unmod1_l3_f_25
letter-probability matrix: alength= 4 w= 9 
 0.33754993 0.22902796 0.40146471 0.03195739
 0.18774967 0.61750999 0.02430093 0.17043941
 0.04693742 0.07756325 0.83355526 0.04194407
 0.36651132 0.07956059 0.25732357 0.29660453
 3.32889481e-04 2.39014647e-01 9.48735020e-02 6.65778961e-01
 0.06924101 0.14713715 0.12283622 0.66078562
 0.09687084 0.02929427 0.82023968 0.05359521
 0.24933422 0.0223036  0.37183755 0.35652463
 0.55625832 0.13781625 0.07323569 0.23268975

MOTIF unmod1_l3_f_26
letter-probability matrix: alength= 4 w= 9 
 0.28134557 0.16004077 0.09785933 0.46075433
 0.36085627 0.37206932 0.11518858 0.15188583
 0.81753313 0.01936799 0.16207951 0.00101937
 0.3567788  0.11518858 0.47400612 0.0540265 
 0.21814475 0.03160041 0.40570846 0.34454638
 0.85830785 0.00101937 0.13965341 0.00101937
 0.00101937 0.15188583 0.00101937 0.84607543
 0.00101937 0.13251784 0.86544343 0.00101937
 0.23649337 0.0254842  0.63506626 0.10295617

MOTIF unmod1_l3_f_27
letter-probability matrix: alength= 4 w= 9 
 0.21537949 0.02430093 0.61484687 0.1454727 
 0.00332889 0.31225033 0.41910786 0.26531292
 3.32889481e-04 2.86950732e-01 5.99201065e-03 7.06724368e-01
 1.24167776e-01 3.32889481e-04 8.75166445e-01 3.32889481e-04
 0.53961385 0.10352863 0.04360852 0.313249  
 0.35918775 0.15712383 0.12416778 0.35952064
 0.61284953 0.20505992 0.12716378 0.05492676
 0.20339547 0.55525965 0.16011984 0.08122503
 0.17476698 0.11884154 0.48335553 0.22303595

MOTIF unmod1_l3_f_28
letter-probability matrix: alength= 4 w= 9 
 0.67310167 0.02187902 0.27799228 0.02702703
 0.01930502 0.1988417  0.18404118 0.5978121 
 0.16795367 0.38610039 0.08429858 0.36164736
 0.00707851 0.38223938 0.1994852  0.41119691
 0.01415701 0.34427284 0.01544402 0.62612613
 0.46460746 0.25353925 0.24710425 0.03474903
 0.63320463 0.02509653 0.15250965 0.18918919
 0.00772201 0.26126126 0.16666667 0.56435006
 0.22522523 0.2033462  0.53024453 0.04118404

MOTIF unmod1_l3_f_29
letter-probability matrix: alength= 4 w= 9 
 0.17326565 0.12758037 0.31133672 0.38781726
 0.28324873 0.2358714  0.21319797 0.2676819 
 0.30389171 0.34247039 0.21522843 0.13840948
 9.53637902e-01 3.38409475e-04 4.56852792e-02 3.38409475e-04
 0.35262267 0.00913706 0.07986464 0.55837563
 0.32385787 0.04196277 0.56683587 0.06734349
 0.69813875 0.04196277 0.22571912 0.03417936
 0.00406091 0.14382403 0.12351946 0.7285956 
 1.04906937e-02 3.38409475e-04 7.86463621e-01 2.02707276e-01

MOTIF unmod1_l3_f_30
letter-probability matrix: alength= 4 w= 9 
 0.22695035 0.08668243 0.54688731 0.13947991
 0.02206462 0.29393223 0.0535855  0.63041765
 0.47832939 0.06934594 0.10401891 0.34830575
 0.29472025 0.42395587 0.24901497 0.0323089 
 7.88022065e-04 7.88022065e-04 7.88022065e-04 9.97635934e-01
 9.97635934e-01 7.88022065e-04 7.88022065e-04 7.88022065e-04
 0.69661151 0.00078802 0.30181245 0.00078802
 0.15524035 0.09141056 0.75256107 0.00078802
 0.25847124 0.12608353 0.19621749 0.41922774

MOTIF unmod1_l3_f_31
letter-probability matrix: alength= 4 w= 9 
 0.36723769 0.00107066 0.63062099 0.00107066
 0.12205567 0.07815846 0.67987152 0.11991435
 0.00107066 0.04925054 0.875803   0.0738758 
 0.00107066 0.00107066 0.35974304 0.63811563
 0.52569593 0.00107066 0.04068522 0.43254818
 0.5267666  0.00107066 0.47109208 0.00107066
 0.22698073 0.12633833 0.38329764 0.2633833 
 0.14346895 0.04496788 0.26766595 0.54389722
 0.28479657 0.11456103 0.47858672 0.12205567

MOTIF unmod1_l3_f_32
letter-probability matrix: alength= 4 w= 9 
 0.71082949 0.10560676 0.14861751 0.03494624
 3.84024578e-04 2.41935484e-02 8.14132104e-01 1.61290323e-01
 0.00384025 0.25960061 0.09139785 0.64516129
 3.84024578e-04 3.84024578e-04 9.73886329e-01 2.53456221e-02
 0.01920123 0.20238095 0.03225806 0.74615975
 0.35983103 0.03110599 0.30299539 0.30606759
 0.20737327 0.00499232 0.10637481 0.6812596 
 0.45391705 0.19700461 0.23310292 0.11597542
 0.39132104 0.06605223 0.25268817 0.28993856

MOTIF unmod1_l3_f_33
letter-probability matrix: alength= 4 w= 9 
 6.28162450e-01 3.96138482e-02 3.31890812e-01 3.32889481e-04
 0.30958722 0.23868176 0.32123835 0.13049268
 0.1391478  0.37083888 0.25932091 0.23069241
 8.75166445e-01 7.39014647e-02 5.05992011e-02 3.32889481e-04
 3.32889481e-04 8.25565912e-02 3.09587217e-02 8.86151798e-01
 3.32889481e-04 1.10852197e-01 8.88482024e-01 3.32889481e-04
 0.25266312 0.20372836 0.31424767 0.22936085
 0.05559254 0.29627164 0.45705726 0.19107856
 0.06291611 0.33189081 0.49533955 0.10985353

MOTIF unmod1_l3_f_34
letter-probability matrix: alength= 4 w= 9 
 0.11318242 0.48268975 0.29027963 0.1138482 
 0.28195739 0.55026631 0.10985353 0.05792277
 3.32889481e-04 4.86018642e-01 3.32889481e-03 5.10319574e-01
 3.05259654e-01 4.05792277e-01 2.88615180e-01 3.32889481e-04
 0.63082557 0.23435419 0.08388815 0.05093209
 2.08388815e-01 1.21504660e-01 3.32889481e-04 6.69773635e-01
 0.05925433 0.06524634 0.67543276 0.20006658
 0.34287617 0.15113182 0.45106525 0.05492676
 0.25699068 0.36318242 0.26697736 0.11284953

MOTIF unmod1_l3_f_35
letter-probability matrix: alength= 4 w= 9 
 0.10645048 0.47832217 0.22700035 0.188227  
 3.52485019e-04 5.62213606e-01 7.40218541e-03 4.30031724e-01
 0.76454001 0.02714135 0.20408883 0.00422982
 0.42051463 0.32851604 0.20126895 0.04970039
 0.46774762 0.4800846  0.00563976 0.04652802
 0.66302432 0.11913994 0.03348608 0.18434967
 0.16249559 0.6965104  0.12689461 0.0140994 
 0.32181882 0.07648925 0.16425802 0.43743391
 0.16179062 0.22030314 0.22206556 0.39584068

MOTIF unmod1_l3_f_36
letter-probability matrix: alength= 4 w= 9 
 0.61701227 0.15361828 0.06390182 0.16546763
 0.58569615 0.03808718 0.02073635 0.35548032
 0.09225561 0.07913669 0.04570461 0.78290309
 4.23190859e-04 8.04062632e-03 4.23190859e-04 9.91112992e-01
 1.77740161e-02 4.31231485e-01 4.23190859e-04 5.50571308e-01
 0.17858654 0.7638595  0.04485823 0.01269573
 0.44561997 0.3470165  0.08463817 0.12272535
 0.27930597 0.12060939 0.11002962 0.49005501
 0.13034278 0.20482438 0.47101143 0.19382141

MOTIF unmod1_l3_f_37
letter-probability matrix: alength= 4 w= 9 
 0.18075899 0.19673768 0.39846871 0.22403462
 0.3165779  0.30492676 0.12849534 0.25      
 0.16344874 0.01431425 0.39314248 0.42909454
 0.18209055 0.34853529 0.33488682 0.13448735
 0.28262317 0.22936085 0.00765646 0.48035952
 0.04926764 0.39613848 0.27396804 0.28062583
 0.03961385 0.34087883 0.13348868 0.48601864
 0.20272969 0.30226365 0.44873502 0.04627164
 0.32456724 0.44707057 0.11251664 0.11584554

MOTIF unmod1_l3_f_38
letter-probability matrix: alength= 4 w= 9 
 0.13407258 0.28528226 0.09711022 0.48353495
 5.72244624e-01 3.36021505e-04 4.13978495e-01 1.34408602e-02
 0.28259409 0.02721774 0.01982527 0.6703629 
 0.53024194 0.01444892 0.34643817 0.10887097
 0.12163978 0.14012097 0.00907258 0.72916667
 0.12063172 0.80981183 0.04435484 0.02520161
 0.42069892 0.00134409 0.27486559 0.3030914 
 0.40389785 0.19758065 0.09173387 0.30678763
 0.21068548 0.06149194 0.24327957 0.48454301

MOTIF unmod1_l3_f_39
letter-probability matrix: alength= 4 w= 9 
 0.23191851 0.33921902 0.19626486 0.23259762
 0.39864177 0.18471986 0.15415959 0.26247878
 0.68013582 0.01018676 0.29575552 0.0139219 
 3.30390492e-01 3.39558574e-04 3.39558574e-04 6.68930390e-01
 0.04685908 0.05976231 0.02478778 0.86859083
 3.39558574e-04 3.39558574e-04 3.39558574e-04 9.98981324e-01
 9.80984720e-01 3.39558574e-04 1.83361630e-02 3.39558574e-04
 7.52122241e-01 3.39558574e-04 2.47198642e-01 3.39558574e-04
 0.25806452 0.30220713 0.30220713 0.13752122

MOTIF unmod1_l3_f_40
letter-probability matrix: alength= 4 w= 9 
 0.2857848  0.05330701 0.58440276 0.07650543
 0.09131293 0.10513327 0.03899309 0.76456071
 0.0834156  0.04590326 0.25765054 0.6130306 
 0.00444225 0.04689042 0.34007897 0.60858835
 0.01382034 0.15004936 0.13622902 0.69990128
 0.07847976 0.2053307  0.66732478 0.04886476
 0.04985192 0.23297137 0.00987167 0.70730503
 0.08440276 0.13376111 0.69842053 0.0834156 
 0.05231984 0.017769   0.32477789 0.60513327

MOTIF unmod1_l3_f_41
letter-probability matrix: alength= 4 w= 9 
 0.39171758 0.41989138 0.06890699 0.11948405
 0.5814664  0.01527495 0.40054311 0.00271555
 0.29395791 0.45519348 0.05159538 0.19925322
 0.13849287 0.40868975 0.16666667 0.28615071
 0.54854039 0.04107264 0.22776646 0.1826205 
 4.75220638e-02 3.39443313e-04 1.72776646e-01 7.79361847e-01
 0.00577054 0.11710794 0.42905635 0.44806517
 0.00610998 0.13306178 0.64358452 0.21724372
 0.01357773 0.13272234 0.81941616 0.03428377

MOTIF unmod1_l3_f_42
letter-probability matrix: alength= 4 w= 9 
 0.19734748 0.59681698 0.0795756  0.12625995
 0.54482759 0.21803714 0.01220159 0.22493369
 0.2801061  0.00901857 0.37400531 0.33687003
 0.26578249 0.43819629 0.1469496  0.14907162
 0.52307692 0.02493369 0.14748011 0.30450928
 0.28275862 0.39628647 0.09973475 0.22122016
 0.14907162 0.03501326 0.34058355 0.47533156
 0.27533156 0.27798408 0.23713528 0.20954907
 0.16604775 0.36763926 0.26525199 0.20106101

MOTIF unmod1_l3_f_43
letter-probability matrix: alength= 4 w= 9 
 0.17543276 0.04094541 0.69640479 0.08721704
 0.11917443 0.83588549 0.01131824 0.03362184
 1.01198402e-01 3.32889481e-04 8.95805593e-01 2.66311585e-03
 0.10918775 0.26564581 0.56225033 0.06291611
 0.32123835 0.03462051 0.56890812 0.07523302
 0.50299601 0.08621838 0.03595206 0.37483356
 0.11218375 0.34886818 0.36617843 0.17276964
 5.36284953e-01 3.11584554e-01 3.32889481e-04 1.51797603e-01
 0.1707723  0.25832224 0.10019973 0.47070573

MOTIF unmod1_l3_f_44
letter-probability matrix: alength= 4 w= 9 
 0.51930759 0.07523302 0.04593875 0.35952064
 0.10585885 0.19540613 0.07390146 0.62483356
 1.11185087e-01 3.32889481e-04 6.43808256e-01 2.44673768e-01
 0.33055925 0.07689747 0.5316245  0.06091877
 0.46038615 0.07023968 0.1517976  0.31757656
 0.10685752 0.14147803 0.42310253 0.32856192
 0.07556591 0.55659121 0.14280959 0.22503329
 0.11318242 0.38548602 0.15778961 0.34354194
 0.33921438 0.28195739 0.17110519 0.20772304

MOTIF unmod1_l3_f_45
letter-probability matrix: alength= 4 w= 9 
 0.04161119 0.77296937 0.06158455 0.12383489
 0.08921438 0.77463382 0.02596538 0.11018642
 0.14513981 0.67210386 0.10685752 0.0758988 
 0.25699068 0.30892144 0.32157124 0.11251664
 0.21770972 0.21304927 0.22070573 0.34853529
 0.33288948 0.00699068 0.28628495 0.37383489
 0.37916112 0.00898802 0.44440746 0.16744341
 0.3798269  0.08189081 0.50798935 0.03029294
 0.12749667 0.17110519 0.66810919 0.03328895

MOTIF unmod1_l3_f_46
letter-probability matrix: alength= 4 w= 9 
 7.80292943e-01 3.32889481e-04 2.19041278e-01 3.32889481e-04
 0.37217044 0.20139814 0.1834221  0.24300932
 0.41844208 0.25765646 0.14447403 0.17942743
 9.99001332e-01 3.32889481e-04 3.32889481e-04 3.32889481e-04
 3.32889481e-04 3.32889481e-04 3.32889481e-04 9.99001332e-01
 3.32889481e-04 3.32889481e-04 9.99001332e-01 3.32889481e-04
 3.82822903e-02 3.32889481e-04 6.93408788e-01 2.67976032e-01
 0.376498   0.5252996  0.02063915 0.07756325
 0.27363515 0.23468708 0.25798935 0.23368842

MOTIF unmod1_l3_f_47
letter-probability matrix: alength= 4 w= 9 
 0.43771044 0.06094276 0.16363636 0.33771044
 0.1996633  0.17643098 0.07777778 0.54612795
 0.47878788 0.11447811 0.13939394 0.26734007
 0.65656566 0.06329966 0.13872054 0.14141414
 0.13905724 0.09090909 0.2013468  0.56868687
 0.60740741 0.03232323 0.04276094 0.31750842
 0.18888889 0.01616162 0.77138047 0.02356902
 0.05993266 0.04612795 0.89191919 0.0020202 
 0.06430976 0.26329966 0.67003367 0.0023569 

MOTIF unmod1_l3_f_48
letter-probability matrix: alength= 4 w= 9 
 0.24667111 0.15878828 0.40146471 0.1930759 
 0.67443409 0.03628495 0.0665779  0.22270306
 0.06924101 0.21238349 0.71304927 0.00532623
 0.63015979 0.14980027 0.20672437 0.01331558
 1.59454061e-01 3.32889481e-04 6.67443409e-01 1.72769640e-01
 5.14647137e-01 3.32889481e-04 7.52330226e-02 4.09786951e-01
 0.17909454 0.1804261  0.13748336 0.50299601
 0.44540613 0.02762983 0.10519308 0.42177097
 0.09454061 0.60286285 0.09920107 0.20339547

MOTIF unmod1_l3_f_49
letter-probability matrix: alength= 4 w= 9 
 0.04460719 0.43175766 0.26997337 0.25366178
 1.74766977e-01 1.20505992e-01 7.04394141e-01 3.32889481e-04
 3.32889481e-04 2.97936085e-01 5.67576565e-01 1.34154461e-01
 1.86418109e-02 3.74167776e-01 6.06857523e-01 3.32889481e-04
 0.14780293 0.10585885 0.69407457 0.05226365
 0.00665779 0.67010652 0.16877497 0.15446072
 0.17776298 0.3005992  0.26364847 0.25798935
 0.4557257  0.04960053 0.28328895 0.21138482
 0.42443409 0.04926764 0.20372836 0.32256991

MOTIF unmod1_l3_f_50
letter-probability matrix: alength= 4 w= 9 
 0.60053262 0.04960053 0.11284953 0.23701731
 0.04294274 0.69906791 0.05825566 0.19973369
 3.32889481e-04 7.65645806e-01 6.02529960e-02 1.73768309e-01
 3.69840213e-01 3.32889481e-04 5.93874834e-01 3.59520639e-02
 1.34820240e-01 3.32889481e-04 5.35619174e-01 3.29227696e-01
 0.32090546 0.46238349 0.01964048 0.19707057
 0.41877497 0.01065246 0.29360852 0.27696405
 0.11118509 0.30559254 0.53462051 0.04860186
 0.31990679 0.30825566 0.28129161 0.09054594

MOTIF unmod1_l3_f_51
letter-probability matrix: alength= 4 w= 9 
 0.13159747 0.37086559 0.19845179 0.29908515
 0.29767769 0.08796622 0.42294159 0.1914145 
 0.08796622 0.06122449 0.50668543 0.34412386
 0.02744546 0.00070373 0.65165376 0.32019704
 0.15411682 0.38634764 0.35397607 0.10555947
 0.31315975 0.32582688 0.02463054 0.33638283
 0.09007741 0.33004926 0.20689655 0.37297678
 0.19000704 0.42857143 0.14144968 0.23997185
 0.39971851 0.11189303 0.41308937 0.07529909

MOTIF unmod1_l3_f_52
letter-probability matrix: alength= 4 w= 9 
 0.43352407 0.05486368 0.28542578 0.22618647
 0.00875126 0.17165937 0.08448334 0.73510602
 0.01279031 0.01346348 0.34230899 0.63143723
 3.36587008e-04 3.21104005e-01 4.44294850e-02 6.34129923e-01
 0.45742174 0.41164591 0.05721979 0.07371255
 0.25479636 0.27095254 0.23493773 0.23931336
 0.18108381 0.18175698 0.09054191 0.5466173 
 0.00908785 0.37664086 0.30191855 0.31235274
 0.21709862 0.22181084 0.35543588 0.20565466

MOTIF unmod1_l3_f_53
letter-probability matrix: alength= 4 w= 9 
 0.62390772 0.08248864 0.24746592 0.04613771
 0.39986019 0.15344285 0.11324712 0.33344984
 0.39042293 0.080741   0.50646627 0.0223698 
 0.6794827  0.10870325 0.00384481 0.20796924
 0.18070605 0.03670045 0.23418385 0.54840965
 4.70814401e-01 3.49528137e-04 5.24991262e-01 3.84480951e-03
 1.71268787e-02 3.49528137e-04 4.29570080e-01 5.52953513e-01
 0.23523244 0.20307585 0.55470115 0.00699056
 0.18420133 0.07969242 0.42327857 0.31282768

MOTIF unmod1_l3_f_54
letter-probability matrix: alength= 4 w= 9 
 0.56438632 0.30784708 0.03923541 0.08853119
 0.91314554 0.00670691 0.07914152 0.00100604
 0.30415828 0.30080483 0.1639839  0.23105298
 0.14352783 0.23742455 0.29443327 0.32461435
 7.14621060e-01 3.35345406e-04 2.15291751e-01 6.97518444e-02
 0.08484239 0.07377599 0.12810195 0.71327968
 0.08383635 0.10764588 0.7702884  0.03822938
 0.14453387 0.19550637 0.31790744 0.34205231
 0.22166331 0.35613682 0.23440644 0.18779343

MOTIF unmod1_l3_f_55
letter-probability matrix: alength= 4 w= 9 
 0.36551265 0.28661784 0.19174434 0.15612517
 9.29760320e-01 3.32889481e-04 6.95739015e-02 3.32889481e-04
 1.85752330e-01 3.32889481e-04 1.72769640e-01 6.41145140e-01
 0.07989348 0.10419441 0.68608522 0.1298269 
 0.57490013 0.05359521 0.19806924 0.17343542
 0.13814913 0.10885486 0.14946738 0.60352863
 0.02296937 0.01531292 0.59054594 0.37117177
 0.15113182 0.23901465 0.32390146 0.28595206
 0.33122503 0.25499334 0.23501997 0.17876165

MOTIF unmod1_l3_f_56
letter-probability matrix: alength= 4 w= 9 
 0.81016493 0.05890273 0.07169303 0.05923931
 0.16425446 0.03399529 0.0414002  0.76035005
 0.05385392 0.03870751 0.74957927 0.15785931
 0.53988556 0.14978122 0.28105015 0.02928307
 0.22147425 0.32615281 0.05721979 0.39515315
 0.21373275 0.0777516  0.58599798 0.12251767
 0.65331538 0.07539549 0.16863009 0.10265904
 0.07640525 0.15483002 0.2073376  0.56142713
 0.12049815 0.10333221 0.6684618  0.10770784

MOTIF unmod1_l3_f_57
letter-probability matrix: alength= 4 w= 9 
 0.67942743 0.02796272 0.23901465 0.05359521
 0.34154461 0.18075899 0.45905459 0.01864181
 0.35319574 0.24167776 0.08089214 0.32423435
 0.24400799 0.2120506  0.3165779  0.22736352
 0.35585885 0.13548602 0.13548602 0.37316911
 0.14780293 0.10519308 0.40146471 0.34553928
 0.04260985 0.24600533 0.00133156 0.71005326
 0.22037284 0.53462051 0.03961385 0.20539281
 0.07490013 0.11584554 0.07689747 0.73235686

MOTIF unmod1_l3_f_58
letter-probability matrix: alength= 4 w= 9 
 0.29278351 0.08522337 0.24639175 0.37560137
 0.1161512  0.12130584 0.43230241 0.33024055
 0.13505155 0.38213058 0.2532646  0.22955326
 9.41237113e-01 3.43642612e-04 4.12371134e-03 5.42955326e-02
 3.53951890e-02 3.43642612e-04 2.30240550e-02 9.41237113e-01
 3.43642612e-04 3.43642612e-04 9.41237113e-01 5.80756014e-02
 0.23608247 0.21993127 0.15910653 0.38487973
 0.23883162 0.06735395 0.51924399 0.17457045
 0.42199313 0.3532646  0.05773196 0.16701031

MOTIF unmod1_l3_f_59
letter-probability matrix: alength= 4 w= 9 
 0.06990291 0.0815534  0.1961165  0.65242718
 0.54368932 0.01262136 0.11456311 0.32912621
 0.22718447 0.01262136 0.7592233  0.00097087
 0.07669903 0.0038835  0.60776699 0.31165049
 0.00097087 0.14271845 0.00097087 0.85533981
 0.07572816 0.14271845 0.37378641 0.40776699
 0.24271845 0.15436893 0.16407767 0.43883495
 0.49805825 0.10194175 0.34951456 0.05048544
 0.13203883 0.10970874 0.29320388 0.46504854

MOTIF unmod1_l3_f_60
letter-probability matrix: alength= 4 w= 9 
 0.24300932 0.26830892 0.30459387 0.18408788
 0.04527297 0.23934754 0.45406125 0.26131824
 3.32889481e-04 3.32889481e-04 3.32889481e-04 9.99001332e-01
 6.66444740e-01 3.32889481e-04 3.32889481e-01 3.32889481e-04
 6.48468708e-01 3.32889481e-04 3.50865513e-01 3.32889481e-04
 3.32889481e-04 3.32889481e-04 3.32889481e-04 9.99001332e-01
 6.71438083e-01 3.32889481e-04 3.27896138e-01 3.32889481e-04
 6.51797603e-01 3.32889481e-04 3.47536618e-01 3.32889481e-04
 0.28894807 0.29161119 0.313249   0.10619174

MOTIF unmod1_l3_f_61
letter-probability matrix: alength= 4 w= 9 
 0.19407457 0.25266312 0.28961385 0.26364847
 0.38115846 0.56391478 0.01398136 0.04094541
 7.54993342e-01 3.32889481e-04 2.44340879e-01 3.32889481e-04
 0.32256991 0.35019973 0.12150466 0.2057257 
 0.37117177 0.18442077 0.27596538 0.16844208
 9.88015979e-01 1.13182423e-02 3.32889481e-04 3.32889481e-04
 3.32889481e-04 3.32889481e-04 3.32889481e-04 9.99001332e-01
 3.32889481e-04 3.32889481e-04 9.99001332e-01 3.32889481e-04
 0.29294274 0.1045273  0.48135819 0.12117177

MOTIF unmod1_l3_f_62
letter-probability matrix: alength= 4 w= 9 
 0.16355932 0.09915254 0.70084746 0.03644068
 0.01186441 0.06271186 0.86440678 0.06101695
 0.00084746 0.26949153 0.02881356 0.70084746
 0.56694915 0.00084746 0.05508475 0.37711864
 0.11271186 0.0059322  0.31949153 0.56186441
 0.64067797 0.35762712 0.00084746 0.00084746
 0.23644068 0.06525424 0.22966102 0.46864407
 0.1559322  0.05254237 0.31186441 0.47966102
 0.60847458 0.17542373 0.08474576 0.13135593

MOTIF unmod1_l3_f_63
letter-probability matrix: alength= 4 w= 9 
 0.12916112 0.19274301 0.61984021 0.05825566
 0.17476698 0.06058589 0.5379494  0.22669774
 0.05725699 0.00798935 0.65912117 0.27563249
 0.0729028  0.02063915 0.8448735  0.06158455
 3.32889481e-04 4.96005326e-02 8.40878828e-01 1.09187750e-01
 0.74533955 0.11418109 0.03928096 0.1011984 
 0.11418109 0.08055925 0.71138482 0.09387483
 0.31990679 0.60252996 0.00565912 0.07190413
 0.12516644 0.29926764 0.20605859 0.36950732

MOTIF unmod1_l3_f_64
letter-probability matrix: alength= 4 w= 9 
 0.21105193 0.11118509 0.57456724 0.10319574
 0.26864181 0.01864181 0.70905459 0.00366178
 0.01065246 0.00599201 0.96770972 0.01564581
 0.07889481 0.36950732 0.39081225 0.16078562
 3.32889481e-04 2.76298269e-01 5.94540613e-01 1.28828229e-01
 0.37050599 0.18908123 0.25798935 0.18242344
 0.31990679 0.50199734 0.13049268 0.0476032 
 0.30093209 0.48501997 0.07123835 0.14280959
 0.60719041 0.12916112 0.12749667 0.1361518 

MOTIF unmod1_l3_f_65
letter-probability matrix: alength= 4 w= 9 
 0.4420789  0.06887915 0.40200376 0.0870382 
 0.00814026 0.6086412  0.0169067  0.36631183
 0.20100188 0.24483406 0.02316844 0.53099562
 1.25234815e-02 9.02316844e-01 6.26174076e-04 8.45335003e-02
 0.00876644 0.74013776 0.00626174 0.24483406
 2.58609894e-01 7.31997495e-01 6.26174076e-04 8.76643707e-03
 0.05009393 0.68252974 0.21415153 0.0532248 
 0.19160927 0.54852849 0.15842204 0.1014402 
 0.24796493 0.14715091 0.51847214 0.08641202

MOTIF unmod1_l3_f_66
letter-probability matrix: alength= 4 w= 9 
 0.2921466  0.31553229 0.23211169 0.16020942
 0.67155323 0.18848168 0.09528796 0.04467714
 0.5434555  0.02757417 0.06701571 0.36195462
 0.05968586 0.06806283 0.49319372 0.37905759
 0.33926702 0.20907504 0.41849913 0.03315881
 0.65095986 0.07329843 0.00593368 0.26980803
 0.0069808  0.00558464 0.295637   0.69179756
 0.05794066 0.08097731 0.80837696 0.05270506
 0.23944154 0.14205934 0.44397906 0.17452007

MOTIF unmod1_l3_f_67
letter-probability matrix: alength= 4 w= 9 
 0.37183755 0.08155792 0.4334221  0.11318242
 0.44340879 0.30792277 0.0822237  0.16644474
 0.63781625 0.09420772 0.05193076 0.21604527
 0.14513981 0.4776964  0.10952064 0.26764314
 0.28129161 0.00765646 0.43641811 0.27463382
 2.30026631e-01 1.19507324e-01 3.32889481e-04 6.50133156e-01
 0.62749667 0.02396804 0.32523302 0.02330226
 6.79760320e-01 7.39014647e-02 2.46005326e-01 3.32889481e-04
 0.14846871 0.23535286 0.24001332 0.37616511

MOTIF unmod1_l3_f_68
letter-probability matrix: alength= 4 w= 9 
 0.87583222 0.04560586 0.02663116 0.05193076
 9.47403462e-01 3.32889481e-04 5.19307590e-02 3.32889481e-04
 0.41977364 0.16111851 0.32956059 0.08954727
 0.40878828 0.21870839 0.12816245 0.24434088
 0.69474035 0.00732357 0.08521971 0.21271638
 0.00932091 0.01464714 0.26830892 0.70772304
 0.1804261  0.01864181 0.74733688 0.05359521
 0.38115846 0.24833555 0.28428762 0.08621838
 0.31291611 0.29527297 0.25233023 0.13948069

MOTIF unmod1_l3_f_69
letter-probability matrix: alength= 4 w= 9 
 0.35846501 0.0744921  0.29751693 0.26952596
 0.27042889 0.10609481 0.27088036 0.35259594
 0.52234763 0.21805869 0.09977427 0.15981941
 0.89977427 0.03521445 0.05914221 0.00586907
 0.38826185 0.03340858 0.00586907 0.5724605 
 4.51467269e-04 2.65011287e-01 2.75395034e-02 7.06997743e-01
 0.00541761 0.08668172 0.30744921 0.60045147
 4.51467269e-04 2.88939052e-02 8.80361174e-01 9.02934537e-02
 0.51873589 0.06907449 0.40993228 0.00225734

MOTIF unmod1_l3_f_70
letter-probability matrix: alength= 4 w= 9 
 0.07456724 0.42476698 0.25998668 0.24067909
 0.26331558 0.50998668 0.10818908 0.11850866
 0.28328895 0.04693742 0.62383489 0.04593875
 0.06724368 0.01298269 0.49966711 0.42010652
 9.53395473e-01 1.29826897e-02 3.32889481e-04 3.32889481e-02
 0.02463382 0.01298269 0.76864181 0.19374168
 3.32889481e-04 4.90346205e-01 6.19174434e-02 4.47403462e-01
 0.01797603 0.12483356 0.75765646 0.09953395
 0.1454727  0.16611185 0.52030626 0.16810919

MOTIF unmod1_l3_f_71
letter-probability matrix: alength= 4 w= 9 
 5.25477707e-02 7.96178344e-04 7.98566879e-01 1.48089172e-01
 0.07802548 0.00318471 0.84076433 0.07802548
 0.13773885 0.26512739 0.59633758 0.00079618
 0.23248408 0.03503185 0.59952229 0.13296178
 0.02468153 0.62101911 0.00079618 0.35350318
 0.20700637 0.65366242 0.13853503 0.00079618
 0.41401274 0.46257962 0.05971338 0.06369427
 0.08598726 0.44904459 0.06210191 0.40286624
 0.53742038 0.32484076 0.09235669 0.04538217

MOTIF unmod1_l3_f_72
letter-probability matrix: alength= 4 w= 9 
 0.57106054 0.01459854 0.39544869 0.01889223
 0.31773293 0.04164878 0.36625161 0.27436668
 4.29368828e-04 3.14727351e-01 1.72606269e-01 5.12237012e-01
 0.38256763 0.17003006 0.28080721 0.16659511
 0.23915844 0.43967368 0.13525118 0.1859167 
 0.72348647 0.08458566 0.08372692 0.10820094
 0.04465436 0.15328467 0.01116359 0.79089738
 7.29927007e-03 4.29368828e-04 9.91841992e-01 4.29368828e-04
 0.36152855 0.24302276 0.28295406 0.11249463

MOTIF unmod1_l3_f_73
letter-probability matrix: alength= 4 w= 9 
 0.53833193 0.0252738  0.29317607 0.1432182 
 0.28475147 0.43007582 0.084246   0.20092671
 0.46335299 0.40985678 0.10867734 0.01811289
 0.91786015 0.042123   0.00673968 0.03327717
 0.32645324 0.17101938 0.01937658 0.4831508 
 0.42796967 0.17017692 0.35214827 0.04970514
 6.08256108e-01 4.21229992e-04 1.94187026e-01 1.97135636e-01
 0.12299916 0.10825611 0.15796125 0.61078349
 0.03201348 0.03032856 0.75947767 0.17818029

MOTIF unmod1_l3_f_74
letter-probability matrix: alength= 4 w= 9 
 0.23901465 0.13781625 0.51398136 0.10918775
 0.07989348 0.09886818 0.10985353 0.71138482
 0.03661784 0.00199734 0.29027963 0.67110519
 0.9494008  0.00532623 0.01464714 0.03062583
 0.01830892 0.17276964 0.03528628 0.77363515
 0.29860186 0.6075233  0.00366178 0.09021305
 0.0792277  0.05892144 0.67976032 0.18209055
 0.5126498  0.07490013 0.16378162 0.24866844
 0.43242344 0.1994008  0.14414115 0.22403462

MOTIF unmod1_l3_f_75
letter-probability matrix: alength= 4 w= 9 
 0.16389549 0.49881235 0.2738378  0.06345436
 8.21513403e-01 1.41499830e-01 3.66474381e-02 3.39328130e-04
 0.44078724 0.00984052 0.32168307 0.22768918
 0.23990499 0.38378012 0.31218188 0.06413302
 0.39531727 0.23922633 0.1567696  0.2086868 
 0.21038344 0.28367832 0.02239566 0.48354259
 4.41126569e-02 3.39328130e-04 7.65863590e-01 1.89684425e-01
 0.18120122 0.01493044 0.39260265 0.41126569
 0.38445877 0.17407533 0.18900577 0.25246013

MOTIF unmod1_l3_f_76
letter-probability matrix: alength= 4 w= 9 
 0.24201065 0.25466045 0.2689747  0.23435419
 0.23535286 0.2816245  0.41677763 0.06624501
 3.32889481e-04 3.32889481e-04 3.32889481e-04 9.99001332e-01
 7.59986684e-01 3.32889481e-04 2.39347537e-01 3.32889481e-04
 4.94340879e-01 3.32889481e-04 5.04993342e-01 3.32889481e-04
 3.32889481e-04 3.32889481e-04 3.32889481e-04 9.99001332e-01
 9.02796272e-01 3.32889481e-04 9.65379494e-02 3.32889481e-04
 6.33488682e-01 3.32889481e-04 3.65845539e-01 3.32889481e-04
 0.34720373 0.1994008  0.29660453 0.15679095

MOTIF unmod1_l3_f_77
letter-probability matrix: alength= 4 w= 9 
 0.46156522 0.14434783 0.26052174 0.13356522
 0.35165217 0.35130435 0.04973913 0.24730435
 0.61078261 0.15547826 0.02226087 0.21147826
 0.86434783 0.00208696 0.03165217 0.10191304
 0.5853913  0.16626087 0.01913043 0.22921739
 0.16626087 0.11408696 0.01356522 0.70608696
 0.55234783 0.03234783 0.17286957 0.24243478
 0.01356522 0.26017391 0.66052174 0.06573913
 3.47826087e-04 6.49043478e-01 9.94782609e-02 2.51130435e-01

MOTIF unmod1_l3_f_78
letter-probability matrix: alength= 4 w= 9 
 0.41672548 0.14220183 0.16513761 0.27593507
 0.11326747 0.39449541 0.09350741 0.39872971
 0.63867325 0.0952717  0.15455187 0.11150318
 3.52858151e-04 2.17713479e-01 2.82639379e-01 4.99294284e-01
 0.22124206 0.00882145 0.59703599 0.17290049
 4.41072689e-02 8.68383910e-01 3.52858151e-04 8.71559633e-02
 7.79463656e-01 3.52858151e-04 1.28440367e-01 9.17431193e-02
 0.76534933 0.04199012 0.06033874 0.13232181
 0.49364855 0.01764291 0.19583627 0.29287227

MOTIF unmod1_l3_f_79
letter-probability matrix: alength= 4 w= 9 
 0.18009321 0.22836218 0.33255659 0.25898802
 0.11651132 0.20472703 0.26664447 0.41211718
 3.32889481e-04 3.32889481e-04 3.32889481e-04 9.99001332e-01
 8.50532623e-01 3.32889481e-04 1.42809587e-01 6.32490013e-03
 0.44474035 0.00199734 0.54860186 0.00466045
 5.95872170e-02 3.32889481e-04 9.98668442e-04 9.39081225e-01
 8.87150466e-01 3.32889481e-04 1.10519308e-01 1.99733688e-03
 5.13981358e-01 3.32889481e-04 4.25432756e-01 6.02529960e-02
 0.24300932 0.20173103 0.31458056 0.24067909

MOTIF unmod1_l3_f_80
