MEME version 5.3.0

ALPHABET= ACGT

strands: + -

Background letter frequencies
A 0.25 C 0.25 G 0.25 T 0.25

MOTIF vleng_l3_f_0
letter-probability matrix: alength= 4 w= 9 
 0.069869   0.3500168  0.07692308 0.50319113
 0.01645952 0.09002351 0.18978838 0.70372859
 0.0349345  0.39267719 0.54820289 0.02418542
 0.18105475 0.61941552 0.06281491 0.13671481
 0.21296607 0.28048371 0.37957676 0.12697346
 0.23211287 0.20255291 0.33792408 0.22741014
 0.34464226 0.4279476  0.03728586 0.19012429
 0.32885455 0.19482701 0.24622103 0.23009741
 0.26100101 0.37688949 0.15787706 0.20423245

MOTIF vleng_l3_f_1
letter-probability matrix: alength= 4 w= 9 
 0.3449442  0.0662834  0.2631045  0.32566791
 0.12140683 0.18498478 0.17044302 0.52316537
 0.08623605 0.05782888 0.21305377 0.6428813 
 1.35272235e-03 1.47446737e-01 3.38180588e-04 8.50862361e-01
 0.45620561 0.00202908 0.08826513 0.45350017
 4.39634765e-03 1.92762935e-02 3.38180588e-04 9.75989178e-01
 0.00845451 0.04802164 0.2962462  0.64727765
 0.17822117 0.05005073 0.22624281 0.54548529
 0.16232668 0.12647954 0.49949273 0.21170105

MOTIF vleng_l3_f_2
letter-probability matrix: alength= 4 w= 9 
 0.20133011 0.1904474  0.14389359 0.4643289 
 0.00604595 0.12817412 0.64873035 0.21704958
 0.01874244 0.16868198 0.25090689 0.56166868
 2.04957678e-01 1.30592503e-01 6.63845224e-01 6.04594921e-04
 6.04594921e-04 8.52478839e-02 9.13542926e-01 6.04594921e-04
 0.00362757 0.49516324 0.4879081  0.01330109
 0.01934704 0.34764208 0.21886336 0.41414752
 0.31862152 0.10943168 0.42019347 0.15175333
 0.22490931 0.48367594 0.11729141 0.17412334

MOTIF vleng_l3_f_3
letter-probability matrix: alength= 4 w= 9 
 0.09215757 0.18937477 0.50668594 0.21178171
 0.41561258 0.35851102 0.17491868 0.05095772
 0.31441995 0.23129743 0.28225515 0.17202747
 0.35236718 0.00758945 0.54354897 0.0964944 
 0.0975786  0.28623057 0.26418504 0.35200578
 0.21105891 0.47994218 0.15106614 0.15793278
 0.129382   0.00578244 0.32164799 0.54318757
 0.87350922 0.05095772 0.05457174 0.02096133
 0.38091796 0.21286592 0.13841706 0.26779906

MOTIF vleng_l3_f_4
letter-probability matrix: alength= 4 w= 9 
 0.07547803 0.23280778 0.54377726 0.14793693
 0.12948675 0.02717209 0.58638041 0.25696075
 3.35457900e-04 1.29822207e-01 3.38141563e-01 5.31700772e-01
 0.69808789 0.17108353 0.07279436 0.05803422
 0.00100637 0.07212345 0.76048306 0.16638712
 0.09929554 0.38544113 0.13921503 0.37604831
 0.35692721 0.09929554 0.18215364 0.36162362
 0.32975512 0.43274069 0.14290507 0.09459913
 0.28346193 0.21301577 0.16839987 0.33512244

MOTIF vleng_l3_f_5
letter-probability matrix: alength= 4 w= 9 
 0.36038186 0.14558473 0.16610979 0.32792363
 0.13842482 0.11551313 0.66300716 0.08305489
 0.30930788 0.10453461 0.51408115 0.07207637
 0.02529833 0.34319809 0.08735084 0.54415274
 0.09880668 0.05823389 0.03102625 0.81193317
 0.01431981 0.00572792 0.33794749 0.64200477
 0.07159905 0.12601432 0.08926014 0.71312649
 0.26825776 0.05202864 0.57661098 0.10310263
 0.15178998 0.11980907 0.58949881 0.13890215

MOTIF vleng_l3_f_6
letter-probability matrix: alength= 4 w= 9 
 0.22463768 0.3733791  0.12585812 0.2761251 
 0.69412662 0.16285278 0.09877956 0.04424104
 0.56102212 0.00343249 0.13691838 0.298627  
 0.22463768 0.22768879 0.3993135  0.14836003
 0.37070938 0.18344775 0.32227307 0.12356979
 0.52707857 0.16399695 0.01258581 0.29633867
 0.04118993 0.02135774 0.3798627  0.55758963
 0.05491991 0.06292906 0.6979405  0.18421053
 0.22883295 0.39778795 0.16742944 0.20594966

MOTIF vleng_l3_f_7
letter-probability matrix: alength= 4 w= 9 
 3.79794911e-04 1.93695404e-01 3.79794911e-04 8.05545006e-01
 0.07671857 0.05734903 0.55867831 0.30725408
 0.09153057 0.57273073 0.0075959  0.3281428 
 0.6270414  0.14774022 0.19445499 0.03076339
 0.28674516 0.4849981  0.03684011 0.19141664
 0.28142803 0.42309153 0.20470946 0.09077098
 0.47284466 0.12913027 0.1268515  0.27117357
 0.29548044 0.04595518 0.298139   0.36042537
 0.24041018 0.11621724 0.35320927 0.29016331

MOTIF vleng_l3_f_8
letter-probability matrix: alength= 4 w= 9 
 0.28706395 0.14752907 0.18277616 0.38263081
 0.20639535 0.11991279 0.15116279 0.52252907
 0.18059593 0.13045058 0.14571221 0.54324128
 0.06468023 0.01635174 0.01126453 0.90770349
 0.70385174 0.00872093 0.16606105 0.12136628
 0.56395349 0.00072674 0.39534884 0.03997093
 0.13081395 0.0846657  0.03088663 0.75363372
 0.671875   0.07376453 0.11664244 0.13771802
 0.4712936  0.05813953 0.359375   0.11119186

MOTIF vleng_l3_f_9
letter-probability matrix: alength= 4 w= 9 
 0.35560269 0.11382114 0.37009544 0.16048074
 0.20643337 0.42948038 0.10710498 0.25698127
 0.19759632 0.67974549 0.04453871 0.07811948
 0.52209261 0.29621774 0.03746907 0.14422057
 0.08306822 0.45316366 0.04772004 0.41604807
 0.74690703 0.07847296 0.08837045 0.08624956
 0.21420997 0.16224814 0.50583245 0.11770944
 0.06362672 0.12301166 0.76846942 0.04489219
 0.04595263 0.14457405 0.68752209 0.12195122

MOTIF vleng_l3_f_10
letter-probability matrix: alength= 4 w= 9 
 0.04811715 0.18863319 0.03695955 0.7262901 
 0.59588563 0.00801953 0.37552301 0.02057183
 0.0069735  0.12517434 0.03661088 0.83124128
 0.2011855  0.20362622 0.2165272  0.37866109
 0.19002789 0.16701534 0.32461646 0.31834031
 0.18793584 0.02824268 0.55683403 0.22698745
 0.09588563 0.07182706 0.08995816 0.74232915
 0.11680614 0.20223152 0.42852162 0.25244073
 0.13912134 0.15655509 0.24755927 0.4567643 

MOTIF vleng_l3_f_11
letter-probability matrix: alength= 4 w= 9 
 0.11901505 0.27086183 0.17920657 0.43091655
 0.24589603 0.05677155 0.43331053 0.26402189
 3.41997264e-04 6.91860465e-01 3.41997264e-04 3.07455540e-01
 0.16484268 0.54377565 0.17339261 0.11798906
 0.124487   0.39021888 0.01744186 0.46785226
 9.41518468e-01 1.16279070e-02 4.65116279e-02 3.41997264e-04
 4.48016416e-02 2.02462380e-01 3.41997264e-04 7.52393981e-01
 0.09268126 0.12175103 0.68399453 0.10157319
 0.37038304 0.21135431 0.25       0.16826265

MOTIF vleng_l3_f_12
letter-probability matrix: alength= 4 w= 9 
 0.26422207 0.38759424 0.19465387 0.15352981
 3.42700480e-04 1.70322138e-01 7.46401645e-01 8.29335161e-02
 0.38793694 0.0030843  0.0013708  0.60760795
 0.12954078 0.0020562  0.07607951 0.79232351
 3.47498286e-01 2.46744345e-02 3.42700480e-04 6.27484578e-01
 0.22549692 0.46470185 0.0027416  0.30705963
 0.01473612 0.40233036 0.2868403  0.29609321
 0.01576422 0.45681974 0.22446881 0.30294722
 0.18574366 0.26387937 0.18403016 0.36634681

MOTIF vleng_l3_f_13
letter-probability matrix: alength= 4 w= 9 
 0.3238656  0.32663665 0.21891237 0.13058538
 0.69587807 0.08694146 0.18947004 0.02771043
 0.31936266 0.15102182 0.05715275 0.47246276
 0.25943886 0.08382404 0.51437478 0.14236231
 0.739522   0.19224108 0.00727399 0.06096294
 0.04987877 0.09837201 0.07689643 0.77485279
 0.02182196 0.19570488 0.75025979 0.03221337
 0.21960513 0.07862833 0.50155871 0.20020783
 0.25597506 0.25147212 0.29442328 0.19812955

MOTIF vleng_l3_f_14
letter-probability matrix: alength= 4 w= 9 
 0.11612903 0.21867572 0.31646859 0.34872666
 0.35687606 0.05229202 0.17487267 0.41595925
 0.05500849 0.04821732 0.34567063 0.55110357
 0.31986418 0.16876061 0.23259762 0.27877759
 0.60339559 0.11748727 0.21426146 0.06485569
 0.06112054 0.02410866 0.29711375 0.61765705
 0.05874363 0.03667233 0.42852292 0.47606112
 0.26451613 0.01494058 0.57792869 0.1426146 
 0.19117148 0.25466893 0.45568761 0.09847199

MOTIF vleng_l3_f_15
letter-probability matrix: alength= 4 w= 9 
 0.49982376 0.32040888 0.13147691 0.04829045
 0.66760663 0.05851251 0.1434614  0.13041946
 0.10504054 0.54000705 0.08988368 0.26506873
 0.16143814 0.38632358 0.31582658 0.1364117 
 0.37116673 0.00070497 0.05498766 0.57314064
 0.29608742 0.01797674 0.25308424 0.4328516 
 0.1952767  0.10010575 0.60768417 0.09693338
 0.16249559 0.1082129  0.60521678 0.12407473
 0.19844907 0.19139937 0.38667607 0.2234755 

MOTIF vleng_l3_f_16
letter-probability matrix: alength= 4 w= 9 
 0.91505792 0.03545104 0.03159003 0.01790102
 0.15935416 0.07441207 0.02106002 0.74517375
 0.12706213 0.08002808 0.67988768 0.11302211
 0.44752545 0.03264303 0.4015444  0.11828712
 0.23306423 0.24675325 0.11863812 0.4015444 
 0.14145314 0.05651106 0.51912952 0.28290628
 0.25938926 0.29097929 0.18532819 0.26430326
 0.17760618 0.23552124 0.22955423 0.35731836
 0.31028431 0.18322218 0.25658126 0.24991225

MOTIF vleng_l3_f_17
letter-probability matrix: alength= 4 w= 9 
 0.26006478 0.21286441 0.26006478 0.26700602
 1.34197131e-02 4.62748727e-04 4.16473855e-03 9.81952800e-01
 6.83479870e-01 4.62748727e-04 2.98935678e-01 1.71217029e-02
 6.77464137e-01 4.62748727e-04 3.21610366e-01 4.62748727e-04
 4.62748727e-04 4.62748727e-04 4.62748727e-04 9.98611754e-01
 7.01989820e-01 4.62748727e-04 2.97084683e-01 4.62748727e-04
 6.77926886e-01 4.62748727e-04 3.21147617e-01 4.62748727e-04
 0.29986118 0.2012957  0.24386858 0.25497455
 0.29615919 0.19666821 0.24479408 0.26237853

MOTIF vleng_l3_f_18
letter-probability matrix: alength= 4 w= 9 
 0.14232464 0.31887496 0.09556083 0.44323958
 0.13215859 0.10945442 0.03049814 0.72788885
 0.2097594  0.42968485 0.08132836 0.27922738
 0.68891901 0.21348695 0.07895629 0.01863775
 0.28973229 0.07997289 0.14130803 0.48898678
 4.22568621e-01 3.38868180e-04 6.26906134e-02 5.14401898e-01
 3.91053880e-01 7.65842087e-02 3.38868180e-04 5.32023043e-01
 0.21145374 0.04947475 0.11995934 0.61911217
 0.1863775  0.38190444 0.18569976 0.2460183 

MOTIF vleng_l3_f_19
letter-probability matrix: alength= 4 w= 9 
 0.27682489 0.21699242 0.21579577 0.29038692
 0.50737934 0.02632629 0.24132429 0.22497008
 0.00797766 0.13841245 0.05145592 0.80215397
 3.98883127e-04 2.33745513e-01 6.83685680e-01 8.21699242e-02
 0.28998803 0.17231751 0.04906262 0.48863183
 0.15396889 0.15955325 0.061428   0.62504986
 0.07499003 0.08296769 0.16713203 0.67491025
 0.05265257 0.5580375  0.10729956 0.28201037
 0.12923813 0.31790985 0.15436777 0.39848424

MOTIF vleng_l3_f_20
letter-probability matrix: alength= 4 w= 9 
 0.20604027 0.39395973 0.2295302  0.1704698 
 0.16946309 0.47785235 0.21241611 0.14026846
 0.24228188 0.26275168 0.11040268 0.38456376
 0.49161074 0.12147651 0.13053691 0.25637584
 0.22147651 0.08590604 0.32080537 0.37181208
 0.1        0.3738255  0.02986577 0.49630872
 0.65067114 0.00503356 0.10033557 0.24395973
 0.02181208 0.05134228 0.79328859 0.13355705
 0.09899329 0.33691275 0.35100671 0.21308725

MOTIF vleng_l3_f_21
letter-probability matrix: alength= 4 w= 9 
 0.19062286 0.12696783 0.14065708 0.54175222
 0.39698836 0.13826146 0.31245722 0.15229295
 0.39698836 0.12628337 0.29055441 0.18617385
 0.04928131 0.08761123 0.10198494 0.76112252
 0.56297057 0.02977413 0.27446954 0.13278576
 0.55099247 0.08179329 0.29739904 0.0698152 
 0.03114305 0.01334702 0.01437372 0.94113621
 0.75975359 0.01403149 0.20910335 0.01711157
 0.63004791 0.01608487 0.33264887 0.02121834

MOTIF vleng_l3_f_22
letter-probability matrix: alength= 4 w= 9 
 0.55086764 0.13439946 0.18339571 0.13133719
 0.37325621 0.04048996 0.18305546 0.40319837
 0.30214359 0.1721674  0.35590337 0.16978564
 0.55835318 0.07077237 0.02007486 0.35079959
 0.47839401 0.18577748 0.08982647 0.24600204
 0.44368833 0.08234093 0.03504593 0.4389248 
 0.46546444 0.00544403 0.00136101 0.52773052
 0.38278326 0.01599183 0.34025179 0.26097312
 0.53827833 0.12997618 0.16536237 0.16638312

MOTIF vleng_l3_f_23
letter-probability matrix: alength= 4 w= 9 
 0.10599572 0.36045682 0.12348323 0.41006424
 0.41220557 0.17915774 0.1862955  0.22234118
 0.08422555 0.47822984 0.01570307 0.42184154
 0.23304782 0.32583869 0.41934333 0.02177016
 0.91648822 0.02855103 0.03211991 0.02284083
 0.08922198 0.01641685 0.00249822 0.89186296
 0.00107066 0.00820842 0.90185582 0.0888651 
 0.3165596  0.22448251 0.29193433 0.16702355
 0.14810849 0.24732334 0.29122056 0.31334761

MOTIF vleng_l3_f_24
letter-probability matrix: alength= 4 w= 9 
 0.2        0.30486486 0.11783784 0.3772973 
 0.23495495 0.08       0.24828829 0.43675676
 0.30018018 0.32540541 0.11315315 0.26126126
 7.51351351e-01 2.14414414e-01 3.60360360e-04 3.38738739e-02
 0.78954955 0.02954955 0.00216216 0.17873874
 1.64324324e-01 3.60360360e-04 3.24324324e-02 8.02882883e-01
 0.13873874 0.03387387 0.13513514 0.69225225
 0.32972973 0.25333333 0.08828829 0.32864865
 0.09297297 0.23855856 0.19423423 0.47423423

MOTIF vleng_l3_f_25
letter-probability matrix: alength= 4 w= 9 
 0.37988247 0.13861044 0.11475976 0.36674732
 0.16660906 0.20947114 0.45454545 0.16937435
 0.06878673 0.40995506 0.4023505  0.11890771
 3.45661943e-04 5.86588317e-01 5.80712064e-02 3.54994815e-01
 0.02004839 0.62703076 0.19115105 0.16176979
 0.20463187 0.23850674 0.12132734 0.43553405
 0.19426201 0.19633598 0.00518493 0.60421708
 8.15762185e-02 3.45661943e-04 5.53059108e-03 9.12547529e-01
 0.06463878 0.08676115 0.21327342 0.63532665

MOTIF vleng_l3_f_26
letter-probability matrix: alength= 4 w= 9 
 0.17912428 0.12826183 0.22689076 0.46572313
 0.21362229 0.22954445 0.04820876 0.5086245 
 0.03140203 0.46970367 0.44980097 0.04909332
 9.28792570e-03 9.79212738e-01 4.42282176e-04 1.10570544e-02
 0.0968598  0.59088899 0.2927908  0.01946042
 0.00442282 0.24856258 0.3374613  0.4095533 
 0.03803627 0.10968598 0.02697921 0.82529854
 0.05130473 0.05882353 0.50950907 0.38036267
 0.10039805 0.19416188 0.28881026 0.41662981

MOTIF vleng_l3_f_27
letter-probability matrix: alength= 4 w= 9 
 0.08909889 0.3516706  0.44515694 0.11407357
 0.24299696 0.22814715 0.30543368 0.22342221
 0.08099899 0.45663179 0.14208572 0.3202835 
 0.32399595 0.03374958 0.5437057  0.09854877
 0.06108674 0.080324   0.58116774 0.27742153
 0.02227472 0.5359433  0.17819777 0.26358421
 3.37495781e-04 8.95376308e-01 1.31623355e-02 9.11238610e-02
 0.03948701 0.73472832 0.07559906 0.15018562
 0.05399933 0.48396895 0.05906176 0.40296996

MOTIF vleng_l3_f_28
letter-probability matrix: alength= 4 w= 9 
 0.22014538 0.18414676 0.32987193 0.26583593
 0.12737972 0.03772932 0.65489789 0.17999308
 1.17687781e-02 2.54759432e-01 6.92281066e-04 7.32779508e-01
 0.16926272 0.05157494 0.61959155 0.15957079
 0.14053306 0.03565247 0.01523018 0.80858429
 0.21599169 0.66285912 0.05780547 0.06334372
 0.02457598 0.06472828 0.23710627 0.67358948
 0.03980616 0.18830045 0.49913465 0.27275874
 0.24195223 0.23122188 0.403946   0.12287989

MOTIF vleng_l3_f_29
letter-probability matrix: alength= 4 w= 9 
 0.11832319 0.16058147 0.20655849 0.51453685
 0.07200811 0.59229209 0.04090602 0.29479378
 0.2224476  0.00642326 0.63218391 0.13894523
 3.38066261e-04 9.33062880e-02 7.09939148e-03 8.99256254e-01
 0.27248141 0.07302231 0.14469236 0.50980392
 0.13962137 0.07775524 0.04259635 0.74002705
 0.60277214 0.21433401 0.05375254 0.12914131
 0.48749155 0.17478026 0.00270453 0.33502366
 0.01318458 0.49864773 0.29749831 0.19066937

MOTIF vleng_l3_f_30
letter-probability matrix: alength= 4 w= 9 
 0.3704 0.36   0.0432 0.2264
 0.6344 0.104  0.1328 0.1288
 0.124  0.0632 0.4848 0.328 
 0.0008 0.3328 0.0128 0.6536
 0.3544 0.2496 0.2112 0.1848
 0.1808 0.3456 0.096  0.3776
 0.208  0.6744 0.032  0.0856
 0.0544 0.0112 0.024  0.9104
 0.0968 0.076  0.7352 0.092 

MOTIF vleng_l3_f_31
letter-probability matrix: alength= 4 w= 9 
 0.19847593 0.1444406  0.37824732 0.27883616
 0.03429165 0.1742293  0.29719432 0.49428472
 0.0017319  0.1267752  0.22687911 0.64461379
 0.08555594 0.03082785 0.56737097 0.31624524
 0.36785591 0.04502944 0.4437132  0.14340145
 0.51160374 0.1461725  0.07585729 0.26636647
 0.03498441 0.00796675 0.12989262 0.82715622
 0.18150329 0.04087288 0.58746103 0.1901628 
 0.52511257 0.1655698  0.08209214 0.22722549

MOTIF vleng_l3_f_32
letter-probability matrix: alength= 4 w= 9 
 0.0399814  0.0423059  0.08507671 0.83263598
 4.64900046e-03 2.86378429e-01 4.64900046e-04 7.08507671e-01
 0.42770804 0.11157601 0.23523942 0.22547652
 6.47605765e-01 1.74802417e-01 1.77126918e-01 4.64900046e-04
 0.21524872 0.44444444 0.25523013 0.08507671
 0.20966992 0.16410972 0.44397954 0.18224082
 0.0334728  0.12552301 0.31148303 0.52952115
 0.032543   0.23198512 0.41701534 0.31845653
 0.0395165  0.42631334 0.17712692 0.35704324

MOTIF vleng_l3_f_33
letter-probability matrix: alength= 4 w= 9 
 0.17797287 0.14684757 0.37031125 0.30486832
 0.13647247 0.31364725 0.38148444 0.16839585
 0.26256983 0.1660016  0.51636073 0.05506784
 0.02234637 0.16839585 0.02154828 0.7877095 
 0.51157223 0.19632881 0.2434158  0.04868316
 0.05586592 0.29209896 0.37350359 0.27853152
 0.32402235 0.01197127 0.65043895 0.01356744
 0.00399042 0.07581804 0.61372706 0.30646449
 0.04788508 0.04708699 0.7565842  0.14844374

MOTIF vleng_l3_f_34
letter-probability matrix: alength= 4 w= 9 
 0.10922509 0.52804428 0.03099631 0.33173432
 0.52435424 0.43210332 0.02398524 0.0195572 
 0.13210332 0.43394834 0.30184502 0.13210332
 0.2302583  0.21217712 0.22619926 0.33136531
 0.30184502 0.23579336 0.1402214  0.32214022
 0.12583026 0.30073801 0.41734317 0.15608856
 0.05867159 0.42509225 0.12509225 0.39114391
 0.14317343 0.26309963 0.28376384 0.3099631 
 0.09704797 0.29926199 0.33284133 0.27084871

MOTIF vleng_l3_f_35
letter-probability matrix: alength= 4 w= 9 
 0.33915212 0.14143213 0.07837549 0.44104026
 0.07873174 0.15603848 0.15354471 0.61168507
 0.11613823 0.28998931 0.06163164 0.53224083
 0.16387602 0.77698611 0.04524403 0.01389384
 3.56252227e-04 9.26255789e-02 2.26220164e-01 6.80798005e-01
 0.02565016 0.15568222 0.02707517 0.79159245
 0.44353402 0.03455647 0.00997506 0.51193445
 0.15033844 0.23085144 0.02493766 0.59387246
 0.52333452 0.27752048 0.11863199 0.080513  

MOTIF vleng_l3_f_36
letter-probability matrix: alength= 4 w= 9 
 0.12380952 0.24832451 0.19329806 0.4345679 
 1.69312169e-02 1.26278660e-01 3.52733686e-04 8.56437390e-01
 0.45326279 0.02328042 0.34920635 0.17425044
 0.03421517 0.62328042 0.01128748 0.33121693
 0.44338624 0.08500882 0.01516755 0.45643739
 1.72134039e-01 3.52733686e-04 6.52910053e-01 1.74603175e-01
 0.43421517 0.03809524 0.40388007 0.12380952
 0.06455026 0.49911817 0.28253968 0.15379189
 0.10934744 0.22504409 0.38306878 0.28253968

MOTIF vleng_l3_f_37
letter-probability matrix: alength= 4 w= 9 
 0.17389745 0.09680889 0.16636787 0.56292578
 0.08748655 0.27357476 0.03800645 0.60093223
 0.22517031 0.04625314 0.48296881 0.24560774
 0.01003944 0.29401219 0.00824668 0.68770169
 0.03406239 0.14270348 0.18716386 0.63607028
 0.01039799 0.01290785 0.20795984 0.76873431
 0.13194693 0.08461814 0.34456795 0.43886698
 0.09573324 0.27321621 0.47221226 0.15883829
 0.01972033 0.0856938  0.50484044 0.38974543

MOTIF vleng_l3_f_38
letter-probability matrix: alength= 4 w= 9 
 0.60224877 0.14089951 0.23471539 0.02213633
 0.51932537 0.1433591  0.25193254 0.08538299
 0.30147576 0.21082221 0.28215039 0.20555165
 0.76739283 0.047435   0.16163036 0.02354181
 2.58959944e-01 7.02740689e-04 2.77582572e-02 7.12579058e-01
 3.51370344e-04 2.67041462e-02 7.12579058e-01 2.60365425e-01
 0.15425158 0.02319044 0.68692902 0.13562895
 0.27793394 0.20590302 0.38123682 0.13492621
 0.27582572 0.24631061 0.35207309 0.12579058

MOTIF vleng_l3_f_39
letter-probability matrix: alength= 4 w= 9 
 0.47441217 0.0577455  0.20020747 0.26763485
 0.35753804 0.19121715 0.20366528 0.24757953
 0.11514523 0.44813278 0.29529737 0.14142462
 1.07538036e-01 3.45781466e-04 8.11203320e-01 8.09128631e-02
 0.34612725 0.24135546 0.17047026 0.24204703
 0.27109267 0.37067773 0.18395574 0.17427386
 3.07745505e-02 2.26832642e-01 3.45781466e-04 7.42047026e-01
 0.15594744 0.20539419 0.12551867 0.5131397 
 0.08333333 0.0335408  0.55982019 0.32330567

MOTIF vleng_l3_f_40
letter-probability matrix: alength= 4 w= 9 
 0.07885514 0.32535047 0.09929907 0.49649533
 0.32827103 0.50408879 0.05957944 0.10806075
 0.54380841 0.08761682 0.16121495 0.20735981
 0.26401869 0.02511682 0.49941589 0.2114486 
 0.20735981 0.24883178 0.49766355 0.04614486
 0.3364486  0.07301402 0.49766355 0.09287383
 0.10280374 0.09696262 0.58060748 0.21962617
 0.02803738 0.32768692 0.57768692 0.06658879
 0.05724299 0.11915888 0.61623832 0.20735981

MOTIF vleng_l3_f_41
letter-probability matrix: alength= 4 w= 9 
 0.03716344 0.11642017 0.70800152 0.13841487
 0.03450891 0.15623815 0.09897611 0.71027683
 1.16040956e-01 3.79218809e-04 6.33674630e-01 2.49905195e-01
 0.12286689 0.31361396 0.1714069  0.39211225
 1.56996587e-01 3.79218809e-04 5.49488055e-01 2.93136140e-01
 0.02919985 0.21880925 0.07508532 0.67690557
 0.58892681 0.00265453 0.38642397 0.02199469
 0.15813424 0.25673113 0.2237391  0.36139553
 0.25369738 0.20136519 0.36594615 0.17899128

MOTIF vleng_l3_f_42
letter-probability matrix: alength= 4 w= 9 
 0.11674402 0.30846126 0.32345591 0.25133881
 0.16029989 0.11174581 0.36379864 0.36415566
 0.36058551 0.21242413 0.21099607 0.21599429
 9.81078186e-01 3.57015352e-04 1.82077829e-02 3.57015352e-04
 0.00963941 0.00499821 0.02499107 0.9603713 
 0.03855766 0.01463763 0.88896823 0.05783649
 0.33131025 0.23598715 0.27311674 0.15958586
 0.06033559 0.09639414 0.62656194 0.21670832
 0.16815423 0.19493038 0.42484827 0.21206712

MOTIF vleng_l3_f_43
letter-probability matrix: alength= 4 w= 9 
 0.08584568 0.03065917 0.04292284 0.8405723 
 0.52120593 0.05825243 0.37506387 0.04547777
 0.68114461 0.01890649 0.28461932 0.01532959
 0.01890649 0.02861523 0.2187021  0.73377619
 0.6816556  0.09913132 0.20643843 0.01277466
 0.63515585 0.00204394 0.30659172 0.05620848
 0.38272867 0.04701073 0.13387839 0.43638222
 0.55135411 0.08584568 0.08584568 0.27695452
 0.26520184 0.05007665 0.37864078 0.30608074

MOTIF vleng_l3_f_44
letter-probability matrix: alength= 4 w= 9 
 0.40946282 0.13909641 0.25044468 0.20099609
 0.38954109 0.08573461 0.44646033 0.07826396
 0.02525792 0.56527926 0.02881537 0.38064746
 0.36570615 0.10387762 0.27321238 0.25720384
 0.01280683 0.19423693 0.69192458 0.10103166
 0.09711846 0.60583422 0.12913554 0.16791178
 0.41266453 0.12379936 0.18890075 0.27463536
 0.25827108 0.10103166 0.59053718 0.05016009
 0.09249377 0.1092138  0.4187122  0.37958022

MOTIF vleng_l3_f_45
letter-probability matrix: alength= 4 w= 9 
 0.14574899 0.05852043 0.00772911 0.78800147
 0.59882223 0.02245123 0.22340817 0.15531837
 0.51122562 0.04490247 0.40412219 0.03974972
 3.68053000e-04 3.68053000e-04 3.68053000e-04 9.98895841e-01
 6.44460802e-01 3.68053000e-04 3.54803092e-01 3.68053000e-04
 6.92307692e-01 3.68053000e-04 3.06956202e-01 3.68053000e-04
 0.2764078  0.16709606 0.2881855  0.26831064
 0.28303276 0.18292234 0.29407435 0.23997056
 0.30106735 0.18844314 0.21494295 0.29554656

MOTIF vleng_l3_f_46
letter-probability matrix: alength= 4 w= 9 
 0.58484006 0.11543811 0.17350487 0.12621697
 0.40020862 0.08449235 0.15333797 0.36196106
 9.35674548e-01 1.70375522e-02 4.69401947e-02 3.47705146e-04
 0.25417246 0.00139082 0.64047288 0.10396384
 0.26390821 0.01912378 0.44436718 0.27260083
 0.28164117 0.0205146  0.63073713 0.06710709
 5.47983310e-01 1.04311544e-03 4.50625869e-01 3.47705146e-04
 0.09909597 0.03824757 0.56467316 0.29798331
 0.40125174 0.15055633 0.23296245 0.21522949

MOTIF vleng_l3_f_47
letter-probability matrix: alength= 4 w= 9 
 0.17191097 0.25863392 0.30583269 0.26362241
 0.1722947  0.16922487 0.00575595 0.65272448
 5.87490407e-01 2.27168074e-01 1.84957790e-01 3.83729854e-04
 0.10782809 0.05295472 0.80544896 0.03376823
 0.03223331 0.10053722 0.03491942 0.83231005
 0.16423638 0.41289332 0.19877206 0.22409823
 0.05487337 0.64082886 0.17267843 0.13161934
 0.13200307 0.84343822 0.00115119 0.02340752
 0.10859555 0.11588642 0.35072909 0.42478895

MOTIF vleng_l3_f_48
letter-probability matrix: alength= 4 w= 9 
 0.11602806 0.16297895 0.30275229 0.41824069
 0.20939018 0.25526174 0.06314085 0.47220723
 2.22881813e-01 5.39665407e-04 5.39665407e-04 7.76038856e-01
 0.00971398 0.02266595 0.00809498 0.95952509
 5.39665407e-04 5.23475445e-02 5.39665407e-04 9.46573125e-01
 0.35402051 0.49001619 0.06044253 0.09552078
 1.72692930e-02 7.06422018e-01 5.39665407e-04 2.75769023e-01
 0.0280626  0.36913114 0.0717755  0.53103076
 0.06529951 0.27361036 0.13221802 0.5288721 

MOTIF vleng_l3_f_49
letter-probability matrix: alength= 4 w= 9 
 0.21597833 0.22274882 0.46987136 0.09140149
 0.03486798 0.20412999 0.60663507 0.15436696
 0.02708192 0.16790792 0.62796209 0.17704807
 0.04400812 0.4478673  0.26811104 0.24001354
 0.26675694 0.68381855 0.02809749 0.02132701
 0.00575491 0.55416385 0.27522004 0.16486121
 0.06872038 0.63405552 0.08327691 0.21394719
 0.17670955 0.44820582 0.30941097 0.06567366
 0.34698714 0.22918077 0.16723087 0.25660122

MOTIF vleng_l3_f_50
letter-probability matrix: alength= 4 w= 9 
 0.34277198 0.04694486 0.60208644 0.00819672
 0.42362146 0.10208644 0.46125186 0.01304024
 0.62555887 0.02123696 0.35208644 0.00111773
 0.6266766  0.04023845 0.32749627 0.00558867
 0.08830104 0.00819672 0.11773472 0.78576751
 0.34798808 0.02011923 0.10581222 0.52608048
 0.18517139 0.11065574 0.00670641 0.69746647
 0.50782414 0.13971684 0.20007452 0.1523845 
 0.43107303 0.25149031 0.19932936 0.1181073 

MOTIF vleng_l3_f_51
letter-probability matrix: alength= 4 w= 9 
 0.44509872 0.1091098  0.30308278 0.14270869
 0.46103221 0.0051957  0.13820575 0.39556633
 0.04121926 0.45860755 0.31174229 0.1884309 
 0.03359889 0.2393488  0.70107378 0.02597852
 0.09213717 0.17111188 0.15379286 0.58295809
 0.4506408  0.27433322 0.07170073 0.20332525
 0.47177    0.00692761 0.11188085 0.40942154
 0.33772082 0.13335643 0.14721164 0.38171112
 0.19882231 0.28749567 0.18392795 0.32975407

MOTIF vleng_l3_f_52
letter-probability matrix: alength= 4 w= 9 
 0.2275886  0.12300208 0.11014593 0.53926338
 0.16990966 0.06497568 0.16052814 0.60458652
 0.09659486 0.0295344  0.21924948 0.65462126
 0.07609451 0.09624739 0.23071577 0.59694232
 0.03509382 0.00243224 0.0552467  0.90722724
 0.07018763 0.17303683 0.01007644 0.7466991 
 0.09068798 0.02849201 0.21612231 0.66469771
 0.47949965 0.0590688  0.10806115 0.3533704 
 0.17929117 0.07922168 0.25121612 0.49027102

MOTIF vleng_l3_f_53
letter-probability matrix: alength= 4 w= 9 
 0.52651779 0.13991626 0.3213538  0.01221214
 0.5474529  0.09595255 0.25122121 0.10537334
 0.2623866  0.21946964 0.32484299 0.19330077
 0.7376134  0.09385904 0.11235171 0.05617585
 3.22749477e-01 3.48918353e-04 6.97836706e-03 6.69923238e-01
 3.48918353e-04 6.97836706e-03 6.64689463e-01 3.27983252e-01
 0.07013259 0.03977669 0.64480112 0.2452896 
 0.3726448  0.26936497 0.24668528 0.11130495
 0.18492673 0.07536636 0.48499651 0.2547104 

MOTIF vleng_l3_f_54
letter-probability matrix: alength= 4 w= 9 
 0.25642832 0.16238112 0.27439239 0.30679817
 0.63649172 0.04579077 0.15287073 0.16484678
 3.52236703e-04 1.79640719e-02 2.64177527e-02 9.55265939e-01
 3.52236703e-04 2.43043325e-02 7.96759422e-01 1.78584008e-01
 0.02571328 0.059528   0.62028883 0.29446988
 0.27721029 0.33392039 0.1986615  0.19020782
 0.12257837 0.20605847 0.26206411 0.40929905
 0.22824938 0.26664318 0.41282142 0.09228602
 0.22895386 0.21134202 0.3138429  0.24586122

MOTIF vleng_l3_f_55
letter-probability matrix: alength= 4 w= 9 
 0.54022595 0.18315645 0.03286546 0.24375214
 0.58267717 0.39883602 0.00581992 0.01266689
 0.27901404 0.21533721 0.17185895 0.3337898 
 0.22731941 0.13180418 0.05272167 0.58815474
 0.24751797 0.01335159 0.03491955 0.70421089
 0.63882232 0.09688463 0.03491955 0.2293735 
 0.69359808 0.00650462 0.06367682 0.23622047
 0.263266   0.17528244 0.06573091 0.49572064
 0.60287573 0.17802123 0.02773023 0.19137282

MOTIF vleng_l3_f_56
letter-probability matrix: alength= 4 w= 9 
 0.37581812 0.32345849 0.09610748 0.20461591
 7.24423011e-01 9.64519463e-03 2.65587323e-01 3.44471237e-04
 0.55942129 0.16500172 0.1532897  0.12228729
 0.15260076 0.15156734 0.22735102 0.46848088
 0.60799173 0.01136755 0.35308302 0.0275577 
 0.03306924 0.01240096 0.17051326 0.78401653
 0.03995866 0.18360317 0.68894247 0.08749569
 0.25180847 0.09025146 0.42852222 0.22941784
 0.24423011 0.2383741  0.35756114 0.15983465

MOTIF vleng_l3_f_57
letter-probability matrix: alength= 4 w= 9 
 0.55388908 0.07080572 0.14440181 0.23090338
 0.38332752 0.23264737 0.26752703 0.11649808
 0.40111615 0.05406348 0.40216254 0.14265783
 3.48796652e-04 8.48273457e-01 1.11614928e-02 1.40216254e-01
 0.23020579 0.1353331  0.47157307 0.16288804
 0.12731078 0.5106383  0.01116149 0.35088943
 0.95465644 0.00383676 0.01743983 0.02406697
 0.00523195 0.03767004 0.43843739 0.51866062
 0.08754796 0.52354377 0.17195675 0.21695152

MOTIF vleng_l3_f_58
letter-probability matrix: alength= 4 w= 9 
 0.35131397 0.49170124 0.06569848 0.09128631
 0.88865837 0.01659751 0.00138313 0.093361  
 0.26417704 0.00414938 0.51521438 0.2164592 
 0.06016598 0.37413555 0.04702628 0.5186722 
 0.02973721 0.14384509 0.10719225 0.71922545
 0.52351314 0.28146611 0.18603043 0.00899032
 0.83195021 0.07399723 0.0746888  0.01936376
 0.18188105 0.15283541 0.52697095 0.13831259
 0.15145228 0.29322268 0.26556017 0.28976487

MOTIF vleng_l3_f_59
letter-probability matrix: alength= 4 w= 9 
 0.05188141 0.17103763 0.12200684 0.65507412
 5.70125428e-04 7.04675029e-01 1.03192702e-01 1.91562144e-01
 0.10775371 0.27879133 0.40763968 0.20581528
 0.02850627 0.31641961 0.3050171  0.35005701
 6.61345496e-02 8.75712657e-01 5.70125428e-04 5.75826682e-02
 0.0022805  0.39224629 0.03876853 0.56670468
 0.44184721 0.23888255 0.04675029 0.27251995
 0.172748   0.42417332 0.05359179 0.34948689
 0.11573546 0.19897377 0.44070696 0.24458381

MOTIF vleng_l3_f_60
letter-probability matrix: alength= 4 w= 9 
 0.00756212 0.67122794 0.30824631 0.01296363
 0.05977674 0.79186172 0.09506662 0.05329492
 0.01800504 0.82030969 0.0014404  0.16024487
 3.60100828e-04 7.27763774e-01 9.47065178e-02 1.77169607e-01
 0.00324091 0.40151242 0.36766295 0.22758372
 0.17068779 0.59668707 0.10514944 0.12747569
 0.04897371 0.54771336 0.16924739 0.23406554
 0.05653583 0.51422398 0.25495139 0.1742888 
 0.16708678 0.33849478 0.35902053 0.13539791

MOTIF vleng_l3_f_61
letter-probability matrix: alength= 4 w= 9 
 0.28521002 0.29297564 0.25555948 0.16625485
 0.11083657 0.50688316 0.29897635 0.08330392
 0.0857748  0.46911401 0.38651606 0.05859513
 0.05788916 0.66043064 0.26579598 0.01588422
 0.06494882 0.58877515 0.31450759 0.03176844
 1.57430286e-01 6.58665725e-01 1.83551006e-01 3.52982704e-04
 0.04659372 0.76950229 0.17613837 0.00776562
 0.07589128 0.85845394 0.02965055 0.03600424
 0.15001765 0.41440169 0.0653018  0.37027886

MOTIF vleng_l3_f_62
letter-probability matrix: alength= 4 w= 9 
 0.13158778 0.5427996  0.2782813  0.04733132
 1.92682108e-01 5.42799597e-01 2.64182612e-01 3.35683115e-04
 0.0020141  0.69452837 0.27291037 0.03054716
 2.68546492e-03 9.65088956e-01 3.18898959e-02 3.35683115e-04
 0.03423968 0.92581403 0.03088285 0.00906344
 3.35683115e-04 9.14065123e-01 2.48405505e-02 6.07586438e-02
 0.21282309 0.43001007 0.20208124 0.1550856 
 0.17119839 0.37092984 0.26283988 0.19503189
 0.18898959 0.40718362 0.15340718 0.2504196 

MOTIF vleng_l3_f_63
letter-probability matrix: alength= 4 w= 9 
 0.4386921  0.22173025 0.24046322 0.09911444
 0.23637602 0.24557221 0.46900545 0.04904632
 0.12057221 0.09536785 0.64679837 0.13726158
 0.10490463 0.23228883 0.15871935 0.50408719
 0.3126703  0.19822888 0.31777929 0.17132153
 0.39475477 0.23399183 0.05381471 0.31743869
 0.30551771 0.04802452 0.09707084 0.54938692
 0.05211172 0.38215259 0.38079019 0.1849455 
 0.12874659 0.26430518 0.34809264 0.25885559

MOTIF vleng_l3_f_64
letter-probability matrix: alength= 4 w= 9 
 0.39769708 0.20150576 0.2170062  0.18379097
 9.79185120e-01 4.42869796e-04 1.99291408e-02 4.42869796e-04
 4.42869796e-04 4.42869796e-04 4.42869796e-04 9.98671391e-01
 4.42869796e-04 4.42869796e-04 9.80070859e-01 1.90434012e-02
 0.05580159 0.24092117 0.26616475 0.43711249
 0.14526129 0.26527901 0.18600531 0.40345438
 0.28919398 0.31753764 0.12001771 0.27325066
 0.24800709 0.19131975 0.20062002 0.36005314
 0.31266608 0.20593446 0.20504872 0.27635075

MOTIF vleng_l3_f_65
letter-probability matrix: alength= 4 w= 9 
 0.38950375 0.17315245 0.13566583 0.30167797
 0.2859693  0.17600857 0.27383077 0.26419136
 9.98928954e-01 3.57015352e-04 3.57015352e-04 3.57015352e-04
 3.57015352e-04 3.57015352e-04 3.57015352e-04 9.98928954e-01
 3.57015352e-04 3.57015352e-04 9.98928954e-01 3.57015352e-04
 0.5651553  0.10853267 0.04962513 0.2766869 
 0.23920029 0.39271689 0.22170653 0.14637629
 0.17493752 0.33095323 0.10781864 0.38629061
 0.35273117 0.11924313 0.35558729 0.17243841

MOTIF vleng_l3_f_66
letter-probability matrix: alength= 4 w= 9 
 0.08596373 0.32370719 0.30758899 0.28274009
 0.18300873 0.50134318 0.22934856 0.08629953
 2.27669577e-01 3.35795836e-04 6.63196776e-01 1.08797851e-01
 0.0564137  0.20248489 0.43989255 0.30120887
 0.01880457 0.22800537 0.5406313  0.21255876
 0.0080591  0.33378106 0.29717931 0.36098052
 0.338818   0.21020819 0.38280725 0.06816655
 0.13834788 0.28072532 0.44694426 0.13398254
 0.24680994 0.47347213 0.19039624 0.08932169

MOTIF vleng_l3_f_67
letter-probability matrix: alength= 4 w= 9 
 0.37117252 0.27744586 0.14861837 0.20276326
 0.19492158 0.29238237 0.45780433 0.05489171
 0.25504108 0.38909634 0.02651232 0.32935026
 0.63144137 0.18222554 0.06422704 0.12210605
 0.30694548 0.45033607 0.14040329 0.10231516
 3.73412995e-04 1.08289768e-01 6.78864824e-01 2.12471994e-01
 0.50074683 0.18782674 0.15085885 0.16056759
 0.32113518 0.30283794 0.15384615 0.22218073
 0.23076923 0.34951456 0.05601195 0.36370426

MOTIF vleng_l3_f_68
letter-probability matrix: alength= 4 w= 9 
 0.09373505 0.23529412 0.08751793 0.58345289
 0.29603061 0.15781923 0.264945   0.28120516
 0.25824964 0.11669058 0.12673362 0.49832616
 0.15686275 0.03299857 0.02965088 0.7804878 
 0.67097083 0.02056432 0.02534672 0.28311813
 0.05260641 0.03060736 0.39933046 0.51745576
 0.28168341 0.17886179 0.43711143 0.10234338
 0.15686275 0.3567671  0.0071736  0.47919656
 0.22859876 0.19464371 0.35868006 0.21807747

MOTIF vleng_l3_f_69
letter-probability matrix: alength= 4 w= 9 
 0.37197898 0.28616462 0.20210158 0.13975482
 0.82311734 0.04203152 0.09982487 0.03502627
 0.2591944  0.00315236 0.00350263 0.73415061
 3.50262697e-04 3.15236427e-03 7.37302977e-01 2.59194396e-01
 0.46970228 0.0732049  0.42486865 0.03222417
 0.34150613 0.02206655 0.06900175 0.56742557
 0.33099825 0.11593695 0.26619965 0.28686515
 0.18353765 0.18003503 0.35131349 0.28511384
 0.32539405 0.28511384 0.19404553 0.19544658

MOTIF vleng_l3_f_70
letter-probability matrix: alength= 4 w= 9 
 0.4845815  0.23246357 0.1650288  0.11792613
 0.24398509 0.46424941 0.25889529 0.03287021
 1.42324636e-02 9.27143341e-01 3.38868180e-04 5.82853270e-02
 3.38868180e-04 3.04981362e-01 8.23449678e-02 6.12334802e-01
 0.16468994 0.16062352 0.19010505 0.4845815 
 0.04981362 0.18129448 0.26906134 0.49983057
 0.26465605 0.4696713  0.0457472  0.21992545
 0.23517452 0.06946798 0.17180617 0.52355134
 0.19044392 0.03761437 0.21416469 0.55777702

MOTIF vleng_l3_f_71
letter-probability matrix: alength= 4 w= 9 
 0.32822086 0.37082481 0.200409   0.10054533
 0.24471711 0.17961827 0.46387185 0.11179277
 0.21199727 0.0463531  0.70961145 0.03203817
 0.11486026 0.02488071 0.74982958 0.11042945
 7.77096115e-02 3.40831629e-04 7.32106339e-01 1.89843217e-01
 0.23653715 0.00886162 0.72460804 0.02999318
 1.18609407e-01 3.40831629e-04 8.32310838e-01 4.87389230e-02
 0.14417178 0.01976823 0.82310838 0.0129516 
 0.06782549 0.07702795 0.66530334 0.18984322

MOTIF vleng_l3_f_72
letter-probability matrix: alength= 4 w= 9 
 0.69707082 0.08416759 0.08935855 0.12940304
 0.23470523 0.04263997 0.66295884 0.05969596
 0.01001112 0.31182796 0.01853912 0.6596218 
 0.10233593 0.25398591 0.18427883 0.45939933
 0.09788654 0.20949203 0.18984056 0.50278087
 0.35187245 0.13756025 0.39636633 0.11420096
 0.64256581 0.00222469 0.13348165 0.22172785
 0.18984056 0.15313311 0.40266963 0.25435669
 0.20133482 0.11420096 0.37671487 0.30774935

MOTIF vleng_l3_f_73
letter-probability matrix: alength= 4 w= 9 
 0.28319235 0.17028319 0.23501287 0.31151159
 0.20080912 0.29312247 0.14968739 0.35638102
 0.18168444 0.48731151 0.23280618 0.09819787
 2.89812431e-01 7.35564546e-02 6.36263332e-01 3.67782273e-04
 0.26700993 0.42405296 0.16219198 0.14674513
 0.03089371 0.64766458 0.19566017 0.12578154
 0.44464877 0.43913203 0.05921295 0.05700625
 0.0290548  0.47112909 0.04008827 0.45972784
 0.05001839 0.35159985 0.54873115 0.04965061

MOTIF vleng_l3_f_74
letter-probability matrix: alength= 4 w= 9 
 0.42461375 0.36441129 0.06286628 0.14810868
 0.57325519 0.2424081  0.06073522 0.12360149
 0.73308471 0.00479489 0.08044752 0.18167288
 0.16196058 0.05807139 0.06925946 0.71070858
 0.08897176 0.03782632 0.46883324 0.40436867
 0.17634523 0.04315397 0.46297283 0.31752797
 0.07831646 0.57698455 0.16089505 0.18380394
 0.41981886 0.21044219 0.12733085 0.2424081 
 0.29248801 0.14651039 0.23761321 0.32338839

MOTIF vleng_l3_f_75
letter-probability matrix: alength= 4 w= 9 
 0.11058981 0.11662198 0.38237265 0.39041555
 0.58545576 0.1786193  0.08746649 0.14845845
 0.6233244  0.03351206 0.08545576 0.25770777
 0.37030831 0.21447721 0.14678284 0.26843164
 0.07908847 0.0958445  0.18230563 0.64276139
 0.20509383 0.1022118  0.49932976 0.19336461
 0.36930295 0.04021448 0.40214477 0.1883378 
 0.34617962 0.23927614 0.19369973 0.2208445 
 0.22654155 0.42124665 0.14879357 0.20341823

MOTIF vleng_l3_f_76
letter-probability matrix: alength= 4 w= 9 
 0.2106814  0.36206262 0.2747698  0.15248619
 0.09981584 0.45819521 0.2825046  0.15948435
 0.00331492 0.77900552 0.18600368 0.03167587
 3.68324125e-04 9.28913444e-01 1.14180479e-02 5.93001842e-02
 0.02025783 0.946593   0.01289134 0.02025783
 0.01325967 0.95322284 0.00736648 0.02615101
 8.28729282e-02 7.69797422e-01 3.68324125e-04 1.46961326e-01
 0.17237569 0.48360958 0.12891344 0.21510129
 0.18526703 0.35764273 0.23020258 0.22688766

MOTIF vleng_l3_f_77
letter-probability matrix: alength= 4 w= 9 
 0.3126177  0.11770245 0.31450094 0.25517891
 0.00894539 0.26694915 0.35875706 0.3653484 
 0.11770245 0.12947269 0.09745763 0.65536723
 0.12241055 0.07768362 0.54896422 0.25094162
 0.19538606 0.18832392 0.1299435  0.48634652
 0.52589454 0.11958569 0.0145951  0.33992467
 0.05696798 0.03013183 0.48210923 0.43079096
 0.00517891 0.07580038 0.24670433 0.67231638
 0.11252354 0.22457627 0.46892655 0.19397363

MOTIF vleng_l3_f_78
letter-probability matrix: alength= 4 w= 9 
 0.39318342 0.25298665 0.11665495 0.23717498
 0.17990162 0.25650035 0.17006325 0.39353479
 0.42726634 0.01475755 0.27266339 0.28531272
 3.51370344e-04 7.12930429e-01 3.51370344e-04 2.86366831e-01
 0.10576247 0.24209417 0.2642305  0.38791286
 0.07308503 0.22030921 0.45186226 0.2547435 
 0.31763879 0.00878426 0.46275474 0.21082221
 0.00456781 0.24349965 0.45959241 0.29234013
 0.13633169 0.16690091 0.58608573 0.11068166

MOTIF vleng_l3_f_79
letter-probability matrix: alength= 4 w= 9 
 0.3064458  0.0867843  0.37882607 0.22794382
 0.07418077 0.27151602 0.23694634 0.41735686
 0.28231905 0.30212459 0.34137559 0.07418077
 8.28231905e-01 3.60100828e-04 1.71047893e-01 3.60100828e-04
 0.18977314 0.19985596 0.09146561 0.51890529
 0.06949946 0.11415196 0.59992798 0.2164206 
 0.63305726 0.03564998 0.26647461 0.06481815
 0.0432121  0.12027368 0.15484336 0.68167087
 0.03060857 0.10298884 0.66150522 0.20489737

MOTIF vleng_l3_f_80
letter-probability matrix: alength= 4 w= 9 
 0.12599855 0.47712418 0.16448802 0.23238925
 0.10856935 0.42955701 0.09694989 0.36492375
 0.61002179 0.05010893 0.01016703 0.32970225
 3.63108206e-04 2.90486565e-01 3.30428468e-02 6.76107480e-01
 0.1416122  0.12345679 0.50326797 0.23166304
 3.63108206e-04 3.63108206e-04 6.75018155e-01 3.24255628e-01
 0.3983297  0.27596224 0.22912128 0.09658678
 0.08569354 0.00290487 0.62164125 0.28976035
 0.18082789 0.32534495 0.10094408 0.39288308

MOTIF vleng_l3_f_81
letter-probability matrix: alength= 4 w= 9 
 0.08937779 0.25541423 0.40598144 0.24922654
 0.02646958 0.85012032 0.06222069 0.06118941
 0.28875902 0.25953936 0.07562736 0.37607425
 3.74699209e-02 3.43760743e-04 8.62495703e-01 9.96906153e-02
 0.14231695 0.43657614 0.31247851 0.10862839
 0.04537642 0.06187693 0.26778962 0.62495703
 0.51804744 0.29288415 0.09075284 0.09831557
 0.3887934  0.44620144 0.0543142  0.11069096
 0.37057408 0.11344105 0.11653489 0.39944998

MOTIF vleng_l3_f_82
letter-probability matrix: alength= 4 w= 9 
 0.39076499 0.10647829 0.23880083 0.26395589
 0.14266023 0.37732598 0.01068229 0.4693315 
