MEME version 5.3.0

ALPHABET= ACGT

strands: + -

Background letter frequencies
A 0.25 C 0.25 G 0.25 T 0.25

MOTIF vleng_l3_f_0
letter-probability matrix: alength= 4 w= 9 
 0.10468198 0.25265018 0.25397527 0.38869258
 0.25618375 0.14487633 0.33657244 0.26236749
 8.04328622e-01 4.41696113e-04 4.41696113e-04 1.94787986e-01
 4.41696113e-04 4.41696113e-04 1.94787986e-01 8.04328622e-01
 0.04107774 0.07199647 0.8069788  0.079947  
 0.1360424  0.21466431 0.32862191 0.32067138
 0.22570671 0.14090106 0.37279152 0.26060071
 0.41651943 0.18242049 0.10026502 0.30079505
 0.47482332 0.05918728 0.0684629  0.3975265 

MOTIF vleng_l3_f_1
letter-probability matrix: alength= 4 w= 9 
 8.97426859e-01 7.04970039e-04 1.01515686e-01 3.52485019e-04
 0.30771942 0.19880155 0.06626718 0.42721184
 0.22770532 0.21995065 0.26859358 0.28375044
 8.10715545e-01 3.52485019e-04 4.37081424e-02 1.45223828e-01
 5.71025731e-02 4.15932323e-02 3.52485019e-04 9.00951710e-01
 3.52485019e-04 3.52485019e-04 8.62178357e-01 1.37116673e-01
 0.32922101 0.17941487 0.18329221 0.30807191
 0.25555164 0.317589   0.24427212 0.18258724
 0.30948185 0.23087769 0.24215721 0.21748326

MOTIF vleng_l3_f_2
letter-probability matrix: alength= 4 w= 9 
 0.17300178 0.38969805 0.32220249 0.11509769
 0.33960924 0.06678508 0.57335702 0.02024867
 0.01065719 0.10017762 0.81030195 0.07886323
 0.1705151  0.43730018 0.24369449 0.14849023
 5.15097691e-02 3.55239787e-04 7.25399645e-01 2.22735346e-01
 6.96269982e-01 3.55239787e-04 3.55239787e-04 3.03019538e-01
 0.21456483 0.09662522 0.15666075 0.5321492 
 0.28170515 0.24902309 0.0383659  0.43090586
 0.3026643  0.48454707 0.06891652 0.14387211

MOTIF vleng_l3_f_3
letter-probability matrix: alength= 4 w= 9 
 0.15360983 0.22580645 0.08141321 0.53917051
 0.42857143 0.2764977  0.29339478 0.0015361 
 0.0952381  0.0015361  0.89861751 0.00460829
 0.0015361  0.08141321 0.01228879 0.9047619 
 0.40860215 0.1827957  0.20122888 0.20737327
 0.04301075 0.02150538 0.0015361  0.93394777
 0.46850998 0.17204301 0.0015361  0.35791091
 0.10445469 0.55760369 0.05837174 0.27956989
 0.01075269 0.59447005 0.19508449 0.19969278

MOTIF vleng_l3_f_4
letter-probability matrix: alength= 4 w= 9 
 0.20873786 0.2342233  0.16626214 0.3907767 
 0.16221683 0.2961165  0.15817152 0.38349515
 0.18851133 0.30744337 0.10032362 0.40372168
 0.0210356  0.68648867 0.28802589 0.00444984
 0.13754045 0.36771845 0.12014563 0.37459547
 0.07969256 0.01982201 0.15088997 0.74959547
 0.03923948 0.44296117 0.00283172 0.51496764
 0.00930421 0.14037217 0.20995146 0.64037217
 0.14360841 0.05744337 0.09304207 0.70590615

MOTIF vleng_l3_f_5
letter-probability matrix: alength= 4 w= 9 
 0.29016949 0.47220339 0.1759322  0.06169492
 0.16033898 0.61728814 0.04881356 0.17355932
 0.0440678  0.49118644 0.28474576 0.18      
 3.38983051e-04 2.33220339e-01 1.08474576e-02 7.55593220e-01
 0.43423729 0.04881356 0.08813559 0.42881356
 0.27288136 0.40542373 0.25932203 0.06237288
 0.36305085 0.13762712 0.41186441 0.08745763
 0.11525424 0.08779661 0.54576271 0.25118644
 0.15864407 0.2620339  0.30847458 0.27084746

MOTIF vleng_l3_f_6
letter-probability matrix: alength= 4 w= 9 
 0.20842105 0.18070175 0.17263158 0.43824561
 0.26491228 0.12315789 0.09929825 0.51263158
 0.50947368 0.11929825 0.2845614  0.08666667
 0.55859649 0.04350877 0.15403509 0.24385965
 0.17052632 0.02631579 0.18035088 0.62280702
 3.50877193e-04 1.62807018e-01 5.70175439e-01 2.66666667e-01
 0.04947368 0.08491228 0.54280702 0.32280702
 0.19017544 0.33298246 0.25508772 0.22175439
 0.27157895 0.35157895 0.15263158 0.22421053

MOTIF vleng_l3_f_7
letter-probability matrix: alength= 4 w= 9 
 0.0018622  0.07635009 0.0018622  0.91992551
 0.12476723 0.01489758 0.7858473  0.0744879 
 0.01862197 0.77467412 0.0018622  0.20484171
 0.35009311 0.0018622  0.6461825  0.0018622 
 0.26443203 0.27746741 0.18621974 0.27188082
 0.18994413 0.0018622  0.72067039 0.08752328
 0.26070764 0.02420857 0.2122905  0.5027933 
 0.10055866 0.23277467 0.21973929 0.44692737
 0.24767225 0.22905028 0.36499069 0.15828678

MOTIF vleng_l3_f_8
letter-probability matrix: alength= 4 w= 9 
 0.31086287 0.201849   0.25847458 0.22881356
 3.85208012e-04 4.21417565e-01 7.70416025e-03 5.70493066e-01
 0.50423729 0.0385208  0.30585516 0.15138675
 0.18335901 0.73690293 0.01964561 0.06009245
 0.05123267 0.67218798 0.05007704 0.22650231
 0.105547   0.86286595 0.00154083 0.03004622
 0.03274268 0.0192604  0.03004622 0.91795069
 0.28466872 0.3509245  0.14791988 0.2164869 
 0.15177196 0.31895223 0.0866718  0.44260401

MOTIF vleng_l3_f_9
letter-probability matrix: alength= 4 w= 9 
 0.12294521 0.28972603 0.39931507 0.1880137 
 0.01712329 0.03287671 0.71369863 0.23630137
 2.41095890e-01 7.94520548e-02 6.79109589e-01 3.42465753e-04
 0.00787671 0.07260274 0.72465753 0.19486301
 0.01335616 0.08938356 0.6260274  0.27123288
 0.14383562 0.07739726 0.71335616 0.06541096
 0.0609589  0.00410959 0.85171233 0.08321918
 0.27671233 0.11506849 0.51472603 0.09349315
 0.28253425 0.08561644 0.40445205 0.22739726

MOTIF vleng_l3_f_10
letter-probability matrix: alength= 4 w= 9 
 0.08009331 0.57387247 0.24650078 0.09953344
 0.17807154 0.50466563 0.22006221 0.09720062
 0.69595645 0.06376361 0.18118196 0.05909798
 0.218507   0.11741835 0.11741835 0.5466563 
 0.4688958  0.24105754 0.04976672 0.24027994
 0.13763608 0.20839813 0.03965785 0.61430793
 0.3118196  0.38024883 0.03421462 0.27371695
 0.71073095 0.08631415 0.1399689  0.062986  
 0.61119751 0.22006221 0.08320373 0.08553655

MOTIF vleng_l3_f_11
letter-probability matrix: alength= 4 w= 9 
 0.35353535 0.29780564 0.26889586 0.07976315
 0.05921282 0.45175897 0.2539185  0.23510972
 0.08498781 0.46638802 0.4040404  0.04458377
 3.48310693e-04 8.90630442e-01 5.95611285e-02 4.94601184e-02
 0.03239289 0.88157436 0.07871822 0.00731452
 0.00383142 0.92058516 0.00278649 0.07279693
 0.08394288 0.7850923  0.04179728 0.08916754
 0.2476489  0.48693835 0.19679554 0.06861721
 0.25217694 0.23023337 0.33925462 0.17833507

MOTIF vleng_l3_f_12
letter-probability matrix: alength= 4 w= 9 
 0.68758766 0.04417952 0.2230014  0.04523142
 0.55715288 0.09747546 0.1914446  0.15392707
 0.36395512 0.24824684 0.16199158 0.22580645
 0.70687237 0.1272791  0.08099579 0.08485273
 3.47124825e-01 3.50631136e-04 3.85694250e-03 6.48667602e-01
 0.00315568 0.00105189 0.6486676  0.34712482
 0.14340813 0.12201964 0.59396914 0.14060309
 0.40462833 0.19249649 0.17461431 0.22826087
 0.30469846 0.11676017 0.2973352  0.28120617

MOTIF vleng_l3_f_13
letter-probability matrix: alength= 4 w= 9 
 0.22544899 0.20405044 0.32174245 0.24875812
 0.48834543 0.15819641 0.08330149 0.27015667
 0.12953764 0.34734429 0.07413068 0.44898739
 0.3385556  0.02369125 0.49751624 0.14023691
 3.82116928e-04 3.82116928e-04 3.82116928e-04 9.98853649e-01
 8.98739014e-01 3.82116928e-04 1.00496752e-01 3.82116928e-04
 4.61979366e-01 3.82116928e-04 5.37256400e-01 3.82116928e-04
 0.47917463 0.12457012 0.16087123 0.23538403
 0.08903324 0.05808177 0.35116546 0.50171953

MOTIF vleng_l3_f_14
letter-probability matrix: alength= 4 w= 9 
 0.39726027 0.17159337 0.18637347 0.24477289
 0.40410959 0.09769286 0.25666907 0.24152848
 0.21881759 0.30857967 0.11139149 0.36121125
 0.3482336  0.21917808 0.23576063 0.19682769
 0.4037491  0.16726748 0.41780822 0.0111752 
 8.61571738e-01 3.60490267e-04 3.60490267e-04 1.37707282e-01
 3.60490267e-04 3.60490267e-04 1.37707282e-01 8.61571738e-01
 3.60490267e-04 3.60490267e-04 9.88824802e-01 1.04542177e-02
 0.23864456 0.22855083 0.23684211 0.29596251

MOTIF vleng_l3_f_15
letter-probability matrix: alength= 4 w= 9 
 0.29894737 0.03929825 0.16596491 0.49578947
 0.44877193 0.0522807  0.32912281 0.16982456
 0.32140351 0.05649123 0.39508772 0.22701754
 3.50877193e-04 1.85964912e-02 3.50877193e-04 9.80701754e-01
 0.3645614  0.00666667 0.6122807  0.01649123
 0.88       0.00736842 0.1        0.01263158
 0.1554386  0.05298246 0.31894737 0.47263158
 0.44210526 0.07052632 0.33192982 0.1554386 
 0.40491228 0.08035088 0.3        0.21473684

MOTIF vleng_l3_f_16
letter-probability matrix: alength= 4 w= 9 
 0.29736467 0.37286325 0.1517094  0.17806268
 0.58903134 0.10897436 0.2724359  0.0295584 
 0.78169516 0.09864672 0.0505698  0.06908832
 0.08867521 0.08511396 0.12606838 0.70014245
 0.26388889 0.04878917 0.64921652 0.03810541
 0.6207265  0.10363248 0.00676638 0.26887464
 0.29273504 0.1502849  0.33618234 0.22079772
 0.25712251 0.09045584 0.48219373 0.17022792
 0.37713675 0.24145299 0.1755698  0.20584046

MOTIF vleng_l3_f_17
letter-probability matrix: alength= 4 w= 9 
 0.09298306 0.64223989 0.07189768 0.19287936
 0.56342897 0.35292084 0.06913239 0.0145178 
 0.66920152 0.11856205 0.15381956 0.05841687
 0.1807812  0.55409609 0.09160041 0.1735223 
 0.28586243 0.146215   0.37711718 0.19080539
 0.47528517 0.16730038 0.30625648 0.05115797
 0.00587625 0.26927065 0.40926374 0.31558935
 0.01832008 0.10197027 0.69823712 0.18147252
 0.22744556 0.11130315 0.48150709 0.17974421

MOTIF vleng_l3_f_18
letter-probability matrix: alength= 4 w= 9 
 3.33000333e-04 5.88078588e-01 4.32900433e-03 4.07259407e-01
 3.33000333e-04 6.44022644e-01 3.45654346e-01 9.99000999e-03
 0.001332   0.73359973 0.16017316 0.1048951 
 0.02897103 0.82950383 0.04229104 0.0992341 
 0.02131202 0.43523144 0.24941725 0.29403929
 0.2027972  0.26406926 0.05960706 0.47352647
 0.35864136 0.22277722 0.22843823 0.19014319
 0.04362304 0.54978355 0.23809524 0.16849817
 0.17549118 0.50682651 0.21278721 0.1048951 

MOTIF vleng_l3_f_19
letter-probability matrix: alength= 4 w= 9 
 0.30470715 0.13330938 0.33524973 0.22673374
 0.38519583 0.32662594 0.06324111 0.22493712
 0.73984908 0.09701761 0.09917355 0.06395976
 0.50844413 0.20804887 0.0704276  0.21307941
 0.23966942 0.1879267  0.19942508 0.3729788 
 0.47826087 0.00718649 0.33381243 0.18074021
 0.02515271 0.03054258 0.28135106 0.66295365
 0.22565577 0.04204096 0.51347467 0.2188286 
 0.17678764 0.16133669 0.31189364 0.34998203

MOTIF vleng_l3_f_20
letter-probability matrix: alength= 4 w= 9 
 0.27998346 0.181555   0.01571547 0.52274607
 0.64929694 0.0235732  0.28908189 0.03804797
 0.3891646  0.17411084 0.38626964 0.05045492
 4.13564930e-04 2.23738627e-01 2.68817204e-02 7.48966088e-01
 0.05417701 0.35401158 0.18734491 0.4044665 
 0.39578164 0.12406948 0.21588089 0.26426799
 0.07650951 0.01447477 0.10587262 0.80314309
 0.40653433 0.35277089 0.16087676 0.07981803
 0.34532672 0.06203474 0.37510339 0.21753515

MOTIF vleng_l3_f_21
letter-probability matrix: alength= 4 w= 9 
 0.35508291 0.203677   0.07678443 0.36445566
 0.47909156 0.04542177 0.30173035 0.17375631
 0.29416006 0.15717376 0.28046143 0.26820476
 0.08759913 0.05767844 0.1593367  0.69538572
 0.8111031  0.02343187 0.06885364 0.09661139
 0.25739005 0.03929344 0.52631579 0.17700072
 1.88536410e-01 3.60490267e-04 3.60490267e-04 8.10742610e-01
 0.18961788 0.11067051 0.59552992 0.10418169
 0.75054074 0.04938717 0.05659697 0.14347513

MOTIF vleng_l3_f_22
letter-probability matrix: alength= 4 w= 9 
 0.06180344 0.39057751 0.0845998  0.46301925
 0.30395137 0.10233029 0.44782168 0.14589666
 0.46251266 0.14893617 0.23353597 0.1550152 
 0.17781155 0.18642351 0.22998987 0.40577508
 0.09017224 0.20111449 0.46859169 0.24012158
 0.17021277 0.12816616 0.50810537 0.1935157 
 0.02684904 0.7218845  0.19655522 0.05471125
 0.17933131 0.19908815 0.08206687 0.53951368
 0.23353597 0.56129686 0.14842958 0.05673759

MOTIF vleng_l3_f_23
letter-probability matrix: alength= 4 w= 9 
 0.05385735 0.37117904 0.04366812 0.53129549
 0.19650655 0.18195051 0.04512373 0.57641921
 0.0014556  0.75254731 0.0014556  0.24454148
 0.0014556  0.79912664 0.0014556  0.19796215
 0.05822416 0.51819505 0.0014556  0.42212518
 0.0014556  0.97671033 0.0014556  0.02037846
 0.00582242 0.33187773 0.06550218 0.59679767
 0.0014556  0.26491994 0.00873362 0.72489083
 0.12954876 0.19796215 0.22707424 0.44541485

MOTIF vleng_l3_f_24
letter-probability matrix: alength= 4 w= 9 
 0.32090318 0.10331851 0.38864181 0.1871365 
 0.36777284 0.45124872 0.13616148 0.04481697
 0.45638043 0.42832706 0.10229217 0.01300034
 0.32329798 0.39240506 0.01847417 0.26582278
 0.05987    0.07937051 0.40198426 0.45877523
 0.23845364 0.06397537 0.03557988 0.66199111
 0.31679781 0.26342798 0.32021895 0.09955525
 0.08313377 0.4245638  0.13342456 0.35887787
 0.22340062 0.37598358 0.13137188 0.26924393

MOTIF vleng_l3_f_25
letter-probability matrix: alength= 4 w= 9 
 0.04774146 0.02901212 0.12229159 0.80095483
 0.53103195 0.07381564 0.2254866  0.16966581
 4.81087036e-01 3.67242012e-04 3.99926552e-01 1.18619170e-01
 3.67242012e-04 3.67242012e-04 3.67242012e-04 9.98898274e-01
 6.05214837e-01 3.67242012e-04 3.94050679e-01 3.67242012e-04
 7.48439221e-01 3.67242012e-04 2.50826295e-01 3.67242012e-04
 0.48733015 0.12743298 0.22071245 0.16452442
 0.21997797 0.21189864 0.30187293 0.26625046
 0.28534704 0.20271759 0.241278   0.27065736

MOTIF vleng_l3_f_26
letter-probability matrix: alength= 4 w= 9 
 0.21423164 0.14269493 0.51930356 0.12376987
 0.01627555 0.15518547 0.62906889 0.1994701 
 0.10938683 0.28841787 0.13096139 0.47123391
 0.0011355  0.00529902 0.2346707  0.75889478
 0.32361847 0.35616957 0.01778955 0.30242241
 0.11203634 0.1010598  0.02876609 0.75813777
 0.57948524 0.01892506 0.1332324  0.26835731
 0.25510977 0.40915973 0.05071915 0.28501136
 0.05526117 0.02611658 0.38644966 0.5321726 

MOTIF vleng_l3_f_27
letter-probability matrix: alength= 4 w= 9 
 0.24838292 0.15437689 0.45493747 0.14230272
 0.10478655 0.05778353 0.68995257 0.14747736
 4.31220354e-02 4.31220354e-04 6.66235446e-01 2.90211298e-01
 4.31220354e-04 2.32858991e-02 9.52134541e-01 2.41483398e-02
 0.0232859  0.09228116 0.87106511 0.01336783
 0.04355326 0.05131522 0.73652436 0.16860716
 0.1694696  0.24536438 0.56489866 0.02026736
 0.05045278 0.1694696  0.63260026 0.14747736
 0.18111255 0.09228116 0.46097456 0.26563174

MOTIF vleng_l3_f_28
letter-probability matrix: alength= 4 w= 9 
 0.49654457 0.19695923 0.1935038  0.1129924 
 0.12059433 0.28265377 0.3707671  0.2259848 
 0.06150657 0.40774015 0.11230131 0.41845197
 0.0114029  0.17588113 0.18002764 0.63268832
 0.09778853 0.14685556 0.21078093 0.54457498
 0.3870076  0.44540428 0.02937111 0.138217  
 0.45507947 0.09329648 0.0138217  0.43780235
 0.19661368 0.10297167 0.6081548  0.09225985
 0.11333794 0.1520387  0.2325501  0.50207326

MOTIF vleng_l3_f_29
letter-probability matrix: alength= 4 w= 9 
 0.33142653 0.38612799 0.0979621  0.18448338
 0.48623525 0.26564176 0.22810154 0.02002145
 0.79978548 0.02502681 0.1158384  0.0593493 
 0.18269575 0.2123704  0.15516625 0.44976761
 0.24025742 0.17840543 0.46943153 0.11190561
 0.58097962 0.00500536 0.31355023 0.10046478
 0.09474437 0.10475509 0.24812299 0.55237755
 0.03146228 0.01859135 0.76010011 0.18984626
 0.26135145 0.28208795 0.22559886 0.23096174

MOTIF vleng_l3_f_30
letter-probability matrix: alength= 4 w= 9 
 0.32516173 0.29588015 0.25808648 0.12087164
 0.05958461 0.28770855 0.54749745 0.1052094 
 0.03234593 0.46373851 0.38202247 0.12189309
 0.21109976 0.5815458  0.00885257 0.19850187
 0.23220974 0.42798774 0.05175349 0.28804903
 0.18488253 0.1464079  0.00442629 0.66428328
 0.18113721 0.20531154 0.41062308 0.20292816
 0.13278856 0.13619339 0.43173306 0.29928498
 0.14538645 0.10384746 0.51481103 0.23595506

MOTIF vleng_l3_f_31
letter-probability matrix: alength= 4 w= 9 
 0.29928826 0.28967972 0.18505338 0.22597865
 0.90747331 0.01067616 0.08007117 0.00177936
 0.14519573 0.02846975 0.08967972 0.7366548 
 0.0227758  0.11992883 0.75516014 0.10213523
 0.3683274  0.14448399 0.37900356 0.10818505
 0.09786477 0.09039146 0.10498221 0.70676157
 0.15871886 0.08932384 0.66192171 0.09003559
 0.22704626 0.16512456 0.40320285 0.20462633
 0.26654804 0.28647687 0.31423488 0.13274021

MOTIF vleng_l3_f_32
letter-probability matrix: alength= 4 w= 9 
 0.192      0.14956522 0.40486957 0.25356522
 3.47826087e-04 6.59130435e-01 5.56521739e-02 2.84869565e-01
 0.5666087  0.02678261 0.22365217 0.18295652
 3.47826087e-04 3.47826087e-04 5.51304348e-01 4.48000000e-01
 0.17530435 0.11686957 0.07652174 0.63130435
 0.00834783 0.55269565 0.06678261 0.37217391
 0.09321739 0.08765217 0.12834783 0.69078261
 0.72695652 0.10921739 0.07756522 0.08626087
 0.40591304 0.21913043 0.12347826 0.25147826

MOTIF vleng_l3_f_33
letter-probability matrix: alength= 4 w= 9 
 0.03079646 0.33982301 0.1299115  0.49946903
 0.00141593 0.55469027 0.00141593 0.44247788
 0.56070796 0.11752212 0.10088496 0.22088496
 0.19115044 0.56283186 0.14371681 0.10230088
 0.63539823 0.05946903 0.08       0.22513274
 0.09946903 0.16106195 0.16707965 0.57238938
 0.19504425 0.34725664 0.26159292 0.19610619
 0.33415929 0.16070796 0.26371681 0.24141593
 0.04353982 0.5419469  0.12035398 0.29415929

MOTIF vleng_l3_f_34
letter-probability matrix: alength= 4 w= 9 
 0.29375848 0.17333786 0.30970149 0.22320217
 0.01458616 0.00848033 0.11160109 0.86533243
 4.22659430e-01 3.39213026e-04 3.15128901e-01 2.61872456e-01
 0.58548168 0.0027137  0.32191316 0.08989145
 0.11770692 0.08412483 0.02679783 0.77137042
 0.55868385 0.19199457 0.20284939 0.04647218
 0.5078019  0.02035278 0.36838535 0.10345997
 0.34735414 0.15705563 0.13127544 0.36431479
 0.50848033 0.10447761 0.12720488 0.25983718

MOTIF vleng_l3_f_35
letter-probability matrix: alength= 4 w= 9 
 0.35128388 0.19721826 0.37089872 0.08059914
 0.2521398  0.4807418  0.04029957 0.22681883
 0.11626248 0.44579173 0.12339515 0.31455064
 0.02817404 0.01034237 0.64657632 0.31490728
 0.61233951 0.03495007 0.29957204 0.05313837
 0.25891583 0.40049929 0.10556348 0.2350214 
 0.07845934 0.7617689  0.03958631 0.12018545
 0.31419401 0.51105563 0.09201141 0.08273894
 0.12161198 0.62339515 0.0288873  0.22610556

MOTIF vleng_l3_f_36
letter-probability matrix: alength= 4 w= 9 
 0.05827905 0.30407953 0.33767569 0.29996572
 0.14946863 0.1241001  0.63489887 0.0915324 
 0.0095989  0.00582791 0.46520398 0.51936921
 0.09976003 0.17072335 0.28179637 0.44772026
 0.04799451 0.2290024  0.40761056 0.31539253
 0.04045252 0.56839218 0.16866644 0.22248886
 0.06924923 0.24682893 0.47823106 0.20569078
 0.01576963 0.22386013 0.55467947 0.20569078
 0.09564621 0.27425437 0.27596846 0.35413096

MOTIF vleng_l3_f_37
letter-probability matrix: alength= 4 w= 9 
 0.01651376 0.11706422 0.10899083 0.75743119
 0.20146789 0.06458716 0.11192661 0.62201835
 0.19376147 0.01174312 0.27376147 0.52073394
 0.53908257 0.00293578 0.1012844  0.35669725
 0.4        0.14899083 0.05100917 0.4       
 0.03633028 0.75009174 0.10422018 0.1093578 
 0.02458716 0.60990826 0.25394495 0.11155963
 0.02825688 0.33137615 0.12917431 0.51119266
 0.22458716 0.19192661 0.37247706 0.21100917

MOTIF vleng_l3_f_38
letter-probability matrix: alength= 4 w= 9 
 0.18540911 0.17654172 0.0878678  0.55018138
 0.36799678 0.12857719 0.28456268 0.21886336
 0.21765417 0.33817009 0.04554615 0.39862958
 0.38814994 0.26320032 0.30592503 0.04272471
 0.8814994  0.02458686 0.05441354 0.0395002 
 0.10399033 0.02579605 0.01289802 0.8573156 
 4.03063281e-04 1.69286578e-02 8.78677952e-01 1.03990326e-01
 0.27166465 0.24345022 0.31277711 0.17210802
 0.15719468 0.18339379 0.26199113 0.3974204 

MOTIF vleng_l3_f_39
letter-probability matrix: alength= 4 w= 9 
 0.30652995 0.17754992 0.38262277 0.13329736
 0.09174312 0.05666487 0.63086886 0.22072315
 0.00323799 0.08526713 0.05396654 0.85752833
 0.19373988 0.00971398 0.61090124 0.1856449 
 0.02104695 0.33189423 0.47706422 0.1699946 
 0.07501349 0.04695089 0.001619   0.87641662
 0.52401511 0.11063141 0.283864   0.08148948
 0.64975715 0.12250405 0.15164598 0.07609282
 0.56502968 0.13221802 0.15650297 0.14624933

MOTIF vleng_l3_f_40
letter-probability matrix: alength= 4 w= 9 
 0.28009915 0.30949008 0.13597734 0.27443343
 0.3983711  0.21175637 0.125      0.26487252
 0.6157932 0.0973796 0.1851983 0.1016289
 0.01239377 0.5368272  0.00743626 0.44334278
 0.21069405 0.38562323 0.27549575 0.12818697
 6.51203966e-01 3.30382436e-01 3.54107649e-04 1.80594901e-02
 1.89801700e-01 3.54107649e-04 3.54107649e-03 8.06303116e-01
 6.81657224e-01 2.37960340e-01 3.54107649e-04 8.00283286e-02
 0.58179887 0.01168555 0.31515581 0.09135977

MOTIF vleng_l3_f_41
letter-probability matrix: alength= 4 w= 9 
 0.22673031 0.10364814 0.55131265 0.1183089 
 0.20354586 0.12887828 0.48175929 0.18581657
 0.04466417 0.08489601 0.82577566 0.04466417
 0.00204569 0.11114899 0.88475963 0.00204569
 4.33003750e-02 3.40947835e-04 7.62018411e-01 1.94340266e-01
 0.00988749 0.06853051 0.54006137 0.38152063
 0.17217866 0.16501875 0.55915445 0.10364814
 0.08557791 0.3307194  0.46027958 0.12342312
 0.06171156 0.27378111 0.46300716 0.20150017

MOTIF vleng_l3_f_42
letter-probability matrix: alength= 4 w= 9 
 0.212557   0.20063136 0.25499825 0.3318134 
 0.10838302 0.2293932  0.23746054 0.42476324
 0.3532094  0.07681515 0.21851982 0.35145563
 0.1146966  0.02665731 0.24342336 0.61522273
 5.71027710e-01 3.50754121e-04 1.18905647e-01 3.09715889e-01
 0.30375307 0.33111189 0.31918625 0.04594879
 0.09119607 0.25289372 0.0252543  0.63065591
 0.59242371 0.18098913 0.09084532 0.13574184
 0.47983164 0.13889863 0.19221326 0.18905647

MOTIF vleng_l3_f_43
letter-probability matrix: alength= 4 w= 9 
 0.17543264 0.08143875 0.11876485 0.62436376
 0.27248049 0.03189684 0.03189684 0.66372582
 0.15846624 0.16457414 0.01153716 0.66542246
 2.91822192e-02 3.39328130e-04 1.05191720e-02 9.59959281e-01
 0.04241602 0.02443163 0.01493044 0.91822192
 0.23990499 0.07091958 0.0325755  0.65659993
 3.39328130e-04 1.25551408e-02 4.34340007e-02 9.43671530e-01
 0.18018324 0.19239905 0.14930438 0.47811334
 0.07906345 0.16864608 0.13131999 0.62097048

MOTIF vleng_l3_f_44
letter-probability matrix: alength= 4 w= 9 
 0.20786707 0.20888437 0.39877925 0.18446931
 0.35876568 0.28416412 0.08002713 0.27704307
 0.1861648  0.17599186 0.27975585 0.35808749
 0.06951509 0.00508647 0.57239742 0.35300102
 0.18040014 0.152255   0.54764327 0.11970159
 3.39097999e-04 4.49983045e-01 4.78467277e-01 7.12105799e-02
 0.05391658 0.38792811 0.12444897 0.43370634
 0.09325195 0.48762292 0.20481519 0.21430994
 0.01966768 0.41437776 0.20244151 0.36351306

MOTIF vleng_l3_f_45
letter-probability matrix: alength= 4 w= 9 
 0.0976298  0.29683973 0.27539503 0.33013544
 0.01805869 0.26805869 0.3510158  0.36286682
 0.7251693  0.07223476 0.19413093 0.00846501
 0.25282167 0.02426637 0.67437923 0.04853273
 0.68905192 0.02878104 0.26862302 0.01354402
 0.7037246  0.09650113 0.01185102 0.18792325
 0.62133183 0.07336343 0.05643341 0.24887133
 0.30474041 0.06094808 0.16083521 0.4734763 
 0.80699774 0.0231377  0.03103837 0.13882619

MOTIF vleng_l3_f_46
letter-probability matrix: alength= 4 w= 9 
 0.14374354 0.29438125 0.22061358 0.34126163
 0.21957946 0.35125819 0.07652534 0.35263702
 0.0434333  0.4191658  0.32195795 0.21544295
 0.33643571 0.51844192 0.06618407 0.0789383 
 0.40158566 0.39089969 0.19338159 0.01413306
 0.16235781 0.60392968 0.06204757 0.17166494
 3.44708721e-04 7.48707342e-01 7.82488797e-02 1.72699069e-01
 0.0592899  0.84039986 0.07032058 0.02998966
 0.33850396 0.08445364 0.17200965 0.40503275

MOTIF vleng_l3_f_47
letter-probability matrix: alength= 4 w= 9 
 0.20985915 0.32535211 0.08591549 0.37887324
 0.21267606 0.13521127 0.00140845 0.65070423
 0.1971831  0.61971831 0.15211268 0.03098592
 0.24225352 0.66478873 0.0915493  0.00140845
 0.15070423 0.73098592 0.11690141 0.00140845
 0.15211268 0.22676056 0.01267606 0.6084507 
 0.71126761 0.16478873 0.07042254 0.05352113
 0.36478873 0.55070423 0.07746479 0.00704225
 0.46901408 0.23380282 0.18591549 0.11126761

MOTIF vleng_l3_f_48
letter-probability matrix: alength= 4 w= 9 
 0.08105604 0.13571098 0.72209356 0.06113942
 0.04585456 0.09819361 0.3195924  0.53635943
 0.06808708 0.31820287 0.6044465  0.00926355
 0.07920333 0.02686429 0.85919407 0.0347383 
 0.02037981 0.46132469 0.45576656 0.06252895
 0.0101899  0.53172765 0.42519685 0.0328856 
 0.09819361 0.43168133 0.11486799 0.35525706
 0.00602131 0.66790181 0.10884669 0.2172302 
 0.12042612 0.53960167 0.14034275 0.19962946

MOTIF vleng_l3_f_49
letter-probability matrix: alength= 4 w= 9 
 0.45214408 0.08096055 0.23121784 0.23567753
 0.31217839 0.06861063 0.52692967 0.0922813 
 0.40308748 0.11732419 0.18765009 0.29193825
 0.51183533 0.04802744 0.16946827 0.27066895
 0.91457976 0.00823328 0.05557461 0.02161235
 1.89022298e-01 3.43053173e-04 4.45969125e-02 7.66037736e-01
 0.09365352 0.02058319 0.86895369 0.01680961
 0.51012007 0.0329331  0.10085763 0.35608919
 0.29674099 0.16740995 0.17427101 0.36157804

MOTIF vleng_l3_f_50
letter-probability matrix: alength= 4 w= 9 
 3.37268128e-04 4.11467116e-02 4.89038786e-02 9.09612142e-01
 0.01989882 0.07082631 0.27386172 0.63541315
 0.12445194 0.05598651 0.51332209 0.30623946
 0.35548061 0.47318718 0.15311973 0.01821248
 0.0836425  0.01180438 0.22698145 0.67757167
 0.60134907 0.03541315 0.30489039 0.05834739
 0.23979764 0.19224283 0.34064081 0.22731872
 0.21315346 0.21956155 0.07048904 0.49679595
 0.49747049 0.31703204 0.06037099 0.12512648

MOTIF vleng_l3_f_51
letter-probability matrix: alength= 4 w= 9 
 0.27160494 0.22807018 0.30539311 0.19493177
 0.1539961  0.26835608 0.37881741 0.19883041
 0.208577   0.03183886 0.37037037 0.38921378
 6.49772580e-04 2.72904483e-02 7.06952567e-01 2.65107212e-01
 0.07147498 0.01039636 0.80116959 0.11695906
 0.01559454 0.08512021 0.89668616 0.00259909
 0.07472385 0.4762833  0.43469786 0.014295  
 0.13060429 0.06367771 0.68680962 0.11890838
 0.0877193  0.60363873 0.14814815 0.16049383

MOTIF vleng_l3_f_52
letter-probability matrix: alength= 4 w= 9 
 0.3492346  0.05909576 0.09540762 0.49626201
 0.06407974 0.10608758 0.32680669 0.50302599
 0.03097188 0.06479174 0.12887148 0.7753649 
 3.55998576e-04 3.30722677e-01 2.66998932e-01 4.01922392e-01
 0.38839445 0.13207547 0.3997864  0.07974368
 0.21253115 0.32217871 0.26415094 0.2011392 
 0.53257387 0.16874333 0.13314347 0.16553934
 0.0242079  0.2249911  0.40512638 0.34567462
 0.13243147 0.32929868 0.30615878 0.23211107

MOTIF vleng_l3_f_53
letter-probability matrix: alength= 4 w= 9 
 0.36529041 0.24912526 0.21343597 0.17214836
 0.20328901 0.03393982 0.66620014 0.09657103
 0.1410077  0.23093072 0.30685794 0.32120364
 0.24807558 0.34219734 0.12631211 0.28341498
 0.16480056 0.18194542 0.47235829 0.18089573
 0.14625612 0.28271519 0.13191043 0.43911826
 0.08922323 0.28236529 0.07452764 0.55388383
 0.20363891 0.15080476 0.29776067 0.34779566
 0.11441568 0.32050385 0.33624913 0.22883135

MOTIF vleng_l3_f_54
letter-probability matrix: alength= 4 w= 9 
 4.78142077e-03 7.88934426e-01 6.83060109e-04 2.05601093e-01
 0.27117486 0.06079235 0.44740437 0.22062842
 0.34972678 0.14412568 0.35245902 0.15368852
 0.50751366 0.06693989 0.06557377 0.35997268
 0.3784153  0.10860656 0.01639344 0.4965847 
 0.11270492 0.08674863 0.43852459 0.36202186
 0.48702186 0.17349727 0.12295082 0.21653005
 0.03415301 0.2192623  0.11543716 0.63114754
 0.23838798 0.29713115 0.24726776 0.21721311

MOTIF vleng_l3_f_55
letter-probability matrix: alength= 4 w= 9 
 0.4068042  0.24502353 0.25479551 0.09337676
 0.72204126 0.04596453 0.19109663 0.04089758
 0.23923272 0.23597539 0.15779949 0.3669924 
 0.32030402 0.25407166 0.26710098 0.15852334
 0.71516468 0.01049584 0.09301484 0.18132465
 0.01375317 0.07600434 0.19507781 0.71516468
 0.0199059  0.02062975 0.8805646  0.07889975
 0.33152371 0.26239595 0.25841477 0.14766558
 0.23706117 0.23416576 0.2689106  0.25986247

MOTIF vleng_l3_f_56
letter-probability matrix: alength= 4 w= 9 
 0.27346507 0.19618913 0.28828511 0.24206069
 0.3313338  0.20748059 0.11009174 0.35109386
 0.74947071 0.02822865 0.2208892  0.00141143
 0.20007057 0.23288638 0.05928017 0.50776288
 0.14149612 0.13796754 0.61432604 0.1062103 
 0.7057163  0.02822865 0.25652788 0.00952717
 0.03105152 0.14961186 0.09562456 0.72371207
 0.0564573  0.03140438 0.84721242 0.0649259 
 0.11820748 0.07445307 0.49082569 0.31651376

MOTIF vleng_l3_f_57
letter-probability matrix: alength= 4 w= 9 
 0.35960935 0.23055459 0.3439135  0.06592257
 0.00418556 0.09766306 0.14405302 0.75409836
 3.80188350e-02 2.99616324e-01 3.48796652e-04 6.62016045e-01
 0.08475759 0.28566446 0.47366585 0.1559121 
 0.02023021 0.56958493 0.00139519 0.40878968
 0.28426927 0.01395187 0.22497384 0.47680502
 0.02267178 0.11231252 0.05336589 0.81164981
 0.0317405  0.10603418 0.56400419 0.29822114
 0.12591559 0.17579351 0.39483781 0.30345309

MOTIF vleng_l3_f_58
letter-probability matrix: alength= 4 w= 9 
 0.29698046 0.07566607 0.50053286 0.1268206 
 0.21918295 0.08241563 0.21420959 0.48419183
 0.09946714 0.02806394 0.10657194 0.76589698
 0.01598579 0.01634103 0.09875666 0.86891652
 0.04547069 0.11722913 0.16802842 0.66927176
 0.58543517 0.04476021 0.18721137 0.18259325
 0.29520426 0.03943162 0.44120782 0.22415631
 0.06927176 0.39502664 0.32078153 0.21492007
 0.10834813 0.21207815 0.40142096 0.27815275

MOTIF vleng_l3_f_59
letter-probability matrix: alength= 4 w= 9 
 0.26532698 0.53440054 0.11273842 0.08753406
 0.19482289 0.13930518 0.17677112 0.48910082
 0.06982289 0.13555858 0.51839237 0.27622616
 3.40599455e-04 3.40599455e-04 3.40599455e-04 9.98978202e-01
 6.60422343e-01 3.40599455e-04 3.38896458e-01 3.40599455e-04
 7.25817439e-01 3.40599455e-04 2.73501362e-01 3.40599455e-04
 0.38692098 0.2489782  0.27895095 0.08514986
 0.09809264 0.27758856 0.16450954 0.45980926
 0.10081744 0.16519074 0.49659401 0.23739782

MOTIF vleng_l3_f_60
letter-probability matrix: alength= 4 w= 9 
 0.21292776 0.21500173 0.3387487  0.23332181
 0.45800207 0.02004839 0.34635327 0.17559627
 0.13066021 0.00518493 0.12132734 0.74282751
 0.5831317  0.05115797 0.17939855 0.18631179
 0.50604908 0.03110957 0.37020394 0.0926374 
 3.02108538e-01 9.05634290e-02 3.45661943e-04 6.06982371e-01
 0.2706533  0.0027653  0.41272036 0.31386104
 0.72727273 0.16660906 0.02627031 0.07984791
 0.23746975 0.1489803  0.21880401 0.39474594

MOTIF vleng_l3_f_61
letter-probability matrix: alength= 4 w= 9 
 0.42866871 0.12461696 0.38849166 0.05822268
 0.1855635  0.36670072 0.32414028 0.12359551
 0.03881512 0.85188968 0.0371127  0.0721825 
 0.44875724 0.2495744  0.0701396  0.23152877
 0.00987402 0.15185564 0.56111679 0.27715356
 0.12768131 0.62206333 0.19918284 0.05107252
 0.16241062 0.71467484 0.02826013 0.09465441
 0.18283963 0.17262513 0.41130405 0.23323119
 0.16513449 0.24685053 0.19918284 0.38883214

MOTIF vleng_l3_f_62
letter-probability matrix: alength= 4 w= 9 
 0.26731657 0.17804002 0.44946126 0.10518214
 0.2791175  0.09338122 0.43355567 0.19394561
 0.134941   0.32939969 0.50487429 0.03078502
 0.26885582 0.07234479 0.46741919 0.19138019
 0.83991791 0.04258594 0.02103643 0.09645972
 3.12981016e-02 5.13083633e-04 1.12878399e-02 9.56900975e-01
 8.95330939e-01 3.43766034e-02 5.13083633e-04 6.97793740e-02
 3.15033350e-01 5.13083633e-04 6.80861981e-01 3.59158543e-03
 0.1754746  0.08209338 0.62493586 0.11749615

MOTIF vleng_l3_f_63
letter-probability matrix: alength= 4 w= 9 
 0.10986012 0.47765268 0.15455476 0.25793245
 0.19856704 0.4527465  0.255203   0.09348345
 0.20027294 0.0962129  0.20846128 0.49505288
 0.05800068 0.30262709 0.32923917 0.31013306
 0.49505288 0.05800068 0.22006141 0.22688502
 0.10917776 0.02149437 0.78266803 0.08665984
 0.56670078 0.20197885 0.20129649 0.03002388
 0.04844763 0.03377687 0.09860116 0.81917434
 0.40156943 0.20709655 0.0105766  0.38075742

MOTIF vleng_l3_f_64
letter-probability matrix: alength= 4 w= 9 
 0.22780506 0.14846997 0.30449566 0.31922932
 0.20022667 0.13675859 0.33396298 0.32905176
 0.16962599 0.12655837 0.2021156  0.50170004
 0.18095958 0.04004533 0.29542879 0.4835663 
 0.34340763 0.14129203 0.26596147 0.24933887
 0.95428787 0.00717794 0.03324518 0.00528901
 0.03097847 0.01322252 0.00528901 0.95051001
 0.01057801 0.02228938 0.95051001 0.01662259
 0.24404987 0.26973933 0.18209294 0.30411787

MOTIF vleng_l3_f_65
letter-probability matrix: alength= 4 w= 9 
 0.17794486 0.23129252 0.38023631 0.21052632
 0.19226638 0.22592195 0.31077694 0.27103473
 0.34192624 0.17400644 0.05657    0.42749731
 0.48191908 0.0490512  0.45363409 0.01539563
 0.10132474 0.0669531  0.57894737 0.25277479
 0.17364841 0.19548872 0.594343   0.03651987
 0.26530612 0.08700322 0.60221984 0.04547082
 3.58037952e-04 7.48299320e-02 6.12244898e-01 3.12567132e-01
 0.03437164 0.15180809 0.72395274 0.08986753

MOTIF vleng_l3_f_66
letter-probability matrix: alength= 4 w= 9 
 0.10175202 0.27998652 0.29986523 0.31839623
 0.13510782 0.10006739 0.3069407  0.4578841 
 3.36927224e-04 1.78571429e-02 4.42722372e-01 5.39083558e-01
 0.17486523 0.2351752  0.05592992 0.53402965
 0.22809973 0.14218329 0.52661725 0.10309973
 0.12398922 0.16778976 0.34130728 0.36691375
 0.13578167 0.48584906 0.11522911 0.26314016
 0.08153639 0.51650943 0.24191375 0.16004043
 0.36657682 0.22574124 0.1287062  0.27897574

MOTIF vleng_l3_f_67
letter-probability matrix: alength= 4 w= 9 
 0.24217845 0.18771727 0.21031286 0.35979143
 0.43395133 0.0834299  0.38180765 0.10081112
 0.7636153  0.00753187 0.22016222 0.00869061
 0.202781   0.25144844 0.22363847 0.3221321 
 0.32329085 0.30301275 0.12108922 0.25260718
 9.26998841e-01 2.89687138e-02 5.79374276e-04 4.34530707e-02
 5.79374276e-04 5.21436848e-03 6.08342990e-02 9.33371958e-01
 5.79374276e-04 1.73812283e-03 9.93626883e-01 4.05561993e-03
 0.28215527 0.21263036 0.26071842 0.24449594

MOTIF vleng_l3_f_68
letter-probability matrix: alength= 4 w= 9 
 0.35929853 0.05831974 0.38295269 0.19942904
 0.13539967 0.13784666 0.51141925 0.21533442
 0.11215334 0.26468189 0.43882545 0.18433931
 0.00326264 0.28711256 0.70309951 0.00652529
 0.41027732 0.24102773 0.18433931 0.16435563
 4.07830343e-04 1.34176183e-01 3.41353997e-01 5.24061990e-01
 0.17536705 0.02732463 0.02406199 0.77324633
 0.06810767 0.04363785 0.42292007 0.46533442
 0.15701468 0.05057096 0.37683524 0.41557912

MOTIF vleng_l3_f_69
letter-probability matrix: alength= 4 w= 9 
 0.15128645 0.45488851 0.12933105 0.264494  
 0.05214408 0.35574614 0.37701544 0.21509434
 0.17667238 0.35540309 0.05283019 0.41509434
 1.35162950e-01 4.91938250e-01 3.43053173e-04 3.72555746e-01
 0.32281304 0.04288165 0.52521441 0.10909091
 0.06312178 0.04185249 0.52006861 0.37495712
 0.1728988  0.02161235 0.01166381 0.79382504
 0.22641509 0.10051458 0.02367067 0.64939966
 0.07512864 0.21921098 0.03430532 0.67135506

MOTIF vleng_l3_f_70
letter-probability matrix: alength= 4 w= 9 
 0.12071429 0.34214286 0.19535714 0.34178571
 0.24571429 0.34678571 0.07964286 0.32785714
 0.54964286 0.07428571 0.32964286 0.04642857
 0.85857143 0.00392857 0.00178571 0.13571429
 0.00392857 0.01285714 0.12178571 0.86142857
 0.11392857 0.00428571 0.84535714 0.03642857
 0.23785714 0.1425     0.13607143 0.48357143
 0.25857143 0.17785714 0.40035714 0.16321429
 0.2075     0.19357143 0.3475     0.25142857

MOTIF vleng_l3_f_71
letter-probability matrix: alength= 4 w= 9 
 0.28454172 0.23119015 0.21819425 0.26607387
 0.22742818 0.2370041  0.33173735 0.20383037
 0.04240766 0.09849521 0.26060192 0.59849521
 4.43228454e-01 3.41997264e-04 1.55950752e-01 4.00478796e-01
 0.39158687 0.06566347 0.53283174 0.00991792
 3.41997264e-04 2.22298222e-02 2.32558140e-02 9.54172367e-01
 0.73153215 0.03146375 0.22606019 0.01094391
 6.37482900e-01 4.10396717e-02 3.21135431e-01 3.41997264e-04
 0.375513   0.16039672 0.25581395 0.20827633

MOTIF vleng_l3_f_72
letter-probability matrix: alength= 4 w= 9 
 0.34808743 0.11311475 0.37814208 0.16065574
 0.25464481 0.12021858 0.1431694  0.48196721
 0.44699454 0.20819672 0.21857923 0.12622951
 0.65081967 0.22896175 0.09180328 0.0284153 
 0.47814208 0.18251366 0.08579235 0.25355191
 5.46448087e-04 2.92896175e-01 6.97814208e-01 8.74316940e-03
 0.01967213 0.28032787 0.67650273 0.02349727
 0.09945355 0.11803279 0.47213115 0.31038251
 0.58415301 0.0715847  0.2284153  0.11584699

MOTIF vleng_l3_f_73
letter-probability matrix: alength= 4 w= 9 
 0.39229969 0.19979188 0.29830038 0.10960805
 0.49705168 0.46860909 0.01630246 0.01803677
 0.10995491 0.33159903 0.09816164 0.46028443
 0.31633715 0.06486299 0.54804024 0.07075963
 0.29309747 0.56538328 0.04647936 0.09503989
 0.03503295 0.09261186 0.49947971 0.37287548
 0.52375997 0.04717308 0.05272286 0.37634409
 0.1685744  0.08220604 0.48074922 0.26847034
 0.09399931 0.19458897 0.15955602 0.55185571

MOTIF vleng_l3_f_74
letter-probability matrix: alength= 4 w= 9 
 0.27129888 0.1902933  0.40607542 0.1323324 
 0.14804469 0.17178771 0.15083799 0.52932961
 0.02513966 0.31215084 0.00872905 0.65398045
 0.26606145 0.02618715 0.34706704 0.36068436
 0.10405028 0.14490223 0.20810056 0.54294693
 1.91689944e-01 3.49162011e-04 2.48952514e-01 5.59008380e-01
 0.38337989 0.12360335 0.27967877 0.21333799
 0.38582402 0.02618715 0.54015363 0.0478352 
 0.1277933  0.12569832 0.10160615 0.64490223

MOTIF vleng_l3_f_75
letter-probability matrix: alength= 4 w= 9 
 0.13016845 0.44640123 0.30015314 0.12327718
 0.14701378 0.59647779 0.10872894 0.14777948
 0.12710567 0.55666156 0.15620214 0.16003063
 7.50382848e-02 9.10413476e-01 1.37825421e-02 7.65696784e-04
 0.43797856 0.50689127 0.0007657  0.05436447
 0.38361409 0.52986217 0.00382848 0.08269525
 8.44563553e-01 9.72434916e-02 5.74272588e-02 7.65696784e-04
 0.4762634  0.22511485 0.17993874 0.118683  
 0.19218989 0.09800919 0.06125574 0.64854518

MOTIF vleng_l3_f_76
letter-probability matrix: alength= 4 w= 9 
 0.17323775 0.14695341 0.2086818  0.47112704
 0.16089207 0.09876543 0.2520908  0.48825169
 0.64197531 0.16487455 0.07168459 0.12146555
 0.03624054 0.53245719 0.10035842 0.33094385
 0.26005575 0.043409   0.07287933 0.62365591
 4.99402628e-01 3.98247710e-04 1.79609717e-01 3.20589407e-01
 0.12743927 0.01951414 0.33691756 0.51612903
 0.39944245 0.02508961 0.41457587 0.16089207
 0.15651135 0.1051374  0.6877738  0.05057746

MOTIF vleng_l3_f_77
letter-probability matrix: alength= 4 w= 9 
 0.34950797 0.07125891 0.26908721 0.31014591
 0.12656939 0.45402104 0.24194096 0.17746861
 0.12962335 0.02884289 0.37665422 0.46487954
 0.1567696  0.18154055 0.46352223 0.19816763
 0.25246013 0.24465558 0.16966407 0.33322022
 0.08109942 0.54394299 0.26772989 0.10722769
 0.40922973 0.02375297 0.37902952 0.18798778
 0.36104513 0.28910757 0.33593485 0.01391245
 0.17746861 0.27892772 0.41669494 0.12690872

MOTIF vleng_l3_f_78
letter-probability matrix: alength= 4 w= 9 
 0.6074229  0.03345531 0.18975431 0.16936749
 0.20282279 0.40303189 0.16361735 0.23052797
 0.33768949 0.25718766 0.40198641 0.00313643
 0.11709357 0.08886566 0.71092525 0.08311553
 0.05593309 0.01045478 0.08729744 0.84631469
 0.29952953 0.06743335 0.04652378 0.58651333
 2.03868270e-02 5.22739153e-04 6.80083638e-01 2.99006796e-01
 0.00784109 0.04181913 0.12702561 0.82331417
 0.38891793 0.084161   0.21902771 0.30789336

MOTIF vleng_l3_f_79
letter-probability matrix: alength= 4 w= 9 
 0.30721003 0.23580634 0.30546848 0.15151515
 0.2897945  0.47683734 0.1271334  0.10623476
 0.48484848 0.40264716 0.07662835 0.035876  
 0.73667712 0.10832463 0.12922327 0.02577499
 0.38523163 0.12469523 0.11947057 0.37060258
 0.1922675  0.15499826 0.34622083 0.30651341
 0.1985371  0.01915709 0.54127482 0.241031  
 0.14385232 0.17485197 0.40752351 0.2737722 
 0.19366075 0.14454894 0.45489377 0.20689655

MOTIF vleng_l3_f_80
letter-probability matrix: alength= 4 w= 9 
 0.32465705 0.27295111 0.21491382 0.18747802
 0.20752726 0.13964122 0.22441083 0.42842068
 0.48364404 0.22616954 0.22968695 0.06049947
 3.51741119e-04 3.13753078e-01 7.42173760e-02 6.11677805e-01
 0.04185719 0.19486458 0.6714738  0.09180443
 3.51741119e-04 1.66021808e-01 5.70172353e-01 2.63454098e-01
 0.07316215 0.37284559 0.28385508 0.27013718
 0.02040098 0.55786141 0.2831516  0.138586  
 0.06401688 0.52514949 0.29300035 0.11783327

MOTIF vleng_l3_f_81
letter-probability matrix: alength= 4 w= 9 
 0.30291667 0.08958333 0.29416667 0.31333333
 0.16791667 0.65916667 0.00291667 0.17      
 0.10125    0.17541667 0.53208333 0.19125   
 0.00166667 0.01541667 0.19875    0.78416667
 6.63750000e-01 7.66666667e-02 4.16666667e-04 2.59166667e-01
 0.67333333 0.01916667 0.22958333 0.07791667
 0.04833333 0.66291667 0.15708333 0.13166667
 0.17625    0.51583333 0.14625    0.16166667
 0.49125    0.26041667 0.14375    0.10458333

MOTIF vleng_l3_f_82
letter-probability matrix: alength= 4 w= 9 
 0.5279299  0.19496166 0.16210296 0.11500548
