MEME version 5.3.0

ALPHABET= ACGT

strands: + -

Background letter frequencies
A 0.25 C 0.25 G 0.25 T 0.25

MOTIF vleng_l3_f_0
letter-probability matrix: alength= 4 w= 9 
 0.22007589 0.29458434 0.3335633  0.15177647
 0.26250431 0.07830286 0.64608486 0.01310797
 0.08209727 0.05174198 0.82890652 0.03725423
 3.44946533e-04 1.77992411e-01 7.78544326e-01 4.31183167e-02
 0.03725423 0.07864781 0.47568127 0.4084167 
 0.00413936 0.01103829 0.32459469 0.66022766
 0.51362539 0.15626078 0.31735081 0.01276302
 0.35598482 0.1296999  0.42152466 0.09279062
 0.26457399 0.2142118  0.16764402 0.3535702 

MOTIF vleng_l3_f_1
letter-probability matrix: alength= 4 w= 9 
 0.52411906 0.03421143 0.42490592 0.0167636 
 0.07937051 0.3236401  0.19534725 0.40164215
 0.06192268 0.1799521  0.28498118 0.47314403
 0.84775915 0.06158057 0.07834417 0.01231611
 0.35203558 0.03147451 0.07731782 0.53917208
 5.65856996e-01 4.44748546e-03 4.29353404e-01 3.42114266e-04
 0.05781731 0.04413274 0.76838864 0.12966131
 0.22990079 0.32227164 0.34519329 0.10263428
 0.25726993 0.10639754 0.47759152 0.15874102

MOTIF vleng_l3_f_2
letter-probability matrix: alength= 4 w= 9 
 0.15091036 0.31757703 0.15371148 0.37780112
 0.61379552 0.01785714 0.33963585 0.02871148
 0.33298319 0.3977591  0.19922969 0.07002801
 0.10679272 0.52135854 0.17717087 0.19467787
 0.26505602 0.66981793 0.03256303 0.03256303
 3.50140056e-04 5.94537815e-01 1.02591036e-01 3.02521008e-01
 0.0262605  0.2289916  0.71393557 0.03081232
 0.28536415 0.43137255 0.09908964 0.18417367
 0.14740896 0.37745098 0.09418768 0.38095238

MOTIF vleng_l3_f_3
letter-probability matrix: alength= 4 w= 9 
 0.12869458 0.10837438 0.23953202 0.52339901
 0.21551724 0.27955665 0.341133   0.1637931 
 0.37931034 0.51847291 0.10160099 0.00061576
 0.44827586 0.03817734 0.39408867 0.11945813
 0.4729064  0.39347291 0.06219212 0.07142857
 0.39408867 0.20381773 0.05726601 0.34482759
 0.11330049 0.08990148 0.33805419 0.45874384
 0.00862069 0.00738916 0.72660099 0.25738916
 0.06711823 0.04064039 0.74815271 0.14408867

MOTIF vleng_l3_f_4
letter-probability matrix: alength= 4 w= 9 
 0.5719603  0.14143921 0.1426799  0.1439206 
 0.53970223 0.00062035 0.00062035 0.45905707
 0.00062035 0.00062035 0.45905707 0.53970223
 0.02047146 0.1308933  0.83002481 0.01861042
 0.40384615 0.34057072 0.10483871 0.15074442
 0.09181141 0.17990074 0.48573201 0.24255583
 0.25062035 0.37531017 0.17617866 0.19789082
 0.19044665 0.35545906 0.34243176 0.11166253
 0.22332506 0.42493797 0.19540943 0.15632754

MOTIF vleng_l3_f_5
letter-probability matrix: alength= 4 w= 9 
 0.55894737 0.11298246 0.08526316 0.24280702
 0.15403509 0.04035088 0.0554386  0.75017544
 0.11122807 0.03894737 0.57719298 0.27263158
 0.40280702 0.10631579 0.31754386 0.17333333
 0.37929825 0.22070175 0.01052632 0.38947368
 0.06210526 0.15508772 0.37087719 0.41192982
 0.25508772 0.26175439 0.4154386  0.0677193 
 0.36947368 0.09298246 0.27894737 0.25859649
 0.33333333 0.14105263 0.19508772 0.33052632

MOTIF vleng_l3_f_6
letter-probability matrix: alength= 4 w= 9 
 0.42487223 0.24974446 0.30596252 0.01942078
 0.28756388 0.21465077 0.37444634 0.12333901
 0.34480409 0.25553663 0.23645656 0.16320273
 0.21873935 0.12197615 0.59897785 0.06030664
 0.03134583 0.24293015 0.4        0.32572402
 0.00306644 0.45996593 0.47972743 0.0572402 
 0.04565588 0.2        0.66507666 0.08926746
 0.10902896 0.13594549 0.47052811 0.28449744
 0.14139693 0.10085179 0.50596252 0.25178876

MOTIF vleng_l3_f_7
letter-probability matrix: alength= 4 w= 9 
 0.26242775 0.15375723 0.15992293 0.4238921 
 0.3761079  0.08477842 0.00077071 0.53834297
 0.26204239 0.15105973 0.13333333 0.45356455
 0.13757225 0.00924855 0.638921   0.21425819
 0.38998073 0.0150289  0.37996146 0.2150289 
 0.72870906 0.04470135 0.09479769 0.13179191
 0.37957611 0.04084778 0.34682081 0.2327553 
 0.41734104 0.22003854 0.1672447  0.19537572
 0.55915222 0.20963391 0.04393064 0.18728324

MOTIF vleng_l3_f_8
letter-probability matrix: alength= 4 w= 9 
 0.51901798 0.22095436 0.16839557 0.09163209
 0.14107884 0.32676349 0.34059474 0.19156293
 0.00587828 0.50414938 0.41286307 0.07710927
 0.03284924 0.08264177 0.0038036  0.88070539
 0.62102351 0.08298755 0.2555325  0.04045643
 0.72372061 0.19156293 0.07434302 0.01037344
 0.13174274 0.31811895 0.47130014 0.07883817
 0.51728907 0.15214385 0.03319502 0.29737206
 0.33990318 0.16390041 0.0950899  0.4011065 

MOTIF vleng_l3_f_9
letter-probability matrix: alength= 4 w= 9 
 0.06107891 0.05929559 0.08961213 0.79001337
 0.10432457 0.07445386 0.0156041  0.80561748
 0.10789122 0.09763709 0.23584485 0.55862684
 0.08961213 0.01069996 0.07802051 0.82166741
 0.37449844 0.04725814 0.38029425 0.19794918
 0.02764155 0.11636202 0.07846634 0.77753009
 4.45831476e-04 2.85332144e-02 4.05706643e-02 9.30450290e-01
 0.16807847 0.01738743 0.10922871 0.70530539
 0.13062862 0.15960767 0.20419082 0.50557289

MOTIF vleng_l3_f_10
letter-probability matrix: alength= 4 w= 9 
 0.23274974 0.23686921 0.15413663 0.37624442
 0.11637487 0.00446275 0.18091315 0.69824923
 0.16477858 0.30895984 0.08616547 0.44009612
 0.0243735  0.84277377 0.06900103 0.0638517 
 0.31170614 0.22039135 0.36663234 0.10127017
 0.16306214 0.00858222 0.3525575  0.47579815
 0.08170271 0.05561277 0.0425678  0.82011672
 0.20391349 0.03295572 0.43940954 0.32372125
 0.05115002 0.06797116 0.27875043 0.60212839

MOTIF vleng_l3_f_11
letter-probability matrix: alength= 4 w= 9 
 0.12776177 0.10134486 0.58981748 0.18107589
 0.13256484 0.21229587 0.12391931 0.53121998
 0.25408261 0.04418828 0.61095101 0.0907781 
 2.47838617e-01 4.80307397e-04 7.51200768e-01 4.80307397e-04
 0.02497598 0.13112392 0.74207493 0.10182517
 0.00912584 0.23775216 0.32324688 0.42987512
 0.31460134 0.1690682  0.14024976 0.37608069
 0.25744476 0.14697406 0.30115274 0.29442843
 0.27425552 0.06147935 0.58981748 0.07444765

MOTIF vleng_l3_f_12
letter-probability matrix: alength= 4 w= 9 
 0.1137931  0.0137931  0.04367816 0.82873563
 0.18908046 0.15114943 0.27528736 0.38448276
 0.04252874 0.02068966 0.04022989 0.89655172
 0.09425287 0.47011494 0.10747126 0.32816092
 0.04425287 0.69597701 0.00344828 0.25632184
 0.10747126 0.10804598 0.05977011 0.72471264
 0.72988506 0.0408046  0.01091954 0.2183908 
 0.35689655 0.19885057 0.04310345 0.40114943
 0.2954023  0.24597701 0.08678161 0.37183908

MOTIF vleng_l3_f_13
letter-probability matrix: alength= 4 w= 9 
 0.22541551 0.25103878 0.38054017 0.14300554
 0.30851801 0.20152355 0.02423823 0.46572022
 0.5934903  0.10041551 0.1932133  0.11288089
 0.00761773 0.00554017 0.68732687 0.29951524
 0.05886427 0.02770083 0.03912742 0.87430748
 0.08795014 0.13434903 0.64889197 0.12880886
 0.60872576 0.04224377 0.04916898 0.2998615 
 0.46191136 0.27596953 0.07479224 0.18732687
 0.18109418 0.0900277  0.06578947 0.66308864

MOTIF vleng_l3_f_14
letter-probability matrix: alength= 4 w= 9 
 0.62531328 0.08563074 0.27151211 0.01754386
 0.23015873 0.16666667 0.46031746 0.14285714
 0.26984127 0.23099415 0.18755221 0.31161236
 0.767335   0.05889724 0.1716792  0.00208855
 0.55221387 0.106934   0.19047619 0.15037594
 0.07978279 0.19757728 0.13659148 0.58604845
 0.45572264 0.17042607 0.33792815 0.03592314
 0.20509607 0.11570593 0.01211362 0.66708438
 0.44736842 0.11695906 0.12907268 0.30659983

MOTIF vleng_l3_f_15
letter-probability matrix: alength= 4 w= 9 
 0.31545293 0.22628774 0.22628774 0.23197158
 0.3008881  0.28952043 0.18330373 0.22628774
 0.10728242 0.19893428 0.19928952 0.49449378
 3.55239787e-04 3.55239787e-04 3.55239787e-04 9.98934281e-01
 7.21136767e-01 3.55239787e-04 2.78152753e-01 3.55239787e-04
 8.83126110e-01 3.55239787e-04 1.16163410e-01 3.55239787e-04
 3.55239787e-04 3.93605684e-01 1.70515098e-02 5.88987567e-01
 0.14280639 0.18863233 0.54849023 0.12007105
 0.31865009 0.14564831 0.18614565 0.34955595

MOTIF vleng_l3_f_16
letter-probability matrix: alength= 4 w= 9 
 0.55913598 0.19405099 0.11083569 0.13597734
 0.41572238 0.08427762 0.39235127 0.10764873
 0.04957507 0.22839943 0.22733711 0.49468839
 0.00141643 0.1851983  0.25637394 0.55701133
 0.14766289 0.12783286 0.2871813  0.43732295
 0.16501416 0.12606232 0.22167139 0.48725212
 0.66288952 0.07082153 0.09525496 0.17103399
 0.16997167 0.0463881  0.28788952 0.49575071
 0.10800283 0.12216714 0.61189802 0.15793201

MOTIF vleng_l3_f_17
letter-probability matrix: alength= 4 w= 9 
 0.01976823 0.47000682 0.02385821 0.48636673
 3.06407635e-01 4.86025903e-01 2.07225631e-01 3.40831629e-04
 0.31595092 0.2532379  0.25596455 0.17484663
 0.0743013  0.47648262 0.32140423 0.12781186
 0.18132243 0.26448534 0.04396728 0.51022495
 0.04055896 0.47886844 0.14212679 0.33844581
 0.00477164 0.67723245 0.26005453 0.05794138
 0.00988412 0.46114519 0.44239945 0.08657123
 0.2402863  0.40388548 0.21608725 0.13974097

MOTIF vleng_l3_f_18
letter-probability matrix: alength= 4 w= 9 
 0.5153417  0.10878661 0.2444212  0.13145049
 0.09553696 0.15376569 0.33368201 0.41701534
 0.18863319 0.08716876 0.35216179 0.37203626
 0.7039749  0.04951185 0.02440725 0.222106  
 0.05195258 0.08333333 0.03312413 0.83158996
 0.37238494 0.01499303 0.37343096 0.23919107
 0.24651325 0.06136681 0.59832636 0.09379358
 0.03695955 0.07112971 0.70885635 0.18305439
 0.20467225 0.05962343 0.40411437 0.33158996

MOTIF vleng_l3_f_19
letter-probability matrix: alength= 4 w= 9 
 0.28645066 0.26546392 0.2371134  0.21097202
 0.42415317 0.17452135 0.25736377 0.14396171
 0.29086892 0.11266568 0.1314433  0.46502209
 0.20544919 0.30191458 0.44587629 0.04675994
 0.5511782  0.07253314 0.20287187 0.17341679
 0.10198822 0.0994109  0.22717231 0.57142857
 0.03718704 0.08873343 0.78571429 0.08836524
 0.15574374 0.22017673 0.48011782 0.14396171
 0.33578792 0.08394698 0.36340206 0.21686303

MOTIF vleng_l3_f_20
letter-probability matrix: alength= 4 w= 9 
 0.19409283 0.13361463 0.28270042 0.38959212
 0.59915612 0.00140647 0.00281294 0.39662447
 0.29676512 0.08016878 0.26722925 0.35583685
 0.31504923 0.32348805 0.00140647 0.36005626
 0.01969058 0.38255977 0.4556962  0.14205345
 0.94374121 0.00140647 0.05344585 0.00140647
 0.01547117 0.34317862 0.29676512 0.34458509
 0.02953586 0.29817159 0.13220816 0.54008439
 0.32348805 0.35724332 0.1954993  0.12376934

MOTIF vleng_l3_f_21
letter-probability matrix: alength= 4 w= 9 
 0.26138401 0.32628182 0.26855504 0.14377913
 0.16708498 0.32986734 0.3330943  0.16995339
 0.08354249 0.29401219 0.59985658 0.02258874
 1.06848333e-01 3.58551452e-04 8.92434564e-01 3.58551452e-04
 0.10218716 0.13373969 0.65794191 0.10613123
 0.02545715 0.77016852 0.04625314 0.15812119
 0.39046253 0.03800645 0.52312657 0.04840445
 0.04697024 0.24847616 0.35102187 0.35353173
 0.03872356 0.12764432 0.76192184 0.07171029

MOTIF vleng_l3_f_22
letter-probability matrix: alength= 4 w= 9 
 0.23259821 0.05961406 0.678153   0.02963473
 0.27567195 0.00241213 0.72088215 0.00103377
 0.14748449 0.45279118 0.28187457 0.11784976
 0.07718815 0.39800138 0.12129566 0.40351482
 0.68125431 0.01481737 0.09476223 0.20916609
 0.10096485 0.26326671 0.23018608 0.40558236
 0.1337009  0.01826327 0.75603032 0.09200551
 0.32736044 0.30599586 0.1061337  0.26050999
 0.17436251 0.25913163 0.24086837 0.32563749

MOTIF vleng_l3_f_23
letter-probability matrix: alength= 4 w= 9 
 0.16922029 0.25468165 0.50323459 0.07286347
 0.144365   0.2145046  0.35308138 0.28804903
 0.09908069 0.03983657 0.26046987 0.60061287
 0.10759278 0.0680967  0.65645216 0.16785836
 0.23016684 0.20497106 0.12495744 0.43990466
 0.14538645 0.74872319 0.08784474 0.01804562
 0.01940756 0.43786176 0.06026558 0.4824651 
 0.23970037 0.36874362 0.00851209 0.38304392
 0.35410283 0.28736806 0.03881512 0.31971399

MOTIF vleng_l3_f_24
letter-probability matrix: alength= 4 w= 9 
 0.32634521 0.22536688 0.36897275 0.07931516
 0.17400419 0.04262753 0.3836478  0.39972048
 0.02166317 0.05590496 0.14744934 0.77498253
 2.50873515e-01 3.49406010e-04 3.15164221e-01 4.33612858e-01
 0.0870021  0.0695318  0.42662474 0.41684137
 0.18134172 0.02061495 0.00454228 0.79350105
 0.721174   0.01956674 0.07791754 0.18134172
 0.5932914  0.00069881 0.34451433 0.06149546
 0.32180294 0.11180992 0.38155136 0.18483578

MOTIF vleng_l3_f_25
letter-probability matrix: alength= 4 w= 9 
 0.22255319 0.09744681 0.54468085 0.13531915
 0.29574468 0.10425532 0.39659574 0.20340426
 0.21446809 0.23574468 0.13276596 0.41702128
 8.66808511e-01 4.25531915e-04 8.12765957e-02 5.14893617e-02
 4.25531915e-04 4.25531915e-04 5.14893617e-02 9.47659574e-01
 8.38297872e-02 4.25531915e-04 8.90212766e-01 2.55319149e-02
 0.39574468 0.15361702 0.17914894 0.27148936
 0.29617021 0.10808511 0.38765957 0.20808511
 0.20297872 0.05659574 0.44255319 0.29787234

MOTIF vleng_l3_f_26
letter-probability matrix: alength= 4 w= 9 
 0.61936386 0.03949668 0.32261447 0.01852499
 0.43691017 0.15309332 0.32261447 0.08738203
 0.21880461 0.42537574 0.14889899 0.20692066
 0.80181755 0.04194338 0.14365606 0.01258301
 0.39426774 0.11918909 0.01153443 0.47500874
 0.049633   0.33344984 0.4907375  0.12617966
 0.48304789 0.00559245 0.36455785 0.14680182
 0.19259    0.15484096 0.1838518  0.46871723
 0.39811255 0.05207969 0.46627053 0.08353722

MOTIF vleng_l3_f_27
letter-probability matrix: alength= 4 w= 9 
 0.04595016 0.38785047 0.10319315 0.46300623
 0.21378505 0.29400312 0.41471963 0.07749221
 0.06580997 0.88434579 0.02647975 0.02336449
 0.06386293 0.34657321 0.01362928 0.57593458
 0.05919003 0.77375389 0.125      0.04205607
 0.27219626 0.04906542 0.24260125 0.43613707
 0.68380062 0.05140187 0.23870717 0.02609034
 0.11253894 0.2017134  0.17990654 0.50584112
 0.55919003 0.26401869 0.07398754 0.10280374

MOTIF vleng_l3_f_28
letter-probability matrix: alength= 4 w= 9 
 0.10858011 0.07365224 0.4221716  0.39559605
 0.14806378 0.49050873 0.1602126  0.20121488
 0.30523918 0.27031131 0.36142749 0.06302202
 0.25740319 0.44950645 0.00911162 0.28397874
 0.09567198 0.72437358 0.0022779  0.17767654
 0.13211845 0.6340167  0.00759301 0.22627183
 0.03872437 0.4730448  0.05922551 0.42900532
 0.12680334 0.27866363 0.41230068 0.18223235
 0.01746393 0.38116932 0.24525437 0.35611238

MOTIF vleng_l3_f_29
letter-probability matrix: alength= 4 w= 9 
 0.26012354 0.14996568 0.42827728 0.16163349
 0.06108442 0.22237474 0.13898421 0.57755662
 0.01612903 0.52676733 0.07240906 0.38469458
 0.00171585 0.08339053 0.60157859 0.31331503
 0.15648593 0.06074125 0.77213452 0.0106383 
 0.56039808 0.00205903 0.28105697 0.15648593
 0.3620453  0.11564859 0.31468771 0.20761839
 0.21242279 0.07515443 0.44234729 0.2700755 
 0.19148936 0.20899108 0.27693892 0.32258065

MOTIF vleng_l3_f_30
letter-probability matrix: alength= 4 w= 9 
 0.01758087 0.11005626 0.19268636 0.67967651
 0.23066104 0.06082982 0.36392405 0.34458509
 0.11005626 0.35267229 0.11322082 0.42405063
 0.6068917  0.0907173  0.00105485 0.30133615
 0.1673699  0.092827   0.29043601 0.44936709
 0.27285513 0.52144866 0.11954993 0.08614627
 0.43670886 0.29571027 0.20780591 0.05977496
 0.18706048 0.28762307 0.02707454 0.49824191
 0.1269339  0.19198312 0.1290436  0.55203938

MOTIF vleng_l3_f_31
letter-probability matrix: alength= 4 w= 9 
 0.71228814 0.03516949 0.20254237 0.05      
 0.0559322  0.08644068 0.25211864 0.60550847
 0.17669492 0.00635593 0.81398305 0.0029661 
 0.32881356 0.00889831 0.48898305 0.17330508
 0.27881356 0.01144068 0.22118644 0.48855932
 0.01483051 0.01186441 0.84067797 0.13262712
 0.10677966 0.06483051 0.67669492 0.15169492
 0.26864407 0.03813559 0.61186441 0.08135593
 0.19618644 0.10042373 0.43771186 0.26567797

MOTIF vleng_l3_f_32
letter-probability matrix: alength= 4 w= 9 
 0.62361755 0.03424902 0.31537638 0.02675705
 0.17445594 0.28576525 0.18943989 0.35033892
 0.17516946 0.54263289 0.21762397 0.06457367
 9.10453086e-01 3.56760614e-04 8.63360685e-02 2.85408491e-03
 0.29860863 0.04851944 0.03995719 0.61291473
 0.12236889 0.07599001 0.73671067 0.06493043
 0.51016768 0.16446664 0.10988227 0.21548341
 0.27434891 0.16696397 0.15412059 0.40456654
 0.14199072 0.12843382 0.5108812  0.21869426

MOTIF vleng_l3_f_33
letter-probability matrix: alength= 4 w= 9 
 0.11595547 0.13311688 0.42300557 0.32792208
 0.60760668 0.00742115 0.31168831 0.07328386
 4.63821892e-04 1.06215213e-01 1.12244898e-01 7.81076067e-01
 0.00185529 0.01159555 0.88358071 0.10296846
 0.02875696 0.14935065 0.58534323 0.23654917
 4.63821892e-04 3.34879406e-01 5.74675325e-01 8.99814471e-02
 0.10111317 0.46660482 0.11085343 0.32142857
 0.21706865 0.2541744  0.39935065 0.12940631
 0.09461967 0.4809833  0.25185529 0.17254174

MOTIF vleng_l3_f_34
letter-probability matrix: alength= 4 w= 9 
 0.43071031 0.10967967 0.32625348 0.13335655
 0.36107242 0.41016713 0.11768802 0.11107242
 0.625      0.11142061 0.26044568 0.0031337 
 0.55048747 0.15389972 0.0393454  0.25626741
 0.11246518 0.05153203 0.26253482 0.57346797
 4.02158774e-01 3.48189415e-04 5.88440111e-01 9.05292479e-03
 0.17827298 0.07834262 0.24756267 0.49582173
 0.27367688 0.11455432 0.59261838 0.01915042
 0.1316156  0.1514624  0.47284123 0.24408078

MOTIF vleng_l3_f_35
letter-probability matrix: alength= 4 w= 9 
 0.07000946 0.18259224 0.27199622 0.47540208
 0.02743614 0.02128666 0.13623463 0.81504257
 0.06385998 0.00851466 0.01371807 0.91390728
 0.06338694 0.16840114 0.32876064 0.43945128
 0.10879849 0.02128666 0.07237465 0.79754021
 0.33632923 0.04777673 0.3500473  0.26584674
 6.87795648e-01 4.73036897e-04 2.89971618e-01 2.17596973e-02
 0.52034059 0.02743614 0.12771996 0.32450331
 0.24172185 0.12582781 0.06906339 0.56338694

MOTIF vleng_l3_f_36
letter-probability matrix: alength= 4 w= 9 
 0.12964858 0.3688161  0.30979188 0.19174343
 0.14295462 0.37120437 0.40634596 0.07949505
 0.05322416 0.8181508  0.01160014 0.11702491
 0.12862504 0.84135107 0.0279768  0.00204708
 0.22927329 0.58137155 0.03991812 0.14943705
 0.00887069 0.48925281 0.10269533 0.39918117
 0.02695326 0.48993518 0.14636643 0.33674514
 0.5069942  0.19549642 0.19856704 0.09894234
 0.07028318 0.38246332 0.03514159 0.51211191

MOTIF vleng_l3_f_37
letter-probability matrix: alength= 4 w= 9 
 0.27339385 0.05412011 0.5073324  0.16515363
 0.15537709 0.22311453 0.24930168 0.3722067 
 0.11208101 0.1700419  0.17318436 0.54469274
 0.56284916 0.12814246 0.21578212 0.09322626
 0.19099162 0.48079609 0.27583799 0.0523743 
 0.71403631 0.04120112 0.12290503 0.12185754
 0.23882682 0.03282123 0.01501397 0.71333799
 0.04120112 0.01780726 0.75069832 0.1902933 
 0.01501397 0.19308659 0.51955307 0.27234637

MOTIF vleng_l3_f_38
letter-probability matrix: alength= 4 w= 9 
 0.73608618 0.01436266 0.18581688 0.06373429
 0.05520646 0.01705566 0.46140036 0.46633752
 1.12208259e-02 1.45421903e-01 4.48833034e-04 8.42908438e-01
 0.27692998 0.04982047 0.22037702 0.45287253
 0.0529623  0.17414722 0.02289048 0.75      
 0.82809695 0.08258528 0.06193896 0.02737882
 0.07315978 0.12387792 0.11983842 0.68312388
 0.11759425 0.28635548 0.42414722 0.17190305
 0.20152603 0.1467684  0.37971275 0.27199282

MOTIF vleng_l3_f_39
letter-probability matrix: alength= 4 w= 9 
 0.03165098 0.0453379  0.75876818 0.16424294
 0.21984602 0.24508127 0.13088109 0.40419162
 0.12788708 0.03250642 0.29384089 0.54576561
 0.10778443 0.00641574 0.26561163 0.6201882 
 0.01710864 0.07399487 0.40590248 0.50299401
 0.00727117 0.03378956 0.54576561 0.41317365
 0.0106929  0.02651839 0.52053037 0.44225834
 0.08639863 0.05988024 0.68092387 0.17279726
 0.06372968 0.24037639 0.45893926 0.23695466

MOTIF vleng_l3_f_40
letter-probability matrix: alength= 4 w= 9 
 0.13519313 0.33905579 0.42274678 0.10300429
 0.15236052 0.00214592 0.32403433 0.52145923
 0.00214592 0.00214592 0.99356223 0.00214592
 0.00214592 0.027897   0.43776824 0.53218884
 0.02360515 0.54077253 0.20815451 0.22746781
 0.51502146 0.00214592 0.4527897  0.03004292
 0.027897   0.29399142 0.10300429 0.5751073 
 0.07296137 0.78969957 0.08583691 0.05150215
 0.3304721  0.38197425 0.05364807 0.23390558

MOTIF vleng_l3_f_41
letter-probability matrix: alength= 4 w= 9 
 7.31774415e-01 3.81705640e-02 2.29711142e-01 3.43878955e-04
 0.24552957 0.07599725 0.09628611 0.58218707
 0.18328748 0.05949106 0.55123796 0.20598349
 0.45357634 0.04917469 0.03851444 0.45873453
 0.18982118 0.23074278 0.10488308 0.47455296
 0.1110729  0.19876204 0.43397524 0.25618982
 0.2974553  0.31843191 0.12379642 0.26031637
 0.0931912  0.19876204 0.23933975 0.46870702
 0.37104539 0.14683631 0.08940853 0.39270977

MOTIF vleng_l3_f_42
letter-probability matrix: alength= 4 w= 9 
 0.30103448 0.13896552 0.2537931  0.3062069 
 0.25689655 0.14827586 0.40517241 0.18965517
 0.11482759 0.14965517 0.52068966 0.21482759
 0.01103448 0.65448276 0.15034483 0.18413793
 0.00689655 0.69137931 0.03827586 0.26344828
 0.33827586 0.54724138 0.04482759 0.06965517
 0.11103448 0.13172414 0.22896552 0.52827586
 0.24172414 0.13310345 0.07827586 0.54689655
 0.21517241 0.53       0.08724138 0.16758621

MOTIF vleng_l3_f_43
letter-probability matrix: alength= 4 w= 9 
 0.17364967 0.40080767 0.18677436 0.2387683 
 0.59868753 0.11206461 0.24129228 0.04795558
 0.4209995  0.27763756 0.23523473 0.06612822
 0.26047451 0.24280666 0.26350328 0.23321555
 0.15648662 0.26754165 0.57294296 0.00302877
 0.14184755 0.04290762 0.75113579 0.06410904
 5.04795558e-04 4.34124180e-02 7.92024230e-01 1.64058556e-01
 5.04795558e-04 5.04795558e-04 7.58202928e-01 2.40787481e-01
 0.0116103  0.30540131 0.33266027 0.35032812

MOTIF vleng_l3_f_44
letter-probability matrix: alength= 4 w= 9 
 0.1745975  0.42647585 0.15813953 0.24078712
 8.05008945e-01 5.72450805e-03 1.88908766e-01 3.57781753e-04
 0.28050089 0.32880143 0.109839   0.28085868
 0.16529517 0.23542039 0.46225403 0.13703041
 0.75992844 0.03148479 0.19749553 0.01109123
 8.19320215e-02 1.92486583e-01 3.57781753e-04 7.25223614e-01
 0.04293381 0.04973166 0.72522361 0.18211091
 0.2647585  0.31305903 0.22110912 0.20107335
 0.23220036 0.43756708 0.23649374 0.09373882

MOTIF vleng_l3_f_45
letter-probability matrix: alength= 4 w= 9 
 0.15366105 0.25232039 0.3169474  0.27707116
 0.11584737 0.27638364 0.46132692 0.14644208
 1.80474390e-01 1.13441045e-02 8.07837745e-01 3.43760743e-04
 0.0831901  0.2688209  0.28325885 0.36473015
 0.02371949 0.24750773 0.58336198 0.14541079
 0.43795119 0.06875215 0.45823307 0.0350636 
 0.39257477 0.04434514 0.04228257 0.52079752
 0.14850464 0.03540736 0.74733585 0.06875215
 0.14334823 0.28154005 0.28669646 0.28841526

MOTIF vleng_l3_f_46
letter-probability matrix: alength= 4 w= 9 
 0.08931761 0.25473383 0.29367631 0.36227224
 0.12040014 0.54376563 0.04394427 0.29188996
 0.17792069 0.25544837 0.1850661  0.38156484
 0.01714898 0.26295105 0.07431225 0.64558771
 0.06538049 0.04537335 0.34012147 0.54912469
 0.09646302 0.28260093 0.24437299 0.37656306
 0.01143265 0.24294391 0.05966417 0.68595927
 0.04894605 0.66309396 0.02608074 0.26187924
 0.06538049 0.21114684 0.11039657 0.6130761 

MOTIF vleng_l3_f_47
letter-probability matrix: alength= 4 w= 9 
 0.35519503 0.198136   0.35968243 0.08698654
 0.1418709  0.53745254 0.10700725 0.21366931
 0.13807387 0.13841905 0.23438039 0.48912668
 0.13772868 0.18398343 0.10459096 0.57369693
 0.04142216 0.42008975 0.34656541 0.19192268
 0.0338281  0.51259924 0.25854332 0.19502934
 0.01173628 0.65274422 0.15567829 0.17984122
 0.06351398 0.83707283 0.06593027 0.03348291
 0.07870211 0.53710735 0.16637901 0.21781153

MOTIF vleng_l3_f_48
letter-probability matrix: alength= 4 w= 9 
 0.34573913 0.288      0.06226087 0.304     
 0.29147826 0.26365217 0.38226087 0.0626087 
 0.7906087  0.13391304 0.008      0.06747826
 0.03721739 0.19582609 0.12556522 0.6413913 
 4.22260870e-01 3.47826087e-04 5.18956522e-01 5.84347826e-02
 1.51652174e-01 3.47826087e-04 4.32000000e-01 4.16000000e-01
 0.15617391 0.17913043 0.51269565 0.152     
 0.22991304 0.05182609 0.52313043 0.19513043
 0.23686957 0.34608696 0.23721739 0.17982609

MOTIF vleng_l3_f_49
letter-probability matrix: alength= 4 w= 9 
 0.14353126 0.21077468 0.17695635 0.46873771
 0.29138812 0.08611876 0.21038144 0.41211168
 0.45654738 0.00943767 0.27408573 0.25992922
 3.93236335e-04 4.24695242e-02 2.85096343e-01 6.72040897e-01
 0.07786079 0.00157295 0.49154542 0.42902084
 0.20526937 0.2532442  0.16712544 0.37436099
 0.23476209 0.05308691 0.61777428 0.09437672
 0.04561541 0.50137633 0.03696422 0.41604404
 0.09594967 0.16083366 0.41132521 0.33189147

MOTIF vleng_l3_f_50
letter-probability matrix: alength= 4 w= 9 
 0.24643585 0.25356415 0.12491514 0.37508486
 0.25594026 0.51289885 0.06177868 0.16938221
 0.01866938 0.50577054 0.08927359 0.38628649
 1.06245757e-01 8.82552614e-03 3.39443313e-04 8.84589274e-01
 0.10794297 0.20468432 0.00135777 0.68601494
 0.08078751 0.27223354 0.02002716 0.6269518 
 0.43550577 0.15546504 0.33808554 0.07094365
 0.00678887 0.16870333 0.13272234 0.69178547
 0.21486762 0.2437203  0.20807875 0.33333333

MOTIF vleng_l3_f_51
letter-probability matrix: alength= 4 w= 9 
 0.3093324  0.10870325 0.22195037 0.36001398
 0.11114995 0.02097169 0.0335547  0.83432366
 0.00139811 0.10730514 0.38483048 0.50646627
 3.49528137e-04 3.49528137e-04 3.49528137e-04 9.98951416e-01
 2.99196085e-01 3.49528137e-04 6.96959105e-01 3.49528137e-03
 8.21391122e-01 3.49528137e-04 1.77909822e-01 3.49528137e-04
 0.29045788 0.15588955 0.17371548 0.37993708
 0.36420832 0.10206222 0.23418385 0.29954561
 0.27298148 0.19293953 0.24187347 0.29220552

MOTIF vleng_l3_f_52
letter-probability matrix: alength= 4 w= 9 
 0.45824561 0.23052632 0.25403509 0.05719298
 0.43789474 0.09122807 0.4154386  0.0554386 
 0.28982456 0.17087719 0.35298246 0.18631579
 0.42666667 0.23087719 0.25192982 0.09052632
 0.65964912 0.01894737 0.00421053 0.31719298
 8.07017544e-03 3.50877193e-04 3.15438596e-01 6.76140351e-01
 0.04210526 0.04526316 0.89719298 0.0154386 
 0.18912281 0.12210526 0.51684211 0.17192982
 0.3322807  0.19578947 0.28385965 0.18807018

MOTIF vleng_l3_f_53
letter-probability matrix: alength= 4 w= 9 
 0.58222997 0.1369338  0.17595819 0.10487805
 0.13310105 0.33519164 0.06620209 0.46550523
 0.09407666 0.26968641 0.3902439  0.24599303
 0.2912892  0.05609756 0.11045296 0.54216028
 0.08745645 0.1554007  0.25296167 0.50418118
 3.48432056e-04 3.48432056e-04 6.72473868e-02 9.32055749e-01
 6.05226481e-01 1.39372822e-03 3.93031359e-01 3.48432056e-04
 8.92334495e-01 3.48432056e-04 1.06968641e-01 3.48432056e-04
 0.36202091 0.1989547  0.13519164 0.30383275

MOTIF vleng_l3_f_54
letter-probability matrix: alength= 4 w= 9 
 0.30168559 0.25249398 0.30856553 0.1372549 
 0.13106295 0.32817337 0.124871   0.41589267
 0.68937049 0.19435845 0.10973512 0.00653595
 5.43859649e-01 8.25593395e-03 4.47540420e-01 3.43997248e-04
 0.12074303 0.42002064 0.29893361 0.16030272
 0.2377021  0.34365325 0.14585483 0.27278982
 0.54282766 0.2755418  0.04196766 0.13966288
 3.43997248e-04 2.72445820e-01 1.74750602e-01 5.52459580e-01
 0.01135191 0.15858273 0.63880289 0.19126247

MOTIF vleng_l3_f_55
letter-probability matrix: alength= 4 w= 9 
 0.60726765 0.15164221 0.17924528 0.06184486
 0.50174703 0.15373864 0.30083857 0.04367575
 0.44444444 0.00628931 0.51886792 0.03039832
 0.23899371 0.2442348  0.26904263 0.24772886
 0.25401817 0.16422082 0.23549965 0.34626136
 0.78127184 0.00698812 0.13766597 0.07407407
 0.05136268 0.15967855 0.08560447 0.7033543 
 0.07896576 0.03913347 0.71942697 0.16247379
 0.2327044  0.37596087 0.27428372 0.11705101

MOTIF vleng_l3_f_56
letter-probability matrix: alength= 4 w= 9 
 0.08166667 0.191      0.315      0.41233333
 9.00000000e-03 3.33333333e-04 3.33333333e-04 9.90333333e-01
 6.75666667e-01 1.00000000e-02 3.14000000e-01 3.33333333e-04
 5.63666667e-01 3.33333333e-04 4.28000000e-01 8.00000000e-03
 0.11633333 0.44133333 0.146      0.29633333
 0.101      0.206      0.08933333 0.60366667
 0.29366667 0.077      0.35133333 0.278     
 0.52133333 0.28366667 0.15966667 0.03533333
 0.11233333 0.156      0.20333333 0.52833333

MOTIF vleng_l3_f_57
letter-probability matrix: alength= 4 w= 9 
 0.18229623 0.22173532 0.39351446 0.20245399
 0.19062226 0.38475022 0.05258545 0.37204207
 0.50219106 0.13891323 0.29316389 0.06573181
 0.35758107 0.04864154 0.55302366 0.04075372
 3.76862401e-01 4.38212095e-04 7.84399649e-02 5.44259422e-01
 0.49298861 0.03461876 0.3369851  0.13540754
 0.02848379 0.00701139 0.80411919 0.16038563
 0.08063103 0.14110429 0.71516214 0.06310254
 0.057844   0.09859772 0.70552147 0.13803681

MOTIF vleng_l3_f_58
letter-probability matrix: alength= 4 w= 9 
 0.33524355 0.19770774 0.31339542 0.1536533 
 0.50644699 0.13538682 0.13108883 0.22707736
 0.1715616  0.08237822 0.20451289 0.54154728
 0.38968481 0.0265043  0.4237106  0.16010029
 0.36138968 0.00358166 0.00143266 0.63359599
 0.01074499 0.03832378 0.46489971 0.48603152
 0.45916905 0.04942693 0.38395415 0.10744986
 0.41404011 0.12929799 0.28796562 0.16869628
 0.11819484 0.15866762 0.15114613 0.5719914 

MOTIF vleng_l3_f_59
letter-probability matrix: alength= 4 w= 9 
 0.54803676 0.32623225 0.07936508 0.04636591
 0.51503759 0.01712615 0.46282373 0.00501253
 0.72389307 0.20843776 0.05889724 0.00877193
 0.66666667 0.03341688 0.28070175 0.0192147 
 0.31495405 0.3320802  0.14035088 0.21261487
 0.36507937 0.27360067 0.11946533 0.24185464
 5.70175439e-01 4.17710944e-04 1.25313283e-01 3.04093567e-01
 0.10651629 0.29657477 0.04678363 0.55012531
 0.10359231 0.08604845 0.606934   0.20342523

MOTIF vleng_l3_f_60
letter-probability matrix: alength= 4 w= 9 
 0.08262784 0.14222824 0.06434135 0.71080257
 0.30680664 0.07077548 0.36810024 0.25431764
 0.20352184 0.08872333 0.02810701 0.67964782
 0.79986454 0.00101592 0.14087369 0.05824585
 0.29698612 0.04503894 0.31628852 0.34168642
 0.19776498 0.01252963 0.29359973 0.49610566
 0.46901456 0.04910261 0.25364037 0.22824247
 0.4483576  0.12834406 0.19166949 0.23162885
 0.24043346 0.10362343 0.3379614  0.31798171

MOTIF vleng_l3_f_61
letter-probability matrix: alength= 4 w= 9 
 0.15063862 0.1525169  0.43538693 0.26145755
 0.12471826 0.4823441  0.15552216 0.23741548
 0.22990233 0.20435763 0.33959429 0.22614576
 0.00751315 0.0785124  0.01014275 0.90383171
 0.24981217 0.2892562  0.19759579 0.26333584
 0.0255447  0.13110443 0.01202104 0.83132983
 0.75244177 0.00488355 0.21412472 0.02854996
 0.48760331 0.08677686 0.40608565 0.01953418
 0.69383922 0.04507889 0.17993989 0.081142  

MOTIF vleng_l3_f_62
letter-probability matrix: alength= 4 w= 9 
 0.24519231 0.23863636 0.14816434 0.36800699
 0.40428322 0.22115385 0.29283217 0.08173077
 0.55375874 0.2381993  0.0826049  0.12543706
 0.62718531 0.0659965  0.13767483 0.16914336
 0.54020979 0.26660839 0.11276224 0.08041958
 0.4881993  0.05244755 0.21066434 0.24868881
 5.28409091e-01 4.37062937e-04 1.81381119e-01 2.89772727e-01
 0.01791958 0.03846154 0.47945804 0.46416084
 0.19318182 0.25917832 0.50043706 0.0472028 

MOTIF vleng_l3_f_63
letter-probability matrix: alength= 4 w= 9 
 0.16532399 0.65323993 0.15691769 0.02451839
 0.36042032 0.32154116 0.18423818 0.13380035
 0.10928196 0.41155867 0.38038529 0.09877408
 0.10402802 0.72609457 0.01891419 0.15096322
 0.25814361 0.29492119 0.26164623 0.18528897
 0.0234676  0.17898424 0.70858144 0.08896673
 0.00735552 0.72504378 0.15901926 0.10858144
 0.02521891 0.86935201 0.04168126 0.06374781
 0.11383538 0.56042032 0.12644483 0.19929947

MOTIF vleng_l3_f_64
letter-probability matrix: alength= 4 w= 9 
 0.38558256 0.30972339 0.09010897 0.21458508
 0.01047779 0.92958927 0.0071249  0.05280805
 0.25481978 0.09932942 0.37929589 0.2665549 
 0.53059514 0.02221291 0.32020117 0.12699078
 0.13621123 0.83361274 0.01047779 0.01969824
 0.78122381 0.05993294 0.12070411 0.03813915
 0.39438391 0.14668902 0.4233026  0.03562448
 0.27074602 0.19153395 0.31433361 0.22338642
 0.34115675 0.45222129 0.12196144 0.08466052

MOTIF vleng_l3_f_65
letter-probability matrix: alength= 4 w= 9 
 0.59875691 0.03211326 0.36774862 0.00138122
 0.25621547 0.12361878 0.23687845 0.38328729
 0.14744475 0.28211326 0.3933011  0.17714088
 0.62292818 0.00103591 0.33114641 0.0448895 
 0.00276243 0.03729282 0.34530387 0.61464088
 3.45303867e-04 3.52209945e-02 9.15400552e-01 4.90331492e-02
 0.1788674  0.09012431 0.19889503 0.53211326
 0.10428177 0.32044199 0.35877072 0.21650552
 0.30835635 0.24689227 0.23722376 0.20752762

MOTIF vleng_l3_f_66
letter-probability matrix: alength= 4 w= 9 
 0.33981576 0.18389628 0.28249744 0.19379052
 0.06482429 0.02456499 0.16888434 0.74172637
 0.04469464 0.04332992 0.47662914 0.4353463 
 0.5209826  0.24189696 0.18082566 0.05629478
 0.4090754  0.02422381 0.05083589 0.51586489
 0.43091095 0.14841351 0.00750597 0.41316957
 0.30194473 0.17946093 0.04912999 0.46946435
 0.33538042 0.17911975 0.2971682  0.18833163
 0.22483794 0.22176731 0.33401569 0.21937905

MOTIF vleng_l3_f_67
letter-probability matrix: alength= 4 w= 9 
 0.29531141 0.04863541 0.41147656 0.24457663
 0.01259622 0.71238628 0.00279916 0.27221833
 0.04583625 0.02554234 0.67914626 0.24947516
 0.19244227 0.28831351 0.39328202 0.12596221
 0.32960112 0.02379286 0.20608817 0.44051784
 0.27046886 0.19664101 0.03883835 0.49405178
 0.14590623 0.01119664 0.61441568 0.22848146
 0.07242827 0.19384185 0.20643807 0.52729181
 0.27676697 0.1336599  0.28026592 0.30930721

MOTIF vleng_l3_f_68
letter-probability matrix: alength= 4 w= 9 
 0.19839255 0.20896785 0.1285956  0.46404399
 0.1751269  0.29610829 0.24534687 0.28341794
 4.23011844e-04 4.23011844e-04 4.23011844e-04 9.98730964e-01
 7.14890017e-01 4.23011844e-04 2.84263959e-01 4.23011844e-04
 5.28341794e-01 4.23011844e-04 4.70812183e-01 4.23011844e-04
 0.19204738 0.11252115 0.66285956 0.03257191
 0.06979695 0.06852792 0.65905245 0.20262267
 0.12817259 0.24703892 0.321489   0.30329949
 0.35025381 0.31641286 0.19458545 0.13874788

MOTIF vleng_l3_f_69
letter-probability matrix: alength= 4 w= 9 
 0.3544951  0.13506604 0.16659565 0.3438432 
 0.12824883 0.08691947 0.14742224 0.63740946
 0.06646783 0.05965062 0.46655305 0.4073285 
 0.22070729 0.05666809 0.40988496 0.31273967
 0.44141457 0.05922454 0.02172987 0.47763102
 0.27481892 0.0264167  0.12995313 0.56881125
 0.08606732 0.00639114 0.40178952 0.50575202
 0.18917767 0.19897742 0.25053259 0.36131231
 0.39198977 0.10012782 0.17724755 0.33063485

MOTIF vleng_l3_f_70
letter-probability matrix: alength= 4 w= 9 
 0.24705882 0.26813725 0.40392157 0.08088235
 0.03235294 0.15882353 0.0872549  0.72156863
 0.16470588 0.16813725 0.03137255 0.63578431
 0.01519608 0.10294118 0.37990196 0.50196078
 0.01862745 0.0372549  0.38333333 0.56078431
 4.90196078e-04 3.92156863e-03 4.90196078e-04 9.95098039e-01
 0.16421569 0.17745098 0.52598039 0.13235294
 0.22696078 0.15539216 0.25980392 0.35784314
 0.32254902 0.13284314 0.0622549  0.48235294

MOTIF vleng_l3_f_71
letter-probability matrix: alength= 4 w= 9 
 0.40341556 0.18557875 0.14041746 0.27058824
 0.2971537  0.17229602 0.26375712 0.26679317
 0.56963947 0.01480076 0.26148008 0.1540797 
 0.05768501 0.17798861 0.27893738 0.48538899
 0.03036053 0.12713472 0.60151803 0.24098672
 0.12447818 0.02201139 0.24933586 0.60417457
 0.18368121 0.02770398 0.57950664 0.20910816
 0.70094877 0.0573055  0.14117647 0.10056926
 0.34003795 0.22087287 0.30398482 0.13510436

MOTIF vleng_l3_f_72
letter-probability matrix: alength= 4 w= 9 
 0.10687543 0.36589517 0.27501702 0.25221239
 0.11946903 0.43192648 0.32811436 0.12049013
 0.0010211  0.80190606 0.07760381 0.11946903
 3.40367597e-04 1.61674609e-01 4.42477876e-02 7.93737236e-01
 0.10891763 0.19979578 0.37610619 0.31518039
 0.00918993 0.27059224 0.40299523 0.3172226 
 0.12695711 0.27671886 0.58849558 0.00782845
 0.22260041 0.43158611 0.23859769 0.10721579
 0.05377808 0.37950987 0.09904697 0.46766508

MOTIF vleng_l3_f_73
letter-probability matrix: alength= 4 w= 9 
 0.53002144 0.14045747 0.24374553 0.08577555
 0.35882773 0.31558256 0.13795568 0.18763402
 0.37205147 0.2115797  0.3084346  0.10793424
 0.74195854 0.08041458 0.11079342 0.06683345
 0.2498213  0.038599   0.06147248 0.65010722
 0.13902788 0.01393853 0.60257327 0.24446033
 0.06611866 0.02430307 0.654396   0.25518227
 0.29342387 0.2691208  0.41815583 0.0192995 
 0.37919943 0.17083631 0.29092209 0.15904217

MOTIF vleng_l3_f_74
letter-probability matrix: alength= 4 w= 9 
 0.20859926 0.49714478 0.09875714 0.19549882
 0.00806181 0.53778972 0.13738663 0.31676184
 0.0235136  0.79711119 0.01242862 0.16694659
 3.35908633e-04 2.82499160e-01 1.27645280e-02 7.04400403e-01
 5.30735640e-02 1.67618408e-01 3.35908633e-04 7.78972120e-01
 0.40241854 0.45717165 0.03459859 0.10581122
 7.52771246e-01 9.80853208e-02 3.35908633e-04 1.48807524e-01
 0.41484716 0.24958011 0.08498488 0.25058784
 0.41954988 0.25797783 0.17332885 0.14914343

MOTIF vleng_l3_f_75
letter-probability matrix: alength= 4 w= 9 
 0.48270677 0.18496241 0.1575188  0.17481203
 0.40037594 0.49548872 0.08195489 0.02218045
 0.63646617 0.01691729 0.32105263 0.02556391
 0.44661654 0.36315789 0.04699248 0.14323308
 0.12593985 0.48157895 0.15902256 0.23345865
 6.52255639e-01 1.80827068e-01 1.66541353e-01 3.75939850e-04
 0.04887218 0.15789474 0.13984962 0.65338346
 1.09774436e-01 3.92105263e-01 4.97744361e-01 3.75939850e-04
 0.37706767 0.11917293 0.34924812 0.15451128

MOTIF vleng_l3_f_76
letter-probability matrix: alength= 4 w= 9 
 0.67407407 0.04814815 0.07407407 0.2037037 
 0.32592593 0.0037037  0.13333333 0.53703704
 0.05555556 0.0037037  0.48518519 0.45555556
 0.2037037  0.0962963  0.20740741 0.49259259
 0.11111111 0.19259259 0.24444444 0.45185185
 0.15185185 0.0037037  0.27407407 0.57037037
 0.01481481 0.41111111 0.04444444 0.52962963
 0.1037037  0.4037037  0.47037037 0.02222222
 0.28888889 0.16666667 0.43333333 0.11111111

MOTIF vleng_l3_f_77
letter-probability matrix: alength= 4 w= 9 
 0.03959708 0.16116707 0.12052796 0.67870788
 0.06217437 0.18617576 0.10593956 0.64571032
 0.10455019 0.00555749 0.38798194 0.50191039
 0.05001737 0.38624522 0.10420285 0.45953456
 0.35081626 0.12608545 0.39180271 0.13129559
 0.01563043 0.06043765 0.68113928 0.24279264
 0.05557485 0.46995485 0.22785689 0.24661341
 0.11670719 0.21847864 0.56130601 0.10350816
 0.31503994 0.36019451 0.1403265  0.18443904

MOTIF vleng_l3_f_78
letter-probability matrix: alength= 4 w= 9 
 0.24710145 0.16086957 0.30108696 0.29094203
 0.02681159 0.02971014 0.02246377 0.92101449
 0.50652174 0.09891304 0.38514493 0.00942029
 0.76775362 0.01050725 0.20869565 0.01304348
 0.32210145 0.25869565 0.38115942 0.03804348
 0.00942029 0.18405797 0.67536232 0.13115942
 0.02391304 0.2634058  0.55434783 0.15833333
 0.12137681 0.01376812 0.32681159 0.53804348
 0.31231884 0.21123188 0.28442029 0.19202899

MOTIF vleng_l3_f_79
letter-probability matrix: alength= 4 w= 9 
 0.19823944 0.24225352 0.21232394 0.3471831 
 0.31725352 0.10598592 0.24295775 0.33380282
 0.14964789 0.29295775 0.08943662 0.46795775
 0.28943662 0.16302817 0.37429577 0.17323944
 0.10950704 0.33908451 0.27852113 0.27288732
 0.10915493 0.86338028 0.02112676 0.00633803
 0.03380282 0.70070423 0.25035211 0.01514085
 0.01619718 0.79507042 0.14753521 0.04119718
 0.0584507  0.71197183 0.20176056 0.0278169 

MOTIF vleng_l3_f_80
letter-probability matrix: alength= 4 w= 9 
 0.31388784 0.08919834 0.5664283  0.03048551
 0.02785096 0.32329695 0.29281144 0.35604065
 0.01016184 0.54347008 0.08091833 0.36544976
 0.07564923 0.68837034 0.17990215 0.05607828
 0.06134738 0.24840045 0.31689876 0.37335341
 0.58524652 0.26985322 0.06322921 0.08167106
 0.17124577 0.16183666 0.12307113 0.54384644
 0.19683854 0.2668423  0.14678209 0.38953707
 0.44486263 0.0801656  0.30786601 0.16710576

MOTIF vleng_l3_f_81
letter-probability matrix: alength= 4 w= 9 
 0.27184128 0.19108945 0.33901845 0.19805082
 0.24329969 0.1051166  0.43125653 0.22032718
 0.01148625 0.01844762 0.45840585 0.51166029
 0.07379046 0.01009398 0.8050818  0.11103376
 0.11973547 0.08840933 0.58962757 0.20222764
 0.57083188 0.2540898  0.09537069 0.07970762
 0.38948834 0.36721197 0.15628263 0.08701706
 0.36547163 0.37382527 0.14688479 0.11381831
 0.4260355  0.27567003 0.21162548 0.08666899

MOTIF vleng_l3_f_82
letter-probability matrix: alength= 4 w= 9 
 0.27467451 0.21041579 0.25283494 0.26207476
 8.90382192e-02 4.19991600e-04 4.19991600e-04 9.10121798e-01
 6.24947501e-01 4.19991600e-04 2.85594288e-01 8.90382192e-02
 6.29147417e-01 4.19991600e-04 3.70012600e-01 4.19991600e-04
 4.19991600e-04 4.19991600e-04 4.19991600e-04 9.98740025e-01
 7.09785804e-01 4.19991600e-04 2.89374213e-01 4.19991600e-04
