MEME version 5.3.0

ALPHABET= ACGT

strands: + -

Background letter frequencies
A 0.25 C 0.25 G 0.25 T 0.25

MOTIF vleng_l3_f_0
letter-probability matrix: alength= 4 w= 9 
 0.12328197 0.43107039 0.12453145 0.3211162 
 0.23531862 0.63182007 0.08371512 0.04914619
 0.73386089 0.02040816 0.24198251 0.00374844
 0.10828821 0.1574344  0.28529779 0.44897959
 0.11995002 0.13411079 0.51478551 0.23115369
 0.59891712 0.03498542 0.26530612 0.10079134
 0.18284048 0.13161183 0.06455643 0.62099125
 2.62390671e-02 4.16493128e-04 7.82174094e-01 1.91170346e-01
 0.14285714 0.43356935 0.12244898 0.30112453

MOTIF vleng_l3_f_1
letter-probability matrix: alength= 4 w= 9 
 0.66174242 0.05909091 0.2155303  0.06363636
 0.74128788 0.08143939 0.15189394 0.02537879
 0.21136364 0.20151515 0.11590909 0.47121212
 0.52083333 0.05643939 0.36363636 0.05909091
 2.53787879e-01 3.78787879e-04 2.96212121e-01 4.49621212e-01
 0.16098485 0.05681818 0.52840909 0.25378788
 0.26969697 0.09621212 0.44659091 0.1875    
 0.23901515 0.1530303  0.28409091 0.32386364
 0.20037879 0.32083333 0.25643939 0.22234848

MOTIF vleng_l3_f_2
letter-probability matrix: alength= 4 w= 9 
 0.34414874 0.40940576 0.12978491 0.11666059
 7.56835581e-01 3.64564346e-04 2.42435290e-01 3.64564346e-04
 0.38206343 0.17462632 0.17389719 0.26941305
 0.17316806 0.33284725 0.26795479 0.22602989
 0.90630696 0.00328108 0.08457893 0.00583303
 0.00109369 0.06088225 0.03098797 0.90703609
 7.65585126e-03 3.64564346e-04 9.60627051e-01 3.13525337e-02
 0.28946409 0.26904849 0.21071819 0.23076923
 0.29894276 0.2832665  0.27670434 0.1410864 

MOTIF vleng_l3_f_3
letter-probability matrix: alength= 4 w= 9 
 0.22005462 0.1416309  0.38236442 0.25595006
 0.16699181 0.42021069 0.3074522  0.1053453 
 0.29145533 0.27545845 0.33593445 0.09715178
 9.02848225e-01 9.75419430e-03 8.70074132e-02 3.90167772e-04
 0.04408896 0.09793211 0.00819352 0.84978541
 0.08427624 0.07062037 0.81701131 0.02809208
 0.28911432 0.11783067 0.44908311 0.14397191
 0.05384315 0.1865002  0.32305892 0.43659774
 0.08466641 0.14631291 0.68357394 0.08544674

MOTIF vleng_l3_f_4
letter-probability matrix: alength= 4 w= 9 
 0.06942544 0.38030096 0.29548564 0.25478796
 0.2120383  0.51025992 0.16792066 0.10978112
 0.13987688 0.33105335 0.43673051 0.09233926
 0.04206566 0.36662107 0.49213406 0.09917921
 0.06737346 0.07592339 0.29856361 0.55813953
 0.0748974  0.08002736 0.64124487 0.20383037
 0.00307798 0.08857729 0.60601915 0.30232558
 0.06805746 0.20314637 0.57352941 0.15526676
 0.01436389 0.04377565 0.64021888 0.30164159

MOTIF vleng_l3_f_5
letter-probability matrix: alength= 4 w= 9 
 0.36857042 0.20503725 0.23412558 0.19226676
 0.25860234 0.20397304 0.24760553 0.28981908
 0.26144023 0.18978361 0.27882228 0.26995388
 0.17949628 0.01454416 0.02660518 0.77935438
 0.51223838 0.00886839 0.26569706 0.21319617
 0.50727208 0.02021994 0.4597375  0.01277049
 1.06420717e-02 3.54735722e-04 7.09471444e-04 9.88293721e-01
 7.19049308e-01 7.09471444e-04 2.78467542e-01 1.77367861e-03
 0.70095779 0.00248315 0.29443065 0.00212841

MOTIF vleng_l3_f_6
letter-probability matrix: alength= 4 w= 9 
 0.02015989 0.68404588 0.13208203 0.1637122 
 0.03892944 0.58567953 0.22627737 0.14911366
 0.05735141 0.74278763 0.03684393 0.16301703
 0.20681265 0.41327772 0.07160236 0.30830726
 0.19534237 0.39798401 0.27250608 0.13416754
 3.47584289e-04 8.99548140e-01 7.68161279e-02 2.32881474e-02
 0.01286062 0.93847758 0.03128259 0.01737921
 0.01251303 0.85749044 0.01598888 0.11400765
 0.03336809 0.67222802 0.04171011 0.25269378

MOTIF vleng_l3_f_7
letter-probability matrix: alength= 4 w= 9 
 0.23836817 0.17734322 0.49426837 0.09002023
 0.02629804 0.04248146 0.91368847 0.01753203
 0.04045853 0.11665543 0.8246797  0.01820634
 1.91840863e-01 6.06203641e-01 2.01618341e-01 3.37154417e-04
 3.37154417e-04 1.66891436e-01 2.89952798e-01 5.42818611e-01
 3.37154417e-04 3.22319622e-01 3.84018881e-01 2.93324343e-01
 0.10114633 0.26972353 0.54248146 0.08664869
 0.25657451 0.46695887 0.18071477 0.09575185
 0.19554956 0.22589346 0.32805125 0.25050573

MOTIF vleng_l3_f_8
letter-probability matrix: alength= 4 w= 9 
 0.14285714 0.14285714 0.14285714 0.57142857
 0.14285714 0.14285714 0.14285714 0.57142857
 0.14285714 0.14285714 0.57142857 0.14285714
 0.14285714 0.14285714 0.57142857 0.14285714
 0.14285714 0.14285714 0.14285714 0.57142857
 0.14285714 0.14285714 0.57142857 0.14285714
 0.14285714 0.57142857 0.14285714 0.14285714
 0.57142857 0.14285714 0.14285714 0.14285714
 0.14285714 0.14285714 0.57142857 0.14285714

MOTIF vleng_l3_f_9
letter-probability matrix: alength= 4 w= 9 
 0.42822043 0.09371709 0.24254124 0.23552124
 0.00526501 0.24183924 0.001755   0.75114075
 3.07125307e-01 3.61881362e-01 3.30642331e-01 3.51000351e-04
 3.73815374e-01 1.68480168e-02 6.08985609e-01 3.51000351e-04
 0.30993331 0.44787645 0.19480519 0.04738505
 0.01790102 0.44752545 0.03790804 0.4966655 
 0.21481221 0.28220428 0.10600211 0.3969814 
 0.25342225 0.27658828 0.08178308 0.38820639
 0.18918919 0.14285714 0.38610039 0.28185328

MOTIF vleng_l3_f_10
letter-probability matrix: alength= 4 w= 9 
 0.16582328 0.34877384 0.33631763 0.14908525
 0.0778513  0.73452705 0.0358116  0.15181004
 3.30868042e-02 3.89256520e-04 9.57960296e-01 8.56364344e-03
 0.0626703  0.67419229 0.03814714 0.22499027
 0.60646166 0.13935383 0.13857532 0.11560919
 0.54846244 0.06189179 0.2417283  0.14791748
 0.36940444 0.39275983 0.06033476 0.17750097
 0.29388867 0.27053328 0.1673803  0.26819774
 0.8478007  0.05021409 0.04826781 0.0537174 

MOTIF vleng_l3_f_11
letter-probability matrix: alength= 4 w= 9 
 0.00632911 0.03797468 0.34177215 0.61392405
 0.01898734 0.34177215 0.03164557 0.60759494
 0.20253165 0.07594937 0.37341772 0.34810127
 0.36075949 0.07594937 0.00632911 0.55696203
 0.76582278 0.03164557 0.07594937 0.12658228
 0.00632911 0.00632911 0.1835443  0.80379747
 0.58227848 0.00632911 0.1835443  0.2278481 
 0.03164557 0.13291139 0.6835443  0.15189873
 0.15189873 0.08860759 0.75316456 0.00632911

MOTIF vleng_l3_f_12
letter-probability matrix: alength= 4 w= 9 
 0.16743827 0.0316358  0.34259259 0.45833333
 0.0007716  0.0007716  0.39660494 0.60185185
 0.01851852 0.0007716  0.31558642 0.66512346
 0.14660494 0.00308642 0.17283951 0.67746914
 0.20447531 0.00694444 0.0154321  0.77314815
 0.02469136 0.01388889 0.11111111 0.85030864
 0.30941358 0.12345679 0.00925926 0.55787037
 0.28858025 0.08024691 0.05015432 0.58101852
 0.12037037 0.13734568 0.04398148 0.69830247

MOTIF vleng_l3_f_13
letter-probability matrix: alength= 4 w= 9 
 0.47795164 0.18278805 0.28449502 0.05476529
 0.35064011 0.25533428 0.19594595 0.19807966
 0.30227596 0.2215505  0.28165007 0.19452347
 0.9544808  0.01209104 0.02027027 0.01315789
 1.03129445e-01 3.55618777e-04 3.55618777e-04 8.96159317e-01
 3.55618777e-04 3.55618777e-04 8.96159317e-01 1.03129445e-01
 0.08428165 0.00106686 0.67780939 0.23684211
 0.34103841 0.35526316 0.23150782 0.07219061
 0.26493599 0.14082504 0.37197724 0.22226174

MOTIF vleng_l3_f_14
letter-probability matrix: alength= 4 w= 9 
 0.07888805 0.51915853 0.25920361 0.14274981
 0.0229151  0.1093163  0.84973704 0.01803156
 0.00112697 0.7054846  0.26821938 0.02516905
 3.75657400e-04 7.75732532e-01 3.04282494e-02 1.93463561e-01
 3.75657400e-04 7.88880541e-01 1.88204358e-01 2.25394440e-02
 0.13035312 0.24718257 0.38580015 0.23666416
 0.45755071 0.15101427 0.08790383 0.30353118
 0.17092412 0.1322314  0.63260706 0.06423742
 0.16604057 0.42749812 0.20586026 0.20060105

MOTIF vleng_l3_f_15
letter-probability matrix: alength= 4 w= 9 
 0.16435644 0.44026403 0.08910891 0.30627063
 0.05214521 0.25016502 0.58481848 0.11287129
 6.60066007e-04 6.60066007e-04 6.60066007e-04 9.98019802e-01
 1.71617162e-01 6.60066007e-04 8.27062706e-01 6.60066007e-04
 9.04290429e-01 6.60066007e-04 9.43894389e-02 6.60066007e-04
 0.18943894 0.42838284 0.27326733 0.10891089
 0.07128713 0.71419142 0.07788779 0.13663366
 0.18745875 0.51815182 0.11683168 0.17755776
 0.26534653 0.38745875 0.21782178 0.12937294

MOTIF vleng_l3_f_16
letter-probability matrix: alength= 4 w= 9 
 0.47980156 0.19170801 0.22714387 0.10134656
 0.7388377  0.05421687 0.15024805 0.05669738
 0.17399008 0.08291991 0.40290574 0.34018427
 0.28313253 0.00885897 0.29163714 0.41637137
 0.05740609 0.00708717 0.30368533 0.6318214 
 0.0907158  0.3355776  0.54819277 0.02551382
 0.18497519 0.02338767 0.2611623  0.53047484
 0.17115521 0.27072998 0.10311836 0.45499646
 0.08362863 0.1832034  0.06909993 0.66406804

MOTIF vleng_l3_f_17
letter-probability matrix: alength= 4 w= 9 
 0.53785176 0.04042806 0.13198573 0.28973444
 0.26238605 0.02338486 0.01307967 0.70114943
 0.1280222  0.01506143 0.47839873 0.37851764
 0.33690052 0.05231867 0.30281411 0.30796671
 0.51565597 0.09433214 0.24375743 0.14625446
 0.14902893 0.09155767 0.14229092 0.61712247
 0.54498613 0.01942132 0.35830361 0.07728894
 0.54419342 0.09116132 0.17043203 0.19421324
 0.37574316 0.1066191  0.28378914 0.23384859

MOTIF vleng_l3_f_18
letter-probability matrix: alength= 4 w= 9 
 0.25044248 0.31858407 0.13097345 0.3       
 0.35707965 0.00309735 0.56327434 0.07654867
 0.20044248 0.11283186 0.65265487 0.0340708 
 0.00752212 0.22079646 0.1699115  0.60176991
 0.59247788 0.21681416 0.15575221 0.03495575
 5.66371681e-02 4.42477876e-04 7.19911504e-01 2.23008850e-01
 0.06415929 0.26017699 0.60929204 0.06637168
 0.14115044 0.26902655 0.35619469 0.23362832
 0.34247788 0.29734513 0.13451327 0.22566372

MOTIF vleng_l3_f_19
letter-probability matrix: alength= 4 w= 9 
 0.78050682 0.02183236 0.1497076  0.04795322
 0.24093567 0.19610136 0.12592593 0.43703704
 0.23118908 0.35282651 0.29161793 0.12436647
 0.44210526 0.14307992 0.38947368 0.02534113
 0.17426901 0.28070175 0.11734893 0.42768031
 0.0245614  0.30292398 0.49083821 0.18167641
 0.52319688 0.26510721 0.12631579 0.08538012
 0.04054581 0.45964912 0.01949318 0.48031189
 0.0417154  0.16647173 0.63664717 0.15516569

MOTIF vleng_l3_f_20
letter-probability matrix: alength= 4 w= 9 
 0.21714502 0.35083082 0.1423716  0.28965257
 0.08459215 0.05173716 0.58496979 0.27870091
 0.24924471 0.41503021 0.10498489 0.23074018
 0.21752266 0.25075529 0.09441088 0.43731118
 0.00226586 0.28587613 0.38708459 0.32477341
 0.00339879 0.23753776 0.5555136  0.20354985
 0.22696375 0.09063444 0.58270393 0.09969789
 0.42182779 0.23187311 0.12726586 0.21903323
 0.39879154 0.12197885 0.24811178 0.23111782

MOTIF vleng_l3_f_21
letter-probability matrix: alength= 4 w= 9 
 0.22639069 0.03837861 0.43467012 0.30056059
 0.13065977 0.37343683 0.16041397 0.33548944
 0.24536438 0.00819319 0.08796895 0.65847348
 4.31220354e-04 4.34238896e-01 3.28158689e-01 2.37171194e-01
 4.31220354e-04 4.31220354e-04 4.31220354e-04 9.98706339e-01
 4.43725744e-01 4.31220354e-04 5.55411815e-01 4.31220354e-04
 8.86157827e-01 4.31220354e-04 1.12979733e-01 4.31220354e-04
 0.46571798 0.10090556 0.28201811 0.15135834
 0.23889608 0.07115136 0.29107374 0.39887883

MOTIF vleng_l3_f_22
letter-probability matrix: alength= 4 w= 9 
 0.19740437 0.20389344 0.37192623 0.22677596
 0.26058743 0.2431694  0.14719945 0.34904372
 0.60040984 0.20355191 0.11748634 0.07855191
 0.79371585 0.0898224  0.11202186 0.00443989
 0.4511612  0.07206284 0.09118852 0.38558743
 0.45355191 0.06659836 0.3090847  0.17076503
 5.42008197e-01 3.41530055e-04 2.05601093e-01 2.52049180e-01
 0.04269126 0.13080601 0.28244536 0.54405738
 0.06113388 0.05293716 0.74248634 0.14344262

MOTIF vleng_l3_f_23
letter-probability matrix: alength= 4 w= 9 
 0.11342786 0.17014178 0.15262719 0.56380317
 1.25104254e-02 8.34028357e-04 8.34028357e-04 9.85821518e-01
 0.88156797 0.01334445 0.07089241 0.03419516
 0.82151793 0.00083403 0.08340284 0.0942452 
 0.24937448 0.03002502 0.01334445 0.70725605
 0.10425354 0.18265221 0.10758966 0.60550459
 0.02752294 0.38949124 0.55629691 0.02668891
 0.13678065 0.19933278 0.46205171 0.20183486
 0.11676397 0.24520434 0.30692244 0.33110926

MOTIF vleng_l3_f_24
letter-probability matrix: alength= 4 w= 9 
 0.45594406 0.1013986  0.25034965 0.19230769
 0.35664336 0.25839161 0.10769231 0.27727273
 0.28811189 0.17027972 0.32447552 0.21713287
 8.85314685e-01 3.49650350e-04 1.04545455e-01 9.79020979e-03
 0.18881119 0.08531469 0.06223776 0.66363636
 0.08391608 0.07972028 0.47937063 0.35699301
 0.4027972  0.02972028 0.34160839 0.22587413
 0.12097902 0.14405594 0.20874126 0.52622378
 0.10034965 0.05909091 0.47342657 0.36713287

MOTIF vleng_l3_f_25
letter-probability matrix: alength= 4 w= 9 
 0.47078652 0.23595506 0.17677903 0.1164794 
 0.5411985  0.06217228 0.382397   0.01423221
 0.20074906 0.13857678 0.26891386 0.3917603 
 0.26292135 0.06966292 0.41535581 0.25205993
 0.57378277 0.00486891 0.33820225 0.08314607
 0.07041199 0.26966292 0.08501873 0.57490637
 3.74531835e-04 3.74531835e-04 8.14232210e-01 1.85018727e-01
 0.29662921 0.23595506 0.20561798 0.26179775
 0.2988764  0.19438202 0.2340824  0.27265918

MOTIF vleng_l3_f_26
letter-probability matrix: alength= 4 w= 9 
 0.10411784 0.17375293 0.50284566 0.21928356
 3.34784064e-04 3.34784064e-04 3.34784064e-04 9.98995648e-01
 6.21694007e-01 3.34784064e-04 3.77636425e-01 3.34784064e-04
 7.20120522e-01 3.34784064e-04 2.79209910e-01 3.34784064e-04
 0.10077    0.44626716 0.33578842 0.11717442
 0.17107466 0.2038835  0.18680951 0.43823234
 0.19785738 0.02611316 0.49179779 0.28423167
 0.1827921  0.130231   0.58553733 0.10143957
 0.16203549 0.19819217 0.34817543 0.29159692

MOTIF vleng_l3_f_27
letter-probability matrix: alength= 4 w= 9 
 0.52660842 0.17434472 0.19499603 0.10405083
 0.02422558 0.02223987 0.1457506  0.80778396
 0.37092931 0.00436855 0.48967434 0.1350278 
 0.71127879 0.00992851 0.09809373 0.18069897
 0.03375695 0.12629071 0.03097697 0.80897538
 0.60166799 0.09451946 0.29626688 0.00754567
 0.33478952 0.11596505 0.42692613 0.1223193 
 0.17394758 0.13383638 0.22438443 0.46783161
 0.50317712 0.16719619 0.17196187 0.15766481

MOTIF vleng_l3_f_28
letter-probability matrix: alength= 4 w= 9 
 0.42960813 0.18613933 0.26233672 0.12191582
 0.31567489 0.04281567 0.39804064 0.2434688 
 0.33853411 0.00362845 0.59941945 0.058418  
 0.04862119 0.00181422 0.31640058 0.63316401
 0.26560232 0.00181422 0.56204644 0.17053701
 0.01850508 0.00181422 0.96661829 0.01306241
 1.88316401e-01 3.62844702e-04 6.31712627e-01 1.79608128e-01
 0.19303338 0.10558781 0.64550073 0.05587808
 0.17271408 0.11248186 0.50036284 0.21444122

MOTIF vleng_l3_f_29
letter-probability matrix: alength= 4 w= 9 
 0.45833333 0.51666667 0.02083333 0.00416667
 0.00416667 0.17083333 0.00416667 0.82083333
 0.00416667 0.34583333 0.59166667 0.05833333
 0.08333333 0.34166667 0.00416667 0.57083333
 0.35833333 0.00416667 0.00416667 0.63333333
 0.04583333 0.49583333 0.35833333 0.1       
 0.41666667 0.14166667 0.00416667 0.4375    
 0.59166667 0.0375     0.26666667 0.10416667
 0.3625     0.40833333 0.07916667 0.15      

MOTIF vleng_l3_f_30
letter-probability matrix: alength= 4 w= 9 
 0.42445255 0.17116788 0.21861314 0.18576642
 0.26532847 0.37007299 0.16605839 0.19854015
 7.80291971e-01 2.37226277e-02 1.95620438e-01 3.64963504e-04
 0.25875912 0.16678832 0.02007299 0.55437956
 0.17080292 0.06934307 0.62810219 0.13175182
 0.71459854 0.01678832 0.2459854  0.02262774
 0.15255474 0.1080292  0.10291971 0.63649635
 0.02883212 0.05182482 0.87335766 0.0459854 
 0.13613139 0.06934307 0.49854015 0.2959854 

MOTIF vleng_l3_f_31
letter-probability matrix: alength= 4 w= 9 
 0.29874214 0.01886792 0.36792453 0.31446541
 0.00314465 0.87735849 0.00314465 0.1163522 
 0.06918239 0.01572327 0.57861635 0.33647799
 0.02830189 0.55031447 0.05031447 0.37106918
 0.35534591 0.00314465 0.1572327  0.48427673
 0.16352201 0.0408805  0.00314465 0.79245283
 0.04716981 0.1163522  0.36163522 0.47484277
 0.08176101 0.04402516 0.02201258 0.85220126
 0.0754717  0.28301887 0.20125786 0.44025157

MOTIF vleng_l3_f_32
letter-probability matrix: alength= 4 w= 9 
 0.27846154 0.205      0.08115385 0.43538462
 0.16269231 0.22807692 0.17076923 0.43846154
 3.84615385e-04 3.84615385e-04 3.84615385e-04 9.98846154e-01
 7.91923077e-01 3.84615385e-04 2.07307692e-01 3.84615385e-04
 4.43846154e-01 3.84615385e-04 5.55384615e-01 3.84615385e-04
 0.06576923 0.35961538 0.39615385 0.17846154
 0.07615385 0.02884615 0.74       0.155     
 0.09730769 0.06692308 0.47076923 0.365     
 0.2        0.22692308 0.38961538 0.18346154

MOTIF vleng_l3_f_33
letter-probability matrix: alength= 4 w= 9 
 0.31976132 0.27167427 0.21586522 0.19269919
 0.07827308 0.27483327 0.43243243 0.21446121
 0.17795718 0.21762022 0.32643033 0.27799228
 0.03650404 0.05580906 0.8978589  0.00982801
 0.08318708 0.01263601 0.5019305  0.4022464 
 2.01825202e-01 3.51000351e-04 3.51000351e-03 7.94313794e-01
 3.51000351e-04 4.56300456e-03 5.08950509e-02 9.44190944e-01
 0.02070902 0.11021411 0.07757108 0.79150579
 0.12776413 0.14285714 0.26535627 0.46402246

MOTIF vleng_l3_f_34
letter-probability matrix: alength= 4 w= 9 
 0.41120219 0.36407104 0.05054645 0.17418033
 0.14275956 0.40163934 0.2192623  0.2363388 
 0.4057377  0.05327869 0.53005464 0.01092896
 0.16290984 0.19398907 0.48907104 0.15403005
 0.03312842 0.26775956 0.57342896 0.12568306
 0.25409836 0.00239071 0.30157104 0.44193989
 0.08538251 0.07103825 0.22404372 0.61953552
 0.42144809 0.04849727 0.51673497 0.01331967
 0.19228142 0.24351093 0.38695355 0.1772541 

MOTIF vleng_l3_f_35
letter-probability matrix: alength= 4 w= 9 
 0.51822828 0.1427598  0.28586031 0.05315162
 0.05792164 0.15570698 0.38705281 0.39931857
 0.06916525 0.47291312 0.32810903 0.12981261
 0.120954   0.02248722 0.61056218 0.24599659
 0.16899489 0.14344123 0.55945486 0.12810903
 0.34412266 0.36729131 0.23100511 0.05758092
 0.15911414 0.37274276 0.27734242 0.19080068
 0.63407155 0.0637138  0.15025554 0.15195911
 0.21635434 0.35059625 0.0770017  0.3560477 

MOTIF vleng_l3_f_36
letter-probability matrix: alength= 4 w= 9 
 0.24736048 0.18552036 0.40271493 0.16440422
 0.0015083  0.0015083  0.0015083  0.99547511
 0.59879336 0.0015083  0.39819005 0.0015083 
 0.46757164 0.0015083  0.52941176 0.0015083 
 0.0346908  0.0015083  0.0015083  0.96229261
 0.78129713 0.0015083  0.18250377 0.0346908 
 0.66817496 0.0015083  0.29562594 0.0346908 
 0.29110106 0.33634992 0.3092006  0.06334842
 0.19457014 0.1372549  0.3800905  0.28808446

MOTIF vleng_l3_f_37
letter-probability matrix: alength= 4 w= 9 
 0.29434358 0.30272346 0.21857542 0.18435754
 0.50837989 0.23847765 0.12884078 0.12430168
 0.14560056 0.25139665 0.34811453 0.25488827
 0.74755587 0.10230447 0.13687151 0.01326816
 2.44064246e-01 3.49162011e-04 3.49162011e-04 7.55237430e-01
 3.49162011e-04 3.49162011e-04 7.42318436e-01 2.56983240e-01
 0.40642458 0.03736034 0.44727654 0.10893855
 0.45949721 0.19587989 0.33694134 0.00768156
 0.45914804 0.21054469 0.17562849 0.15467877

MOTIF vleng_l3_f_38
letter-probability matrix: alength= 4 w= 9 
 0.1359783  0.26890471 0.22210919 0.3730078 
 0.10342489 0.04238725 0.20108511 0.65310275
 0.49610037 0.00746016 0.38284164 0.11359783
 0.25296711 0.00610376 0.39199729 0.34893184
 0.45201763 0.0176331  0.29738895 0.23296033
 0.4065785  0.01424212 0.34384537 0.23533401
 0.3726687  0.21024076 0.0176331  0.39945744
 0.34825365 0.09528654 0.0678196  0.48864022
 0.48287555 0.05968125 0.01932859 0.43811462

MOTIF vleng_l3_f_39
letter-probability matrix: alength= 4 w= 9 
 0.74735389 0.0478601  0.07823286 0.12655315
 0.5959503  0.16014726 0.15462494 0.0892775 
 0.49930971 0.27243442 0.0819144  0.14634146
 8.06718822e-01 4.60193281e-04 1.60147262e-01 3.26737230e-02
 0.68384722 0.12977451 0.11044639 0.07593189
 0.75425679 0.20156466 0.00552232 0.03865624
 0.93419236 0.02531063 0.00184077 0.03865624
 0.6985734  0.13299586 0.04003682 0.12839393
 0.52554073 0.35895076 0.06764841 0.0478601 

MOTIF vleng_l3_f_40
letter-probability matrix: alength= 4 w= 9 
 0.13214449 0.42295382 0.05989941 0.38500229
 0.1051669  0.39414723 0.2519433  0.24874257
 0.06035665 0.00685871 0.73525377 0.19753086
 0.28303612 0.29126658 0.41152263 0.01417467
 0.1051669  0.5647005  0.07087334 0.25925926
 0.11979881 0.29172382 0.55281207 0.03566529
 0.13625972 0.49748514 0.25422954 0.11202561
 0.02789209 0.20210334 0.58847737 0.18152721
 0.33150434 0.15820759 0.44170096 0.06858711

MOTIF vleng_l3_f_41
letter-probability matrix: alength= 4 w= 9 
 0.31347289 0.07997853 0.21363392 0.39291465
 0.00214707 0.11755233 0.55662909 0.3236715 
 5.36768653e-04 5.36768653e-04 2.12560386e-01 7.86366076e-01
 2.30273752e-01 5.36768653e-04 5.56629093e-01 2.12560386e-01
 7.41814278e-01 5.36768653e-04 2.57112185e-01 5.36768653e-04
 0.19377348 0.48470209 0.14600107 0.17552335
 0.28180354 0.33279656 0.22973698 0.15566291
 0.20450886 0.45410628 0.26247987 0.07890499
 0.23242083 0.24422974 0.31078905 0.21256039

MOTIF vleng_l3_f_42
letter-probability matrix: alength= 4 w= 9 
 0.18924809 0.17653469 0.21067926 0.42353796
 0.03305485 0.51035234 0.15619324 0.30039956
 0.29676716 0.17035961 0.38576099 0.14711224
 0.43952052 0.1521976  0.16999637 0.23828551
 8.16563749e-01 3.63240102e-04 2.10679259e-02 1.62005085e-01
 0.01561932 0.00435888 0.16345805 0.81656375
 0.14529604 0.02143117 0.81656375 0.01670904
 0.12059571 0.32509989 0.16127861 0.39302579
 0.22629858 0.12023247 0.27497276 0.37849619

MOTIF vleng_l3_f_43
letter-probability matrix: alength= 4 w= 9 
 0.38475836 0.19814126 0.22825279 0.18884758
 0.44052045 0.08921933 0.36468401 0.10557621
 0.07843866 0.65018587 0.19776952 0.07360595
 0.08104089 0.55315985 0.18773234 0.17806691
 0.02788104 0.03048327 0.74535316 0.19628253
 6.07806691e-01 3.71747212e-04 1.93680297e-01 1.98141264e-01
 8.92193309e-02 3.71747212e-04 6.44609665e-01 2.65799257e-01
 0.29925651 0.32304833 0.05687732 0.32081784
 0.07509294 0.22527881 0.53085502 0.16877323

MOTIF vleng_l3_f_44
letter-probability matrix: alength= 4 w= 9 
 0.40515933 0.13277693 0.13391502 0.32814871
 0.03376328 0.14719272 0.04931715 0.76972686
 0.04324734 0.03603945 0.66388467 0.25682853
 0.67867982 0.01631259 0.03490137 0.27010622
 0.14415781 0.06525038 0.07094082 0.71965099
 0.01972686 0.02162367 0.6707132  0.28793627
 0.35508346 0.28224583 0.2560698  0.10660091
 0.34863429 0.12139605 0.24165402 0.28831563
 0.20599393 0.13960546 0.29097117 0.36342944

MOTIF vleng_l3_f_45
letter-probability matrix: alength= 4 w= 9 
 0.19176136 0.04971591 0.2681108  0.49041193
 0.0600142  0.11860795 0.421875   0.39950284
 0.23224432 0.27308239 0.02485795 0.46981534
 0.27734375 0.01349432 0.31818182 0.39098011
 0.109375   0.32634943 0.51491477 0.0493608 
 0.02450284 0.00106534 0.36434659 0.61008523
 0.5365767  0.2943892  0.16619318 0.00284091
 0.58735795 0.0287642  0.23828125 0.14559659
 0.16832386 0.24254261 0.39275568 0.19637784

MOTIF vleng_l3_f_46
letter-probability matrix: alength= 4 w= 9 
 0.22857143 0.05647059 0.04941176 0.66554622
 0.23798319 0.26420168 0.10554622 0.39226891
 0.18016807 0.33680672 0.20907563 0.27394958
 0.09478992 0.05210084 0.05008403 0.80302521
 0.73680672 0.05680672 0.01445378 0.19193277
 0.04201681 0.33512605 0.01378151 0.60907563
 0.5492437  0.01815126 0.00168067 0.43092437
 0.40638655 0.05310924 0.06184874 0.47865546
 0.42857143 0.03058824 0.07428571 0.46655462

MOTIF vleng_l3_f_47
letter-probability matrix: alength= 4 w= 9 
 0.46310331 0.07738333 0.28879138 0.17072198
 0.23015556 0.21021141 0.12883925 0.43079378
 0.28879138 0.20702034 0.37574791 0.12844037
 7.03230953e-01 3.98883127e-04 2.95971280e-01 3.98883127e-04
 0.36298365 0.26645393 0.12804148 0.24252094
 0.17949741 0.20382928 0.38611887 0.23055445
 0.82010371 0.02273634 0.14160351 0.01555644
 0.02951735 0.11846829 0.03829278 0.81372158
 0.03230953 0.03669725 0.877144   0.05384922

MOTIF vleng_l3_f_48
letter-probability matrix: alength= 4 w= 9 
 0.12041325 0.14356965 0.44531528 0.29070182
 0.06626291 0.04987531 0.26433915 0.61952262
 0.13288208 0.00320627 0.17883862 0.68507303
 4.95190595e-02 3.56252227e-04 4.95190595e-02 9.00605629e-01
 0.21268258 0.07801924 0.29283933 0.41645885
 0.05486284 0.02493766 0.44531528 0.47488422
 0.22087638 0.07374421 0.15283221 0.5525472 
 0.21339508 0.11293196 0.06091913 0.61275383
 0.02173139 0.00676879 0.37192732 0.5995725 

MOTIF vleng_l3_f_49
letter-probability matrix: alength= 4 w= 9 
 0.06119226 0.03789972 0.80931702 0.091591  
 0.03118831 0.18002369 0.74141334 0.04737465
 0.00750099 0.50138176 0.43939992 0.05171733
 2.64508488e-01 3.95183577e-01 3.39913146e-01 3.94788788e-04
 0.2605606  0.1338334  0.24595341 0.35965259
 0.17212791 0.56099487 0.20213186 0.06474536
 0.25503356 0.07619424 0.55467825 0.11409396
 0.07658902 0.33043822 0.31741019 0.27556257
 0.02092381 0.0702724  0.63995263 0.26885116

MOTIF vleng_l3_f_50
letter-probability matrix: alength= 4 w= 9 
 0.19889503 0.14951657 0.44854972 0.20303867
 0.08598066 0.29558011 0.20303867 0.41540055
 0.26553867 0.29799724 0.17299724 0.26346685
 3.35290055e-01 3.45303867e-04 6.64019337e-01 3.45303867e-04
 0.17714088 0.12085635 0.63570442 0.06629834
 0.0804558  0.31906077 0.48964088 0.11084254
 0.50207182 0.20683702 0.08459945 0.20649171
 0.10842541 0.19578729 0.16470994 0.53107735
 0.13017956 0.12430939 0.65504144 0.09046961

MOTIF vleng_l3_f_51
letter-probability matrix: alength= 4 w= 9 
 0.68162983 0.25241713 0.01968232 0.04627072
 0.54040055 0.04316298 0.20165746 0.21477901
 0.30006906 0.25276243 0.10220994 0.34495856
 0.06802486 0.07907459 0.07562155 0.77727901
 1.39157459e-01 3.45303867e-04 2.75207182e-01 5.85290055e-01
 0.21098066 0.00517956 0.75725138 0.0265884 
 0.32009669 0.22928177 0.31146409 0.13915746
 0.13259669 0.3128453  0.30041436 0.25414365
 0.08736188 0.21374309 0.54592541 0.15296961

MOTIF vleng_l3_f_52
letter-probability matrix: alength= 4 w= 9 
 0.16951673 0.25873606 0.18215613 0.38959108
 0.32193309 0.23494424 0.14312268 0.3       
 0.27732342 0.23457249 0.43828996 0.04981413
 0.17695167 0.3204461  0.29591078 0.20669145
 0.20334572 0.43159851 0.24200743 0.12304833
 7.19702602e-01 2.79553903e-01 3.71747212e-04 3.71747212e-04
 0.04052045 0.18736059 0.03122677 0.74089219
 0.05762082 0.13234201 0.80111524 0.00892193
 0.17918216 0.00483271 0.72267658 0.09330855

MOTIF vleng_l3_f_53
letter-probability matrix: alength= 4 w= 9 
 0.08703879 0.1641438  0.39025544 0.35856197
 0.00662252 0.05818354 0.56385998 0.37133396
 0.00567644 0.09318827 0.20009461 0.70104068
 0.1012299  0.03547777 0.59271523 0.27057711
 0.08561968 0.04068117 0.4910123  0.38268685
 0.48864711 0.2256386  0.11636708 0.16934721
 0.12771996 0.01135289 0.17076632 0.69016083
 0.15373699 0.08183538 0.44512772 0.31929991
 0.23746452 0.31646168 0.10596026 0.34011353

MOTIF vleng_l3_f_54
letter-probability matrix: alength= 4 w= 9 
 8.09739130e-01 1.25217391e-02 1.77391304e-01 3.47826087e-04
 0.3026087  0.12243478 0.15408696 0.42086957
 0.2173913  0.2653913  0.18121739 0.336     
 0.92486957 0.01530435 0.00973913 0.05008696
 2.88695652e-02 3.47826087e-04 2.08695652e-03 9.68695652e-01
 3.47826087e-04 3.47826087e-04 9.21043478e-01 7.82608696e-02
 0.25982609 0.23513043 0.23895652 0.26608696
 0.3053913  0.13252174 0.30017391 0.26191304
 0.368      0.19756522 0.15965217 0.27478261

MOTIF vleng_l3_f_55
letter-probability matrix: alength= 4 w= 9 
 0.24152069 0.1830041  0.25866567 0.31680954
 3.72717108e-04 3.72717108e-04 2.08721580e-02 9.78382408e-01
 6.98844577e-01 3.72717108e-04 2.07230712e-01 9.35519940e-02
 4.67014536e-01 3.72717108e-04 5.32240030e-01 3.72717108e-04
 0.14461424 0.0130451  0.0108088  0.83153187
 5.25531122e-01 4.84532240e-03 4.69250839e-01 3.72717108e-04
 0.60529258 0.02310846 0.29668282 0.07491614
 0.31233694 0.1807678  0.18225867 0.3246366 
 0.29481923 0.21915766 0.19157659 0.29444652

MOTIF vleng_l3_f_56
letter-probability matrix: alength= 4 w= 9 
 0.41277259 0.22897196 0.17601246 0.18224299
 0.77102804 0.04049844 0.13084112 0.0576324 
 0.20404984 0.33800623 0.05607477 0.40186916
 0.45794393 0.03582555 0.5046729  0.00155763
 0.53582555 0.00155763 0.46105919 0.00155763
 0.01869159 0.27102804 0.00155763 0.70872274
 0.13551402 0.70249221 0.00155763 0.16043614
 0.24299065 0.13862928 0.02959502 0.58878505
 0.71495327 0.08099688 0.16666667 0.03738318

MOTIF vleng_l3_f_57
letter-probability matrix: alength= 4 w= 9 
 0.02001357 0.41078697 0.06784261 0.50135685
 3.39213026e-04 7.17096336e-01 1.23134328e-01 1.59430122e-01
 0.11261872 0.71302578 0.09938942 0.07496608
 0.10312076 0.82903664 0.02035278 0.04748982
 0.18080054 0.43419267 0.06377205 0.32123474
 0.3358209  0.56037992 0.08921303 0.01458616
 0.16180461 0.44233379 0.0807327  0.3151289 
 0.11160109 0.28561737 0.41689281 0.18588874
 0.11702849 0.31071913 0.36160109 0.21065129

MOTIF vleng_l3_f_58
letter-probability matrix: alength= 4 w= 9 
 0.09638554 0.24096386 0.61445783 0.04819277
 0.28915663 0.38554217 0.31325301 0.01204819
 0.01204819 0.68674699 0.01204819 0.28915663
 0.01204819 0.20481928 0.5060241  0.27710843
 0.01204819 0.01204819 0.01204819 0.96385542
 0.96385542 0.01204819 0.01204819 0.01204819
 0.90361446 0.01204819 0.07228916 0.01204819
 0.74698795 0.06024096 0.01204819 0.18072289
 0.15662651 0.03614458 0.4939759  0.31325301

MOTIF vleng_l3_f_59
letter-probability matrix: alength= 4 w= 9 
 0.70378301 0.16595289 0.10599572 0.02426838
 0.18665239 0.25981442 0.08351178 0.47002141
 0.24518201 0.01998572 0.70556745 0.02926481
 0.37901499 0.11634547 0.03069236 0.47394718
 0.06174161 0.06852248 0.26088508 0.60885082
 0.06423983 0.33690221 0.40685225 0.19200571
 0.31441827 0.09600286 0.49250535 0.09707352
 0.21199143 0.27658815 0.28872234 0.22269807
 0.68843683 0.09100642 0.13526053 0.08529622

MOTIF vleng_l3_f_60
letter-probability matrix: alength= 4 w= 9 
 0.09380291 0.29834067 0.15171013 0.45614629
 0.08736878 0.08330511 0.30951575 0.51981036
 0.04063664 0.00880461 0.65966813 0.29089062
 3.38638673e-04 2.30274297e-02 6.75584152e-01 3.01049780e-01
 0.01286827 0.0104978  0.2512699  0.72536404
 0.45106671 0.03657298 0.3274636  0.18489672
 0.0761937  0.00880461 0.87775144 0.03725025
 0.1540806  0.15949881 0.21198781 0.47443278
 0.2644768  0.39383678 0.2346766  0.10700982

MOTIF vleng_l3_f_61
letter-probability matrix: alength= 4 w= 9 
 0.24670659 0.13133733 0.43313373 0.18882236
 0.21037924 0.25469062 0.39081836 0.14411178
 0.01037924 0.2243513  0.4998004  0.26546906
 0.0738523  0.11696607 0.80798403 0.0011976 
 0.31097804 0.08742515 0.58483034 0.01676647
 0.00678643 0.35848303 0.32814371 0.30658683
 0.0007984  0.00918164 0.43632735 0.55369261
 0.11576846 0.35688623 0.38003992 0.14730539
 0.26666667 0.150499   0.42275449 0.16007984

MOTIF vleng_l3_f_62
letter-probability matrix: alength= 4 w= 9 
 0.43260304 0.20126253 0.27330115 0.09283327
 7.44894170e-01 3.71333086e-04 2.54363164e-01 3.71333086e-04
 0.16598589 0.16635722 0.27181582 0.39584107
 0.1470479  0.1975492  0.40475306 0.25064983
 7.94652804e-01 3.71333086e-04 1.99034534e-01 5.94132937e-03
 0.0427033  0.13999257 0.02116599 0.79613814
 9.28332714e-03 3.71333086e-04 9.33160045e-01 5.71852952e-02
 0.26773115 0.23876717 0.14890457 0.3445971 
 0.21388786 0.2458225  0.26178983 0.27849981

MOTIF vleng_l3_f_63
letter-probability matrix: alength= 4 w= 9 
 0.35625432 0.23047685 0.32999309 0.08327574
 0.10400829 0.19073946 0.02695232 0.67829993
 0.01969592 0.24533518 0.38424326 0.35072564
 3.45542502e-04 3.45542502e-04 3.45542502e-04 9.98963372e-01
 6.40981341e-01 3.45542502e-04 3.58327574e-01 3.45542502e-04
 4.99654457e-01 3.45542502e-04 4.99654457e-01 3.45542502e-04
 0.26088459 0.40255701 0.22909468 0.10746372
 0.2788528  0.41257775 0.16136835 0.14720111
 0.14720111 0.19246717 0.2463718  0.41395992

MOTIF vleng_l3_f_64
letter-probability matrix: alength= 4 w= 9 
 0.20521988 0.15945656 0.2924562  0.34286736
 0.46406864 0.33643189 0.19485163 0.00464784
 0.25491598 0.10547015 0.49195567 0.14765821
 3.57525921e-04 2.50268144e-02 9.71397926e-01 3.21773329e-03
 3.57525921e-04 2.21666071e-02 9.77118341e-01 3.57525921e-04
 0.00214516 0.0496961  0.94672864 0.0014301 
 0.01573114 0.11548087 0.82266714 0.04612084
 0.06578477 0.16910976 0.52770826 0.23739721
 0.34393994 0.25956382 0.16446192 0.23203432

MOTIF vleng_l3_f_65
letter-probability matrix: alength= 4 w= 9 
 0.1504837  0.08706557 0.43067001 0.33178072
 0.07345038 0.05087782 0.81404515 0.06162666
 3.50053744e-01 3.58294518e-04 6.41705482e-01 7.88247940e-03
 0.00071659 0.04299534 0.59978502 0.35650305
 3.58294518e-04 7.81082049e-02 6.93658187e-01 2.27875314e-01
 0.02579721 0.24256539 0.30455034 0.42708707
 0.03547116 0.2221426  0.58545324 0.156933  
 0.12755285 0.35901111 0.0849158  0.42852024
 0.22178431 0.32282336 0.18165532 0.27373701

MOTIF vleng_l3_f_66
letter-probability matrix: alength= 4 w= 9 
 0.00212766 0.83829787 0.13191489 0.02765957
 0.73191489 0.19787234 0.02553191 0.04468085
 0.0212766  0.35319149 0.07021277 0.55531915
 0.19787234 0.77021277 0.00212766 0.02978723
 0.44255319 0.35957447 0.1106383  0.08723404
 0.01489362 0.00212766 0.58723404 0.39574468
 0.01489362 0.82340426 0.00212766 0.15957447
 0.18510638 0.16595745 0.00212766 0.64680851
 0.26382979 0.35957447 0.21702128 0.15957447

MOTIF vleng_l3_f_67
letter-probability matrix: alength= 4 w= 9 
 0.17720207 0.40967185 0.19758204 0.21554404
 0.10189983 0.42210708 0.26943005 0.20656304
 1.68566494e-01 7.53022453e-02 7.55785838e-01 3.45423143e-04
 0.11709845 0.39240069 0.45008636 0.04041451
 0.04905009 0.82590674 0.11882556 0.00621762
 2.10708117e-01 7.83074266e-01 3.45423143e-04 5.87219344e-03
 3.45423143e-04 7.62348877e-01 3.45423143e-04 2.36960276e-01
 0.08393782 0.35094991 0.53229706 0.0328152 
 0.04317789 0.3029361  0.49637306 0.15751295

MOTIF vleng_l3_f_68
letter-probability matrix: alength= 4 w= 9 
 0.33526012 0.14858892 0.23189391 0.28425706
 0.12920775 0.10608637 0.22203332 0.54267256
 0.1200272  0.16422985 0.01054063 0.70520231
 0.27303638 0.00544033 0.27677661 0.44474668
 0.48962938 0.05372322 0.28289697 0.17375043
 3.40020401e-04 3.40020401e-04 3.40020401e-04 9.98979939e-01
 7.88167290e-01 3.40020401e-04 2.11152669e-01 3.40020401e-04
 6.60999660e-01 3.40020401e-04 3.38320299e-01 3.40020401e-04
 0.35158109 0.15198912 0.21149269 0.2849371 

MOTIF vleng_l3_f_69
letter-probability matrix: alength= 4 w= 9 
 0.31002088 0.38343772 0.17849687 0.12804454
 0.74565066 0.00869868 0.20146138 0.04418928
 0.19311065 0.3921364  0.16771051 0.24704245
 7.06332637e-01 1.65274878e-01 1.28044537e-01 3.47947112e-04
 0.78148921 0.065762   0.09429367 0.05845511
 0.20633264 0.42623521 0.17536534 0.19206681
 0.25121781 0.32219903 0.28427279 0.14231037
 0.68197634 0.10508003 0.02400835 0.18893528
 0.00208768 0.10055672 0.19798191 0.6993737 

MOTIF vleng_l3_f_70
letter-probability matrix: alength= 4 w= 9 
 0.27195165 0.16388198 0.35691433 0.20725204
 0.25311056 0.04443654 0.1581941  0.5442588 
 4.72093850e-01 3.55492357e-04 6.11446854e-02 4.66405972e-01
 0.15641664 0.14504088 0.17881266 0.51972983
 0.40135087 0.05972272 0.464984   0.07394241
 0.29470316 0.21756132 0.02915037 0.45858514
 0.10451475 0.10273729 0.44436545 0.34838251
 0.10629221 0.23284749 0.4511198  0.20974049
 0.24884465 0.21969428 0.31852115 0.21293992

MOTIF vleng_l3_f_71
letter-probability matrix: alength= 4 w= 9 
 0.33100233 0.21445221 0.06177156 0.39277389
 0.35897436 0.0003885  0.3014763  0.33916084
 0.0042735  0.00505051 0.08080808 0.90986791
 0.12665113 0.06099456 0.37878788 0.43356643
 0.40986791 0.01165501 0.25912976 0.31934732
 1.08003108e-01 4.68531469e-01 4.23076923e-01 3.88500389e-04
 0.25796426 0.24358974 0.27389277 0.22455322
 0.47902098 0.15540016 0.27855478 0.08702409
 0.2047397  0.28710179 0.26573427 0.24242424

MOTIF vleng_l3_f_72
letter-probability matrix: alength= 4 w= 9 
 0.13721805 0.1137218  0.72603383 0.02302632
 0.17575188 0.70206767 0.06484962 0.05733083
 0.3656015  0.2537594  0.30451128 0.07612782
 0.3693609  0.48026316 0.14849624 0.0018797 
 0.02020677 0.01174812 0.86607143 0.10197368
 0.08740602 0.44454887 0.11842105 0.34962406
 0.10949248 0.06766917 0.18703008 0.63580827
 0.06156015 0.51456767 0.26926692 0.15460526
 0.02067669 0.40319549 0.40413534 0.17199248

MOTIF vleng_l3_f_73
letter-probability matrix: alength= 4 w= 9 
 0.61946903 0.00884956 0.07964602 0.2920354 
 0.00884956 0.00884956 0.36283186 0.61946903
 0.36283186 0.00884956 0.61946903 0.00884956
 0.46902655 0.14159292 0.2920354  0.09734513
 0.72566372 0.01769912 0.07964602 0.17699115
 0.47787611 0.50442478 0.00884956 0.00884956
 0.00884956 0.00884956 0.00884956 0.97345133
 0.74336283 0.00884956 0.23893805 0.00884956
 0.46902655 0.00884956 0.51327434 0.00884956

MOTIF vleng_l3_f_74
letter-probability matrix: alength= 4 w= 9 
 0.35158057 0.40478026 0.06476484 0.17887433
 0.69468003 0.09020817 0.13492675 0.08018504
 0.31341557 0.06090979 0.40092521 0.22474942
 0.00308404 0.04009252 0.01349268 0.94333076
 0.16538165 0.08172706 0.26715497 0.48573631
 0.08905166 0.13184271 0.40555127 0.37355436
 0.51619121 0.35736315 0.12066307 0.00578258
 0.2151118  0.03161141 0.13338473 0.61989206
 0.08789514 0.23592907 0.48727833 0.18889746

MOTIF vleng_l3_f_75
letter-probability matrix: alength= 4 w= 9 
 7.30980123e-01 1.02810144e-03 2.67649075e-01 3.42700480e-04
 0.29300891 0.23886223 0.1405072  0.32762166
 0.25668266 0.2176148  0.36291981 0.16278273
 9.70185058e-01 1.81631254e-02 3.42700480e-04 1.13091158e-02
 5.14050720e-03 6.85400960e-04 1.71350240e-02 9.77039068e-01
 3.42700480e-04 3.42700480e-04 9.88690884e-01 1.06237149e-02
 0.27347498 0.19362577 0.39787526 0.13502399
 0.27827279 0.37834133 0.20973269 0.13365319
 0.29335161 0.29643592 0.23303633 0.17717615

MOTIF vleng_l3_f_76
letter-probability matrix: alength= 4 w= 9 
 0.19425971 0.23731187 0.30416521 0.26426321
 3.50017501e-04 8.40042002e-03 3.50017501e-04 9.90899545e-01
 8.85544277e-01 3.50017501e-04 1.13755688e-01 3.50017501e-04
 7.28036402e-01 3.50017501e-04 2.71263563e-01 3.50017501e-04
 0.24746237 0.17185859 0.52677634 0.0539027 
 0.33671684 0.09100455 0.36261813 0.20966048
 0.02835142 0.44102205 0.10850543 0.42212111
 0.05775289 0.30836542 0.45712286 0.17675884
 0.29506475 0.36611831 0.18410921 0.15470774

MOTIF vleng_l3_f_77
letter-probability matrix: alength= 4 w= 9 
 0.18372253 0.19883242 0.34546703 0.27197802
 0.01133242 0.09237637 0.76820055 0.12809066
 0.20192308 0.53468407 0.06559066 0.1978022 
 5.35714286e-01 4.60851648e-01 3.43406593e-04 3.09065934e-03
 0.26717033 0.38736264 0.2915522  0.05391484
 0.55975275 0.11641484 0.25927198 0.06456044
 0.18166209 0.34752747 0.14800824 0.3228022 
 0.29120879 0.41998626 0.10542582 0.18337912
 0.17925824 0.15968407 0.15075549 0.5103022 

MOTIF vleng_l3_f_78
letter-probability matrix: alength= 4 w= 9 
 0.06898979 0.09750088 0.80851813 0.0249912 
 0.06195002 0.35973249 0.37768391 0.20063358
 0.02217529 0.17388244 0.6061246  0.19781767
 0.01689546 0.3688842  0.1967617  0.41745864
 0.26539951 0.21506512 0.21612108 0.30341429
 0.05420627 0.83315734 0.04787047 0.06476593
 0.27032735 0.02675114 0.55895811 0.14396339
 0.00457585 0.72685674 0.10102077 0.16754664
 0.05385428 0.35867652 0.51143963 0.07602957

MOTIF vleng_l3_f_79
letter-probability matrix: alength= 4 w= 9 
 0.12768817 0.12231183 0.18615591 0.56384409
 0.14986559 0.47177419 0.0766129  0.30174731
 0.27956989 0.06586022 0.09811828 0.55645161
 9.36155914e-01 6.72043011e-04 6.25000000e-02 6.72043011e-04
 0.16061828 0.08602151 0.0766129  0.67674731
 0.05981183 0.08736559 0.7594086  0.09341398
 0.49193548 0.28158602 0.08467742 0.14180108
 0.01680108 0.21908602 0.04099462 0.72311828
 0.05107527 0.19018817 0.64852151 0.11021505

MOTIF vleng_l3_f_80
letter-probability matrix: alength= 4 w= 9 
 0.60371517 0.04403165 0.34468524 0.00756794
 0.2002064  0.18919849 0.55349157 0.05710354
 0.26590987 0.57688338 0.04093567 0.11627107
 3.29549364e-01 3.43997248e-04 4.56140351e-01 2.13966288e-01
 0.01031992 0.11661507 0.57860337 0.29446164
 0.01823185 0.18128655 0.69556244 0.10491916
 0.45442036 0.27794978 0.18369453 0.08393533
 0.26074991 0.09150327 0.36635707 0.28138975
 0.07086343 0.3120055  0.2745098  0.34262126

MOTIF vleng_l3_f_81
letter-probability matrix: alength= 4 w= 9 
 0.37903518 0.21254987 0.31483497 0.09357998
 0.62640551 0.15016322 0.11824447 0.1051868 
 0.1468988  0.06710192 0.23685165 0.54914762
 4.64635473e-01 5.44069641e-03 5.29561117e-01 3.62713094e-04
 0.07544432 0.00362713 0.42691331 0.49401523
