MEME version 5.3.0

ALPHABET= ACGT

strands: + -

Background letter frequencies
A 0.25 C 0.25 G 0.25 T 0.25

MOTIF vleng_l3_f_0
letter-probability matrix: alength= 4 w= 9 
 0.33139535 0.10880399 0.38787375 0.17192691
 0.00083056 0.3679402  0.02242525 0.60880399
 0.42275748 0.05066445 0.48421927 0.0423588 
 0.17358804 0.15199336 0.64202658 0.03239203
 0.33554817 0.16362126 0.28737542 0.21345515
 0.04069767 0.65531561 0.00083056 0.30315615
 0.18272425 0.1154485  0.23421927 0.46760797
 0.66694352 0.15033223 0.05564784 0.12707641
 0.30315615 0.15946844 0.19352159 0.34385382

MOTIF vleng_l3_f_1
letter-probability matrix: alength= 4 w= 9 
 0.57720207 0.09360967 0.20276339 0.12642487
 0.17927461 0.05630397 0.43419689 0.33022453
 0.00310881 0.22728843 0.54265976 0.22694301
 0.04386874 0.07115717 0.09982729 0.7851468 
 0.11571675 0.11364421 0.34749568 0.42314335
 0.30880829 0.03212435 0.24801382 0.41105354
 0.20276339 0.1537133  0.18998273 0.45354059
 0.08048359 0.20276339 0.36131261 0.35544041
 0.14507772 0.12055268 0.42659758 0.30777202

MOTIF vleng_l3_f_2
letter-probability matrix: alength= 4 w= 9 
 0.1069228  0.29757158 0.1018485  0.49365712
 0.42297934 0.15657847 0.30554549 0.1148967 
 0.34650236 0.15802827 0.00326205 0.49220732
 0.30772019 0.08735049 0.28923523 0.31569409
 0.23305545 0.00398695 0.5534614  0.20949619
 0.02102211 0.15585357 0.76621964 0.05690468
 0.08553824 0.26205147 0.40558173 0.24682856
 0.28307358 0.08662559 0.58608191 0.04421892
 0.58753171 0.2268938  0.12577021 0.05980428

MOTIF vleng_l3_f_3
letter-probability matrix: alength= 4 w= 9 
 0.30281935 0.16846502 0.38670379 0.14201183
 0.04629307 0.11486251 0.37486947 0.46397494
 0.25165332 0.04524887 0.49460494 0.20849286
 0.18760877 0.33484163 0.1719457  0.3056039 
 0.22868082 0.29342151 0.00069614 0.47720153
 0.69996519 0.00870171 0.01148625 0.27984685
 0.17890707 0.50017403 0.05186216 0.26905674
 0.34702402 0.11903933 0.34632788 0.18760877
 0.57431257 0.07100592 0.26035503 0.09432649

MOTIF vleng_l3_f_4
letter-probability matrix: alength= 4 w= 9 
 0.28624674 0.37085352 0.16474096 0.17815878
 0.25531122 0.11964219 0.40663436 0.21841223
 0.01863586 0.12933284 0.46775997 0.38427134
 3.72717108e-04 1.02124488e-01 8.69176295e-01 2.83265002e-02
 0.18971301 0.43756988 0.25158405 0.12113306
 0.12448751 0.45620574 0.09839732 0.32090943
 0.08087961 0.1830041  0.04025345 0.69586284
 0.00745434 0.22325755 0.36265375 0.40663436
 0.02273574 0.2243757  0.60976519 0.14312337

MOTIF vleng_l3_f_5
letter-probability matrix: alength= 4 w= 9 
 0.18677966 0.12779661 0.39288136 0.29254237
 0.24542373 0.40711864 0.31423729 0.03322034
 0.21559322 0.30372881 0.43762712 0.04305085
 0.31084746 0.21423729 0.30033898 0.17457627
 0.10711864 0.06237288 0.12101695 0.70949153
 3.13559322e-01 3.38983051e-04 1.96610169e-02 6.66440678e-01
 0.03186441 0.18169492 0.36237288 0.4240678 
 0.2440678  0.24067797 0.16813559 0.34711864
 0.24440678 0.04372881 0.25559322 0.45627119

MOTIF vleng_l3_f_6
letter-probability matrix: alength= 4 w= 9 
 0.64277998 0.12783579 0.16852719 0.06085704
 6.02088585e-01 3.60100828e-04 3.60100828e-04 3.97191214e-01
 3.60100828e-04 3.60100828e-04 3.97191214e-01 6.02088585e-01
 0.09794743 0.09758732 0.67662946 0.12783579
 0.31436802 0.22218221 0.14980194 0.31364782
 0.35469932 0.24738927 0.2603529  0.13755852
 0.40439323 0.03637018 0.20525747 0.35397911
 0.21245949 0.16780699 0.1732085  0.44652503
 0.17644941 0.1742888  0.38386748 0.26539431

MOTIF vleng_l3_f_7
letter-probability matrix: alength= 4 w= 9 
 0.26895307 0.18411552 0.21624549 0.33068592
 0.17978339 0.39711191 0.01227437 0.41083032
 0.24043321 0.02274368 0.07509025 0.66173285
 0.25415162 0.06895307 0.50613718 0.17075812
 0.11913357 0.51913357 0.02166065 0.3400722 
 0.05379061 0.43826715 0.05740072 0.45054152
 0.40541516 0.23646209 0.03537906 0.32274368
 0.30180505 0.11696751 0.1967509  0.38447653
 0.19025271 0.16714801 0.05920578 0.5833935 

MOTIF vleng_l3_f_8
letter-probability matrix: alength= 4 w= 9 
 0.00801115 0.55590387 0.0553814  0.38070359
 0.16579589 0.37617555 0.16057123 0.29745733
 0.36851271 0.12225705 0.3256705  0.18355974
 0.61999303 0.13270637 0.06060606 0.18669453
 0.08394288 0.17450366 0.01219087 0.72936259
 0.00522466 0.14106583 0.687217   0.16649251
 0.17136886 0.37373737 0.20933473 0.24555904
 0.2344131  0.39951237 0.20619993 0.15987461
 0.13305468 0.4723093  0.31173807 0.08289794

MOTIF vleng_l3_f_9
letter-probability matrix: alength= 4 w= 9 
 0.41252996 0.21567956 0.27114002 0.10065046
 0.55289284 0.17904827 0.13043478 0.1376241 
 0.36905169 0.06949675 0.39643958 0.16501198
 0.31187949 0.18897638 0.46217049 0.03697364
 0.03423485 0.28380692 0.53235193 0.1496063 
 0.19582335 0.06710031 0.67442657 0.06264978
 0.00205409 0.02225265 0.17254365 0.80314961
 0.14275933 0.25847313 0.58233482 0.01643273
 0.22149949 0.05306402 0.60219103 0.12324546

MOTIF vleng_l3_f_10
letter-probability matrix: alength= 4 w= 9 
 0.11804996 0.17526189 0.5467365  0.15995165
 0.44560838 0.09830782 0.43352135 0.02256245
 0.10273973 0.39202256 0.1373892  0.36784851
 4.02900886e-04 8.46091861e-03 6.84528606e-01 3.06607575e-01
 0.07695407 0.19943594 0.19621273 0.52739726
 0.07493956 0.83279613 0.01047542 0.08178888
 1.15229654e-01 4.02900886e-04 7.27639001e-01 1.56728445e-01
 0.05197421 0.47985496 0.07655117 0.39161966
 0.11482675 0.40008058 0.28001612 0.20507655

MOTIF vleng_l3_f_11
letter-probability matrix: alength= 4 w= 9 
 0.04014599 0.11386861 0.14744526 0.69854015
 0.11532847 0.08978102 0.23759124 0.55729927
 0.18540146 0.13430657 0.01642336 0.66386861
 0.28394161 0.05474453 0.49233577 0.1689781 
 0.08248175 0.20255474 0.18686131 0.52810219
 3.64963504e-04 1.86131387e-02 3.58759124e-01 6.22262774e-01
 0.03284672 0.14854015 0.1649635  0.65364964
 0.06642336 0.05912409 0.7419708  0.13248175
 0.21861314 0.13868613 0.39489051 0.24781022

MOTIF vleng_l3_f_12
letter-probability matrix: alength= 4 w= 9 
 4.45599703e-03 9.69179354e-02 3.71333086e-04 8.98254734e-01
 0.46602302 0.12513925 0.24025251 0.16858522
 0.46490902 0.02265132 0.26810249 0.24433717
 0.3074638  0.49461567 0.16747122 0.03044931
 0.18975121 0.08317861 0.16487189 0.56219829
 0.01076866 0.03601931 0.86966209 0.08354994
 0.1942072  0.01262532 0.36761975 0.42554772
 0.17601188 0.09357594 0.51095433 0.21945785
 0.27404382 0.07723728 0.42220572 0.22651318

MOTIF vleng_l3_f_13
letter-probability matrix: alength= 4 w= 9 
 0.21490353 0.20691949 0.27811045 0.30006653
 0.28542914 0.13439787 0.42914172 0.15103127
 0.1756487  0.03725882 0.62275449 0.16433799
 0.05056554 0.08848969 0.72388556 0.13705921
 5.32268796e-02 6.65335995e-04 7.71124418e-01 1.74983367e-01
 7.31869594e-03 6.65335995e-04 9.70059880e-01 2.19560878e-02
 6.65335995e-04 6.65335995e-04 9.98003992e-01 6.65335995e-04
 0.01330672 0.07119095 0.90685296 0.00864937
 0.00066534 0.26081171 0.61144378 0.12707917

MOTIF vleng_l3_f_14
letter-probability matrix: alength= 4 w= 9 
 0.15138233 0.24679703 0.31793661 0.28388402
 0.07282535 0.28961564 0.13519892 0.50236008
 3.37154417e-04 3.16925152e-02 6.00134862e-02 9.07956844e-01
 0.08024275 0.16520566 0.1338503  0.62070128
 0.0192178  0.05529332 0.59642616 0.32906271
 0.07012812 0.00539447 0.37559002 0.54888739
 0.2521915  0.45010115 0.04821308 0.24949427
 3.54012138e-02 3.37154417e-04 3.83344572e-01 5.80917060e-01
 0.18273769 0.08934592 0.23634525 0.49157114

MOTIF vleng_l3_f_15
letter-probability matrix: alength= 4 w= 9 
 0.1504517  0.4562196  0.19006254 0.20326616
 7.96386379e-01 5.90687978e-03 1.97359277e-01 3.47463516e-04
 0.25086866 0.41278666 0.07157748 0.2647672 
 0.11744267 0.3561501  0.20535094 0.32105629
 0.23940236 0.02154274 0.54794997 0.19110493
 0.01528839 0.0218902  0.50938151 0.45343989
 0.02258513 0.07852675 0.51563586 0.38325226
 0.080959   0.02466991 0.45656706 0.43780403
 0.14628214 0.23488534 0.34885337 0.26997915

MOTIF vleng_l3_f_16
letter-probability matrix: alength= 4 w= 9 
 0.18345813 0.53914227 0.13921035 0.13818924
 0.08645337 0.46289993 0.34206943 0.10857726
 0.0735194  0.52008169 0.23893805 0.16746086
 3.30156569e-02 6.99455412e-01 2.67188564e-01 3.40367597e-04
 0.00714772 0.88767869 0.03335602 0.07181756
 0.00850919 0.93941457 0.0262083  0.02586794
 0.02450647 0.85568414 0.07079646 0.04901293
 0.04594963 0.81313819 0.10245065 0.03846154
 0.16984343 0.32334922 0.2688904  0.23791695

MOTIF vleng_l3_f_17
letter-probability matrix: alength= 4 w= 9 
 0.26105263 0.21333333 0.20245614 0.32315789
 0.22701754 0.29263158 0.19719298 0.28315789
 9.92982456e-01 3.50877193e-04 6.31578947e-03 3.50877193e-04
 3.50877193e-04 3.50877193e-04 1.05263158e-02 9.88771930e-01
 3.50877193e-04 3.50877193e-04 9.98947368e-01 3.50877193e-04
 0.12877193 0.16807018 0.48526316 0.21789474
 0.28526316 0.06       0.37157895 0.28315789
 0.29754386 0.09719298 0.47192982 0.13333333
 0.30982456 0.1554386  0.24982456 0.28491228

MOTIF vleng_l3_f_18
letter-probability matrix: alength= 4 w= 9 
 0.08020305 0.55397631 0.14416244 0.22165821
 0.23654822 0.01556684 0.4822335  0.26565144
 0.0751269  0.16852792 0.61725888 0.13908629
 0.27986464 0.14720812 0.26362098 0.30930626
 0.07072758 0.37055838 0.5428088  0.01590525
 0.01996616 0.8071066  0.10998308 0.06294416
 0.11810491 0.57326565 0.19864636 0.10998308
 0.42335025 0.1285956  0.38747885 0.0605753 
 0.19390863 0.07275804 0.44433164 0.28900169

MOTIF vleng_l3_f_19
letter-probability matrix: alength= 4 w= 9 
 0.14101778 0.05211527 0.23666462 0.57020233
 0.07173513 0.02084611 0.13120785 0.77621091
 0.69221337 0.02391171 0.13549969 0.14837523
 0.15450644 0.39301042 0.02023299 0.43225015
 0.03433476 0.31882281 0.47148988 0.17535254
 0.35499693 0.42918455 0.17290006 0.04291845
 0.12201104 0.14592275 0.08277131 0.64929491
 0.14837523 0.67995095 0.05211527 0.11955855
 0.4040466  0.24340895 0.1888412  0.16370325

MOTIF vleng_l3_f_20
letter-probability matrix: alength= 4 w= 9 
 0.06256158 0.41724138 0.25862069 0.26157635
 4.92610837e-04 6.73891626e-01 6.79802956e-02 2.57635468e-01
 0.12364532 0.47881773 0.17635468 0.22118227
 0.21921182 0.06650246 0.35221675 0.36206897
 7.62561576e-01 4.92610837e-04 2.95566502e-03 2.33990148e-01
 3.69458128e-02 4.92610837e-04 4.92610837e-04 9.62068966e-01
 0.57093596 0.18866995 0.08325123 0.15714286
 0.19950739 0.30394089 0.21182266 0.28472906
 0.13004926 0.24187192 0.22561576 0.40246305

MOTIF vleng_l3_f_21
letter-probability matrix: alength= 4 w= 9 
 0.11959554 0.39016736 0.23012552 0.26011158
 0.29986053 0.0209205  0.54567643 0.13354254
 0.5264993  0.21827057 0.17468619 0.08054393
 0.01847978 0.65934449 0.2179219  0.10425384
 0.2388424  0.11436541 0.59728033 0.04951185
 0.18723849 0.45502092 0.13807531 0.21966527
 0.41910739 0.11262204 0.38145049 0.08682008
 0.56694561 0.15237099 0.02057183 0.26011158
 0.46304045 0.22419805 0.19351464 0.11924686

MOTIF vleng_l3_f_22
letter-probability matrix: alength= 4 w= 9 
 0.26549587 0.29993113 0.23243802 0.20213499
 0.26997245 0.26033058 0.27548209 0.19421488
 0.04717631 0.66184573 0.25103306 0.0399449 
 0.01515152 0.53650138 0.3415978  0.10674931
 3.44352617e-04 9.94490358e-01 3.44352617e-03 1.72176309e-03
 3.44352617e-04 9.86914601e-01 1.23966942e-02 3.44352617e-04
 0.11329201 0.86329201 0.00826446 0.01515152
 0.07231405 0.83471074 0.02100551 0.0719697 
 0.19869146 0.4665978  0.18560606 0.14910468

MOTIF vleng_l3_f_23
letter-probability matrix: alength= 4 w= 9 
 0.2643824  0.21150592 0.25634518 0.2677665 
 0.2356176  0.15862944 0.30245347 0.30329949
 8.48984772e-01 2.96108291e-02 1.20981387e-01 4.23011844e-04
 0.4606599  0.04441624 0.15439932 0.34052453
 0.18697124 0.11844332 0.47758037 0.21700508
 8.19373942e-01 3.84940778e-02 1.41708968e-01 4.23011844e-04
 4.23011844e-04 1.31979695e-01 4.23011844e-04 8.67174281e-01
 0.01818951 0.00634518 0.96108291 0.0143824 
 0.19923858 0.12944162 0.36505922 0.30626058

MOTIF vleng_l3_f_24
letter-probability matrix: alength= 4 w= 9 
 0.58014248 0.03873553 0.04630454 0.33481745
 0.49910953 0.16562778 0.09216385 0.24309884
 0.22573464 0.02894034 0.039626   0.70569902
 8.45948353e-03 4.45235975e-04 4.54140695e-02 9.45681211e-01
 0.00400712 0.03116652 0.11620659 0.84861977
 4.40783615e-02 4.45235975e-04 3.33036509e-01 6.22439893e-01
 0.28138914 0.04363313 0.45146928 0.22350846
 0.32635797 0.15360641 0.09572573 0.42430988
 0.12778272 0.02804987 0.11709706 0.72707035

MOTIF vleng_l3_f_25
letter-probability matrix: alength= 4 w= 9 
 0.43459459 0.23027027 0.12396396 0.21117117
 0.20252252 0.33801802 0.03099099 0.42846847
 0.4572973  0.0954955  0.31135135 0.13585586
 0.74846847 0.02990991 0.16144144 0.06018018
 0.19027027 0.01333333 0.05693694 0.73945946
 1.34414414e-01 3.60360360e-04 7.06666667e-01 1.58558559e-01
 0.10666667 0.20072072 0.26558559 0.42702703
 0.22414414 0.22954955 0.34054054 0.20576577
 0.21117117 0.2436036  0.18918919 0.35603604

MOTIF vleng_l3_f_26
letter-probability matrix: alength= 4 w= 9 
 0.14056399 0.21518438 0.59219089 0.05206074
 0.01908894 0.00737527 0.37960954 0.59392625
 0.06681128 0.00086768 0.3626898  0.56963124
 0.06854664 0.22516269 0.4186551  0.28763557
 0.25943601 0.10065076 0.41388286 0.22603037
 0.16138829 0.16008677 0.21561822 0.46290672
 0.80867679 0.00086768 0.0208243  0.16963124
 0.07505423 0.38785249 0.22559653 0.31149675
 0.32754881 0.23904555 0.11019523 0.32321041

MOTIF vleng_l3_f_27
letter-probability matrix: alength= 4 w= 9 
 0.6        0.32505855 0.07259953 0.00234192
 0.66088993 0.08430913 0.10257611 0.15222482
 0.44918033 0.10117096 0.33067916 0.11896956
 4.68384075e-04 4.37002342e-01 6.55737705e-02 4.96955504e-01
 4.68384075e-04 3.27868852e-03 2.24824356e-02 9.73770492e-01
 9.83606557e-03 4.68384075e-04 9.23653396e-01 6.60421546e-02
 0.20046838 0.10117096 0.40327869 0.29508197
 0.19016393 0.06042155 0.08946136 0.65995316
 0.23653396 0.09929742 0.21592506 0.44824356

MOTIF vleng_l3_f_28
letter-probability matrix: alength= 4 w= 9 
 0.0820996  0.30215343 0.55921938 0.05652759
 0.17126514 0.07873486 0.17025572 0.57974428
 0.11944818 0.02355316 0.23317631 0.62382234
 0.21601615 0.12853297 0.30753701 0.34791386
 0.07099596 0.12853297 0.5935397  0.20693136
 0.0282638  0.61339166 0.14771198 0.21063257
 0.17362046 0.73620458 0.02422611 0.06594886
 0.05989233 0.11574697 0.43640646 0.38795424
 0.07738896 0.32267833 0.38324361 0.2166891 

MOTIF vleng_l3_f_29
letter-probability matrix: alength= 4 w= 9 
 0.54399009 0.37587774 0.00908715 0.07104502
 0.12556795 0.1928955  0.64601404 0.03552251
 0.16109046 0.24494011 0.09830648 0.49566295
 0.01197852 0.24865758 0.35687732 0.38248658
 0.63031805 0.0503924  0.03923998 0.28004957
 0.88104089 0.06154482 0.05534903 0.00206526
 0.15737299 0.5299463  0.27178852 0.04089219
 0.16150351 0.55679471 0.0503924  0.23130938
 0.26228831 0.20900454 0.26022305 0.2684841 

MOTIF vleng_l3_f_30
letter-probability matrix: alength= 4 w= 9 
 0.25601375 0.20721649 0.12989691 0.40687285
 0.53986254 0.13573883 0.21993127 0.10446735
 0.24707904 0.15120275 0.36082474 0.24089347
 0.004811   0.02714777 0.03024055 0.93780069
 0.52508591 0.00790378 0.46254296 0.00446735
 0.74570447 0.01993127 0.22508591 0.00927835
 0.11030928 0.03402062 0.0628866  0.79278351
 0.54570447 0.10859107 0.21340206 0.13230241
 0.62611684 0.05292096 0.25154639 0.06941581

MOTIF vleng_l3_f_31
letter-probability matrix: alength= 4 w= 9 
 0.33333333 0.11614402 0.17770035 0.3728223 
 0.13821138 0.1387921  0.33217189 0.39082462
 0.00522648 0.00638792 0.07084785 0.91753775
 7.62485482e-01 5.80720093e-04 9.93031359e-02 1.37630662e-01
 0.42915215 0.04703833 0.46399535 0.05981417
 0.03774681 0.01335656 0.01974448 0.92915215
 0.60917538 0.01567944 0.32346109 0.05168409
 7.24157956e-01 4.58768873e-02 2.29384437e-01 5.80720093e-04
 0.36178862 0.20731707 0.24099884 0.18989547

MOTIF vleng_l3_f_32
letter-probability matrix: alength= 4 w= 9 
 0.13603069 0.28915242 0.35891175 0.21590513
 0.18486223 0.15416812 0.21974189 0.44122776
 0.35960935 0.13289152 0.30833624 0.19916289
 0.17544472 0.15835368 0.64422742 0.02197419
 0.04673875 0.66062086 0.27694454 0.01569585
 3.48796652e-04 7.03522846e-01 2.95779561e-01 3.48796652e-04
 3.48796652e-04 7.10149983e-01 1.45797000e-01 1.43704220e-01
 0.02615975 0.5622602  0.3442623  0.06731775
 0.11545169 0.32507848 0.26648064 0.29298919

MOTIF vleng_l3_f_33
letter-probability matrix: alength= 4 w= 9 
 0.23443348 0.29635931 0.27492344 0.19428377
 0.26913916 0.20347057 0.22388568 0.30350459
 0.13542021 0.27934672 0.12181014 0.46342293
 0.47124872 0.31575366 0.16093909 0.05205852
 0.09765226 0.58863559 0.30078258 0.01292957
 0.0854032  0.02483838 0.88839741 0.00136101
 0.28751276 0.29874107 0.17965294 0.23409323
 0.33072474 0.2286492  0.01871385 0.42191222
 0.81184076 0.02994216 0.10479755 0.05341953

MOTIF vleng_l3_f_34
letter-probability matrix: alength= 4 w= 9 
 0.14058454 0.33074362 0.0336663  0.49500555
 0.21161672 0.35479097 0.06326304 0.37032926
 0.10506844 0.65297817 0.17499075 0.06696263
 0.02848687 0.66592675 0.10802812 0.19755827
 0.14428413 0.42656308 0.15390307 0.27524972
 0.03292638 0.86200518 0.00924898 0.09581946
 0.35109138 0.51239364 0.1191269  0.01738809
 0.14132445 0.42286349 0.28153903 0.15427303
 0.24417314 0.22863485 0.12948576 0.39770625

MOTIF vleng_l3_f_35
letter-probability matrix: alength= 4 w= 9 
 0.29758994 0.14879497 0.3594132  0.19420189
 0.34439399 0.38630807 0.17708697 0.09221097
 0.27034579 0.21725463 0.33636046 0.17603912
 0.0087321  0.00349284 0.84421935 0.14355571
 0.00244499 0.02200489 0.01571778 0.95983234
 0.00838282 0.00174642 0.98637793 0.00349284
 3.49283968e-04 3.52776808e-02 9.20013971e-01 4.43590639e-02
 0.20468041 0.16730702 0.36570031 0.26231226
 0.12085225 0.20468041 0.38945162 0.28501572

MOTIF vleng_l3_f_36
letter-probability matrix: alength= 4 w= 9 
 0.16134569 0.27840714 0.13594233 0.42430484
 0.25060076 0.53587367 0.10367319 0.10985239
 0.35633368 0.24716787 0.08410573 0.31239272
 0.36628905 0.52694816 0.08307587 0.02368692
 0.06110539 0.13559904 0.26810848 0.53518709
 0.12324065 0.23480947 0.06591143 0.57603845
 0.52145554 0.06797116 0.01853759 0.3920357 
 0.09886715 0.18400275 0.26055613 0.45657398
 0.11603158 0.6536217  0.11946447 0.11088225

MOTIF vleng_l3_f_37
letter-probability matrix: alength= 4 w= 9 
 0.18607857 0.143694   0.46519642 0.20503101
 0.27980703 0.13404549 0.25120606 0.33494142
 0.26946933 0.12543074 0.34286699 0.26223294
 0.10509993 0.05203308 0.46381806 0.37904893
 0.02963473 0.45141282 0.17780841 0.34114404
 0.04548587 0.41316334 0.40971744 0.13163336
 0.0034459  0.50206754 0.28532047 0.20916609
 0.02549966 0.95279118 0.00413508 0.01757409
 0.05237767 0.78842178 0.04583046 0.11337009

MOTIF vleng_l3_f_38
letter-probability matrix: alength= 4 w= 9 
 0.31937465 0.07649358 0.14182021 0.46231156
 0.1747627  0.3093244  0.15633724 0.35957566
 0.42099386 0.0731435  0.03015075 0.47571189
 0.61474037 0.26912339 0.09659408 0.01954216
 0.44835288 0.10496929 0.01395868 0.43271915
 0.02065885 0.53266332 0.00055835 0.44611949
 0.04187605 0.28252373 0.0413177  0.63428252
 0.00055835 0.0826354  0.46957007 0.44723618
 0.35622557 0.03238414 0.59463987 0.01675042

MOTIF vleng_l3_f_39
letter-probability matrix: alength= 4 w= 9 
 0.10477499 0.39264857 0.05221573 0.4503607 
 0.04431467 0.02129852 0.76674682 0.16763999
 0.17588458 0.05015459 0.14428032 0.62968052
 0.0013741  0.14015802 0.28787358 0.5705943 
 0.34558571 0.10237032 0.15973892 0.39230505
 0.46066644 0.237719   0.01271041 0.28890416
 2.39093095e-01 3.18103744e-01 3.43524562e-04 4.42459636e-01
 0.12126417 0.53452422 0.11542425 0.22878736
 0.15046376 0.50291996 0.30230161 0.04431467

MOTIF vleng_l3_f_40
letter-probability matrix: alength= 4 w= 9 
 0.26492537 0.20948827 0.25159915 0.27398721
 0.27558635 0.19882729 0.27078891 0.25479744
 1.91897655e-02 4.79744136e-03 5.33049041e-04 9.75479744e-01
 0.67110874 0.00479744 0.30490405 0.01918977
 6.39658849e-01 5.33049041e-04 3.55010661e-01 4.79744136e-03
 5.33049041e-04 5.33049041e-04 5.33049041e-04 9.98400853e-01
 7.78784648e-01 5.33049041e-04 2.20149254e-01 5.33049041e-04
 6.55650320e-01 5.33049041e-04 3.43283582e-01 5.33049041e-04
 0.30170576 0.20628998 0.24946695 0.24253731

MOTIF vleng_l3_f_41
letter-probability matrix: alength= 4 w= 9 
 0.13673688 0.39807212 0.30132096 0.16387005
 0.2766869  0.02641914 0.27632988 0.42056408
 0.23920029 0.34808997 0.19028918 0.22242056
 0.0999643  0.73438058 0.0278472  0.13780793
 0.25205284 0.35308818 0.10960371 0.28525527
 0.01428061 0.01535166 0.23527312 0.73509461
 0.32059979 0.05212424 0.11460193 0.51267404
 0.23384506 0.08889682 0.4744734  0.20278472
 0.07425919 0.25312388 0.16387005 0.50874688

MOTIF vleng_l3_f_42
letter-probability matrix: alength= 4 w= 9 
 0.00272665 0.28902522 0.02999318 0.67825494
 0.05214724 0.27743695 0.18847989 0.48193592
 0.23585549 0.10122699 0.29072938 0.37218814
 0.78629857 0.01704158 0.05316973 0.14349012
 7.36196319e-02 3.40831629e-04 6.20313565e-02 8.64008180e-01
 4.08997955e-03 3.40831629e-04 7.04839809e-01 2.90729380e-01
 0.15167007 0.2791411  0.30197682 0.267212  
 0.38957055 0.07668712 0.30402181 0.22972052
 0.25937287 0.16802999 0.23824131 0.33435583

MOTIF vleng_l3_f_43
letter-probability matrix: alength= 4 w= 9 
 0.24241355 0.07233592 0.48447424 0.20077629
 0.04587156 0.20783345 0.35144672 0.39484827
 0.54375441 0.30698659 0.08503881 0.06422018
 2.62526464e-01 3.52858151e-04 2.40649259e-01 4.96471418e-01
 0.57798165 0.0067043  0.27875794 0.1365561 
 0.25617502 0.08256881 0.1838391  0.47741708
 0.25370501 0.04304869 0.49223712 0.21100917
 0.3203952  0.30416373 0.14149612 0.23394495
 0.25758645 0.0564573  0.21524347 0.47071277

MOTIF vleng_l3_f_44
letter-probability matrix: alength= 4 w= 9 
 0.19903912 0.39842141 0.15374056 0.2487989 
 0.13246397 0.66026081 0.12834592 0.07892931
 3.43170899e-04 5.36719286e-01 3.46259437e-01 1.16678106e-01
 0.24673988 0.36307481 0.31297186 0.07721345
 0.0895676  0.52573782 0.1190803  0.26561428
 0.02985587 0.18153741 0.21482498 0.57378174
 0.29958819 0.08750858 0.34248456 0.27041867
 0.1132464  0.47838023 0.20624571 0.20212766
 0.28277282 0.24502402 0.27522306 0.1969801 

MOTIF vleng_l3_f_45
letter-probability matrix: alength= 4 w= 9 
 0.07633588 0.16030534 0.16030534 0.60305344
 0.20458015 0.43969466 0.33587786 0.01984733
 0.43053435 0.12671756 0.27480916 0.16793893
 0.26412214 0.31145038 0.28549618 0.1389313 
 0.06259542 0.0870229  0.84885496 0.00152672
 0.19389313 0.09465649 0.70381679 0.00763359
 0.00152672 0.16030534 0.61984733 0.21832061
 0.01221374 0.00152672 0.51145038 0.47480916
 0.17862595 0.13282443 0.55419847 0.13435115

MOTIF vleng_l3_f_46
letter-probability matrix: alength= 4 w= 9 
 0.20760534 0.31277835 0.36656389 0.11305242
 0.42822885 0.2288455  0.1274409  0.21548476
 0.13908873 0.69955464 0.09592326 0.06543337
 0.22781775 0.19150394 0.14080164 0.43987667
 0.19595752 0.36108256 0.11613566 0.32682425
 0.05275779 0.55155875 0.11476533 0.28091812
 0.09695101 0.33915725 0.07228503 0.49160671
 0.16135663 0.62315862 0.06509078 0.15039397
 0.21959575 0.39499829 0.06132237 0.32408359

MOTIF vleng_l3_f_47
letter-probability matrix: alength= 4 w= 9 
 0.1557377  0.49624317 0.11543716 0.23258197
 0.18374317 0.21174863 0.5727459  0.0317623 
 0.0068306  0.13763661 0.01775956 0.83777322
 3.41530055e-04 2.15846995e-01 8.19672131e-03 7.75614754e-01
 0.01502732 0.00819672 0.24556011 0.73121585
 0.0976776  0.36270492 0.08265027 0.45696721
 0.1977459  0.03039617 0.39515027 0.37670765
 0.24931694 0.21892077 0.17964481 0.35211749
 0.11270492 0.34221311 0.34050546 0.2045765 

MOTIF vleng_l3_f_48
letter-probability matrix: alength= 4 w= 9 
 0.37210172 0.15407629 0.36350037 0.11032162
 0.5961107  0.08825729 0.2946896  0.02094241
 0.19820494 0.15183246 0.31862378 0.33133882
 0.25766642 0.07217651 0.56694091 0.10321616
 0.26215408 0.00860135 0.55160808 0.1776365 
 0.02617801 0.23485415 0.42969334 0.3092745 
 0.05198205 0.14659686 0.5987285  0.2026926 
 0.18175019 0.21952132 0.33620045 0.26252805
 0.04637248 0.09536275 0.78272251 0.07554226

MOTIF vleng_l3_f_49
letter-probability matrix: alength= 4 w= 9 
 0.29656684 0.11979547 0.31994156 0.26369613
 0.31628926 0.0934989  0.10956903 0.4806428 
 0.35135135 0.29656684 0.22790358 0.12417823
 0.12710007 0.04821037 0.04821037 0.77647918
 0.01168736 0.13148283 0.02994887 0.82688093
 8.76552228e-03 7.30460190e-04 2.48356465e-02 9.65668371e-01
 0.7779401  0.00438276 0.11468225 0.10299489
 0.71365961 0.00292184 0.28268809 0.00073046
 0.10080351 0.09276844 0.51059167 0.29583638

MOTIF vleng_l3_f_50
letter-probability matrix: alength= 4 w= 9 
 0.16161972 0.23838028 0.13838028 0.46161972
 0.24330986 0.08767606 0.37288732 0.29612676
 0.24859155 0.17922535 0.44260563 0.12957746
 0.35105634 0.03802817 0.50809859 0.1028169 
 0.0584507  0.03204225 0.54788732 0.36161972
 0.31549296 0.14577465 0.08661972 0.45211268
 0.29929577 0.16232394 0.2165493  0.32183099
 0.44894366 0.02852113 0.42147887 0.10105634
 0.36373239 0.12992958 0.17323944 0.33309859

MOTIF vleng_l3_f_51
letter-probability matrix: alength= 4 w= 9 
 0.20286086 0.20936281 0.28738622 0.30039012
 1.01430429e-01 6.50195059e-04 6.50195059e-04 8.97269181e-01
 0.63394018 0.0006502  0.26397919 0.10143043
 0.49089727 0.0006502  0.50780234 0.0006502 
 6.50195059e-04 6.50195059e-04 6.50195059e-04 9.98049415e-01
 8.62158648e-01 6.50195059e-04 1.36540962e-01 6.50195059e-04
 0.54811443 0.0006502  0.45058518 0.0006502 
 0.3426528  0.17750325 0.30559168 0.17425228
 0.27503251 0.18985696 0.27503251 0.26007802

MOTIF vleng_l3_f_52
letter-probability matrix: alength= 4 w= 9 
 0.24113475 0.36643026 0.11977935 0.27265563
 0.79944838 0.09850276 0.06304177 0.03900709
 0.31284476 0.20882585 0.00157604 0.47675335
 0.214342   0.12214342 0.49684791 0.16666667
 0.37785658 0.0212766  0.34318361 0.25768322
 0.12923562 0.16312057 0.11229314 0.59535067
 0.02167061 0.11899133 0.49566588 0.36367218
 0.07446809 0.2037037  0.32348306 0.39834515
 0.29117415 0.29550827 0.15327029 0.26004728

MOTIF vleng_l3_f_53
letter-probability matrix: alength= 4 w= 9 
 0.14165827 0.63846928 0.09701242 0.12286002
 0.29204431 0.64585431 0.02685465 0.03524673
 1.40986908e-02 3.35683115e-04 9.40584089e-01 4.49815374e-02
 0.00234978 0.54850621 0.16381336 0.28533065
 0.08862034 0.38469285 0.02047667 0.50621014
 0.11312521 0.35146022 0.20610943 0.32930514
 0.00100705 0.55320577 0.306143   0.13964418
 0.26116146 0.43168849 0.1074186  0.19973145
 0.39677744 0.18026183 0.19738167 0.22557905

MOTIF vleng_l3_f_54
letter-probability matrix: alength= 4 w= 9 
 0.05709625 0.15497553 0.52854812 0.2593801 
 0.00163132 0.00163132 0.00163132 0.99510604
 0.8548124  0.00163132 0.14192496 0.00163132
 0.58075041 0.00163132 0.41598695 0.00163132
 0.00163132 0.00163132 0.00163132 0.99510604
 0.76998369 0.00163132 0.22675367 0.00163132
 0.78955954 0.00163132 0.20717781 0.00163132
 0.2593801  0.17944535 0.3278956  0.23327896
 0.28384992 0.14845024 0.39967374 0.1680261 

MOTIF vleng_l3_f_55
letter-probability matrix: alength= 4 w= 9 
 0.07208589 0.16564417 0.00766871 0.75460123
 0.69631902 0.07208589 0.11349693 0.11809816
 0.31288344 0.0107362  0.66411043 0.01226994
 0.18251534 0.07361963 0.30674847 0.43711656
 0.4708589  0.03067485 0.00153374 0.49693252
 0.21165644 0.10582822 0.33282209 0.34969325
 0.29294479 0.54141104 0.15184049 0.01380368
 0.11656442 0.73619632 0.14110429 0.00613497
 0.19325153 0.1595092  0.23773006 0.4095092 

MOTIF vleng_l3_f_56
letter-probability matrix: alength= 4 w= 9 
 0.46618606 0.39272228 0.06591143 0.07518023
 0.35084106 0.1884655  0.32681085 0.1338826 
 0.01441813 0.49742533 0.03158256 0.45657398
 0.33299004 0.21146584 0.1277034  0.32784071
 0.17370409 0.14177824 0.45451425 0.23000343
 0.25403364 0.25334706 0.17782355 0.31479574
 0.10298661 0.60247168 0.05046344 0.24407827
 0.16237556 0.44112599 0.328184   0.06831445
 0.19361483 0.58496395 0.06659801 0.15482321

MOTIF vleng_l3_f_57
letter-probability matrix: alength= 4 w= 9 
 0.02675246 0.08465967 0.29698612 0.59160176
 0.2407721  0.20894006 0.24619031 0.30409753
 0.36843888 0.17913986 0.13240772 0.32001355
 0.51642398 0.26684727 0.13918049 0.07754826
 0.44768033 0.04436167 0.1540806  0.35387741
 0.42262106 0.01625466 0.00507958 0.5560447 
 4.40568913e-01 3.38638673e-04 2.54656282e-01 3.04436167e-01
 0.28818151 0.13918049 0.06400271 0.50863529
 0.62952929 0.03826617 0.25905858 0.07314595

MOTIF vleng_l3_f_58
letter-probability matrix: alength= 4 w= 9 
 0.22354949 0.20784983 0.43959044 0.12901024
 0.04573379 0.61638225 0.07030717 0.26757679
 0.07679181 0.53959044 0.34607509 0.03754266
 0.15085324 0.3116041  0.47133106 0.0662116 
 0.24744027 0.33617747 0.09897611 0.31740614
 0.28020478 0.31740614 0.27337884 0.12901024
 0.20307167 0.38191126 0.18088737 0.23412969
 0.08156997 0.01433447 0.86177474 0.04232082
 0.08327645 0.18532423 0.55085324 0.18054608

MOTIF vleng_l3_f_59
letter-probability matrix: alength= 4 w= 9 
 0.50355872 0.1747331  0.09252669 0.22918149
 0.20071174 0.24341637 0.10177936 0.45409253
 0.5366548  0.04839858 0.33451957 0.08042705
 0.76263345 0.06797153 0.02633452 0.1430605 
 0.07615658 0.05231317 0.14128114 0.73024911
 0.2252669  0.01886121 0.70640569 0.04946619
 0.18576512 0.08754448 0.20640569 0.5202847 
 0.19288256 0.14911032 0.54982206 0.10818505
 0.16192171 0.11957295 0.33202847 0.38647687

MOTIF vleng_l3_f_60
letter-probability matrix: alength= 4 w= 9 
 0.36934579 0.16037383 0.21943925 0.25084112
 0.2411215  0.14953271 0.22579439 0.3835514 
 0.02915888 0.00149533 0.16336449 0.80598131
 0.57457944 0.05457944 0.26654206 0.10429907
 0.58728972 0.02392523 0.33943925 0.04934579
 0.0071028  0.00971963 0.01158879 0.97158879
 0.67327103 0.00074766 0.31514019 0.01084112
 7.01308411e-01 3.73831776e-04 2.88971963e-01 9.34579439e-03
 0.26616822 0.1835514  0.25420561 0.29607477

MOTIF vleng_l3_f_61
letter-probability matrix: alength= 4 w= 9 
 0.43381241 0.2575643  0.19251135 0.11611195
 0.45726172 0.32375189 0.15128593 0.06770045
 0.76701967 0.04576399 0.14107413 0.04614221
 0.40015129 0.20083207 0.04198185 0.3570348 
 0.15544629 0.14334342 0.40431165 0.29689864
 0.57791225 0.01096823 0.37291982 0.0381997 
 0.03555219 0.1070348  0.30597579 0.55143722
 0.09720121 0.10249622 0.76059002 0.03971256
 0.14183056 0.2193646  0.43532526 0.20347958

MOTIF vleng_l3_f_62
letter-probability matrix: alength= 4 w= 9 
 0.58713985 0.14862966 0.15811665 0.10611384
 6.98172874e-01 3.51370344e-04 3.51370344e-04 3.01124385e-01
 5.27055517e-03 3.51370344e-04 2.98664793e-01 6.95713282e-01
 0.01967674 0.08151792 0.76036543 0.13843992
 0.45326774 0.36331694 0.0699227  0.11349262
 0.24490513 0.10014055 0.53338018 0.12157414
 0.09522136 0.2772312  0.37807449 0.24947294
 0.20625439 0.33942375 0.34399157 0.11033029
 0.24595924 0.31693605 0.30990864 0.12719606

MOTIF vleng_l3_f_63
letter-probability matrix: alength= 4 w= 9 
 0.23884514 0.15748031 0.2519685  0.35170604
 0.12007874 0.10892388 0.60301837 0.167979  
 6.56167979e-04 4.13385827e-02 1.99475066e-01 7.58530184e-01
 0.60301837 0.08792651 0.28608924 0.02296588
 0.32939633 0.20669291 0.46325459 0.00065617
 0.50984252 0.32808399 0.12139108 0.04068241
 0.0839895  0.41469816 0.02821522 0.47309711
 0.0308399  0.25459318 0.47506562 0.23950131
 0.25721785 0.38910761 0.21128609 0.14238845

MOTIF vleng_l3_f_64
letter-probability matrix: alength= 4 w= 9 
 0.0443662  0.40598592 0.02429577 0.52535211
 0.20211268 0.03697183 0.52570423 0.23521127
 0.29577465 0.325      0.14366197 0.23556338
 0.16021127 0.46725352 0.03028169 0.34225352
 0.23732394 0.10880282 0.38732394 0.2665493 
 0.07253521 0.16021127 0.6056338  0.16161972
 0.39683099 0.42852113 0.05528169 0.1193662 
 0.11126761 0.05492958 0.3056338  0.52816901
 0.02359155 0.3306338  0.53556338 0.11021127

MOTIF vleng_l3_f_65
letter-probability matrix: alength= 4 w= 9 
 0.14897959 0.13142857 0.28693878 0.43265306
 0.26244898 0.08857143 0.52040816 0.12857143
 1.95918367e-02 4.08163265e-04 4.23673469e-01 5.56326531e-01
 0.4555102  0.03428571 0.5077551  0.00244898
 0.15142857 0.0044898  0.78571429 0.05836735
 0.00530612 0.06204082 0.51510204 0.41755102
 0.26204082 0.04693878 0.40285714 0.28816327
 0.40326531 0.09510204 0.41836735 0.08326531
 0.17428571 0.2355102  0.41469388 0.1755102 

MOTIF vleng_l3_f_66
letter-probability matrix: alength= 4 w= 9 
 0.08709563 0.17952364 0.28119445 0.45218628
 0.4838251  0.02523996 0.41877    0.07216495
 0.48915748 0.16068255 0.21222894 0.13793103
 0.29719161 0.17454675 0.30963384 0.2186278 
 9.98933523e-01 3.55492357e-04 3.55492357e-04 3.55492357e-04
 3.55492357e-04 3.55492357e-04 3.55492357e-04 9.98933523e-01
 3.55492357e-04 3.55492357e-04 9.98933523e-01 3.55492357e-04
 0.15286171 0.25808745 0.27692855 0.31212229
 0.28297192 0.11269108 0.38961962 0.21471738

MOTIF vleng_l3_f_67
letter-probability matrix: alength= 4 w= 9 
 0.31385356 0.22928842 0.25403919 0.20281884
 0.15984875 0.14266071 0.30457202 0.39291853
 0.08112754 0.07322104 0.7136473  0.13200413
 0.00103128 0.28188381 0.65280165 0.06428326
 0.46373324 0.00653145 0.41904435 0.11069096
 0.07597112 0.05500172 0.18872465 0.68030251
 0.33654177 0.04331385 0.60467515 0.01546923
 0.23753867 0.21519422 0.26641458 0.28085253
 0.22035064 0.2591956  0.34032314 0.18013063

MOTIF vleng_l3_f_68
letter-probability matrix: alength= 4 w= 9 
 0.345049   0.03649882 0.48631294 0.13213924
 0.14092599 0.2696857  0.21662724 0.37276107
 0.22440014 0.20243325 0.28962487 0.28354174
 0.87867523 0.01486989 0.07874282 0.02771206
 1.12200068e-01 1.35180804e-03 3.37952011e-04 8.86110172e-01
 0.08685367 0.0091247  0.85603244 0.04798919
 0.47178101 0.03785063 0.30855019 0.18181818
 0.218317   0.13991213 0.23859412 0.40317675
 0.24062183 0.13349104 0.36532612 0.260561  

MOTIF vleng_l3_f_69
letter-probability matrix: alength= 4 w= 9 
 0.15315315 0.31207207 0.15099099 0.38378378
 0.19315315 0.23891892 0.25009009 0.31783784
 0.26522523 0.24216216 0.14666667 0.34594595
 0.34234234 0.50306306 0.0036036  0.15099099
 0.33873874 0.08792793 0.31459459 0.25873874
 9.85585586e-01 3.60360360e-04 1.04504505e-02 3.60360360e-03
 3.60360360e-04 1.04504505e-02 3.60360360e-04 9.88828829e-01
 3.60360360e-04 3.60360360e-04 9.98918919e-01 3.60360360e-04
 0.08432432 0.25477477 0.35315315 0.30774775

MOTIF vleng_l3_f_70
letter-probability matrix: alength= 4 w= 9 
 0.22899319 0.34746404 0.39742619 0.02611658
 0.23580621 0.04049962 0.42732778 0.29636639
 0.00264951 0.52422407 0.43073429 0.04239213
 0.00946253 0.95950038 0.00794852 0.02308857
 0.17032551 0.15253596 0.60181681 0.07532173
 0.0344436  0.1650265  0.49015897 0.31037093
 0.07948524 0.03141559 0.38569266 0.50340651
 0.07494322 0.1983346  0.1998486  0.52687358
 0.04012112 0.33005299 0.26495079 0.36487509

MOTIF vleng_l3_f_71
letter-probability matrix: alength= 4 w= 9 
 0.47360483 0.15912519 0.28506787 0.08220211
 0.02111614 0.08446456 0.00754148 0.88687783
 0.05090498 0.07541478 0.60746606 0.26621418
 0.43740573 0.35067873 0.02714932 0.18476621
 0.17571644 0.1127451  0.37556561 0.33597285
 0.72021116 0.09351433 0.07956259 0.10671192
 0.24622926 0.21757164 0.23944193 0.29675716
 0.16892911 0.3540724  0.28506787 0.19193062
 0.1372549  0.08597285 0.52073906 0.25603318

MOTIF vleng_l3_f_72
letter-probability matrix: alength= 4 w= 9 
 0.22268183 0.20510169 0.19200276 0.38021372
 0.26818339 0.20234402 0.21992416 0.30954843
 0.08204068 0.00241296 0.00861772 0.90692865
 0.59048604 0.00310238 0.28438469 0.12202689
 0.59427784 0.03205791 0.27438814 0.09927611
 2.41296105e-02 1.96483971e-02 3.44708721e-04 9.55877284e-01
 6.85625646e-01 3.44708721e-04 2.70596346e-01 4.34332989e-02
 6.53223027e-01 3.44708721e-04 3.27128576e-01 1.93036884e-02
 0.28128232 0.15374009 0.3202344  0.24474319

MOTIF vleng_l3_f_73
letter-probability matrix: alength= 4 w= 9 
 0.25770021 0.29329227 0.33367556 0.11533196
 0.24845996 0.04893908 0.46440794 0.23819302
 0.1091718  0.31245722 0.23203285 0.34633812
 0.04893908 0.36755647 0.45995893 0.12354552
 0.34360027 0.23305955 0.31861739 0.10472279
 0.00718686 0.65708419 0.29158111 0.04414784
 0.00376454 0.28952772 0.59445585 0.11225188
 0.26454483 0.17624914 0.38980151 0.16940452
 0.04654346 0.39904175 0.14579055 0.40862423

MOTIF vleng_l3_f_74
letter-probability matrix: alength= 4 w= 9 
 0.29402697 0.18188825 0.29942197 0.22466281
 0.51213873 0.08747592 0.15414258 0.24624277
 0.43044316 0.05780347 0.13333333 0.37842004
 0.02350674 0.11445087 0.32369942 0.53834297
 0.29980732 0.10867052 0.4628131  0.12870906
 0.55722543 0.08169557 0.01695568 0.34412331
 0.04046243 0.17687861 0.15260116 0.6300578 
 0.08208092 0.26088632 0.53371869 0.12331407
 0.27475915 0.36454721 0.1699422  0.19075145

MOTIF vleng_l3_f_75
letter-probability matrix: alength= 4 w= 9 
 0.17301855 0.16155143 0.14064081 0.52478921
 0.14772344 0.22765599 0.27150084 0.35311973
 0.46037099 0.08397976 0.30084317 0.15480607
 0.37706577 0.11028668 0.14738617 0.36526138
 0.46273187 0.16053963 0.24822934 0.12849916
 0.85632378 0.06745363 0.06711636 0.00910624
 0.00370995 0.04822934 0.01517707 0.93288364
 0.01045531 0.05902192 0.9005059  0.03001686
 0.40944351 0.07858347 0.27487352 0.23709949

MOTIF vleng_l3_f_76
letter-probability matrix: alength= 4 w= 9 
 0.08778626 0.13740458 0.26335878 0.51145038
 0.00381679 0.57633588 0.02290076 0.39694656
 0.01145038 0.01908397 0.95038168 0.01908397
 0.29770992 0.03816794 0.32442748 0.33969466
 0.35877863 0.00381679 0.58778626 0.04961832
 0.01908397 0.53816794 0.12977099 0.3129771 
 0.01145038 0.20610687 0.17175573 0.61068702
 0.33206107 0.03435115 0.6221374  0.01145038
 0.43129771 0.09541985 0.13358779 0.33969466

MOTIF vleng_l3_f_77
letter-probability matrix: alength= 4 w= 9 
 0.13569937 0.18128045 0.43284621 0.25017397
 0.28914405 0.35107864 0.15031315 0.20946416
 0.28983994 0.50173974 0.06854558 0.13987474
 0.31489214 0.27870564 0.34168406 0.06471816
 0.13917884 0.22720946 0.46346555 0.17014614
 0.07654836 0.22129436 0.565762   0.13639527
 0.0236604  0.20702853 0.62943633 0.13987474
 0.07167711 0.07132916 0.80967293 0.04732081
 0.138135   0.1019485  0.61864997 0.14126653

MOTIF vleng_l3_f_78
letter-probability matrix: alength= 4 w= 9 
 0.17784257 0.13799806 0.13896987 0.5451895 
 0.3819242  0.15840622 0.29251701 0.16715258
 0.43343052 0.03109815 0.53449951 0.00097182
 0.5335277  0.01554908 0.26141885 0.18950437
 0.00097182 0.5335277  0.37803693 0.08746356
 0.04178814 0.00388727 0.00485909 0.9494655 
 0.04956268 0.00097182 0.89115646 0.05830904
 9.97084548e-01 9.71817298e-04 9.71817298e-04 9.71817298e-04
 0.17006803 0.25655977 0.27016521 0.303207  

MOTIF vleng_l3_f_79
letter-probability matrix: alength= 4 w= 9 
 0.63636364 0.24621212 0.00413223 0.11329201
 0.065427   0.22141873 0.00826446 0.70488981
 0.06508264 0.04993113 0.69628099 0.18870523
 0.1184573  0.38085399 0.1511708  0.34951791
 0.1838843  0.39944904 0.14187328 0.27479339
 0.19559229 0.1453168  0.13980716 0.51928375
 0.5261708  0.21384298 0.12706612 0.13292011
 0.43526171 0.11294766 0.08953168 0.36225895
 0.32782369 0.19490358 0.13980716 0.33746556

MOTIF vleng_l3_f_80
letter-probability matrix: alength= 4 w= 9 
 0.29086619 0.06740816 0.42601955 0.2157061 
 0.22952477 0.13245703 0.23188406 0.40613414
 0.12099764 0.25412875 0.50286485 0.12200876
 0.65251095 0.03673745 0.29086619 0.01988541
 0.45096057 0.0933603  0.06066734 0.3950118 
 0.06740816 0.72261544 0.19278733 0.01718908
 0.58982137 0.08459724 0.02763734 0.29794405
 0.11560499 0.34647792 0.15099427 0.38692282
 0.18672059 0.43410853 0.21166161 0.16750927

MOTIF vleng_l3_f_81
letter-probability matrix: alength= 4 w= 9 
 0.4438313  0.16554986 0.27946393 0.11115491
 0.47733544 0.11391407 0.15372487 0.25502562
 0.33031139 0.17500985 0.32282223 0.17185652
 3.94166338e-04 1.18249901e-03 3.94166338e-04 9.98029168e-01
 0.70043358 0.0011825  0.2810406  0.01734332
 0.38431218 0.00394166 0.597162   0.01458415
 0.63381947 0.14505321 0.12455656 0.09657075
 0.17540402 0.13835238 0.30784391 0.37839968
 0.14071738 0.07370911 0.56759953 0.21797399

MOTIF vleng_l3_f_82
letter-probability matrix: alength= 4 w= 9 
 0.13200195 0.24841695 0.30345835 0.31612275
 0.4169508  0.12566975 0.20068193 0.25669752
 0.48222114 0.15830492 0.09011203 0.26936191
