MEME version 5.3.0

ALPHABET= ACGT

strands: + -

Background letter frequencies
A 0.25 C 0.25 G 0.25 T 0.25

MOTIF vleng_l3_f_0
letter-probability matrix: alength= 4 w= 9 
 0.19018194 0.18640577 0.05938895 0.56402334
 0.25197391 0.09028493 0.57844147 0.07929969
 0.39649846 0.18640577 0.1215242  0.29557158
 0.2856162  0.14864401 0.28698936 0.27875043
 0.09577755 0.27188465 0.11603158 0.51630621
 0.01888088 0.38208033 0.47820117 0.12083762
 0.19979403 0.4740817  0.20116718 0.12495709
 0.26810848 0.25300378 0.33196018 0.14692757
 0.31685548 0.37761758 0.16889804 0.1366289 

MOTIF vleng_l3_f_1
letter-probability matrix: alength= 4 w= 9 
 0.40318021 0.21837456 0.24240283 0.1360424 
 0.38021201 0.295053   0.15583039 0.16890459
 0.87915194 0.01201413 0.1        0.00883392
 0.20989399 0.16007067 0.10106007 0.52897527
 0.22756184 0.10812721 0.52791519 0.13639576
 0.79187279 0.05159011 0.09399293 0.06254417
 0.16925795 0.0819788  0.07632509 0.67243816
 0.09293286 0.06855124 0.79717314 0.04134276
 0.17491166 0.14275618 0.49434629 0.18798587

MOTIF vleng_l3_f_2
letter-probability matrix: alength= 4 w= 9 
 0.13833855 0.17448731 0.49982621 0.18734793
 0.06951686 0.09975669 0.59645464 0.23427181
 0.09801877 0.12130692 0.77928398 0.00139034
 0.01459854 0.76885645 0.14772332 0.06882169
 0.01390337 0.7344456  0.06465068 0.18700035
 0.1703163  0.59158846 0.09210984 0.1459854 
 0.02537365 0.24887035 0.4136253  0.31213069
 0.02919708 0.68196038 0.20472715 0.0841154 
 0.16336462 0.22280153 0.42022941 0.19360445

MOTIF vleng_l3_f_3
letter-probability matrix: alength= 4 w= 9 
 0.08552632 0.26558172 0.12222992 0.52666205
 0.27042936 0.05020776 0.59279778 0.0865651 
 0.16585873 0.6416205  0.10734072 0.08518006
 0.6031856  0.20186981 0.18144044 0.01350416
 0.48718837 0.28116343 0.05401662 0.17763158
 0.20706371 0.0401662  0.22022161 0.53254848
 0.47403047 0.05886427 0.46087258 0.00623269
 0.20533241 0.13504155 0.14265928 0.51696676
 0.21433518 0.10180055 0.40235457 0.2815097 

MOTIF vleng_l3_f_4
letter-probability matrix: alength= 4 w= 9 
 0.01477636 0.23282748 0.06230032 0.69009585
 0.16413738 0.05910543 0.11861022 0.65814696
 0.06948882 0.47004792 0.1884984  0.27196486
 0.33785942 0.08306709 0.37619808 0.2028754 
 0.15255591 0.16733227 0.24600639 0.43410543
 0.47284345 0.01118211 0.49960064 0.0163738 
 0.07468051 0.13698083 0.02316294 0.76517572
 0.05910543 0.13538339 0.6485623  0.15694888
 0.21884984 0.1701278  0.24640575 0.36461661

MOTIF vleng_l3_f_5
letter-probability matrix: alength= 4 w= 9 
 0.4228243  0.25944171 0.14449918 0.17323481
 0.70648604 0.12027915 0.1046798  0.06855501
 1.28489327e-01 4.10509031e-04 3.69458128e-03 8.67405583e-01
 0.47413793 0.00082102 0.40147783 0.12356322
 0.72988506 0.0771757  0.1547619  0.03817734
 0.38505747 0.39244663 0.11288998 0.10960591
 0.23275862 0.37110016 0.09729064 0.29885057
 0.36904762 0.10960591 0.04433498 0.47701149
 0.54392447 0.10385878 0.15065681 0.20155993

MOTIF vleng_l3_f_6
letter-probability matrix: alength= 4 w= 9 
 0.06010929 0.33469945 0.1010929  0.50409836
 0.78551913 0.1557377  0.03415301 0.02459016
 0.10519126 0.00136612 0.7773224  0.11612022
 0.34836066 0.31420765 0.13661202 0.20081967
 0.03005464 0.69398907 0.05737705 0.21857923
 0.00136612 0.61748634 0.04781421 0.33333333
 0.14480874 0.23497268 0.37295082 0.24726776
 0.18169399 0.05601093 0.49863388 0.2636612 
 0.02185792 0.01775956 0.57513661 0.3852459 

MOTIF vleng_l3_f_7
letter-probability matrix: alength= 4 w= 9 
 0.21928038 0.5101833  0.20128988 0.06924644
 0.21181263 0.19450102 0.51289885 0.08078751
 0.00814664 0.2233537  0.14630007 0.62219959
 0.04480652 0.2766463  0.36082824 0.31771894
 0.13272234 0.34419552 0.37813985 0.14494229
 0.12797013 0.22708758 0.43991853 0.20502376
 0.10964019 0.26612356 0.16123557 0.46300068
 0.12661236 0.57467753 0.2233537  0.07535642
 0.08112695 0.05532926 0.25831636 0.60522743

MOTIF vleng_l3_f_8
letter-probability matrix: alength= 4 w= 9 
 0.35150245 0.10796646 0.37386443 0.16666667
 0.17505241 0.32215234 0.23584906 0.26694619
 0.52271139 0.12159329 0.21977638 0.13591894
 9.31865828e-01 3.49406010e-04 3.49406010e-04 6.74353599e-02
 2.44584207e-03 3.49406010e-04 6.74353599e-02 9.29769392e-01
 0.04821803 0.00104822 0.94828791 0.00244584
 0.17854647 0.14675052 0.41334731 0.2613557 
 0.29140461 0.25751223 0.21733054 0.23375262
 0.06603774 0.11844864 0.56184486 0.25366876

MOTIF vleng_l3_f_9
letter-probability matrix: alength= 4 w= 9 
 0.25586137 0.23343527 0.40095141 0.10975195
 0.18042813 0.11892627 0.42303772 0.27760788
 0.1688753  0.15222562 0.60652396 0.07237513
 0.27285083 0.20761128 0.17465172 0.34488617
 0.0954808  0.40502888 0.16581719 0.33367312
 0.58239891 0.09921848 0.29527693 0.02310567
 0.09955827 0.22120285 0.12674142 0.55249745
 0.24226979 0.09717975 0.64593952 0.01461094
 0.08562691 0.05062861 0.60244648 0.261298  

MOTIF vleng_l3_f_10
letter-probability matrix: alength= 4 w= 9 
 0.21497448 0.48156551 0.23199092 0.07146909
 0.07600681 0.46908678 0.40669314 0.04821327
 0.2081679  0.40442428 0.3068633  0.08054453
 0.0039705  0.42881452 0.08224617 0.4849688 
 0.37095859 0.14747589 0.30743052 0.174135  
 0.02779353 0.30232558 0.5796937  0.09018718
 0.19852524 0.32104368 0.38003403 0.10039705
 0.05218378 0.17243335 0.65853659 0.11684628
 0.08451503 0.39194555 0.33806012 0.1854793 

MOTIF vleng_l3_f_11
letter-probability matrix: alength= 4 w= 9 
 0.19868694 0.18762958 0.27228749 0.34139599
 0.07740152 0.55079475 0.06841742 0.30338632
 0.40221147 0.06288874 0.43123704 0.10366275
 3.45542502e-04 4.06357982e-01 3.45542502e-04 5.92950933e-01
 0.32722875 0.18762958 0.36903939 0.11610228
 0.61748445 0.15134762 0.14823773 0.0829302 
 0.42156185 0.04837595 0.3593642  0.170698  
 0.20145128 0.32964755 0.05079475 0.41810643
 0.35521769 0.30269523 0.27125086 0.07083621

MOTIF vleng_l3_f_12
letter-probability matrix: alength= 4 w= 9 
 0.18589744 0.29985755 0.25213675 0.26210826
 0.35541311 0.0519943  0.45797721 0.13461538
 0.18945869 0.26923077 0.28490028 0.25641026
 0.26495726 0.0519943  0.3511396  0.33190883
 0.34472934 0.15527066 0.1460114  0.3539886 
 0.03846154 0.13746439 0.2037037  0.62037037
 0.02136752 0.13888889 0.56695157 0.27279202
 0.06410256 0.00854701 0.65527066 0.27207977
 0.10683761 0.06837607 0.60968661 0.21509972

MOTIF vleng_l3_f_13
letter-probability matrix: alength= 4 w= 9 
 0.16592428 0.05679287 0.18485523 0.59242762
 0.17483296 0.45100223 0.16926503 0.20489978
 0.3518931  0.00111359 0.64587973 0.00111359
 0.1091314  0.02561247 0.61247216 0.25278396
 0.14699332 0.20155902 0.01670379 0.63474388
 0.51670379 0.00111359 0.24276169 0.23942094
 0.25501114 0.00111359 0.00111359 0.74276169
 0.18930958 0.05011136 0.19710468 0.56347439
 0.44877506 0.12583519 0.04120267 0.38418708

MOTIF vleng_l3_f_14
letter-probability matrix: alength= 4 w= 9 
 0.42571785 0.22097378 0.12734082 0.22596754
 0.51102788 0.0832293  0.17478152 0.2309613 
 6.99542239e-01 3.53724511e-02 2.64669164e-01 4.16146484e-04
 0.02080732 0.01831045 0.18143987 0.77944236
 0.02621723 0.00457761 0.81148564 0.15771952
 0.26633375 0.0832293  0.40324594 0.24719101
 0.656263   0.03911777 0.08364544 0.22097378
 0.51186017 0.04952143 0.08447774 0.35414066
 0.25842697 0.10070745 0.1897628  0.45110279

MOTIF vleng_l3_f_15
letter-probability matrix: alength= 4 w= 9 
 0.07285714 0.46214286 0.36678571 0.09821429
 0.02071429 0.47       0.1625     0.34678571
 0.00821429 0.0125     0.05357143 0.92571429
 0.05392857 0.09714286 0.64321429 0.20571429
 0.48678571 0.04178571 0.16964286 0.30178571
 0.34035714 0.1375     0.0025     0.51964286
 0.04214286 0.53785714 0.07214286 0.34785714
 0.08142857 0.31892857 0.26821429 0.33142857
 0.21535714 0.425      0.15071429 0.20892857

MOTIF vleng_l3_f_16
letter-probability matrix: alength= 4 w= 9 
 0.37414501 0.1121751  0.23426813 0.27941176
 0.26470588 0.13850889 0.54240766 0.05437756
 4.09028728e-01 3.41997264e-04 4.39808482e-01 1.50820793e-01
 3.51231190e-01 6.09097127e-01 3.41997264e-04 3.93296854e-02
 0.01333789 0.37311902 0.42202462 0.19151847
 8.21477428e-01 3.69357045e-02 3.41997264e-04 1.41244870e-01
 0.14774282 0.57900137 0.05369357 0.21956224
 0.09849521 0.34028728 0.18946648 0.37175103
 0.22742818 0.16415869 0.36593707 0.24247606

MOTIF vleng_l3_f_17
letter-probability matrix: alength= 4 w= 9 
 0.20976354 0.26239512 0.14111365 0.38672769
 0.50953471 0.03127384 0.37376049 0.08543097
 0.10526316 0.01906941 0.74828375 0.12738368
 4.50038139e-02 6.10221205e-03 7.62776506e-04 9.48131198e-01
 0.3798627  0.01372998 0.11823036 0.48817696
 0.01601831 0.12433257 0.04805492 0.8115942 
 0.51716247 0.3279939  0.12051869 0.03432494
 0.29672006 0.24637681 0.0617849  0.39511823
 0.09916095 0.37833715 0.38749047 0.13501144

MOTIF vleng_l3_f_18
letter-probability matrix: alength= 4 w= 9 
 0.09795777 0.06334372 0.0785739  0.76012461
 0.16476289 0.16199377 0.46175147 0.21149187
 0.40671513 0.12253375 0.27725857 0.19349256
 0.50744202 0.06645898 0.01384562 0.41225337
 0.00865351 0.49082728 0.0145379  0.48598131
 0.32467982 0.53894081 0.08757355 0.04880582
 0.22429907 0.22326064 0.10176532 0.45067497
 0.51505711 0.08584285 0.15576324 0.24333679
 0.1955694  0.17514711 0.14468674 0.48459675

MOTIF vleng_l3_f_19
letter-probability matrix: alength= 4 w= 9 
 0.26685061 0.03705164 0.25699645 0.4391013 
 0.1651557  0.01064249 0.06148995 0.76271186
 0.12692156 0.01340166 0.26290895 0.59676784
 0.03035081 0.02719748 0.03941663 0.90303508
 0.13283406 0.09381159 0.29089476 0.4824596 
 0.11194324 0.08159243 0.03586914 0.77059519
 0.26763894 0.06346078 0.01024832 0.65865195
 0.09065826 0.08908159 0.05242412 0.76783603
 0.36736303 0.12613323 0.19077651 0.31572724

MOTIF vleng_l3_f_20
letter-probability matrix: alength= 4 w= 9 
 0.2062069  0.04551724 0.14827586 0.6       
 0.31551724 0.35965517 0.10241379 0.22241379
 0.10758621 0.05517241 0.30517241 0.53206897
 0.45931034 0.07103448 0.11896552 0.35068966
 0.16103448 0.23310345 0.21793103 0.38793103
 0.00344828 0.00172414 0.03413793 0.96068966
 0.10758621 0.05586207 0.03896552 0.79758621
 0.4862069  0.18448276 0.08068966 0.24862069
 0.02965517 0.16206897 0.10310345 0.70517241

MOTIF vleng_l3_f_21
letter-probability matrix: alength= 4 w= 9 
 0.19225497 0.1449623  0.31494174 0.34784099
 3.42700480e-04 1.02810144e-01 3.42700480e-04 8.96504455e-01
 9.21521590e-01 3.42700480e-04 7.09389993e-02 7.19671008e-03
 0.20116518 0.00445511 0.74297464 0.05140507
 0.17649075 0.2165867  0.20459219 0.40233036
 0.16346813 0.37559973 0.0681974  0.39273475
 0.04660727 0.13433859 0.23817683 0.58087731
 0.38793694 0.26593557 0.03187114 0.31425634
 0.20527759 0.32008225 0.12782728 0.34681289

MOTIF vleng_l3_f_22
letter-probability matrix: alength= 4 w= 9 
 0.27851084 0.19604147 0.24693685 0.27851084
 0.28086711 0.20216777 0.24976437 0.26720075
 1.83788878e-02 4.71253534e-04 4.71253534e-04 9.80678605e-01
 6.72478794e-01 4.71253534e-04 3.08671065e-01 1.83788878e-02
 6.87558907e-01 4.71253534e-04 3.11498586e-01 4.71253534e-04
 4.71253534e-04 4.71253534e-04 4.71253534e-04 9.98586239e-01
 7.02167766e-01 4.71253534e-04 2.96889727e-01 4.71253534e-04
 6.90857681e-01 4.71253534e-04 3.08199811e-01 4.71253534e-04
 0.27191329 0.18897267 0.26814326 0.27097078

MOTIF vleng_l3_f_23
letter-probability matrix: alength= 4 w= 9 
 0.22015183 0.19013112 0.1673568  0.42236025
 0.30538302 0.46652864 0.13768116 0.09040718
 0.15562457 0.0741891  0.43650794 0.3336784 
 0.2294686  0.01897861 0.02484472 0.72670807
 0.78640442 0.00517598 0.00414079 0.20427881
 0.05348516 0.03347136 0.7705314  0.14251208
 0.09351277 0.26017943 0.3005521  0.34575569
 0.22739821 0.31918565 0.17667357 0.27674258
 0.2926156  0.30641822 0.29227053 0.10869565

MOTIF vleng_l3_f_24
letter-probability matrix: alength= 4 w= 9 
 0.16336971 0.10436562 0.11152797 0.6207367 
 0.47919509 0.08833561 0.31582538 0.11664393
 0.54263302 0.09959072 0.24249659 0.11527967
 0.16473397 0.09720327 0.12653479 0.61152797
 0.4648704  0.10402456 0.29433834 0.13676671
 0.50068213 0.11732606 0.26227831 0.11971351
 4.43383356e-03 3.41064120e-04 1.87585266e-02 9.76466576e-01
 9.15075034e-01 9.89085948e-03 7.46930423e-02 3.41064120e-04
 0.58185539 0.00306958 0.4106412  0.00443383

MOTIF vleng_l3_f_25
letter-probability matrix: alength= 4 w= 9 
 0.32786313 0.23673184 0.1627095  0.27269553
 0.38128492 0.15607542 0.16480447 0.2978352 
 8.78491620e-01 3.49162011e-04 3.49162011e-04 1.20810056e-01
 3.49162011e-04 3.49162011e-04 6.84357542e-02 9.30865922e-01
 3.84078212e-03 3.49162011e-04 9.43086592e-01 5.27234637e-02
 0.48673184 0.12674581 0.13442737 0.25209497
 0.14455307 0.10963687 0.36138268 0.38442737
 0.03910615 0.31599162 0.12709497 0.51780726
 0.3023743  0.18924581 0.31354749 0.1948324 

MOTIF vleng_l3_f_26
letter-probability matrix: alength= 4 w= 9 
 0.21476041 0.09828611 0.4207765  0.26617698
 0.05911158 0.1790836  0.12801679 0.63378804
 0.06155999 0.26407835 0.33927947 0.3350822 
 0.15634837 0.04756908 0.0818468  0.71423575
 1.81881777e-02 8.74431619e-02 3.49772648e-04 8.94018888e-01
 0.92374956 0.00944386 0.04896817 0.01783841
 0.01469045 0.7915355  0.09548793 0.09828611
 0.12591815 0.28436516 0.22420427 0.36551242
 0.2609304  0.39594264 0.15285065 0.19027632

MOTIF vleng_l3_f_27
letter-probability matrix: alength= 4 w= 9 
 0.32728518 0.11605615 0.25539199 0.30126669
 0.14857925 0.16946251 0.27250941 0.40944882
 0.05477576 0.11845258 0.0910647  0.73570695
 0.47038685 0.07942485 0.20985964 0.24032865
 0.46627867 0.11947963 0.25573434 0.15850736
 0.00308114 0.02088326 0.04998288 0.92605272
 4.27593290e-01 3.42348511e-04 5.00171174e-01 7.18931873e-02
 0.78979801 0.00924341 0.19719274 0.00376583
 0.23964396 0.13967819 0.3563848  0.26429305

MOTIF vleng_l3_f_28
letter-probability matrix: alength= 4 w= 9 
 0.17695473 0.18636096 0.34685479 0.28982951
 0.05526161 0.22633745 0.36272781 0.35567313
 0.67430923 0.01058201 0.28277484 0.03233392
 0.25044092 0.09700176 0.24279835 0.40975897
 0.09112287 0.32451499 0.44326867 0.14109347
 0.60141093 0.08289242 0.28865373 0.02704292
 0.07054674 0.28336273 0.0446796  0.60141093
 0.0670194  0.01704879 0.79071135 0.12522046
 0.09288654 0.19047619 0.44855967 0.2680776 

MOTIF vleng_l3_f_29
letter-probability matrix: alength= 4 w= 9 
 0.35122965 0.28680291 0.17838587 0.18358157
 0.49255282 0.08728784 0.26740561 0.15275372
 0.26602009 0.14478698 0.19328022 0.39591271
 0.21925875 0.30862487 0.39937652 0.07273987
 0.78836162 0.00865951 0.16522342 0.03775546
 1.59681330e-01 3.70626948e-02 3.46380326e-04 8.02909595e-01
 0.024593   0.06096294 0.80602702 0.10841704
 0.69137513 0.11880845 0.07343263 0.11638379
 0.12227225 0.17145826 0.41634915 0.28992033

MOTIF vleng_l3_f_30
letter-probability matrix: alength= 4 w= 9 
 0.24786325 0.10324786 0.58393162 0.06495726
 0.06051282 0.28068376 0.1565812  0.50222222
 0.10871795 0.2817094  0.12888889 0.48068376
 0.08820513 0.07931624 0.46358974 0.36888889
 0.33504274 0.20717949 0.13811966 0.31965812
 0.7008547  0.09196581 0.1374359  0.06974359
 0.00102564 0.0191453  0.02358974 0.95623932
 0.04410256 0.24512821 0.63384615 0.07692308
 0.37846154 0.24136752 0.1408547  0.23931624

MOTIF vleng_l3_f_31
letter-probability matrix: alength= 4 w= 9 
 0.40464632 0.21532594 0.26317614 0.1168516 
 0.39008322 0.12829404 0.41574202 0.06588072
 0.14840499 0.04299584 0.74895978 0.05963939
 0.07212205 0.07281553 0.56206657 0.29299584
 0.31934813 0.0017337  0.66955617 0.009362  
 3.46740638e-04 3.46740638e-04 4.77115118e-01 5.22191401e-01
 0.17024965 0.26733703 0.56102635 0.00138696
 0.47087379 0.16851595 0.20006935 0.16054092
 0.37552011 0.28606103 0.19244105 0.14597781

MOTIF vleng_l3_f_32
letter-probability matrix: alength= 4 w= 9 
 0.20577471 0.0703538  0.21390809 0.5099634 
 0.09597397 0.10898739 0.69825132 0.09678731
 3.43228955e-01 9.35339569e-03 6.47010980e-01 4.06669378e-04
 0.19479463 0.16388776 0.28751525 0.35380236
 4.06669378e-04 7.11671411e-02 8.03985360e-01 1.24440830e-01
 4.06669378e-04 9.67873119e-02 6.71817812e-01 2.30988207e-01
 0.48393656 0.36193575 0.10410736 0.05002033
 0.1952013  0.14355429 0.46766978 0.19357462
 0.19560797 0.30256202 0.19560797 0.30622204

MOTIF vleng_l3_f_33
letter-probability matrix: alength= 4 w= 9 
 3.68731563e-04 4.89306785e-01 4.42477876e-03 5.05899705e-01
 0.28982301 0.12205015 0.46460177 0.12352507
 0.26216814 0.2079646  0.17588496 0.3539823 
 0.49446903 0.33480826 0.00995575 0.16076696
 0.15412979 0.23783186 0.05862832 0.54941003
 0.18657817 0.08480826 0.62979351 0.09882006
 0.28023599 0.17551622 0.17699115 0.36725664
 0.05088496 0.04830383 0.2979351  0.60287611
 0.0899705  0.15929204 0.73525074 0.01548673

MOTIF vleng_l3_f_34
letter-probability matrix: alength= 4 w= 9 
 0.65148378 0.21221532 0.10731539 0.02898551
 0.46445825 0.23809524 0.26259489 0.03485162
 0.15596963 0.59903382 0.19461698 0.05037957
 0.15044859 0.37819186 0.46031746 0.0110421 
 0.25327812 0.2405107  0.42650104 0.07971014
 0.00483092 0.42443064 0.33850932 0.23222912
 0.02139406 0.16218081 0.76777088 0.04865424
 0.16908213 0.32332643 0.40407177 0.10351967
 0.23913043 0.11904762 0.51552795 0.126294  

MOTIF vleng_l3_f_35
letter-probability matrix: alength= 4 w= 9 
 0.54175589 0.1509636  0.1566738  0.15060671
 0.46823697 0.01891506 0.07351892 0.43932905
 0.26766595 0.0028551  0.5474661  0.18201285
 0.20449679 0.19129193 0.32369736 0.28051392
 0.37651677 0.11491792 0.41613133 0.09243398
 0.57173448 0.12384011 0.03640257 0.26802284
 0.04889365 0.07066381 0.24910778 0.63133476
 0.0799429  0.08993576 0.70342612 0.12669522
 0.23340471 0.22162741 0.39186296 0.15310493

MOTIF vleng_l3_f_36
letter-probability matrix: alength= 4 w= 9 
 0.0441549  0.33550489 0.12775968 0.49258053
 0.01158161 0.669924   0.12631198 0.19218241
 0.10568223 0.55410785 0.25298588 0.08722403
 0.02062975 0.2262034  0.40897575 0.3441911 
 0.61563518 0.00470503 0.06587043 0.31378936
 0.1024249  0.02569671 0.12920738 0.74267101
 0.06478465 0.22837495 0.29171191 0.41512848
 0.08830981 0.25769092 0.13789359 0.51610568
 0.16576185 0.3485342  0.14115092 0.34455302

MOTIF vleng_l3_f_37
letter-probability matrix: alength= 4 w= 9 
 0.1535248  0.20574413 0.05953003 0.58120104
 0.10704961 0.21984334 0.31174935 0.3613577 
 0.0078329  0.48981723 0.33681462 0.16553525
 0.02610966 0.46840731 0.27989556 0.22558747
 0.36292428 0.32741514 0.16814621 0.14151436
 0.16501305 0.14516971 0.39686684 0.29295039
 0.00678851 0.06057441 0.56866841 0.36396867
 0.0156658  0.22193211 0.25221932 0.51018277
 0.08511749 0.23968668 0.3310705  0.34412533

MOTIF vleng_l3_f_38
letter-probability matrix: alength= 4 w= 9 
 0.23471467 0.07235054 0.45210598 0.2408288 
 0.02717391 0.52955163 0.03430707 0.40896739
 0.14266304 0.2279212  0.41168478 0.21773098
 0.31216033 0.09035326 0.27955163 0.31793478
 0.02377717 0.43580163 0.12432065 0.41610054
 0.02921196 0.3372962  0.27445652 0.35903533
 0.22588315 0.07404891 0.53192935 0.16813859
 0.53158967 0.1107337  0.23505435 0.12262228
 0.32269022 0.15047554 0.22180707 0.30502717

MOTIF vleng_l3_f_39
letter-probability matrix: alength= 4 w= 9 
 0.04852993 0.10874956 0.12752391 0.7151966 
 0.18101311 0.0910379  0.481757   0.24619199
 0.16790648 0.31774708 0.09458023 0.41976621
 3.54233085e-04 5.29578463e-01 1.41693234e-03 4.68650372e-01
 0.04427914 0.0481757  0.32801984 0.57952533
 0.03010981 0.0963514  0.62876373 0.24477506
 0.10237336 0.31491321 0.34502303 0.2376904 
 0.06128232 0.16967765 0.26000708 0.50903294
 0.09918526 0.10981226 0.32376904 0.46723344

MOTIF vleng_l3_f_40
letter-probability matrix: alength= 4 w= 9 
 0.33344839 0.36727649 0.1149465  0.18432862
 0.17086641 0.38315499 0.41491198 0.03106662
 0.35312392 0.11011391 0.45875043 0.07801174
 0.09354505 0.24404556 0.09872282 0.56368657
 0.47635485 0.06109769 0.39834311 0.06420435
 0.16845012 0.02312737 0.29823956 0.51018295
 0.31722472 0.2140145  0.17259234 0.29616845
 0.13876424 0.2433552  0.42423196 0.1936486 
 0.11632724 0.18536417 0.53400069 0.1643079 

MOTIF vleng_l3_f_41
letter-probability matrix: alength= 4 w= 9 
 0.09489303 0.2705314  0.40096618 0.23360939
 0.28674948 0.03243616 0.21083506 0.4699793 
 0.1031746  0.20496894 0.43064182 0.26121463
 0.09006211 0.6873706  0.04692892 0.17563837
 0.2805383  0.00690131 0.4589372  0.25362319
 0.32781228 0.03036577 0.61870255 0.02311939
 0.02691511 0.05141477 0.394755   0.52691511
 0.16114562 0.14975845 0.65182885 0.03726708
 0.06004141 0.18288475 0.42719117 0.32988268

MOTIF vleng_l3_f_42
letter-probability matrix: alength= 4 w= 9 
 0.42411738 0.23154516 0.15176525 0.19257221
 0.28519028 0.07060981 0.57221458 0.07198533
 4.58505273e-04 1.68271435e-01 3.59009629e-01 4.72260431e-01
 0.00458505 0.00137552 0.12792297 0.86611646
 0.0696928  0.04768455 0.60706098 0.27556167
 0.21366346 0.02796882 0.5997249  0.15864282
 0.60522696 0.2434663  0.0087116  0.14259514
 0.21595598 0.06189821 0.44016506 0.28198074
 0.21595598 0.18615314 0.30261348 0.2952774 

MOTIF vleng_l3_f_43
letter-probability matrix: alength= 4 w= 9 
 0.10144377 0.22568389 0.47682371 0.19604863
 0.0406535  0.15235562 0.32522796 0.48176292
 0.06572948 0.42401216 0.02963526 0.4806231 
 0.84308511 0.00987842 0.14589666 0.00113982
 0.12613982 0.18047112 0.67515198 0.01823708
 0.08510638 0.03305471 0.84346505 0.03837386
 0.52393617 0.05965046 0.26671733 0.14969605
 0.06382979 0.18920973 0.02659574 0.72036474
 0.30281155 0.2131459  0.35676292 0.12727964

MOTIF vleng_l3_f_44
letter-probability matrix: alength= 4 w= 9 
 0.08128544 0.14442344 0.64536862 0.1289225 
 0.00302457 0.32930057 0.05482042 0.61285444
 0.36294896 0.12476371 0.25444234 0.25784499
 0.00189036 0.06427221 0.18034026 0.75349716
 0.52325142 0.45860113 0.01587902 0.00226843
 0.27069943 0.39659735 0.27221172 0.06049149
 0.04612476 0.17240076 0.74139887 0.04007561
 0.3879017  0.19357278 0.19848771 0.22003781
 0.37996219 0.25444234 0.31077505 0.05482042

MOTIF vleng_l3_f_45
letter-probability matrix: alength= 4 w= 9 
 0.36878216 0.13687822 0.13138937 0.36295026
 0.60308748 0.18044597 0.00891938 0.20754717
 0.1838765  0.38250429 0.20240137 0.23121784
 0.32075472 0.04528302 0.39931389 0.23464837
 0.20205832 0.21269297 0.48816467 0.09708405
 0.06483705 0.07855918 0.76535163 0.09125214
 0.07890223 0.28096055 0.50737564 0.13276158
 0.10291595 0.59931389 0.0703259  0.22744425
 0.1238422  0.18044597 0.48096055 0.21475129

MOTIF vleng_l3_f_46
letter-probability matrix: alength= 4 w= 9 
 0.14991364 0.3626943  0.41174439 0.07564767
 0.0328152  0.20172712 0.6328152  0.13264249
 0.38169257 0.14093264 0.40932642 0.06804836
 3.45423143e-04 1.93436960e-02 9.70293610e-01 1.00172712e-02
 3.45423143e-04 1.03626943e-02 9.72711572e-01 1.65803109e-02
 3.45423143e-04 4.45595855e-02 8.80829016e-01 7.42659758e-02
 0.24490501 0.04455959 0.46770294 0.24283247
 0.25768566 0.1806563  0.29740933 0.2642487 
 0.42176166 0.17340242 0.14507772 0.2597582 

MOTIF vleng_l3_f_47
letter-probability matrix: alength= 4 w= 9 
 0.34711309 0.12538435 0.09668603 0.43081654
 0.22890331 0.64707892 0.00990776 0.11411001
 0.24359412 0.0160574  0.19098053 0.54936795
 0.0577383  0.13529211 0.36863683 0.43833276
 0.17014008 0.14007516 0.07994534 0.60983943
 0.21592074 0.22924496 0.31329006 0.24154424
 0.45268193 0.04373078 0.3348138  0.16877349
 0.57772463 0.11240178 0.23368637 0.07618722
 0.46976426 0.15339939 0.2200205  0.15681585

MOTIF vleng_l3_f_48
letter-probability matrix: alength= 4 w= 9 
 0.18348307 0.1845197  0.48030408 0.15169316
 0.18002764 0.08016586 0.36005529 0.37975121
 0.31237042 0.04872149 0.34139599 0.29751209
 0.04803041 0.00760194 0.40601244 0.53835522
 0.13061507 0.04699378 0.77919834 0.04319281
 1.64132688e-01 9.19143055e-02 7.43607464e-01 3.45542502e-04
 0.27608846 0.3040774  0.41119558 0.00863856
 0.01693158 0.00829302 0.57740152 0.39737388
 0.34070491 0.23876987 0.14823773 0.27228749

MOTIF vleng_l3_f_49
letter-probability matrix: alength= 4 w= 9 
 0.23147208 0.13807107 0.33164129 0.29881557
 0.07106599 0.29035533 0.16751269 0.47106599
 0.00778342 0.1786802  0.48291032 0.33062606
 0.00169205 0.51336717 0.44974619 0.03519459
 0.15499154 0.22707276 0.26734349 0.35059222
 0.25685279 0.21658206 0.15262267 0.37394247
 0.29847716 0.01049069 0.09373942 0.59729272
 0.30558376 0.20879865 0.22774958 0.25786802
 0.23756345 0.24670051 0.27241963 0.24331641

MOTIF vleng_l3_f_50
letter-probability matrix: alength= 4 w= 9 
 0.3096411  0.10942998 0.34482759 0.23610134
 0.50457424 0.12139338 0.05981703 0.31421534
 0.28747361 0.11893033 0.00281492 0.59078114
 0.18121042 0.0070373  0.15024631 0.66150598
 0.55172414 0.02885292 0.01829697 0.40112597
 0.27199156 0.7114708  0.00562984 0.01090781
 0.2755102  0.15376495 0.29486277 0.27586207
 0.23223082 0.3216045  0.0721323  0.37403237
 0.24982407 0.14004222 0.3296974  0.28043631

MOTIF vleng_l3_f_51
letter-probability matrix: alength= 4 w= 9 
 0.17531505 0.1749444  0.43550778 0.21423277
 0.05040771 0.36026686 0.28391401 0.30541142
 0.03965901 0.51667902 0.26612305 0.17753892
 0.3028169  0.58858414 0.08154188 0.02705708
 0.03076353 0.71608599 0.22535211 0.02779837
 0.00963677 0.81282431 0.05559674 0.12194218
 0.16493699 0.57783543 0.21126761 0.04595997
 0.24981468 0.35211268 0.20014826 0.19792439
 0.2079318  0.30985915 0.27798369 0.20422535

MOTIF vleng_l3_f_52
letter-probability matrix: alength= 4 w= 9 
 0.01176878 0.12218761 0.60816892 0.2578747 
 0.00761509 0.00657667 0.16026307 0.82554517
 0.03080651 0.02249913 0.59640014 0.35029422
 0.48840429 0.01176878 0.12080305 0.37902388
 0.38456213 0.03565247 0.4645206  0.1152648 
 0.60366909 0.01730703 0.10557286 0.27345102
 0.09726549 0.44167532 0.19799238 0.26306681
 0.11457252 0.403946   0.24299065 0.23849083
 0.16614746 0.35929387 0.10834199 0.36621668

MOTIF vleng_l3_f_53
letter-probability matrix: alength= 4 w= 9 
 0.42334254 0.10082873 0.30766575 0.16816298
 0.24551105 0.15607735 0.52071823 0.07769337
 0.14571823 0.17368785 0.36153315 0.31906077
 0.0890884  0.00379834 0.72168508 0.18542818
 0.49378453 0.1605663  0.07562155 0.27002762
 0.18093923 0.00138122 0.29696133 0.52071823
 0.1429558  0.26346685 0.31146409 0.28211326
 0.35082873 0.42127072 0.18266575 0.04523481
 0.27002762 0.30110497 0.22617403 0.20269337

MOTIF vleng_l3_f_54
letter-probability matrix: alength= 4 w= 9 
 0.42017106 0.36671418 0.05523877 0.15787598
 6.63578047e-01 3.56379187e-04 2.65858874e-01 7.02066999e-02
 0.44119743 0.23877406 0.13791875 0.18210976
 0.14789736 0.26051319 0.36707056 0.22451889
 0.64076978 0.05559515 0.18389166 0.11974341
 0.00392017 0.00534569 0.13471133 0.85602281
 0.01104775 0.02102637 0.88382038 0.08410549
 0.24340699 0.14397719 0.37704918 0.23556664
 0.27868852 0.16571632 0.39023521 0.16535994

MOTIF vleng_l3_f_55
letter-probability matrix: alength= 4 w= 9 
 0.17305062 0.2373461  0.08618331 0.50341997
 0.5745554  0.09302326 0.1997264  0.13269494
 0.30335157 0.10362517 0.02838577 0.56463748
 0.47948016 0.20896033 0.27599179 0.03556772
 0.70212038 0.09883721 0.13679891 0.0622435 
 0.22982216 0.49487004 0.06429549 0.21101231
 0.11696306 0.08823529 0.41450068 0.38030096
 0.30540356 0.13679891 0.23837209 0.31942544
 0.57045144 0.0629275  0.34268126 0.02393981

MOTIF vleng_l3_f_56
letter-probability matrix: alength= 4 w= 9 
 0.00830163 0.62435144 0.00864753 0.35869941
 0.04531304 0.59391214 0.18471117 0.17606365
 0.25423729 0.34590107 0.07679004 0.3230716 
 0.37703217 0.01210654 0.3241093  0.28675199
 0.03839502 0.81528883 0.00760982 0.13870633
 0.02628848 0.13939813 0.2915946  0.54271878
 0.05984089 0.7737807  0.03908682 0.12729159
 0.16845382 0.76513317 0.04980975 0.01660325
 0.13766863 0.25562089 0.2248357  0.38187478

MOTIF vleng_l3_f_57
letter-probability matrix: alength= 4 w= 9 
 0.10800568 0.59734723 0.15632402 0.13832307
 0.15821885 0.16816675 0.64992894 0.02368546
 5.89767883e-01 4.73709143e-04 3.38702037e-01 7.10563714e-02
 0.04831833 0.32828044 0.04831833 0.5750829 
 0.05731881 0.0364756  0.77877783 0.12742776
 0.1553766  0.11700616 0.43770725 0.28991   
 0.16153482 0.32401705 0.33112269 0.18332544
 0.03931786 0.20322122 0.4353387  0.32212222
 0.14921838 0.44860256 0.26764567 0.1345334 

MOTIF vleng_l3_f_58
letter-probability matrix: alength= 4 w= 9 
 0.68424935 0.04684618 0.11988196 0.1490225 
 0.7690889  0.10992254 0.05680561 0.06418296
 0.53559572 0.10402066 0.12357064 0.23681298
 0.92401328 0.01549244 0.01291037 0.04758392
 0.33603836 0.03614902 0.47547031 0.15234231
 0.55809664 0.06639616 0.01549244 0.36001475
 0.3662855  0.00147547 0.1626706  0.46956842
 0.38436001 0.04241977 0.31980819 0.25341203
 0.66617484 0.07488012 0.11619329 0.14275175

MOTIF vleng_l3_f_59
letter-probability matrix: alength= 4 w= 9 
 0.40096953 0.20290859 0.26731302 0.12880886
 0.17451524 0.51696676 0.13331025 0.17520776
 0.38434903 0.02527701 0.54120499 0.04916898
 0.56752078 0.19598338 0.02112188 0.21537396
 0.24584488 0.2666205  0.13157895 0.35595568
 0.77042936 0.04778393 0.02319945 0.15858726
 0.23961219 0.04639889 0.05263158 0.66135734
 0.2316482  0.06405817 0.65027701 0.05401662
 0.23891967 0.1232687  0.55055402 0.08725762

MOTIF vleng_l3_f_60
letter-probability matrix: alength= 4 w= 9 
 0.16710775 0.31871456 0.25973535 0.25444234
 0.60604915 0.18601134 0.10321361 0.1047259 
 0.83818526 0.05671078 0.06880907 0.0362949 
 0.54404537 0.13308129 0.16332703 0.15954631
 0.0268431  0.43364839 0.17277883 0.36672968
 0.00756144 0.40793951 0.17504726 0.4094518 
 0.07561437 0.09640832 0.30964083 0.51833648
 0.07221172 0.0026465  0.84272212 0.08241966
 0.22041588 0.15954631 0.47523629 0.14480151

MOTIF vleng_l3_f_61
letter-probability matrix: alength= 4 w= 9 
 0.16790648 0.24282678 0.2901169  0.29914984
 0.65515409 0.1466525  0.11849097 0.07970244
 0.17959617 0.18597237 0.25504782 0.37938363
 5.31349628e-04 5.36663124e-02 5.31349628e-04 9.45270988e-01
 0.54091392 0.03241233 0.18650372 0.24017003
 0.27364506 0.04569607 0.63761955 0.04303932
 0.34537726 0.00584485 0.52072264 0.12805526
 0.21785335 0.34272051 0.18809777 0.25132837
 5.31349628e-04 1.60998937e-01 7.93304995e-01 4.51647184e-02

MOTIF vleng_l3_f_62
letter-probability matrix: alength= 4 w= 9 
 0.32600196 0.08113392 0.25855327 0.33431085
 0.06158358 0.04789834 0.35434995 0.53616813
 0.00097752 0.17790811 0.02150538 0.79960899
 0.22971652 0.00293255 0.61583578 0.15151515
 0.03861193 0.61192571 0.12365591 0.22580645
 5.50342131e-01 4.29618768e-01 1.95503421e-02 4.88758553e-04
 0.13098729 0.03616813 0.19794721 0.63489736
 0.12218964 0.07869013 0.69110459 0.10801564
 0.22336266 0.21603128 0.31427175 0.24633431

MOTIF vleng_l3_f_63
letter-probability matrix: alength= 4 w= 9 
 0.16491703 0.29732475 0.38537081 0.1523874 
 0.36234338 0.09448019 0.35421605 0.18896038
 3.38638673e-04 3.71825262e-01 2.07924145e-01 4.19911954e-01
 0.0253979  0.1059939  0.21300373 0.65560447
 0.06434135 0.12597359 0.72773451 0.08195056
 0.49441246 0.15035557 0.24144937 0.11378259
 0.27768371 0.01625466 0.01286827 0.69319336
 0.29258381 0.34168642 0.10396207 0.26176769
 0.29766339 0.02505926 0.51981036 0.15746698

MOTIF vleng_l3_f_64
letter-probability matrix: alength= 4 w= 9 
 0.08049965 0.26197085 0.44829979 0.2092297 
 0.0704372  0.15752949 0.04476058 0.72727273
 0.07980569 0.06939625 0.37890354 0.47189452
 0.0721721  0.13566967 0.08639833 0.70575989
 0.25537821 0.13913949 0.03990285 0.56557946
 0.23733518 0.03226926 0.15093685 0.57945871
 0.59507287 0.01943095 0.26648161 0.11901457
 0.12907703 0.02012491 0.54684247 0.30395559
 0.27862595 0.1276891  0.23768217 0.35600278

MOTIF vleng_l3_f_65
letter-probability matrix: alength= 4 w= 9 
 0.4397886  0.24499811 0.14873537 0.16647792
 0.57531144 0.12910532 0.02491506 0.27066818
 0.0392601  0.00302001 0.21630804 0.74141185
 0.01019253 0.00943752 0.62363156 0.35673839
 0.1185353  0.00755002 0.74631937 0.12759532
 0.44280861 0.38731597 0.07248018 0.09739524
 0.13439034 0.12231031 0.36466591 0.37863345
 0.21328803 0.23631559 0.13552284 0.41487354
 0.26462816 0.33899585 0.22838807 0.16798792

MOTIF vleng_l3_f_66
letter-probability matrix: alength= 4 w= 9 
 0.08310345 0.28206897 0.09965517 0.53517241
 0.4362069  0.25206897 0.13551724 0.1762069 
 0.41724138 0.09172414 0.29068966 0.20034483
 0.00172414 0.00862069 0.00310345 0.98655172
 0.74827586 0.00137931 0.24724138 0.00310345
 3.94137931e-01 4.48275862e-03 6.01034483e-01 3.44827586e-04
 0.25344828 0.29034483 0.13275862 0.32344828
 0.09655172 0.34931034 0.36482759 0.18931034
 0.13103448 0.22896552 0.43689655 0.20310345

MOTIF vleng_l3_f_67
letter-probability matrix: alength= 4 w= 9 
 0.21597222 0.24722222 0.28055556 0.25625   
 0.08055556 0.57881944 0.09097222 0.24965278
 0.02013889 0.81458333 0.00104167 0.16423611
 0.07430556 0.84444444 0.071875   0.009375  
 0.27777778 0.58506944 0.05381944 0.08333333
 2.77777778e-03 9.52777778e-01 3.47222222e-04 4.40972222e-02
 0.04756944 0.73298611 0.06006944 0.159375  
 0.18645833 0.70902778 0.03402778 0.07048611
 0.17430556 0.56944444 0.12013889 0.13611111

MOTIF vleng_l3_f_68
letter-probability matrix: alength= 4 w= 9 
 0.28409481 0.29611817 0.16042597 0.25936104
 0.30401924 0.19031261 0.25042941 0.25523875
 6.86018550e-01 3.74441773e-02 3.43524562e-04 2.76193748e-01
 3.43524562e-04 3.74441773e-02 7.90106493e-02 8.83201649e-01
 0.0027482  0.04362762 0.6867056  0.26691858
 0.11645483 0.05565098 0.11989007 0.70800412
 0.26691858 0.05324631 0.42287874 0.25695637
 0.25695637 0.2559258  0.27241498 0.21470285
 0.29989694 0.13260048 0.32909653 0.23840605

MOTIF vleng_l3_f_69
letter-probability matrix: alength= 4 w= 9 
 0.15881148 0.12021858 0.68989071 0.03107923
 0.49590164 0.07172131 0.30874317 0.12363388
 0.15437158 0.29474044 0.25239071 0.29849727
 0.25239071 0.03244536 0.61236339 0.10280055
 0.15505464 0.25990437 0.27903005 0.30601093
 0.12124317 0.28244536 0.3852459  0.21106557
 0.10894809 0.23394809 0.4135929  0.24351093
 0.19330601 0.49180328 0.21277322 0.10211749
 0.17281421 0.40607923 0.2465847  0.17452186

MOTIF vleng_l3_f_70
letter-probability matrix: alength= 4 w= 9 
 0.41156463 0.06235828 0.30498866 0.22108844
 0.00113379 0.00113379 0.2324263  0.76530612
 0.32539683 0.05555556 0.45918367 0.15986395
 0.71882086 0.07369615 0.18367347 0.02380952
 0.01473923 0.08276644 0.01927438 0.88321995
 0.26870748 0.01927438 0.59863946 0.11337868
 0.68594104 0.00113379 0.24489796 0.06802721
 0.42743764 0.08049887 0.09977324 0.39229025
 0.1462585  0.07482993 0.18253968 0.59637188

MOTIF vleng_l3_f_71
letter-probability matrix: alength= 4 w= 9 
 0.33682432 0.275      0.00810811 0.38006757
 0.48885135 0.04121622 0.03344595 0.43648649
 0.54628378 0.14763514 0.03614865 0.26993243
 0.15033784 0.07027027 0.28581081 0.49358108
 0.19290541 0.22601351 0.23108108 0.35      
 0.37060811 0.32905405 0.18783784 0.1125    
 0.16114865 0.33175676 0.09527027 0.41182432
 0.21891892 0.53952703 0.0625     0.17905405
 0.30675676 0.38885135 0.0722973  0.23209459

MOTIF vleng_l3_f_72
letter-probability matrix: alength= 4 w= 9 
 0.44693315 0.31013094 0.20606478 0.03687112
 0.63163336 0.14817367 0.08063405 0.13955892
 0.11095796 0.15196416 0.39696761 0.34011027
 0.24844935 0.22226051 0.34700207 0.18228808
 0.11509304 0.32494831 0.31116471 0.24879394
 0.22984149 0.01826327 0.57856651 0.17332874
 0.05754652 0.24052378 0.45692626 0.24500345
 0.19434873 0.41350793 0.26878015 0.1233632 
 0.19090283 0.21467953 0.46657478 0.12784287

MOTIF vleng_l3_f_73
letter-probability matrix: alength= 4 w= 9 
 0.24659448 0.01117709 0.00139714 0.7408313 
 0.64617534 0.01292351 0.19559902 0.14530213
 0.43590639 0.09710094 0.34264757 0.12434509
 0.01362207 0.04156479 0.00523926 0.93957387
 5.48026546e-01 3.49283968e-04 4.14949354e-01 3.66748166e-02
 7.16730702e-01 3.49283968e-04 2.13761788e-01 6.91582256e-02
 0.43241355 0.15717779 0.21655606 0.1938526 
 0.29793922 0.24869019 0.25812085 0.19524974
 0.28885784 0.17568984 0.25113517 0.28431715

MOTIF vleng_l3_f_74
letter-probability matrix: alength= 4 w= 9 
 0.67695545 0.05261312 0.2293932  0.04103823
 0.54226587 0.09856191 0.12837601 0.23079621
 0.19747457 0.16099614 0.26166257 0.37986671
 6.59066994e-01 3.50754121e-04 3.40231498e-01 3.50754121e-04
 0.00105226 0.02841108 0.24272185 0.7278148 
 0.07891968 0.07576289 0.82216766 0.02314977
 0.14871975 0.11399509 0.53840758 0.19887759
 0.23921431 0.31111891 0.26025956 0.18940723
 0.33952999 0.26446861 0.27499123 0.12101017

MOTIF vleng_l3_f_75
letter-probability matrix: alength= 4 w= 9 
 0.31302444 0.23093761 0.31995622 0.13608172
 0.78693907 0.05144108 0.13279825 0.0288216 
 0.19773805 0.14191901 0.06858811 0.59175483
 0.1718351  0.15213426 0.43925575 0.2367749 
 0.79678949 0.01532287 0.17840204 0.00948559
 0.08865378 0.12075885 0.02918643 0.76140095
 0.02626779 0.06785845 0.69573148 0.21014228
 0.21853338 0.08245166 0.43852609 0.26048887
 0.22728931 0.38307187 0.13681138 0.25282744

MOTIF vleng_l3_f_76
letter-probability matrix: alength= 4 w= 9 
 9.98407643e-01 5.30785563e-04 5.30785563e-04 5.30785563e-04
 5.30785563e-04 5.30785563e-04 5.30785563e-04 9.98407643e-01
 5.30785563e-04 5.30785563e-04 9.98407643e-01 5.30785563e-04
 0.25424628 0.24893843 0.29989384 0.19692144
 0.20647558 0.15711253 0.25530786 0.38110403
 0.53609342 0.19161359 0.08598726 0.18630573
 0.23301486 0.13322718 0.22876858 0.40498938
 0.1104034  0.29352442 0.25106157 0.34501062
 0.2462845  0.2170913  0.38641189 0.15021231

MOTIF vleng_l3_f_77
letter-probability matrix: alength= 4 w= 9 
 0.14015802 0.59292339 0.11027138 0.1566472 
 0.22569564 0.4111989  0.09481278 0.26829268
 0.01855033 0.08416352 0.7440742  0.15321195
 0.0223291  0.57712126 0.11061491 0.28993473
 0.13775335 0.02404672 0.56234971 0.27585022
 0.23153555 0.28924768 0.07317073 0.40604603
 0.28134662 0.2181381  0.04156647 0.45894881
 0.54414291 0.06355204 0.20439711 0.18790794
 0.11233253 0.30264514 0.23428375 0.35073858

MOTIF vleng_l3_f_78
letter-probability matrix: alength= 4 w= 9 
 0.47346657 0.130255   0.21192281 0.18435562
 0.25775327 0.2329428  0.01550655 0.49379738
 1.72294969e-03 4.39007581e-01 3.44589938e-04 5.58924879e-01
 0.10854583 0.22088215 0.62991041 0.04066161
 0.17884218 0.34148863 0.06409373 0.41557547
 0.50379049 0.27670572 0.01929704 0.20020675
 0.10372157 0.07477602 0.28980014 0.53170227
 0.00964852 0.19572708 0.70089593 0.09372846
 0.24017919 0.36181943 0.2019297  0.19607167

MOTIF vleng_l3_f_79
letter-probability matrix: alength= 4 w= 9 
 0.25982301 0.28283186 0.30123894 0.15610619
 0.04460177 0.0580531  0.5440708  0.35327434
 0.22902655 0.03469027 0.07893805 0.65734513
 3.53982301e-04 6.37168142e-03 7.06194690e-01 2.87079646e-01
 5.45132743e-02 1.84070796e-02 3.53982301e-04 9.26725664e-01
 0.33663717 0.04389381 0.54088496 0.07858407
 0.76460177 0.05238938 0.04743363 0.13557522
 0.36743363 0.23115044 0.33451327 0.06690265
 0.2959292  0.09946903 0.22831858 0.37628319

MOTIF vleng_l3_f_80
letter-probability matrix: alength= 4 w= 9 
 0.37164487 0.26393668 0.20371645 0.160702  
 0.229181   0.14108741 0.21782519 0.4119064 
 0.22161046 0.04611149 0.05471438 0.67756366
 0.20991053 0.00688231 0.35443909 0.42876807
 0.31761872 0.02993806 0.03406745 0.61837577
 0.19442533 0.56641432 0.14693737 0.09222299
 1.19752237e-01 3.44115623e-04 8.22436339e-02 7.97660014e-01
 0.10667584 0.14934618 0.22849277 0.5154852 
 0.21644873 0.10667584 0.06985547 0.60701996

MOTIF vleng_l3_f_81
letter-probability matrix: alength= 4 w= 9 
 0.11463415 0.44529617 0.12996516 0.31010453
 0.40627178 0.40452962 0.04076655 0.14843206
 0.44912892 0.3738676  0.14738676 0.02961672
 0.40278746 0.09581882 0.48188153 0.0195122 
 0.20348432 0.0445993  0.74878049 0.00313589
 0.01777003 0.00905923 0.39686411 0.57630662
 0.61498258 0.05296167 0.30487805 0.0271777 
 0.14773519 0.1174216  0.62404181 0.11080139
 0.10522648 0.26062718 0.26968641 0.36445993

MOTIF vleng_l3_f_82
letter-probability matrix: alength= 4 w= 9 
 0.15302186 0.24132019 0.09729961 0.50835834
 0.29747107 0.15902272 0.40077154 0.14273468
 2.01457351e-02 7.60394342e-01 4.28632662e-04 2.19031290e-01
 0.13887698 0.06000857 0.76596657 0.03514788
 0.01243035 0.71238748 0.02914702 0.24603515
 0.39091299 0.33647664 0.0827261  0.18988427
 0.00557222 0.55593656 0.00557222 0.43291899
 0.07543935 0.02914702 0.61337334 0.28204029
