MEME version 5.3.0

ALPHABET= ACGT

strands: + -

Background letter frequencies
A 0.25 C 0.25 G 0.25 T 0.25

MOTIF vleng_l3_f_0
letter-probability matrix: alength= 4 w= 9 
 0.34613861 0.32039604 0.15326733 0.18019802
 0.42930693 0.23762376 0.23445545 0.09861386
 0.2760396  0.32435644 0.12079208 0.27881188
 0.40237624 0.2190099  0.11485149 0.26376238
 9.38217822e-01 3.64356436e-02 3.96039604e-04 2.49504950e-02
 4.35643564e-03 7.00990099e-02 3.96039604e-04 9.25148515e-01
 3.96039604e-04 6.29702970e-02 9.14455446e-01 2.21782178e-02
 0.04594059 0.41386139 0.4609901  0.07920792
 0.2419802  0.28356436 0.27524752 0.19920792

MOTIF vleng_l3_f_1
letter-probability matrix: alength= 4 w= 9 
 0.07393577 0.54480956 0.04294249 0.33831217
 0.04742345 0.48693055 0.40253921 0.0631068 
 0.06123973 0.79574309 0.10903659 0.03398058
 0.00149365 0.60380881 0.37565347 0.01904406
 8.21508588e-03 9.57804332e-01 3.73412995e-04 3.36071695e-02
 0.09148618 0.8935773  0.01045556 0.00448096
 0.18222554 0.46415235 0.10941001 0.2442121 
 0.18222554 0.15608663 0.35212845 0.30955937
 0.11837192 0.339059   0.35250187 0.19006721

MOTIF vleng_l3_f_2
letter-probability matrix: alength= 4 w= 9 
 0.26886957 0.06226087 0.14991304 0.51895652
 0.6866087  0.02295652 0.14226087 0.14817391
 0.61217391 0.09843478 0.07234783 0.21704348
 0.61634783 0.17043478 0.01495652 0.19826087
 0.16382609 0.60556522 0.04904348 0.18156522
 3.47826087e-04 3.75304348e-01 4.52521739e-01 1.71826087e-01
 0.03373913 0.24208696 0.22678261 0.4973913 
 0.05426087 0.41947826 0.4386087  0.08765217
 0.34330435 0.18991304 0.29947826 0.16730435

MOTIF vleng_l3_f_3
letter-probability matrix: alength= 4 w= 9 
 0.61177679 0.08284834 0.21088668 0.09448819
 0.21910305 0.41663814 0.20780555 0.15645327
 3.42348511e-04 6.87093461e-01 4.45053064e-03 3.08113660e-01
 0.3444026  0.18041767 0.33105101 0.14412872
 0.13180418 0.06401917 0.36425882 0.43991784
 0.12495721 0.60664156 0.18863403 0.0797672 
 0.09791167 0.10681274 0.2639507  0.53132489
 0.0352619  0.14447107 0.25778843 0.5624786 
 0.33755563 0.26600479 0.06230743 0.33413215

MOTIF vleng_l3_f_4
letter-probability matrix: alength= 4 w= 9 
 0.09849521 0.29411765 0.43980848 0.16757866
 0.33139535 0.38645691 0.03625171 0.24589603
 0.23495212 0.17920657 0.10738714 0.47845417
 0.03419973 0.05813953 0.67168263 0.23597811
 0.01367989 0.5249658  0.2999316  0.16142271
 0.07318741 0.90424077 0.01436389 0.00820793
 0.00957592 0.71067031 0.05984952 0.21990424
 0.19801642 0.58378933 0.10362517 0.11456908
 0.16792066 0.48666211 0.2623119  0.08310534

MOTIF vleng_l3_f_5
letter-probability matrix: alength= 4 w= 9 
 0.60613599 0.23548922 0.14925373 0.00912106
 0.70066335 0.06135987 0.04228856 0.19568823
 0.43034826 0.01575456 0.42288557 0.13101161
 0.12603648 0.22305141 0.0199005  0.63101161
 0.02736318 0.02238806 0.02321725 0.92703151
 0.73797678 0.02985075 0.20149254 0.03067993
 0.44195688 0.01824212 0.53897181 0.00082919
 0.08789386 0.14510779 0.18325041 0.58374793
 0.36898839 0.0787728  0.24792703 0.30431177

MOTIF vleng_l3_f_6
letter-probability matrix: alength= 4 w= 9 
 0.13747    0.20260542 0.3664724  0.29345218
 0.10558793 0.27014056 0.576277   0.04799451
 3.42817964e-01 9.73603017e-02 5.59478917e-01 3.42817964e-04
 0.08364758 0.30373672 0.30373672 0.30887899
 0.11552965 0.16969489 0.53548166 0.17929379
 0.67295166 0.03325334 0.26636956 0.02742544
 0.02913953 0.23585876 0.10318821 0.63181351
 0.10970175 0.00685636 0.74871443 0.13472746
 0.15221118 0.22386013 0.34213233 0.28179637

MOTIF vleng_l3_f_7
letter-probability matrix: alength= 4 w= 9 
 0.20225114 0.52339078 0.0872318  0.18712628
 0.277172   0.16461484 0.4336968  0.12451636
 0.27470981 0.13330988 0.26310236 0.32887795
 0.07386563 0.24762575 0.00562786 0.67288076
 0.12451636 0.06683081 0.5979599  0.21069293
 3.92543088e-01 3.51741119e-04 5.46605698e-01 6.04994724e-02
 0.08758354 0.40098488 0.08512135 0.42631024
 0.06014773 0.10341189 0.66197679 0.17446359
 0.08969399 0.3327471  0.19064369 0.38691523

MOTIF vleng_l3_f_8
letter-probability matrix: alength= 4 w= 9 
 0.08669065 0.39928058 0.25251799 0.26151079
 0.15755396 0.53561151 0.01834532 0.28848921
 0.33597122 0.06007194 0.37661871 0.22733813
 0.32194245 0.0618705  0.3618705  0.25431655
 0.02913669 0.55467626 0.08165468 0.33453237
 0.45107914 0.05431655 0.23633094 0.25827338
 0.08741007 0.02661871 0.51007194 0.37589928
 0.1205036  0.10251799 0.52553957 0.25143885
 0.16151079 0.22913669 0.26870504 0.34064748

MOTIF vleng_l3_f_9
letter-probability matrix: alength= 4 w= 9 
 0.00389105 0.00389105 0.6692607  0.3229572 
 0.00389105 0.06225681 0.12451362 0.80933852
 0.50583658 0.0311284  0.26070039 0.20233463
 0.45136187 0.00389105 0.54085603 0.00389105
 0.21789883 0.06614786 0.54085603 0.17509728
 0.10894942 0.20622568 0.57587549 0.10894942
 0.37354086 0.05447471 0.52140078 0.05058366
 0.02723735 0.05058366 0.307393   0.61478599
 0.05058366 0.07782101 0.60311284 0.26848249

MOTIF vleng_l3_f_10
letter-probability matrix: alength= 4 w= 9 
 0.0856176  0.25245347 0.08832487 0.57360406
 3.38409475e-04 1.03891709e-01 1.75634518e-01 7.20135364e-01
 0.42538071 0.1106599  0.01184433 0.45211506
 0.01861252 0.64873096 0.04737733 0.28527919
 0.02538071 0.11269036 0.15803723 0.70389171
 0.39729272 0.00676819 0.11742809 0.478511  
 0.62774958 0.00981387 0.28257191 0.07986464
 0.23451777 0.14111675 0.28494078 0.3394247 
 0.28697124 0.33028765 0.0998308  0.28291032

MOTIF vleng_l3_f_11
letter-probability matrix: alength= 4 w= 9 
 0.28706625 0.22515773 0.22752366 0.26025237
 0.3079653  0.15181388 0.27208202 0.2681388 
 8.13091483e-01 3.94321767e-04 1.86119874e-01 3.94321767e-04
 0.2590694  0.19085174 0.18809148 0.36198738
 0.38643533 0.3714511  0.079653   0.16246057
 9.70031546e-01 3.94321767e-04 3.94321767e-04 2.91798107e-02
 3.94321767e-04 3.94321767e-04 3.94321767e-04 9.98817035e-01
 3.94321767e-04 3.94321767e-04 9.70031546e-01 2.91798107e-02
 0.26458991 0.20268139 0.27405363 0.25867508

MOTIF vleng_l3_f_12
letter-probability matrix: alength= 4 w= 9 
 0.21902117 0.21902117 0.33252343 0.22943422
 0.13779938 0.25026033 0.32106907 0.29087123
 0.03158625 0.09753558 0.06976744 0.80111073
 0.62547726 0.04998264 0.18118709 0.143353  
 0.42450538 0.02672683 0.41582784 0.13293995
 0.02499132 0.00763624 0.03436307 0.93300937
 0.46719889 0.01388407 0.49496703 0.02395002
 0.72856647 0.02533842 0.21867407 0.02742103
 0.35959736 0.14404721 0.29607775 0.20027768

MOTIF vleng_l3_f_13
letter-probability matrix: alength= 4 w= 9 
 0.36513158 0.22368421 0.30921053 0.10197368
 0.33406433 0.02741228 0.56030702 0.07821637
 0.16045322 0.29934211 0.28910819 0.25109649
 0.14802632 0.16520468 0.51973684 0.16703216
 0.24707602 0.06505848 0.52923977 0.15862573
 2.02485380e-01 3.65497076e-04 6.38523392e-01 1.58625731e-01
 0.44152047 0.00804094 0.27595029 0.2744883 
 0.26133041 0.17799708 0.37061404 0.19005848
 0.22697368 0.10672515 0.39400585 0.27229532

MOTIF vleng_l3_f_14
letter-probability matrix: alength= 4 w= 9 
 0.163236   0.42412638 0.16658688 0.24605074
 0.01914792 0.52848253 0.33556726 0.1168023 
 0.35519387 0.54427956 0.06749641 0.03303016
 0.01292484 0.49305888 0.11249402 0.38152226
 5.06462422e-01 4.64337003e-01 4.78697942e-04 2.87218765e-02
 4.78697942e-04 4.78697942e-04 8.29104835e-01 1.69937769e-01
 3.11632360e-01 1.87170895e-01 4.78697942e-04 5.00718047e-01
 0.32407851 0.04834849 0.32982288 0.29775012
 0.32790809 0.13738631 0.05169938 0.48300622

MOTIF vleng_l3_f_15
letter-probability matrix: alength= 4 w= 9 
 0.1082632  0.01951033 0.02754399 0.84468248
 0.63695486 0.00306044 0.22953328 0.13045142
 0.54322877 0.03060444 0.33091048 0.09525631
 0.02524866 0.01453711 0.00841622 0.95179801
 0.63504208 0.03940321 0.30910482 0.01644989
 0.69701607 0.006886   0.28997705 0.00612089
 0.3427697  0.1469013  0.26817138 0.24215761
 0.25439939 0.20045907 0.18936496 0.35577659
 0.23565417 0.15990819 0.19357307 0.41086458

MOTIF vleng_l3_f_16
letter-probability matrix: alength= 4 w= 9 
 0.06365422 0.14577603 0.32495088 0.46561886
 0.00825147 0.10058939 0.02750491 0.86365422
 0.06051081 0.0546169  0.5237721  0.3611002 
 0.0891945  0.1540275  0.42121807 0.33555992
 0.21453831 0.22829077 0.00275049 0.55442043
 0.44400786 0.09901768 0.34499018 0.11198428
 0.08369352 0.35795678 0.53163065 0.02671906
 0.04282908 0.46247544 0.35324165 0.14145383
 0.28526523 0.16817289 0.2459725  0.30058939

MOTIF vleng_l3_f_17
letter-probability matrix: alength= 4 w= 9 
 0.07761608 0.34996535 0.12508663 0.44733195
 0.08558559 0.16735967 0.28898129 0.45807346
 0.10568261 0.34580735 0.17498267 0.37352737
 9.68121968e-01 3.46500347e-04 3.08385308e-02 6.93000693e-04
 3.01455301e-02 1.03950104e-03 3.46500347e-04 9.68468468e-01
 3.11850312e-02 3.46500347e-04 9.68121968e-01 3.46500347e-04
 0.15835066 0.26888427 0.33818434 0.23458073
 0.06029106 0.33090783 0.3024948  0.30630631
 0.31531532 0.27027027 0.14275814 0.27165627

MOTIF vleng_l3_f_18
letter-probability matrix: alength= 4 w= 9 
 0.0843163  0.14853648 0.55045872 0.21668851
 0.04805592 0.03058104 0.35998253 0.56138052
 4.36871997e-04 4.36871997e-04 8.73743993e-02 9.11751857e-01
 4.36871997e-04 4.36871997e-04 2.43337702e-01 7.55788554e-01
 0.09086938 0.04761905 0.0576671  0.80384447
 0.0764526  0.14023591 0.32284841 0.46046308
 0.15246833 0.28440367 0.21319353 0.34993447
 0.24901704 0.10528615 0.15203145 0.49366536
 0.07994758 0.05723023 0.20445609 0.6583661 

MOTIF vleng_l3_f_19
letter-probability matrix: alength= 4 w= 9 
 0.20149762 0.13512594 0.13682777 0.52654867
 0.42716133 0.11708645 0.30496937 0.15078285
 0.48230088 0.1208305  0.21272975 0.18413887
 0.11504425 0.0966644  0.07420014 0.71409122
 0.52927161 0.05377808 0.28965283 0.12729748
 0.49387338 0.08679374 0.32402995 0.09530293
 3.40367597e-04 3.40367597e-04 3.40367597e-04 9.98978897e-01
 8.25731790e-01 3.40367597e-04 1.73587474e-01 3.40367597e-04
 6.58611300e-01 3.40367597e-04 3.40707965e-01 3.40367597e-04

MOTIF vleng_l3_f_20
letter-probability matrix: alength= 4 w= 9 
 0.36512456 0.37900356 0.09145907 0.16441281
 0.50320285 0.13274021 0.33879004 0.0252669 
 8.78647687e-01 3.55871886e-04 3.55871886e-04 1.20640569e-01
 3.55871886e-04 3.55871886e-04 1.20640569e-01 8.78647687e-01
 7.08185053e-02 3.55871886e-04 9.27758007e-01 1.06761566e-03
 0.2480427  0.22740214 0.09715302 0.42740214
 0.3633452  0.08647687 0.32633452 0.22384342
 0.35871886 0.33024911 0.16975089 0.14128114
 0.33558719 0.29359431 0.26619217 0.10462633

MOTIF vleng_l3_f_21
letter-probability matrix: alength= 4 w= 9 
 0.13077446 0.07506793 0.02309783 0.77105978
 0.31657609 0.08355978 0.40047554 0.19938859
 0.53600543 0.20414402 0.10835598 0.15149457
 0.11005435 0.23165761 0.41813859 0.24014946
 0.04008152 0.11243207 0.1341712  0.71331522
 0.14164402 0.10054348 0.29721467 0.46059783
 0.15421196 0.14572011 0.36650815 0.33355978
 0.10190217 0.27955163 0.49626359 0.12228261
 0.0611413  0.67866848 0.13824728 0.12194293

MOTIF vleng_l3_f_22
letter-probability matrix: alength= 4 w= 9 
 0.37153025 0.24911032 0.17437722 0.20498221
 0.21850534 0.09964413 0.21352313 0.4683274 
 0.03950178 0.2544484  0.2341637  0.47188612
 0.0747331  0.03309609 0.23523132 0.6569395 
 0.08398577 0.10854093 0.47544484 0.33202847
 0.40782918 0.02170819 0.41814947 0.15231317
 0.40498221 0.00427046 0.09786477 0.49288256
 0.15729537 0.07224199 0.49145907 0.27900356
 0.23487544 0.10462633 0.45338078 0.20711744

MOTIF vleng_l3_f_23
letter-probability matrix: alength= 4 w= 9 
 0.17841484 0.06441821 0.63237774 0.12478921
 0.43709949 0.02259696 0.30590219 0.23440135
 0.16559865 0.20168634 0.51163575 0.12107926
 0.31332209 0.00573356 0.51871838 0.16222597
 0.04317032 0.15649241 0.51096121 0.28937605
 0.21079258 0.14671164 0.64013491 0.00236088
 0.33591906 0.06475548 0.30219224 0.29713322
 0.02765599 0.32074199 0.36391231 0.28768971
 0.25362563 0.10623946 0.2232715  0.41686341

MOTIF vleng_l3_f_24
letter-probability matrix: alength= 4 w= 9 
 0.22400285 0.31730769 0.25605413 0.20263533
 0.14529915 0.19159544 0.35363248 0.30947293
 0.09864672 0.19408832 0.35719373 0.35007123
 0.08226496 0.03810541 0.3497151  0.52991453
 0.14245014 0.31160969 0.06801994 0.47792023
 0.21474359 0.28988604 0.002849   0.49252137
 0.34045584 0.23824786 0.26353276 0.15776353
 0.28703704 0.26566952 0.34508547 0.10220798
 0.22792023 0.12001425 0.18198006 0.47008547

MOTIF vleng_l3_f_25
letter-probability matrix: alength= 4 w= 9 
 0.05801105 0.1878453  0.16436464 0.58977901
 0.06813996 0.23296501 0.17955801 0.51933702
 0.32596685 0.22007366 0.08839779 0.36556169
 0.53913444 0.11418048 0.13029466 0.21639042
 5.37753223e-01 4.60405157e-04 8.28729282e-03 4.53499079e-01
 8.74769797e-03 4.60405157e-04 4.55801105e-01 5.34990792e-01
 0.21500921 0.19981584 0.54189687 0.04327808
 0.42219153 0.19843462 0.16022099 0.21915285
 0.22421731 0.23112339 0.25138122 0.29327808

MOTIF vleng_l3_f_26
letter-probability matrix: alength= 4 w= 9 
 0.07348029 0.13426854 0.5758183  0.21643287
 0.13259853 0.10955244 0.17201069 0.58583834
 0.1993988  0.21075484 0.21843687 0.37140949
 0.250167   0.04742819 0.16700067 0.53540414
 0.76052104 0.09552438 0.09418838 0.0497662 
 0.01636607 0.00734803 0.36172345 0.61456246
 0.0243821  0.0991984  0.82097528 0.05544422
 0.35738143 0.09686039 0.4261857  0.11957248
 0.22177689 0.15931864 0.34702739 0.27187709

MOTIF vleng_l3_f_27
letter-probability matrix: alength= 4 w= 9 
 0.14864865 0.29948868 0.18553689 0.36632579
 0.13805698 0.14791819 0.34733382 0.36669102
 0.38604821 0.17165814 0.26004383 0.18224982
 9.53615778e-01 3.65230095e-04 4.56537619e-02 3.65230095e-04
 0.01899196 0.01059167 0.08144631 0.88897005
 0.04346238 0.01059167 0.88933528 0.05661066
 0.3531775  0.28816654 0.17092768 0.18772827
 0.19101534 0.17129291 0.23046019 0.40723156
 0.0788897  0.35756026 0.24105186 0.32249817

MOTIF vleng_l3_f_28
letter-probability matrix: alength= 4 w= 9 
 0.10379242 0.06187625 0.32202262 0.51230872
 0.10978044 0.09381238 0.59813706 0.19827013
 0.33133733 0.10844977 0.51962741 0.0405855 
 0.03725882 0.10379242 0.46107784 0.39787092
 0.44111776 0.05389222 0.41250832 0.0924817 
 0.01064538 0.05854957 0.03526281 0.89554225
 0.18562874 0.06919494 0.66333999 0.08183633
 0.51497006 0.11244178 0.15768463 0.21490353
 0.19893546 0.06586826 0.40186294 0.33333333

MOTIF vleng_l3_f_29
letter-probability matrix: alength= 4 w= 9 
 0.36495343 0.2342187  0.14073819 0.26008969
 0.09210072 0.44429113 0.23076923 0.23283891
 0.09692998 0.3877199  0.27940669 0.23594343
 0.14522249 0.0200069  0.49879269 0.33597792
 0.03070024 0.12935495 0.48740945 0.35253536
 0.0896861  0.28906519 0.10037944 0.52086927
 0.08278717 0.23490859 0.4722318  0.21007244
 0.21041739 0.05898586 0.42807865 0.30251811
 0.28044153 0.21973094 0.27043808 0.22938944

MOTIF vleng_l3_f_30
letter-probability matrix: alength= 4 w= 9 
 0.32219302 0.114908   0.41194142 0.15095757
 0.67555389 0.04468644 0.21817499 0.06158468
 3.75516335e-04 1.12654900e-03 2.71122794e-01 7.27375141e-01
 1.12654900e-03 3.75516335e-04 9.05745400e-01 9.27525347e-02
 0.23019151 0.29515584 0.33834022 0.13631243
 0.00375516 0.23357116 0.6597822  0.10289148
 0.08223808 0.25122043 0.34885468 0.31768682
 0.0897484  0.34923019 0.36012017 0.20090124
 0.07660533 0.30980098 0.38377769 0.229816  

MOTIF vleng_l3_f_31
letter-probability matrix: alength= 4 w= 9 
 0.21815966 0.42778793 0.04143815 0.31261426
 0.47531993 0.37903717 0.05667276 0.08897014
 0.1023766  0.68312005 0.05971968 0.15478367
 0.06825107 0.38695917 0.1218769  0.42291286
 0.12309567 0.45825716 0.21450335 0.20414381
 0.10420475 0.33516149 0.12370506 0.4369287 
 0.2992078  0.51919561 0.0786106  0.10298598
 0.03900061 0.50091408 0.17245582 0.28762949
 0.13528336 0.55575868 0.08104814 0.22790981

MOTIF vleng_l3_f_32
letter-probability matrix: alength= 4 w= 9 
 0.41007194 0.07057211 0.09215485 0.4272011 
 0.34909215 0.15416238 0.02569373 0.47105173
 1.77458034e-01 2.30900993e-01 3.42583076e-04 5.91298390e-01
 0.45289483 0.04522097 0.14114423 0.36073998
 0.4169236  0.37684138 0.07708119 0.12915382
 0.1963001  0.04590613 0.16718054 0.59061322
 0.56731757 0.01027749 0.26618705 0.15621788
 0.61014046 0.09695101 0.17951353 0.113395  
 0.09763618 0.19355944 0.24117849 0.4676259 

MOTIF vleng_l3_f_33
letter-probability matrix: alength= 4 w= 9 
 0.53050672 0.06825233 0.09927611 0.30196484
 0.28386763 0.03102378 0.5041365  0.18097208
 0.01034126 0.03567735 0.05687694 0.89710445
 0.01189245 0.02740434 0.31075491 0.64994829
 0.23164426 0.14167528 0.07445708 0.55222337
 0.55687694 0.11633919 0.10031024 0.22647363
 0.5966908  0.03102378 0.12978283 0.24250259
 0.27352637 0.05170631 0.30920372 0.3655636 
 0.10961737 0.20113754 0.40020683 0.28903826

MOTIF vleng_l3_f_34
letter-probability matrix: alength= 4 w= 9 
 0.263947   0.25523013 0.28556485 0.19525802
 0.10216179 0.38423989 0.10913529 0.40446304
 0.40271967 0.2430265  0.013947   0.34030683
 0.0055788  0.37377964 0.04253835 0.57810321
 0.01359833 0.39330544 0.53870293 0.05439331
 0.07810321 0.54811715 0.31066946 0.06311018
 0.03138075 0.5209205  0.35529986 0.09239888
 0.07322176 0.34937238 0.10390516 0.4735007 
 0.10599721 0.5376569  0.277894   0.07845188

MOTIF vleng_l3_f_35
letter-probability matrix: alength= 4 w= 9 
 0.14399446 0.38525441 0.20318449 0.26756663
 0.43717549 0.23745241 0.10661128 0.21876082
 0.12045691 0.41640706 0.12426445 0.33887158
 0.06022845 0.03149879 0.01211492 0.89615784
 0.20006923 0.06057459 0.50848044 0.23087574
 0.12911042 0.05607477 0.44721357 0.36760125
 0.30564209 0.17964694 0.50328834 0.01142264
 0.0384216  0.49775009 0.21391485 0.24991346
 0.05919003 0.36829353 0.26168224 0.3108342 

MOTIF vleng_l3_f_36
letter-probability matrix: alength= 4 w= 9 
 0.25224775 0.33616384 0.33066933 0.08091908
 0.0964036  0.33866134 0.38811189 0.17682318
 4.99500500e-04 7.82217782e-01 6.49350649e-02 1.52347652e-01
 0.1048951  0.55544456 0.27722278 0.06243756
 1.49850150e-03 7.22277722e-01 2.75724276e-01 4.99500500e-04
 1.89810190e-01 8.02697303e-01 6.99300699e-03 4.99500500e-04
 0.18081918 0.42707293 0.18931069 0.2027972 
 0.29170829 0.38361638 0.23676324 0.08791209
 0.26973027 0.3951049  0.20979021 0.12537463

MOTIF vleng_l3_f_37
letter-probability matrix: alength= 4 w= 9 
 0.37013219 0.3929975  0.1450518  0.09181851
 0.19899964 0.17184709 0.38799571 0.24115756
 0.30868167 0.02072169 0.51839943 0.15219721
 0.10753841 0.69453376 0.01500536 0.18292247
 0.24008574 0.0253662  0.62772419 0.10682387
 0.06430868 0.02858164 0.24294391 0.66416577
 0.56555913 0.01857806 0.06073598 0.35512683
 0.43336906 0.04394427 0.28545909 0.23722758
 0.17613433 0.14183637 0.58020722 0.10182208

MOTIF vleng_l3_f_38
letter-probability matrix: alength= 4 w= 9 
 0.16974556 0.35622168 0.33391426 0.14011851
 0.34646218 0.05402579 0.57894737 0.02056466
 0.02823283 0.12547926 0.26943186 0.57685605
 0.00313698 0.10352039 0.63506448 0.25827815
 0.05088881 0.18717323 0.51899617 0.24294179
 0.26420356 0.40292785 0.22063437 0.11223423
 0.18752178 0.13872429 0.39072848 0.28302544
 0.09410945 0.29975601 0.38236319 0.22377135
 0.09132102 0.22586267 0.46706169 0.21575462

MOTIF vleng_l3_f_39
letter-probability matrix: alength= 4 w= 9 
 0.27818284 0.22097588 0.03925967 0.4615816 
 0.25799215 0.20527201 0.1912507  0.34548514
 5.04767246e-02 2.24340998e-03 5.60852496e-04 9.46719013e-01
 8.97924846e-01 5.60852496e-04 5.60852496e-04 1.00953449e-01
 7.57150869e-02 5.60852496e-04 7.72854739e-01 1.50869321e-01
 0.14694335 0.01794728 0.4391475  0.39596186
 0.1132922  0.29781268 0.05047672 0.5384184 
 0.19573752 0.16040381 0.08917555 0.55468312
 0.4273696  0.17218172 0.17891195 0.22153674

MOTIF vleng_l3_f_40
letter-probability matrix: alength= 4 w= 9 
 0.02632598 0.19705768 0.02632598 0.75029036
 0.01316299 0.13743709 0.68563686 0.16376307
 0.07626791 0.01897019 0.48625629 0.41850561
 0.16182733 0.26287263 0.2485482  0.32675184
 0.22338366 0.16376307 0.04568331 0.56716996
 0.37708091 0.06233062 0.29036005 0.27022842
 0.0596206  0.51955091 0.07588076 0.34494774
 0.11536973 0.23461092 0.08594657 0.56407278
 0.2659698  0.36469222 0.0646535  0.30468448

MOTIF vleng_l3_f_41
letter-probability matrix: alength= 4 w= 9 
 0.15879083 0.20674079 0.17199444 0.46247394
 0.29221682 0.34225156 0.08512856 0.28040306
 0.10493398 0.11952745 0.176164   0.59937457
 0.07783183 0.10979847 0.07991661 0.73245309
 0.27484364 0.02849201 0.23801251 0.45865184
 0.55420431 0.14419736 0.20882557 0.09277276
 0.00104239 0.00521195 0.00347464 0.99027102
 0.8085476  0.02258513 0.07261987 0.09624739
 0.42633773 0.01216122 0.49583044 0.0656706 

MOTIF vleng_l3_f_42
letter-probability matrix: alength= 4 w= 9 
 0.25914765 0.16142919 0.22083513 0.35858803
 0.21911322 0.20533793 0.37021093 0.20533793
 0.09771847 0.02195437 0.00129143 0.87903573
 0.60955661 0.00860956 0.26947912 0.11235471
 5.88893672e-01 6.88764529e-03 4.03788205e-01 4.30477830e-04
 0.05208782 0.01506672 0.04821352 0.88463194
 0.69479122 0.04132587 0.25398192 0.00990099
 0.62074903 0.00817908 0.34868704 0.02238485
 0.2931554  0.16444253 0.27808868 0.26431339

MOTIF vleng_l3_f_43
letter-probability matrix: alength= 4 w= 9 
 0.25329121 0.23012112 0.08372828 0.4328594 
 0.38757241 0.23012112 0.12269616 0.25961032
 0.17956819 0.19694576 0.52764613 0.09583992
 0.05055292 0.45813586 0.43865192 0.05265929
 5.26592944e-04 8.03054239e-01 1.37967351e-01 5.84518167e-02
 5.26592944e-04 7.68299105e-01 2.22222222e-01 8.95208004e-03
 0.18430753 0.54713007 0.25961032 0.00895208
 0.12427593 0.54607688 0.25645076 0.07319642
 0.1563981  0.51711427 0.22801474 0.09847288

MOTIF vleng_l3_f_44
letter-probability matrix: alength= 4 w= 9 
 0.42670645 0.15926893 0.28011936 0.13390526
 0.18575159 0.21782917 0.43528534 0.16113391
 5.77023499e-01 5.85602387e-02 3.64043267e-01 3.72995151e-04
 0.14024618 0.06079821 0.23946289 0.55949273
 0.49571056 0.00671391 0.15255502 0.34502051
 0.71876166 0.05818724 0.08616188 0.13688922
 1.79037673e-02 3.72995151e-04 9.32487878e-03 9.72398359e-01
 9.58970533e-01 3.72995151e-04 2.20067139e-02 1.86497576e-02
 0.61245804 0.01864976 0.34875047 0.02014174

MOTIF vleng_l3_f_45
letter-probability matrix: alength= 4 w= 9 
 0.10968179 0.20717671 0.23561273 0.44752877
 0.29180772 0.11509817 0.18415708 0.40893703
 0.18077183 0.12186865 0.16655383 0.53080569
 0.09681787 0.08801625 0.15504401 0.66012187
 0.08937035 0.20649966 0.43331077 0.27081923
 0.00067705 0.27623561 0.29790115 0.42518619
 0.0169262  0.71360867 0.01150982 0.25795531
 0.20379147 0.09410968 0.05822613 0.64387271
 0.03926879 0.25118483 0.47393365 0.23561273

MOTIF vleng_l3_f_46
letter-probability matrix: alength= 4 w= 9 
 0.07372337 0.25059182 0.17855935 0.49712546
 0.08150152 0.13561042 0.63341224 0.14947582
 2.94217112e-02 3.38180588e-04 7.63273588e-01 2.06966520e-01
 0.08961786 0.17314846 0.59283057 0.14440311
 0.57828881 0.06459249 0.22928644 0.12783226
 0.31958066 0.42306392 0.20121745 0.05613798
 0.12208319 0.1863375  0.54108894 0.15049036
 0.24788637 0.18058843 0.11464322 0.45688197
 0.57592154 0.05850524 0.11464322 0.25093   

MOTIF vleng_l3_f_47
letter-probability matrix: alength= 4 w= 9 
 0.3385214  0.31376017 0.13689423 0.2108242 
 0.38521401 0.13866289 0.47470817 0.00141493
 0.1542271  0.15599576 0.26812876 0.42164839
 0.16130173 0.59320835 0.03961797 0.20587195
 0.62787407 0.15776441 0.2019809  0.01238062
 0.3717722  0.00601344 0.20728688 0.41492748
 0.0555359  0.22709586 0.26423771 0.45313053
 0.30314821 0.0477538  0.62256809 0.02652989
 0.26918995 0.14396887 0.19561372 0.39122745

MOTIF vleng_l3_f_48
letter-probability matrix: alength= 4 w= 9 
 0.42780749 0.18181818 0.13368984 0.25668449
 0.08163993 0.26595365 0.15080214 0.50160428
 0.05276292 0.03921569 0.60748663 0.30053476
 0.29554367 0.18930481 0.34937611 0.1657754 
 1.33333333e-01 1.69340463e-01 6.96969697e-01 3.56506239e-04
 0.25918004 0.03279857 0.58823529 0.1197861 
 0.0171123  0.68163993 0.24242424 0.05882353
 0.05383244 0.20891266 0.1714795  0.5657754 
 0.21604278 0.54331551 0.1372549  0.10338681

MOTIF vleng_l3_f_49
letter-probability matrix: alength= 4 w= 9 
 0.13918409 0.67775111 0.07404868 0.10901611
 0.31744943 0.42577991 0.16592389 0.09084676
 0.05039424 0.27699691 0.13815564 0.53445321
 0.13644155 0.33801851 0.45869044 0.0668495 
 0.42338019 0.29825163 0.24065821 0.03770998
 0.25539938 0.23140213 0.33253342 0.18066507
 0.0438807  0.47034625 0.41892355 0.0668495 
 0.26294138 0.08193349 0.54473774 0.11038738
 0.09084676 0.22248886 0.56667809 0.11998629

MOTIF vleng_l3_f_50
letter-probability matrix: alength= 4 w= 9 
 0.15711095 0.25874907 0.06440804 0.51973194
 0.24906925 0.21183917 0.39947878 0.13961281
 0.0446761  0.00558451 0.71444527 0.23529412
 0.00260611 0.55174981 0.26098287 0.18466121
 0.03983619 0.00707372 0.80454207 0.14854803
 0.21481757 0.1344006  0.42256143 0.2282204 
 0.13179449 0.17609829 0.23864483 0.4534624 
 0.02382725 0.34251675 0.31459419 0.3190618 
 0.07706627 0.43931497 0.30565897 0.17795979

MOTIF vleng_l3_f_51
letter-probability matrix: alength= 4 w= 9 
 0.0745098  0.13627451 0.2872549  0.50196078
 0.0745098  0.01470588 0.38039216 0.53039216
 0.38235294 0.02058824 0.22254902 0.3745098 
 0.22352941 0.30294118 0.05490196 0.41862745
 0.48333333 0.00098039 0.23137255 0.28431373
 0.10098039 0.02843137 0.39411765 0.47647059
 0.00882353 0.6254902  0.00098039 0.36470588
 0.15980392 0.04705882 0.6372549  0.15588235
 0.1245098  0.32352941 0.20392157 0.34803922

MOTIF vleng_l3_f_52
letter-probability matrix: alength= 4 w= 9 
 0.24600972 0.10999306 0.49895906 0.14503817
 2.42886884e-03 7.06453851e-01 6.93962526e-04 2.90423317e-01
 0.02949341 0.24670368 0.65787647 0.06592644
 0.08813324 0.56384455 0.09368494 0.25433727
 0.10062457 0.03504511 0.60444136 0.25988897
 1.29424011e-01 6.37057599e-01 3.46981263e-04 2.33171409e-01
 0.12283137 0.02081888 0.0815406  0.77480916
 0.16932686 0.09576683 0.04371964 0.69118668
 0.21027065 0.20645385 0.1703678  0.4129077 

MOTIF vleng_l3_f_53
letter-probability matrix: alength= 4 w= 9 
 0.47949419 0.32911825 0.0861244  0.10526316
 0.09808612 0.20198223 0.66370472 0.03622693
 0.04237867 0.34962406 0.2443609  0.36363636
 0.00546822 0.41421736 0.0721121  0.50820232
 0.37764867 0.1076555  0.20915926 0.30553657
 0.21394395 0.34107997 0.25393028 0.1910458 
 0.59193438 0.12611073 0.00854409 0.2734108 
 0.20300752 0.04750513 0.1910458  0.55844156
 0.14593301 0.04272044 0.61722488 0.19412167

MOTIF vleng_l3_f_54
letter-probability matrix: alength= 4 w= 9 
 0.02940039 0.05299807 0.03365571 0.88394584
 0.0696325  0.01547389 0.3516441  0.56324952
 0.02746615 0.00851064 0.5172147  0.44680851
 0.78723404 0.04526112 0.0139265  0.15357834
 0.19961315 0.08588008 0.172147   0.54235977
 0.28433269 0.13926499 0.35628627 0.22011605
 0.31373308 0.14777563 0.3245648  0.2139265 
 0.40386847 0.21160542 0.19806576 0.18646035
 0.26112186 0.21508704 0.16441006 0.35938104

MOTIF vleng_l3_f_55
letter-probability matrix: alength= 4 w= 9 
 0.04756022 0.42680667 0.26930204 0.25633107
 0.06609018 0.43792464 0.32798023 0.16800494
 2.06917851e-01 5.62075355e-02 7.36256949e-01 6.17665225e-04
 0.24953675 0.42001235 0.27486103 0.05558987
 0.18900556 0.37554046 0.00926498 0.42618901
 0.08956146 0.143916   0.6714021  0.09512044
 9.88264361e-03 8.10994441e-01 6.17665225e-04 1.78505250e-01
 0.08153181 0.37986411 0.4848672  0.05373687
 0.37554046 0.3551575  0.20938851 0.05991353

MOTIF vleng_l3_f_56
letter-probability matrix: alength= 4 w= 9 
 0.31819722 0.29617079 0.30972552 0.07590647
 0.28498814 0.51474077 0.16604541 0.03422569
 0.03659776 0.63605557 0.11894273 0.20840393
 0.00881057 0.00982718 0.89698407 0.08437818
 0.08031176 0.14130803 0.37207726 0.40630295
 0.31819722 0.38664859 0.08742799 0.20772619
 0.41816333 0.0064385  0.24296849 0.33242968
 0.43917316 0.25787869 0.22771942 0.07522874
 0.27211115 0.03422569 0.62656727 0.0670959 

MOTIF vleng_l3_f_57
letter-probability matrix: alength= 4 w= 9 
 0.14142462 0.45124481 0.15248963 0.25484094
 0.07849239 0.11307054 0.44640387 0.3620332 
 0.04149378 0.63692946 0.03215768 0.28941909
 0.40387275 0.52835408 0.0280083  0.03976487
 0.48443983 0.08644537 0.26037344 0.16874136
 0.16770401 0.61237898 0.05809129 0.16182573
 0.02835408 0.31189488 0.53146611 0.12828492
 0.81466113 0.00691563 0.00484094 0.1735823 
 0.16251729 0.12413555 0.06258645 0.65076072

MOTIF vleng_l3_f_58
letter-probability matrix: alength= 4 w= 9 
 0.37942008 0.15947666 0.14144272 0.31966054
 0.51237624 0.19483734 0.05162659 0.24115983
 0.07001414 0.37553041 0.01379066 0.54066478
 0.89179632 0.03818953 0.00671853 0.06329562
 8.24964639e-01 7.07213579e-04 8.91089109e-02 8.52192362e-02
 5.12729844e-02 1.94483734e-02 3.53606789e-04 9.28925035e-01
 0.26732673 0.49151344 0.01237624 0.22878359
 0.27545969 0.27015559 0.21711457 0.23727016
 0.10007072 0.4062942  0.07142857 0.42220651

MOTIF vleng_l3_f_59
letter-probability matrix: alength= 4 w= 9 
 0.58433943 0.22249051 0.12073129 0.07243877
 0.35253536 0.32218006 0.02069679 0.30458779
 0.61469472 0.13142463 0.06484995 0.1890307 
 0.63056226 0.02552604 0.05105209 0.29285961
 0.44808555 0.02311142 0.05450155 0.47430148
 0.66988617 0.15798551 0.11969645 0.05243187
 0.24249741 0.14315281 0.6019317  0.01241808
 0.18178682 0.0593308  0.47016212 0.28872025
 0.75198344 0.04760262 0.12245602 0.07795792

MOTIF vleng_l3_f_60
letter-probability matrix: alength= 4 w= 9 
 0.02158516 0.13322091 0.01450253 0.8306914 
 0.05261383 0.34468803 0.02057336 0.58212479
 0.13726813 0.00607083 0.41112985 0.4455312 
 1.48060708e-01 4.15851602e-01 3.37268128e-04 4.35750422e-01
 0.20876897 0.28161889 0.32175379 0.18785835
 0.00573356 0.25025295 0.14536256 0.59865093
 0.1163575  0.07251265 0.33288364 0.47824621
 0.1989882  0.16020236 0.32681282 0.31399663
 0.16998314 0.24586847 0.33524452 0.24890388

MOTIF vleng_l3_f_61
letter-probability matrix: alength= 4 w= 9 
 0.10531877 0.49594928 0.14230363 0.25642832
 0.53610426 0.32934132 0.10320535 0.03134907
 0.15392744 0.62169778 0.17330046 0.05107432
 0.53892216 0.1775273  0.20007045 0.0834801 
 0.25678056 0.39027827 0.24233885 0.11060232
 0.16061994 0.0239521  0.59492779 0.22050018
 0.2543149  0.37865446 0.13596337 0.23106728
 0.19725255 0.08242339 0.58259951 0.13772455
 0.0066925  0.0873547  0.67735118 0.22860162

MOTIF vleng_l3_f_62
letter-probability matrix: alength= 4 w= 9 
 0.17371253 0.24212145 0.21137586 0.37279016
 0.26902383 0.33128363 0.16218294 0.23750961
 7.68639508e-04 7.68639508e-04 7.68639508e-04 9.97694081e-01
 0.66948501 0.00076864 0.32897771 0.00076864
 0.44888547 0.00076864 0.54957725 0.00076864
 0.05073021 0.80707148 0.00230592 0.13989239
 0.08455035 0.17063797 0.26518063 0.47963105
 0.17524981 0.54573405 0.14373559 0.13528055
 0.38047656 0.30284397 0.13451191 0.18216756

MOTIF vleng_l3_f_63
letter-probability matrix: alength= 4 w= 9 
 0.54553191 0.03446809 0.39148936 0.02851064
 0.23702128 0.23531915 0.27319149 0.25446809
 0.24085106 0.4412766  0.28255319 0.03531915
 0.57957447 0.28       0.03106383 0.1093617 
 0.42085106 0.01829787 0.40978723 0.15106383
 0.46978723 0.08978723 0.0306383  0.40978723
 0.68297872 0.0106383  0.13702128 0.1693617 
 0.35191489 0.02553191 0.51914894 0.10340426
 0.04680851 0.17191489 0.28851064 0.49276596

MOTIF vleng_l3_f_64
letter-probability matrix: alength= 4 w= 9 
 0.49286846 0.17749604 0.13312203 0.19651347
 0.0562599  0.22028526 0.42630745 0.29714739
 0.07527734 0.08795563 0.11489699 0.72187005
 0.0118859  0.04041204 0.57448494 0.37321712
 0.1481775  0.40570523 0.31299525 0.13312203
 0.50475436 0.02535658 0.46909667 0.00079239
 0.64500792 0.06497623 0.08399366 0.20602219
 0.45087163 0.16085578 0.04358162 0.34469097
 0.55388273 0.23137876 0.00396197 0.21077655

MOTIF vleng_l3_f_65
letter-probability matrix: alength= 4 w= 9 
 0.28007117 0.24626335 0.213879   0.25978648
 0.21637011 0.18790036 0.24911032 0.34661922
 9.78647687e-01 6.76156584e-03 3.55871886e-04 1.42348754e-02
 3.55871886e-04 4.98220641e-03 5.33807829e-03 9.89323843e-01
 7.11743772e-04 6.76156584e-03 9.78647687e-01 1.38790036e-02
 0.13594306 0.08042705 0.4430605  0.3405694 
 0.09466192 0.24270463 0.27829181 0.38434164
 0.0252669  0.03950178 0.64483986 0.29039146
 0.16405694 0.22669039 0.40854093 0.20071174

MOTIF vleng_l3_f_66
letter-probability matrix: alength= 4 w= 9 
 0.11855489 0.33356717 0.28586461 0.26201333
 0.28796913 0.19537005 0.36513504 0.15152578
 0.19010873 0.11820414 0.36688881 0.32479832
 0.12837601 0.33882848 0.48860049 0.04419502
 0.05576991 0.47772711 0.40301649 0.0634865 
 0.00771659 0.47071203 0.22763942 0.29393195
 0.00280603 0.61592424 0.26692389 0.11434584
 0.02911259 0.60154332 0.11820414 0.25113995
 0.14345844 0.42441249 0.29463346 0.13749562

MOTIF vleng_l3_f_67
letter-probability matrix: alength= 4 w= 9 
 0.13870095 0.07273342 0.58558863 0.202977  
 0.15290934 0.21853857 0.27469553 0.35385656
 0.03315291 0.26014885 0.00845737 0.69824087
 0.07780785 0.0740866  0.55987821 0.28822733
 0.19824087 0.047023   0.43064953 0.3240866 
 0.11569689 0.39580514 0.12110961 0.36738836
 0.05886333 0.01792963 0.57543978 0.34776725
 0.07814614 0.2973613  0.12922869 0.49526387
 0.38768606 0.31326116 0.12347767 0.1755751 

MOTIF vleng_l3_f_68
letter-probability matrix: alength= 4 w= 9 
 0.26159749 0.35228462 0.18346704 0.20265085
 0.35856296 0.18067667 0.40913847 0.0516219 
 0.53051971 0.00244158 0.26229508 0.20474363
 0.23299616 0.03313568 0.58772236 0.1461458 
 0.08580398 0.01255668 0.78304848 0.11859086
 1.84862225e-02 2.09277991e-03 9.79072201e-01 3.48796652e-04
 3.48796652e-04 3.38332752e-02 9.58493198e-01 7.32472968e-03
 3.48796652e-04 4.11580049e-02 6.97942100e-01 2.60551099e-01
 0.17370073 0.19951168 0.3641437  0.26264388

MOTIF vleng_l3_f_69
letter-probability matrix: alength= 4 w= 9 
 0.09543286 0.20109066 0.20381731 0.49965917
 0.0603272  0.27436946 0.44580777 0.21949557
 0.56271302 0.03510566 0.12167689 0.28050443
 0.21097478 0.35480573 0.2068848  0.2273347 
 0.21301977 0.39093388 0.0129516  0.38309475
 0.17041581 0.19052488 0.50068166 0.13837764
 0.19256987 0.33367416 0.37048398 0.10327198
 0.13224267 0.05487389 0.71813224 0.09475119
 0.01192911 0.00783913 0.96080436 0.0194274 

MOTIF vleng_l3_f_70
letter-probability matrix: alength= 4 w= 9 
 0.27981488 0.48736205 0.13456746 0.09825561
 0.52865789 0.15485938 0.06336775 0.25311499
 0.37664649 0.17871129 0.22214311 0.22249911
 7.73584906e-01 3.55998576e-04 1.10715557e-01 1.15343539e-01
 0.02634389 0.00391598 0.16340335 0.80633677
 0.0494838  0.02349591 0.79708081 0.12993948
 0.07903168 0.18654325 0.33392666 0.4004984 
 0.23104308 0.23389106 0.28444286 0.250623  
 0.15770737 0.20825917 0.31292275 0.32111072

MOTIF vleng_l3_f_71
letter-probability matrix: alength= 4 w= 9 
 0.24259722 0.36389583 0.13057438 0.26293257
 0.12058509 0.03745986 0.62112023 0.22083482
 0.1159472  0.10524438 0.11844452 0.6603639 
 0.42561541 0.06457367 0.3596147  0.15019622
 4.17766679e-01 3.56760614e-04 3.18230467e-01 2.63646093e-01
 0.04423832 0.66072066 0.11095255 0.18408848
 0.23260792 0.44630753 0.01212986 0.30895469
 0.3713878  0.41776668 0.08919015 0.12165537
 0.14448805 0.31073849 0.092401   0.45237246

MOTIF vleng_l3_f_72
letter-probability matrix: alength= 4 w= 9 
 0.13860579 0.25071341 0.36159804 0.24908276
 0.06726457 0.60211985 0.0839788  0.24663677
 0.77823074 0.05055035 0.15858133 0.01263759
 0.02323685 0.02731349 0.82837342 0.12107623
 0.01793722 0.24541378 0.12107623 0.61557277
 0.30289442 0.24989808 0.27680391 0.17040359
 0.0635956  0.02527517 0.22217693 0.6889523 
 0.6106808  0.19241745 0.01263759 0.18426417
 0.18711781 0.29147982 0.11985324 0.40154912

MOTIF vleng_l3_f_73
letter-probability matrix: alength= 4 w= 9 
 0.489093   0.07577497 0.10964409 0.32548794
 0.25660161 0.01664753 0.15556831 0.57118255
 5.74052813e-04 5.74052813e-04 4.11595867e-01 5.87256028e-01
 0.49138921 0.08840413 0.31228473 0.10792193
 0.67853042 0.0315729  0.15269805 0.13719862
 0.23249139 0.2238806  0.31917336 0.22445465
 0.43053961 0.17336395 0.10792193 0.28817451
 0.23708381 0.20780712 0.01549943 0.53960964
 0.05740528 0.10907003 0.5401837  0.29334099

MOTIF vleng_l3_f_74
letter-probability matrix: alength= 4 w= 9 
 0.15653358 0.1215971  0.63520871 0.08666062
 0.19872958 0.09482759 0.43738657 0.26905626
 0.03221416 0.52540835 0.15108893 0.29128857
 0.5        0.25862069 0.01724138 0.22413793
 0.12341198 0.38838475 0.0862069  0.40199637
 0.02540835 0.30263158 0.21506352 0.45689655
 0.07577132 0.34618875 0.57350272 0.00453721
 0.14927405 0.16696915 0.38384755 0.29990926
 0.06805808 0.33393829 0.13475499 0.46324864

MOTIF vleng_l3_f_75
letter-probability matrix: alength= 4 w= 9 
 0.12833676 0.17214237 0.23682409 0.46269678
 0.41273101 0.09342916 0.31519507 0.17864476
 0.14989733 0.51916496 0.05475702 0.2761807 
 0.02772074 0.47227926 0.32956879 0.17043121
 0.02395619 0.32238193 0.43258042 0.22108145
 0.07015743 0.74948665 0.03832991 0.14202601
 0.02327173 0.57323751 0.25667351 0.14681725
 0.05270363 0.47638604 0.01334702 0.45756331
 0.24161533 0.30321697 0.07494867 0.38021903

MOTIF vleng_l3_f_76
letter-probability matrix: alength= 4 w= 9 
 0.00136612 0.0204918  0.02185792 0.95628415
 0.59836066 0.02322404 0.37704918 0.00136612
 0.62021858 0.0068306  0.3715847  0.00136612
 0.58879781 0.22131148 0.10928962 0.08060109
 0.15163934 0.60519126 0.07786885 0.16530055
 0.00136612 0.91939891 0.07103825 0.00819672
 0.22404372 0.21311475 0.56147541 0.00136612
 0.04644809 0.45355191 0.46174863 0.03825137
 0.05327869 0.40163934 0.44945355 0.09562842

MOTIF vleng_l3_f_77
letter-probability matrix: alength= 4 w= 9 
 0.05771213 0.2755067  0.13947097 0.5273102 
 0.18206802 0.26829268 0.05358983 0.49604947
 0.08381999 0.24699416 0.4476125  0.22157334
 3.43524562e-04 7.07660598e-01 1.05805565e-01 1.86190313e-01
 0.08244589 0.55170045 0.1789763  0.18687736
 0.01167984 0.23256613 0.61868774 0.1370663 
 0.00412229 0.47990381 0.07179663 0.44417726
 0.07626245 0.34352456 0.20336654 0.37684644
 0.1803504  0.19924425 0.09137753 0.52902783

MOTIF vleng_l3_f_78
letter-probability matrix: alength= 4 w= 9 
 0.10269446 0.35129639 0.28215557 0.26385358
 0.03457041 0.17183528 0.01830198 0.77529232
 0.07371632 0.0437214  0.18301983 0.69954245
 0.12760549 0.00101678 0.39349263 0.4778851 
 0.08490086 0.74072191 0.05490595 0.11947128
 5.08388409e-04 1.24555160e-01 2.05897306e-01 6.69039146e-01
 0.00965938 0.46466701 0.17234367 0.35332994
 0.0132181  0.15302491 0.45246568 0.38129131
 0.113879   0.15404169 0.40721912 0.32486019

MOTIF vleng_l3_f_79
letter-probability matrix: alength= 4 w= 9 
 0.31726338 0.27011698 0.22119816 0.19142148
 0.20347395 0.25593761 0.25274725 0.28784119
 0.40730238 0.13647643 0.34030486 0.11591634
 0.1729883  0.47110954 0.16483516 0.191067  
 0.16483516 0.29174052 0.32399858 0.21942574
 9.98936547e-01 3.54484225e-04 3.54484225e-04 3.54484225e-04
 3.54484225e-04 3.54484225e-04 3.54484225e-04 9.98936547e-01
 3.54484225e-04 3.54484225e-04 9.98936547e-01 3.54484225e-04
 0.04537398 0.21446296 0.44097838 0.29918469

MOTIF vleng_l3_f_80
letter-probability matrix: alength= 4 w= 9 
 0.33628645 0.17128092 0.2886674  0.20376523
 0.36803248 0.3052787  0.21594684 0.11074197
 0.17054264 0.03100775 0.28903654 0.50941307
 0.17165006 0.20413437 0.39830196 0.22591362
 0.12550757 0.26430417 0.32631968 0.28386859
 0.29198966 0.07272056 0.213732   0.42155777
 2.24437062e-01 3.69139904e-04 2.18899963e-01 5.56293835e-01
 0.5503876  0.03248431 0.35511259 0.0620155 
 0.12218531 0.00664452 0.86267996 0.00849022

MOTIF vleng_l3_f_81
letter-probability matrix: alength= 4 w= 9 
 0.3498452  0.21947024 0.33230134 0.09838321
 0.03543172 0.25490196 0.47196422 0.2377021 
 0.05607155 0.02958376 0.46130031 0.45304438
 0.00171999 0.28826969 0.30134159 0.40866873
 0.21603027 0.28551772 0.26797386 0.23047816
 0.07189542 0.18231854 0.32404541 0.42174063
 0.34502924 0.01754386 0.11661507 0.52081183
 0.05572755 0.02992776 0.41107671 0.50326797
 0.03267974 0.16064671 0.36945304 0.4372205 

MOTIF vleng_l3_f_82
letter-probability matrix: alength= 4 w= 9 
 0.13279593 0.18031396 0.16758591 0.5193042 
 0.3088672  0.19686042 0.19686042 0.29741196
 0.08230802 0.58421723 0.06618583 0.26728893
