MEME version 5.3.0

ALPHABET= ACGT

strands: + -

Background letter frequencies
A 0.25 C 0.25 G 0.25 T 0.25

MOTIF vleng_f_0
letter-probability matrix: alength= 4 w= 9 
 0.6647357  0.08254888 0.21759594 0.03511948
 0.60753077 0.12346126 0.15206372 0.11694424
 0.36495293 0.22121651 0.27299059 0.14083997
 0.69478639 0.08291093 0.10391021 0.11839247
 3.35988414e-01 1.30340333e-02 3.62056481e-04 6.50615496e-01
 0.07313541 0.0057929  0.65496017 0.26611151
 0.03403331 0.0724113  0.66944243 0.22411296
 0.36712527 0.3019551  0.22918175 0.10173787
 0.37581463 0.108979   0.23642288 0.27878349

MOTIF vleng_f_1
letter-probability matrix: alength= 4 w= 9 
 0.70993987 0.0077821  0.26989742 0.01238062
 0.07039264 0.03148214 0.24159887 0.65652635
 3.53731871e-04 2.82985497e-03 9.88326848e-01 8.48956491e-03
 0.13512557 0.12663601 0.55394411 0.1842943 
 0.06756279 0.10505837 0.71878316 0.10859568
 0.15387336 0.26671383 0.38875133 0.19066148
 0.15175097 0.08631058 0.47683056 0.28510789
 0.15033605 0.57233817 0.1531659  0.12415989
 0.20587195 0.3307393  0.21506898 0.24831977

MOTIF vleng_f_2
letter-probability matrix: alength= 4 w= 9 
 0.01818182 0.09193825 0.02813036 0.86174957
 0.06758148 0.00686106 0.55368782 0.37186964
 0.01406518 0.04974271 0.60171527 0.33447684
 0.19931389 0.35917667 0.15849057 0.28301887
 0.11217839 0.00960549 0.43361921 0.44459691
 0.00411664 0.07272727 0.45660377 0.46655232
 0.02435678 0.30497427 0.09879931 0.57186964
 0.03670669 0.30325901 0.55951973 0.10051458
 0.13962264 0.32692967 0.15849057 0.37495712

MOTIF vleng_f_3
letter-probability matrix: alength= 4 w= 9 
 0.46842394 0.15980231 0.21856123 0.15321252
 0.34321801 0.36847886 0.2306425  0.05766063
 0.82317408 0.02635914 0.13563976 0.01482702
 0.66007688 0.16858869 0.05271829 0.11861614
 0.36847886 0.11916529 0.22789676 0.28445909
 0.56672158 0.09060956 0.03789127 0.30477759
 0.18506315 0.0010983  0.23668314 0.57715541
 0.04777595 0.0010983  0.85557386 0.09555189
 0.35145524 0.14277869 0.29324547 0.21252059

MOTIF vleng_f_4
letter-probability matrix: alength= 4 w= 9 
 0.15693431 0.28248175 0.2        0.36058394
 0.51715328 0.06386861 0.29233577 0.12664234
 0.29343066 0.41824818 0.13905109 0.14927007
 4.54379562e-01 2.55474453e-02 5.19708029e-01 3.64963504e-04
 0.38211679 0.14233577 0.32335766 0.15218978
 0.23978102 0.13394161 0.22737226 0.39890511
 7.73722628e-01 6.16788321e-02 1.64233577e-01 3.64963504e-04
 0.0879562  0.02226277 0.07919708 0.81058394
 0.05437956 0.06021898 0.87080292 0.01459854

MOTIF vleng_f_5
letter-probability matrix: alength= 4 w= 9 
 0.18190128 0.10923218 0.11197441 0.59689214
 0.38025594 0.17961609 0.00045704 0.43967093
 0.24634369 0.12888483 0.05667276 0.56809872
 0.44332724 0.23446069 0.04936015 0.27285192
 0.27787934 0.17047532 0.46023766 0.09140768
 0.44926874 0.19972578 0.18829982 0.16270567
 0.00548446 0.12934186 0.79433272 0.07084095
 0.04113346 0.06170018 0.12157221 0.77559415
 0.00274223 0.30987203 0.3523766  0.33500914

MOTIF vleng_f_6
letter-probability matrix: alength= 4 w= 9 
 0.1886931  0.15051395 0.27092511 0.38986784
 0.41262849 0.14096916 0.22026432 0.22613803
 0.62114537 0.23201175 0.14610866 0.00073421
 0.93979442 0.02643172 0.01835536 0.0154185 
 0.46328928 0.18649046 0.09911894 0.25110132
 7.34214391e-04 3.52422907e-02 1.43171806e-01 8.20851689e-01
 0.15198238 0.00660793 0.00293686 0.83847283
 2.79001468e-02 5.13950073e-03 9.66226138e-01 7.34214391e-04
 0.09030837 0.09397944 0.59251101 0.22320117

MOTIF vleng_f_7
letter-probability matrix: alength= 4 w= 9 
 0.10666105 0.12816189 0.2415683  0.52360877
 4.21585160e-04 4.13153457e-02 6.74536256e-03 9.51517707e-01
 0.63026981 0.01264755 0.26897133 0.0881113 
 0.18634064 0.54342327 0.21922428 0.0510118 
 0.30944351 0.1306914  0.02908938 0.53077572
 0.9460371  0.04131535 0.00463744 0.00801012
 0.4148398  0.20362563 0.14839798 0.23313659
 0.24198988 0.10834739 0.25084317 0.39881956
 0.35286678 0.09317032 0.21543002 0.33853288

MOTIF vleng_f_8
letter-probability matrix: alength= 4 w= 9 
 0.10824373 0.24767025 0.35376344 0.29032258
 0.07777778 0.3        0.11003584 0.51218638
 0.33082437 0.37132616 0.20752688 0.09032258
 3.58422939e-04 4.30107527e-03 9.47670251e-01 4.76702509e-02
 3.58422939e-04 3.60931900e-01 3.94265233e-03 6.34767025e-01
 0.30358423 0.12508961 0.15878136 0.4125448 
 0.18888889 0.11899642 0.16451613 0.52759857
 0.5311828  0.18064516 0.06594982 0.22222222
 0.07706093 0.02293907 0.40501792 0.49498208

MOTIF vleng_f_9
letter-probability matrix: alength= 4 w= 9 
 0.20784049 0.50321054 0.10510308 0.18384589
 0.10037175 0.30483271 0.5380196  0.05677594
 0.03142954 0.88509632 0.00304157 0.08043258
 9.12470429e-03 9.90199392e-01 3.37952011e-04 3.37952011e-04
 0.19533626 0.70091247 0.01892531 0.08482595
 0.21933086 0.64244677 0.04731328 0.09090909
 0.19736397 0.65021967 0.06218317 0.09023319
 0.39844542 0.12335248 0.41230145 0.06590064
 0.09800608 0.22575194 0.39202433 0.28421764

MOTIF vleng_f_10
letter-probability matrix: alength= 4 w= 9 
 0.2218543  0.11846946 0.30610743 0.3535688 
 0.12619573 0.04231052 0.29985283 0.53164091
 0.133922   0.24245769 0.14495953 0.47866078
 0.30316409 0.00956586 0.27704194 0.41022811
 0.12030905 0.09933775 0.05187638 0.72847682
 1.54157469e-01 7.96909492e-01 3.67917586e-04 4.85651214e-02
 0.05886681 0.66666667 0.05298013 0.22148639
 0.09271523 0.6589404  0.04562178 0.20272259
 0.06291391 0.7049301  0.08204562 0.15011038

MOTIF vleng_f_11
letter-probability matrix: alength= 4 w= 9 
 0.85526316 0.05263158 0.01315789 0.07894737
 0.27631579 0.19736842 0.48684211 0.03947368
 0.03947368 0.09210526 0.60526316 0.26315789
 0.63157895 0.05263158 0.07894737 0.23684211
 0.02631579 0.05263158 0.01315789 0.90789474
 0.69736842 0.01315789 0.09210526 0.19736842
 0.10526316 0.01315789 0.86842105 0.01315789
 0.27631579 0.01315789 0.01315789 0.69736842
 0.07894737 0.05263158 0.85526316 0.01315789

MOTIF vleng_f_12
letter-probability matrix: alength= 4 w= 9 
 0.09605817 0.31381554 0.21163414 0.37849215
 0.47378492 0.19211634 0.14925373 0.18484501
 3.82701875e-04 3.58974359e-01 1.30118638e-02 6.27631075e-01
 0.14848833 0.03099885 0.44584768 0.37466514
 3.82701875e-04 3.82701875e-04 3.82701875e-04 9.98851894e-01
 9.35706085e-01 3.82701875e-04 6.35285113e-02 3.82701875e-04
 8.33141982e-01 3.82701875e-04 1.66092614e-01 3.82701875e-04
 0.23000383 0.03559127 0.44623039 0.28817451
 0.22770762 0.27554535 0.22043628 0.27631075

MOTIF vleng_f_13
letter-probability matrix: alength= 4 w= 9 
 0.30188679 0.14957118 0.39794168 0.15060034
 0.13104631 0.23259005 0.06380789 0.57255575
 3.43053173e-04 4.64493997e-01 7.54716981e-03 5.27615780e-01
 3.43053173e-04 6.81989708e-01 9.15951973e-02 2.26072041e-01
 0.05797599 0.25214408 0.01955403 0.6703259 
 0.20240137 0.26758148 0.04150943 0.48850772
 0.14133791 0.01543739 0.00994854 0.83327616
 0.4161235  0.33379074 0.1509434  0.09914237
 0.16981132 0.08233276 0.58662093 0.16123499

MOTIF vleng_f_14
letter-probability matrix: alength= 4 w= 9 
 0.06908706 0.30066972 0.18293973 0.44730349
 0.13288685 0.07789919 0.78674656 0.0024674 
 0.03595347 0.07930913 0.80754318 0.07719422
 0.01268946 0.22171308 0.28798026 0.4776172 
 1.58618259e-01 1.02220656e-02 8.30807191e-01 3.52485019e-04
 0.02255904 0.42086711 0.53048995 0.02608389
 0.05498766 0.21008107 0.46774762 0.26718364
 0.03806838 0.02608389 0.73140642 0.20444131
 0.0659147  0.36552697 0.32393373 0.2446246 

MOTIF vleng_f_15
letter-probability matrix: alength= 4 w= 9 
 0.39177793 0.24560787 0.30709768 0.05551651
 8.24666198e-01 3.51370344e-04 1.74631061e-01 3.51370344e-04
 0.1208714  0.06851722 0.65038651 0.16022488
 0.00245959 0.86683064 0.07554462 0.05516514
 0.27196065 0.14406184 0.39318342 0.1907941 
 0.08432888 0.0319747  0.28250176 0.60119466
 0.57027407 0.25158117 0.16795502 0.01018974
 0.37245257 0.14371047 0.3886156  0.09522136
 0.34855938 0.33731553 0.14757554 0.16654954

MOTIF vleng_f_16
letter-probability matrix: alength= 4 w= 9 
 0.22062842 0.20321038 0.48019126 0.09596995
 0.09870219 0.54030055 0.15812842 0.20286885
 0.13968579 0.40027322 0.21448087 0.24556011
 0.03278689 0.72028689 0.20765027 0.03927596
 0.01400273 0.86202186 0.00751366 0.11646175
 3.41530055e-04 7.39071038e-01 2.56147541e-01 4.43989071e-03
 0.03381148 0.91564208 0.04678962 0.00375683
 0.09562842 0.80430328 0.05054645 0.04952186
 0.16393443 0.53825137 0.27424863 0.02356557

MOTIF vleng_f_17
letter-probability matrix: alength= 4 w= 9 
 0.37247706 0.15963303 0.00733945 0.46055046
 0.39816514 0.00733945 0.32844037 0.26605505
 0.15412844 0.00183486 0.55779817 0.28623853
 0.02568807 0.33577982 0.01284404 0.62568807
 0.2        0.43302752 0.35045872 0.01651376
 0.09357798 0.7706422  0.00183486 0.13394495
 0.49541284 0.19816514 0.0146789  0.29174312
 0.11192661 0.01100917 0.03669725 0.84036697
 0.19082569 0.05504587 0.68440367 0.06972477

MOTIF vleng_f_18
letter-probability matrix: alength= 4 w= 9 
 0.20938255 0.33977234 0.20972749 0.24111763
 0.24077268 0.29527423 0.14487754 0.31907554
 0.34770611 0.32597447 0.29320455 0.03311487
 9.83787513e-01 3.44946533e-04 1.72473267e-03 1.41428079e-02
 7.24387720e-03 3.44946533e-04 1.09348051e-01 8.83063125e-01
 3.44946533e-04 3.44946533e-04 9.93790962e-01 5.51914453e-03
 0.03208003 0.3328734  0.36115902 0.27388755
 0.14280786 0.02276647 0.58571921 0.24870645
 0.13694377 0.1690238  0.34736116 0.34667127

MOTIF vleng_f_19
letter-probability matrix: alength= 4 w= 9 
 0.21181556 0.26080692 0.21361671 0.31376081
 0.25288184 0.4139049  0.14301153 0.19020173
 8.64553314e-01 3.60230548e-04 1.34726225e-01 3.60230548e-04
 0.28350144 0.23414986 0.1675072  0.3148415 
 0.3018732  0.16930836 0.3407781  0.18804035
 8.71757925e-01 3.60230548e-04 1.12752161e-01 1.51296830e-02
 0.05295389 0.05475504 0.00576369 0.88652738
 5.76368876e-03 3.60230548e-04 9.12103746e-01 8.17723343e-02
 0.21001441 0.29610951 0.2323487  0.26152738

MOTIF vleng_f_20
letter-probability matrix: alength= 4 w= 9 
 0.24656593 0.24004121 0.20535714 0.30803571
 0.24107143 0.14491758 0.27884615 0.33516484
 0.02506868 0.07864011 0.01407967 0.88221154
 0.56078297 0.12156593 0.28228022 0.03537088
 0.57554945 0.09478022 0.27163462 0.05803571
 0.03743132 0.02506868 0.02987637 0.90762363
 0.64732143 0.03090659 0.25583791 0.06593407
 7.89148352e-01 3.43406593e-04 2.07074176e-01 3.43406593e-03
 0.20776099 0.13633242 0.20570055 0.45020604

MOTIF vleng_f_21
letter-probability matrix: alength= 4 w= 9 
 0.19818245 0.38448095 0.16043341 0.25690318
 0.67913317 0.24711639 0.03704998 0.03670045
 0.34673191 0.08878015 0.25515554 0.3093324 
 3.49528137e-04 1.04858441e-03 1.74764069e-02 9.81125481e-01
 0.04613771 0.0471863  0.07305138 0.83362461
 0.05103111 0.11639287 0.26564138 0.56693464
 0.15938483 0.37399511 0.34428521 0.12233485
 0.66165676 0.06990563 0.0534778  0.2149598 
 0.01013632 0.05976931 0.20657113 0.72352324

MOTIF vleng_f_22
letter-probability matrix: alength= 4 w= 9 
 0.10884354 0.14739229 0.3968254  0.34693878
 0.00113379 0.00113379 0.00113379 0.99659864
 0.5861678  0.00113379 0.41156463 0.00113379
 0.62018141 0.00113379 0.37755102 0.00113379
 0.00113379 0.00113379 0.00113379 0.99659864
 0.8537415  0.00113379 0.14399093 0.00113379
 0.569161   0.00113379 0.42857143 0.00113379
 0.36621315 0.21995465 0.35600907 0.05782313
 0.11564626 0.26190476 0.33673469 0.28571429

MOTIF vleng_f_23
letter-probability matrix: alength= 4 w= 9 
 0.28125    0.06896552 0.28987069 0.35991379
 0.06788793 0.01077586 0.65086207 0.27047414
 0.25862069 0.00107759 0.73922414 0.00107759
 0.00107759 0.00646552 0.2424569  0.75      
 0.0862069  0.24137931 0.10668103 0.56573276
 0.17672414 0.00431034 0.00107759 0.81788793
 0.00107759 0.01400862 0.04525862 0.93965517
 0.55926724 0.03771552 0.39224138 0.01077586
 0.14439655 0.17241379 0.36530172 0.31788793

MOTIF vleng_f_24
letter-probability matrix: alength= 4 w= 9 
 0.57413479 0.1992714  0.18069217 0.04590164
 0.41602914 0.20692168 0.12859745 0.24845173
 0.00837887 0.86812386 0.1151184  0.00837887
 0.81129326 0.04590164 0.13624772 0.00655738
 0.0298725  0.73879781 0.14499089 0.0863388 
 0.11766849 0.68233151 0.09326047 0.10673953
 0.40801457 0.2571949  0.10965392 0.22513661
 0.456102   0.13260474 0.3420765  0.06921676
 0.32459016 0.20546448 0.44335155 0.02659381

MOTIF vleng_f_25
letter-probability matrix: alength= 4 w= 9 
 0.24948875 0.22699387 0.11451943 0.40899796
 0.24335378 0.32106339 0.09406953 0.34151329
 0.95296524 0.00204499 0.04294479 0.00204499
 0.1595092  0.17382413 0.0204499  0.64621677
 0.27607362 0.31492843 0.3803681  0.02862986
 0.96523517 0.00204499 0.03067485 0.00204499
 0.00204499 0.03067485 0.00204499 0.96523517
 0.00204499 0.00204499 0.96523517 0.03067485
 0.16768916 0.25562372 0.25766871 0.3190184 

MOTIF vleng_f_26
letter-probability matrix: alength= 4 w= 9 
 0.48656919 0.13770826 0.17613057 0.19959198
 0.19177151 0.07378443 0.06392384 0.67052023
 0.10438626 0.15980959 0.11016661 0.62563754
 6.50459028e-01 3.40020401e-04 8.05848351e-02 2.68616117e-01
 0.1700102  0.07106426 0.08228494 0.6766406 
 0.10744645 0.4049643  0.05746345 0.43012581
 0.16865012 0.01632098 0.11764706 0.69738184
 0.36246175 0.04522271 0.11560694 0.4767086 
 0.23801428 0.06256375 0.06766406 0.63175791

MOTIF vleng_f_27
letter-probability matrix: alength= 4 w= 9 
 0.36515259 0.2292406  0.20404542 0.20156139
 0.49112846 0.18275373 0.18878637 0.13733144
 0.36905607 0.47728886 0.03264727 0.12100781
 9.00638751e-01 3.54861604e-04 5.53584102e-02 4.36479773e-02
 0.37189496 0.18559262 0.05571327 0.38679915
 0.12704045 0.49929028 0.05961675 0.31405252
 6.69268985e-01 3.54861604e-04 6.06813343e-02 2.69694819e-01
 0.05855216 0.14620298 0.01490419 0.78034067
 0.18914123 0.15542938 0.3623137  0.29311568

MOTIF vleng_f_28
letter-probability matrix: alength= 4 w= 9 
 0.25716332 0.05551576 0.31160458 0.37571633
 0.29118911 0.28151862 0.36138968 0.06590258
 0.07020057 0.24426934 0.1282235  0.55730659
 0.39290831 0.10207736 0.39004298 0.11497135
 0.46454155 0.28939828 0.16690544 0.07915473
 0.61389685 0.04835244 0.05981375 0.27793696
 0.45845272 0.04405444 0.26396848 0.23352436
 0.33130372 0.13825215 0.2277937  0.30265043
 0.39362464 0.01647564 0.26611748 0.32378223

MOTIF vleng_f_29
letter-probability matrix: alength= 4 w= 9 
 0.25464286 0.065      0.46964286 0.21071429
 0.26964286 0.22       0.25678571 0.25357143
 0.38928571 0.12821429 0.26464286 0.21785714
 6.45000000e-01 3.57142857e-04 3.54285714e-01 3.57142857e-04
 0.13178571 0.19571429 0.31571429 0.35678571
 0.17892857 0.0625     0.435      0.32357143
 0.67214286 0.00892857 0.30107143 0.01785714
 0.01785714 0.05464286 0.16285714 0.76464286
 0.0275     0.02678571 0.90178571 0.04392857

MOTIF vleng_f_30
letter-probability matrix: alength= 4 w= 9 
 0.54576976 0.26941748 0.07871012 0.10610264
 0.3668516  0.14909847 0.32038835 0.16366158
 0.64424411 0.03571429 0.2832871  0.03675451
 0.26941748 0.20214979 0.29646325 0.23196949
 0.34778086 0.16574202 0.18932039 0.29715673
 8.41886269e-01 3.46740638e-04 3.29403606e-02 1.24826630e-01
 0.01629681 0.02080444 0.12135922 0.84153953
 8.32177531e-03 3.46740638e-04 9.70527046e-01 2.08044383e-02
 0.25901526 0.31726768 0.17614424 0.24757282

MOTIF vleng_f_31
letter-probability matrix: alength= 4 w= 9 
 0.0977131  0.0973666  0.72002772 0.08489258
 0.2006237  0.10533611 0.63825364 0.05578656
 0.22557173 0.23908524 0.36451836 0.17082467
 0.11191961 0.05058905 0.56133056 0.27616078
 0.12404712 0.15176715 0.52494802 0.1992377 
 0.43728344 0.02113652 0.3988219  0.14275814
 0.01871102 0.01316701 0.4968815  0.47124047
 0.09390159 0.16874567 0.68018018 0.05717256
 0.18503119 0.24462924 0.28482328 0.28551629

MOTIF vleng_f_32
letter-probability matrix: alength= 4 w= 9 
 0.21549938 0.15540821 0.39950269 0.22958972
 0.30335682 0.36261915 0.13012847 0.20389557
 0.68711148 0.20182346 0.03108164 0.07998342
 0.61665976 0.14421881 0.07666805 0.16245338
 0.28843763 0.24823871 0.1098218  0.35350186
 0.43638624 0.0870286  0.20223788 0.27434729
 2.59013676e-01 4.14421881e-04 1.18110236e-01 6.22461666e-01
 0.0493162  0.06464981 0.40820555 0.47782843
 0.08205553 0.10774969 0.57646084 0.23373394

MOTIF vleng_f_33
letter-probability matrix: alength= 4 w= 9 
 0.08959538 0.20279383 0.43593449 0.2716763 
 0.31695568 0.08622351 0.07707129 0.51974952
 0.34248555 0.43737958 0.16522158 0.05491329
 0.10693642 0.11608863 0.4561657  0.32080925
 0.3588632  0.09007707 0.54720617 0.00385356
 0.07466281 0.04961464 0.55587669 0.31984586
 0.22495183 0.25481696 0.44845857 0.07177264
 0.31117534 0.04287091 0.44267823 0.20327553
 0.07321773 0.08911368 0.79287091 0.04479769

MOTIF vleng_f_34
letter-probability matrix: alength= 4 w= 9 
 0.43752251 0.16492618 0.20057616 0.19697515
 0.19409435 0.43104069 0.15556356 0.2193014 
 0.33561397 0.13971912 0.08966511 0.4350018 
 3.60100828e-04 1.07670148e-01 7.98343536e-01 9.36262153e-02
 0.08138279 0.3456968  0.00288081 0.57003961
 0.00972272 0.00612171 0.6067699  0.37738567
 0.07021966 0.06553835 0.00684192 0.85740007
 0.28123875 0.22902413 0.16960749 0.32012964
 0.14368023 0.06625855 0.45192654 0.33813468

MOTIF vleng_f_35
letter-probability matrix: alength= 4 w= 9 
 0.17131756 0.13246203 0.12575062 0.5704698 
 0.06393501 0.07135288 0.54821618 0.31649594
 0.62239491 0.02296008 0.206994   0.14765101
 0.43447545 0.00706464 0.04945249 0.50900742
 4.23878488e-02 3.53232073e-04 5.24902861e-01 4.32356058e-01
 0.09537266 0.18368068 0.4966443  0.22430237
 0.18650653 0.24549629 0.54927587 0.0187213 
 0.32320735 0.12363123 0.17908866 0.37407277
 0.5054751  0.21087955 0.10526316 0.1783822 

MOTIF vleng_f_36
letter-probability matrix: alength= 4 w= 9 
 0.44124783 0.22599653 0.14800693 0.1847487 
 0.11057192 0.18440208 0.58578856 0.11923744
 0.31507799 0.12097054 0.49358752 0.07036395
 3.81282496e-01 3.46620451e-04 4.12824957e-01 2.05545927e-01
 0.02461005 0.4135182  0.22391681 0.33795494
 0.11369151 0.16117851 0.48318891 0.24194107
 0.50190641 0.09532062 0.32235702 0.08041594
 0.20069324 0.29462738 0.21039861 0.29428076
 0.1202773  0.16707106 0.47417678 0.23847487

MOTIF vleng_f_37
letter-probability matrix: alength= 4 w= 9 
 0.24704245 0.1026444  0.49269311 0.15762004
 0.02609603 0.17327766 0.43632568 0.36430063
 0.24217119 0.20250522 0.32393876 0.23138483
 1.51704941e-01 3.47947112e-04 8.37856646e-01 1.00904662e-02
 3.47947112e-04 1.61795407e-01 7.83576896e-01 5.42797495e-02
 0.01704941 0.06019485 0.76931106 0.15344468
 0.144746   0.0295755  0.70737648 0.11830202
 0.22338205 0.12178149 0.49617258 0.15866388
 0.13709116 0.08002784 0.63778706 0.14509395

MOTIF vleng_f_38
letter-probability matrix: alength= 4 w= 9 
 0.63241777 0.06646321 0.15462869 0.14649034
 0.52933198 0.3723296  0.0166158  0.08172262
 0.32383859 0.65310275 0.00101729 0.02204137
 7.10410309e-01 3.39097999e-04 2.02441506e-01 8.68090878e-02
 0.02475415 0.19023398 0.5415395  0.24347236
 0.5245846  0.08986097 0.14750763 0.2380468 
 0.30010173 0.31976941 0.21770092 0.16242794
 0.03560529 0.15734147 0.19125127 0.61580197
 0.12343167 0.17734825 0.42556799 0.27365209

MOTIF vleng_f_39
letter-probability matrix: alength= 4 w= 9 
 0.40116068 0.09902067 0.08414944 0.41566921
 0.3572724  0.34095031 0.29488575 0.00689155
 0.2270584  0.09902067 0.6648531  0.00906783
 0.00108814 0.12368517 0.64998186 0.22524483
 0.70221255 0.11062749 0.0304679  0.15669206
 4.89662677e-02 3.62713094e-04 6.81900617e-02 8.82480958e-01
 0.04352557 0.31773667 0.01124411 0.62749365
 0.13819369 0.28037722 0.23612622 0.34530287
 0.0663765  0.18643453 0.3960827  0.35110627

MOTIF vleng_f_40
letter-probability matrix: alength= 4 w= 9 
 0.15805471 0.20547112 0.17325228 0.46322188
 0.32158055 0.16534954 0.2662614  0.24680851
 0.21094225 0.52218845 0.10820669 0.15866261
 0.3106383  0.44316109 0.02492401 0.2212766 
 5.47112462e-03 6.07902736e-04 9.89057751e-01 4.86322188e-03
 0.48571429 0.47841945 0.03039514 0.00547112
 0.01641337 0.38541033 0.24741641 0.35075988
 0.28145897 0.27112462 0.0006079  0.44680851
 0.07051672 0.19452888 0.02735562 0.70759878

MOTIF vleng_f_41
letter-probability matrix: alength= 4 w= 9 
 0.34094101 0.23244382 0.18258427 0.2440309 
 0.32198034 0.06671348 0.26264045 0.34866573
 0.35814607 0.10323034 0.36657303 0.17205056
 3.58146067e-02 5.79353933e-02 9.05898876e-01 3.51123596e-04
 0.10884831 0.09866573 0.77001404 0.02247191
 0.15168539 0.1875     0.48595506 0.17485955
 0.21032303 0.4926264  0.19136236 0.1056882 
 0.06004213 0.07970506 0.15870787 0.70154494
 0.0431882  0.44136236 0.29283708 0.22261236

MOTIF vleng_f_42
letter-probability matrix: alength= 4 w= 9 
 0.1774359  0.15350427 0.42324786 0.24581197
 3.41880342e-04 3.41880342e-04 3.41880342e-04 9.98974359e-01
 8.02735043e-01 3.41880342e-04 1.96581197e-01 3.41880342e-04
 5.18974359e-01 1.02564103e-03 4.79658120e-01 3.41880342e-04
 0.10017094 0.31487179 0.36307692 0.22188034
 0.2382906  0.07760684 0.14940171 0.53470085
 0.08034188 0.50598291 0.06905983 0.34461538
 0.12068376 0.28307692 0.44239316 0.15384615
 0.28205128 0.32991453 0.21846154 0.16957265

MOTIF vleng_f_43
letter-probability matrix: alength= 4 w= 9 
 0.28293345 0.21276596 0.34721593 0.15708465
 0.13671344 0.10411951 0.5871435  0.17202354
 4.52693526e-04 7.16161159e-01 4.52693526e-04 2.82933454e-01
 0.39701222 0.08782254 0.22181983 0.29334541
 0.07559982 0.32231779 0.40606609 0.1960163 
 7.92666365e-01 4.52693526e-04 1.91036668e-01 1.58442734e-02
 0.05160706 0.07333635 0.056134   0.81892259
 7.24309642e-03 4.52693526e-04 8.74151200e-01 1.18153010e-01
 0.25758262 0.31190584 0.14984156 0.28066999

MOTIF vleng_f_44
letter-probability matrix: alength= 4 w= 9 
 0.24022743 0.15103056 0.28073916 0.32800284
 0.40085288 0.23098792 0.09061834 0.27754087
 0.91719972 0.00248756 0.01066098 0.06965174
 1.86567164e-01 3.55366027e-04 3.55366027e-04 8.12722104e-01
 3.55366027e-04 3.55366027e-04 8.13432836e-01 1.85856432e-01
 0.43390192 0.10270078 0.20788913 0.25550817
 0.5764037  0.05046198 0.10909737 0.26403696
 0.26403696 0.0931059  0.24875622 0.39410092
 0.30774698 0.23560768 0.08884151 0.36780384

MOTIF vleng_f_45
letter-probability matrix: alength= 4 w= 9 
 0.12931761 0.48483572 0.13732098 0.2485257 
 0.07455771 0.16554339 0.52864364 0.23125527
 0.08550969 0.06486942 0.71735468 0.13226622
 0.03748947 0.54296546 0.01811289 0.40143218
 0.32771693 0.10825611 0.47262005 0.09140691
 0.05981466 0.44271272 0.36731255 0.13016007
 0.26748104 0.2556866  0.35046335 0.126369  
 0.46672283 0.14237574 0.1600674  0.23083404
 0.1727043  0.4452401  0.07624263 0.30581297

MOTIF vleng_f_46
letter-probability matrix: alength= 4 w= 9 
 0.21519862 0.3343696  0.35302245 0.09740933
 0.27150259 0.32331606 0.11606218 0.28911917
 0.0597582  0.11675302 0.65423143 0.16925734
 0.55474957 0.1671848  0.05457686 0.22348877
 0.32020725 0.18687392 0.02452504 0.46839378
 0.50639033 0.04455959 0.41623489 0.0328152 
 0.45872193 0.13160622 0.30811744 0.1015544 
 0.26873921 0.10673575 0.28117444 0.3433506 
 0.33506045 0.07841105 0.4984456  0.0880829 

MOTIF vleng_f_47
letter-probability matrix: alength= 4 w= 9 
 0.13986746 0.25915591 0.19183816 0.40913847
 0.26927101 0.61144053 0.07150331 0.04778514
 0.02267178 0.00627834 0.92779909 0.04325078
 0.00453436 0.16253924 0.02650855 0.80641786
 0.47994419 0.44680851 0.05336589 0.01988141
 0.34112313 0.53644925 0.10149983 0.0209278 
 0.30728985 0.41995117 0.15033136 0.12242762
 0.45413324 0.32472968 0.11266132 0.10847576
 0.68364144 0.19183816 0.04743634 0.07708406

MOTIF vleng_f_48
letter-probability matrix: alength= 4 w= 9 
 0.17790778 0.3458362  0.20991053 0.26634549
 0.21713696 0.47453544 0.28458362 0.02374398
 0.28148658 0.2247075  0.37680661 0.11699931
 9.60082588e-02 3.44115623e-04 8.86441844e-01 1.72057811e-02
 0.16620785 0.46834136 0.31830695 0.04714384
 0.05299381 0.65726084 0.27185134 0.01789401
 0.65003441 0.19786648 0.0220234  0.13007571
 0.18444597 0.58499656 0.2092223  0.02133517
 0.45182381 0.14556091 0.36373021 0.03888507

MOTIF vleng_f_49
letter-probability matrix: alength= 4 w= 9 
 0.29472596 0.16373664 0.41468459 0.12685281
 0.1461565  0.32540503 0.17476732 0.35367115
 7.99724233e-01 1.37883488e-02 1.86142709e-01 3.44708721e-04
 0.07928301 0.02344019 0.12754223 0.76973457
 0.09307135 0.06032403 0.75043089 0.09617373
 0.38883144 0.1223716  0.28645295 0.20234402
 0.10513616 0.09272665 0.37469838 0.42743881
 0.15684247 0.08927956 0.56187522 0.19200276
 0.13098931 0.12512927 0.57256119 0.17132023

MOTIF vleng_f_50
letter-probability matrix: alength= 4 w= 9 
 0.24439919 0.25526137 0.21928038 0.28105906
 0.12152071 0.36863544 0.10862186 0.401222  
 0.10319077 0.29667346 0.31025119 0.28988459
 0.09029192 0.11744739 0.08893415 0.70332654
 0.01154107 0.44263408 0.50305499 0.04276986
 6.78886626e-04 2.24032587e-02 1.69721656e-02 9.59945689e-01
 0.53767821 0.01425662 0.44738629 0.00067889
 7.76646300e-01 4.07331976e-03 2.18601494e-01 6.78886626e-04
 0.31160896 0.04887984 0.51188052 0.12763069

MOTIF vleng_f_51
letter-probability matrix: alength= 4 w= 9 
 0.08790801 0.21958457 0.38946588 0.30304154
 0.00704748 0.31787834 0.10126113 0.57381306
 0.33753709 0.14094955 0.509273   0.01224036
 0.53301187 0.28412463 0.18175074 0.00111276
 0.10497033 0.64688427 0.16505935 0.08308605
 0.19732938 0.16654303 0.57529674 0.06083086
 0.35905045 0.15875371 0.12277448 0.35942136
 0.01557864 0.53709199 0.08456973 0.36275964
 0.10719585 0.1772997  0.5129822  0.20252226

MOTIF vleng_f_52
letter-probability matrix: alength= 4 w= 9 
 0.50617708 0.25806452 0.1273164  0.108442  
 0.57755662 0.23164036 0.11221688 0.07858614
 0.08030199 0.00480439 0.00446122 0.9104324 
 0.73610158 0.13520933 0.01441318 0.11427591
 0.2216884  0.02608099 0.72271791 0.0295127 
 0.00686342 0.26355525 0.31640357 0.41317776
 0.50205903 0.24021963 0.05902539 0.19869595
 0.22443377 0.17604667 0.19732327 0.40219629
 0.15065202 0.46019218 0.0164722  0.3726836 

MOTIF vleng_f_53
letter-probability matrix: alength= 4 w= 9 
 0.05263158 0.05263158 0.84210526 0.05263158
 0.05263158 0.84210526 0.05263158 0.05263158
 0.84210526 0.05263158 0.05263158 0.05263158
 0.36842105 0.52631579 0.05263158 0.05263158
 0.05263158 0.36842105 0.05263158 0.52631579
 0.84210526 0.05263158 0.05263158 0.05263158
 0.05263158 0.05263158 0.05263158 0.84210526
 0.05263158 0.05263158 0.05263158 0.84210526
 0.05263158 0.05263158 0.84210526 0.05263158

MOTIF vleng_f_54
letter-probability matrix: alength= 4 w= 9 
 0.33841577 0.10189662 0.39754556 0.16214206
 0.00297508 0.33134994 0.26738565 0.39828933
 0.13536631 0.05950167 0.6035701  0.20156192
 3.71885459e-04 3.71885459e-04 3.71885459e-04 9.98884344e-01
 7.80959464e-01 3.71885459e-04 2.11602826e-01 7.06582373e-03
 4.74525846e-01 3.71885459e-04 5.24730383e-01 3.71885459e-04
 0.23763481 0.17478617 0.26664187 0.32093715
 0.2328003  0.35589438 0.17701748 0.23428784
 0.21457791 0.46113797 0.12755671 0.19672741

MOTIF vleng_f_55
letter-probability matrix: alength= 4 w= 9 
 0.45817685 0.23079549 0.25776716 0.0532605 
 0.40047798 0.03516559 0.52509389 0.03926255
 0.26049846 0.16080574 0.41276886 0.16592694
 0.26527825 0.25776716 0.3960396  0.08091499
 0.63434619 0.01980198 0.15534312 0.19050871
 0.02150905 0.0051212  0.22874701 0.74462274
 0.01570502 0.05121202 0.79207921 0.14100376
 0.26698532 0.12564015 0.45715261 0.15022192
 0.22294298 0.18436326 0.36223967 0.23045408

MOTIF vleng_f_56
letter-probability matrix: alength= 4 w= 9 
 0.07245386 0.34449761 0.29630895 0.28673958
 0.06937799 0.39849624 0.41421736 0.11790841
 0.00786056 0.53417635 0.41592618 0.04203691
 0.00341763 0.76144908 0.11995899 0.1151743 
 0.10833903 0.66438824 0.04237867 0.18489405
 0.1910458  0.24641148 0.00683527 0.55570745
 0.01640465 0.7406015  0.02050581 0.22248804
 0.2949419  0.35680109 0.11619959 0.23205742
 0.30724539 0.36226931 0.20437457 0.12611073

MOTIF vleng_f_57
letter-probability matrix: alength= 4 w= 9 
 0.0815155  0.35132032 0.05166475 0.51549943
 0.33983927 0.29161883 0.07462687 0.29391504
 0.25373134 0.05510907 0.15843858 0.53272101
 0.12629162 0.00918485 0.00459242 0.85993111
 0.00114811 0.00114811 0.01492537 0.98277842
 0.9391504  0.04362801 0.00229621 0.01492537
 0.0401837  0.61538462 0.01148106 0.33295063
 0.17910448 0.71297359 0.09873708 0.00918485
 0.11825488 0.07807118 0.25487945 0.54879449

MOTIF vleng_f_58
letter-probability matrix: alength= 4 w= 9 
 0.12442203 0.13703237 0.14333754 0.59520807
 0.38209332 0.01933586 0.19840269 0.40016814
 0.57250946 0.25893232 0.09079445 0.07776377
 0.17318201 0.17864649 0.05506515 0.59310635
 0.58932325 0.11265237 0.21815889 0.07986549
 0.53551913 0.00588483 0.44892812 0.00966793
 0.33039092 0.01219    0.65657839 0.00084069
 0.0470786  0.05842791 0.78730559 0.10718789
 0.46700294 0.10844893 0.38419504 0.04035309

MOTIF vleng_f_59
letter-probability matrix: alength= 4 w= 9 
 0.44589215 0.06550851 0.46290264 0.02569671
 0.42851972 0.29315961 0.15418024 0.12414043
 0.14802751 0.31342743 0.17119073 0.36735433
 7.88273616e-01 3.61925443e-04 2.11002533e-01 3.61925443e-04
 0.02171553 0.02207745 0.19833514 0.75787188
 5.86319218e-02 1.83134274e-01 7.57871878e-01 3.61925443e-04
 0.22728918 0.03944987 0.5931958  0.14006515
 0.25479551 0.31958017 0.19471589 0.23090843
 0.18964893 0.18747738 0.49981904 0.12305465

MOTIF vleng_f_60
letter-probability matrix: alength= 4 w= 9 
 0.52238806 0.07628524 0.14262023 0.25870647
 0.41791045 0.013267   0.00165837 0.56716418
 0.00165837 0.0066335  0.44112769 0.55058043
 0.00165837 0.09618574 0.64676617 0.25538972
 0.00165837 0.00165837 0.00165837 0.99502488
 0.69320066 0.00165837 0.30348259 0.00165837
 0.56053068 0.00165837 0.43615257 0.00165837
 0.43283582 0.10613599 0.32338308 0.13764511
 0.49751244 0.12106136 0.08955224 0.29187396

MOTIF vleng_f_61
letter-probability matrix: alength= 4 w= 9 
 0.1447983  0.27600849 0.10615711 0.47303609
 0.36390658 0.385138   0.04543524 0.20552017
 0.5329087  0.22165605 0.09469214 0.1507431 
 0.24798301 0.40976645 0.307431   0.03481953
 0.33375796 0.17282378 0.11762208 0.37579618
 0.12951168 0.09384289 0.23949045 0.53715499
 0.1044586  0.74946921 0.0670913  0.07898089
 0.33970276 0.15796178 0.03142251 0.47091295
 0.3447983  0.10233546 0.42080679 0.13205945

MOTIF vleng_f_62
letter-probability matrix: alength= 4 w= 9 
 0.72719836 0.0597137  0.10961145 0.10347648
 0.37464213 0.03762781 0.00777096 0.5799591 
 1.33742331e-01 4.08997955e-04 5.03067485e-01 3.62781186e-01
 0.42413088 0.10347648 0.39222904 0.0801636 
 0.49079755 0.13128834 0.02699387 0.35092025
 0.11738241 0.03067485 0.39386503 0.45807771
 0.38936605 0.11370143 0.40817996 0.08875256
 0.3406953  0.18364008 0.36564417 0.11002045
 0.15501022 0.11247444 0.45439673 0.27811861

MOTIF vleng_f_63
letter-probability matrix: alength= 4 w= 9 
 0.39199157 0.23076923 0.18651212 0.19072708
 0.58201616 0.06146821 0.32490341 0.03161222
 0.29399368 0.1833509  0.16965227 0.35300316
 0.34843695 0.08500176 0.43238497 0.13417633
 0.76080084 0.02669477 0.20969442 0.00280998
 0.00210748 0.02950474 0.15911486 0.80927292
 0.00105374 0.0052687  0.91851071 0.07516684
 0.11591149 0.07551809 0.67755532 0.1310151 
 0.22374429 0.25535652 0.42009132 0.10080787

MOTIF vleng_f_64
letter-probability matrix: alength= 4 w= 9 
 0.44541638 0.24597621 0.13505948 0.17354794
 5.45486354e-01 3.49895031e-04 4.00279916e-01 5.38838348e-02
 0.62946116 0.09622113 0.1546536  0.1196641 
 0.77501749 0.05318404 0.04513646 0.126662  
 0.37683695 0.10076977 0.03358992 0.48880336
 0.16794962 0.73303009 0.00489853 0.09412176
 0.34044787 0.03918824 0.5703289  0.05003499
 0.46011197 0.2323303  0.01924423 0.28831351
 0.33449965 0.32645206 0.1973408  0.14170749

MOTIF vleng_f_65
letter-probability matrix: alength= 4 w= 9 
 0.04493208 0.6123302  0.06722396 0.27551376
 0.48241031 0.36677116 0.14838036 0.00243817
 0.69731801 0.01219087 0.27342389 0.01706722
 0.04771856 0.61581331 0.08254963 0.2539185 
 0.09543713 0.21351445 0.22187391 0.4691745 
 0.1954023  0.52838732 0.02647161 0.24973877
 0.01428074 0.23580634 0.22605364 0.52385928
 0.27412052 0.19575061 0.28700801 0.24312086
 0.34273772 0.2800418  0.19331243 0.18390805

MOTIF vleng_f_66
letter-probability matrix: alength= 4 w= 9 
 0.69173989 0.1314587  0.13040422 0.04639719
 0.58347979 0.05026362 0.18664323 0.17961336
 0.4        0.15746924 0.1943761  0.24815466
 0.67205624 0.11001757 0.09420035 0.12372583
 4.31634446e-01 3.51493849e-04 4.18277680e-02 5.26186292e-01
 0.04042179 0.00316344 0.48084359 0.47557118
 0.24463972 0.06643234 0.5711775  0.11775044
 0.50931459 0.2572935  0.07100176 0.16239016
 0.24850615 0.26713533 0.20281195 0.28154657

MOTIF vleng_f_67
letter-probability matrix: alength= 4 w= 9 
 0.3243607  0.23642889 0.08972633 0.34948407
 0.21085689 0.36025123 0.02512337 0.40376851
 0.86451323 0.01615074 0.0282638  0.09107223
 0.05697622 0.05607896 0.84970839 0.03723643
 0.72543742 0.01301032 0.07985644 0.18169583
 1.25616869e-02 4.48631673e-04 8.60475550e-01 1.26514132e-01
 0.6218035  0.12651413 0.10228802 0.14939435
 0.33916555 0.03903096 0.27770301 0.34410049
 0.29923733 0.13817856 0.10812023 0.45446389

MOTIF vleng_f_68
letter-probability matrix: alength= 4 w= 9 
 0.24404332 0.2166065  0.25198556 0.28736462
 0.26642599 0.25848375 0.21444043 0.26064982
 0.0101083  0.00866426 0.00649819 0.97472924
 7.58844765e-01 7.22021661e-04 2.12996390e-01 2.74368231e-02
 0.49530686 0.00072202 0.5032491  0.00072202
 7.22021661e-04 7.22021661e-04 7.22021661e-04 9.97833935e-01
 7.79783394e-01 7.22021661e-04 2.18772563e-01 7.22021661e-04
 0.54512635 0.00072202 0.4534296  0.00072202
 0.25631769 0.18122744 0.3732852  0.18916968

MOTIF vleng_f_69
letter-probability matrix: alength= 4 w= 9 
 0.20632799 0.17647059 0.57486631 0.04233512
 0.01158645 0.08110517 0.82308378 0.0842246 
 0.05926916 0.15285205 0.63057041 0.15730838
 4.27807487e-02 4.09982175e-02 9.15775401e-01 4.45632799e-04
 0.03743316 0.05614973 0.82531194 0.08110517
 4.45632799e-04 8.11051693e-02 4.51871658e-01 4.66577540e-01
 0.14928699 0.38948307 0.27317291 0.18805704
 0.14527629 0.16265597 0.19117647 0.50089127
 0.32754011 0.28743316 0.14438503 0.24064171

MOTIF vleng_f_70
letter-probability matrix: alength= 4 w= 9 
 0.08846311 0.28291887 0.2156543  0.41296372
 0.12311455 0.25723604 0.315532   0.30411741
 0.47370567 0.10436201 0.29066449 0.13126784
 0.76763147 0.00652263 0.17692621 0.04891969
 0.51977171 0.00163066 0.18344884 0.2951488 
 2.44598451e-01 4.07664085e-04 5.70729719e-03 7.49286588e-01
 0.06726457 0.00326131 0.24133714 0.68813698
 0.35099878 0.11985324 0.47125968 0.0578883 
 0.39869547 0.05014268 0.48634325 0.06481859

MOTIF vleng_f_71
letter-probability matrix: alength= 4 w= 9 
 0.32246696 0.14096916 0.26651982 0.27004405
 9.80176211e-01 4.40528634e-04 4.40528634e-04 1.89427313e-02
 4.40528634e-04 4.40528634e-04 1.89427313e-02 9.80176211e-01
 1.27753304e-02 4.40528634e-04 9.84140969e-01 2.64317181e-03
 0.35682819 0.230837   0.24317181 0.169163  
 0.00704846 0.05859031 0.33127753 0.6030837 
 0.20440529 0.28017621 0.22599119 0.28942731
 0.16784141 0.20528634 0.23348018 0.39339207
 0.16167401 0.25991189 0.14140969 0.43700441

MOTIF vleng_f_72
letter-probability matrix: alength= 4 w= 9 
 0.45371025 0.19293286 0.23816254 0.11519435
 0.55971731 0.25371025 0.05689046 0.12968198
 0.71625442 0.00141343 0.27526502 0.00706714
 0.19681979 0.69858657 0.01837456 0.08621908
 0.26289753 0.46855124 0.23321555 0.03533569
 0.79964664 0.15441696 0.00424028 0.04169611
 1.25795053e-01 2.48409894e-01 3.53356890e-04 6.25441696e-01
 0.26183746 0.23427562 0.50282686 0.00106007
 0.44134276 0.16572438 0.20742049 0.18551237

MOTIF vleng_f_73
letter-probability matrix: alength= 4 w= 9 
 0.23705959 0.19704219 0.45063071 0.11526751
 0.06872553 0.10787299 0.58982166 0.23357982
 0.19921705 0.34884732 0.20139191 0.25054371
 0.13353632 0.71683341 0.11961722 0.03001305
 0.84210526 0.03262288 0.09873858 0.02653328
 0.03610265 0.84558504 0.0169639  0.10134841
 0.02566333 0.83036103 0.14049587 0.00347977
 0.63418878 0.14441061 0.12701174 0.09438886
 0.21748586 0.24749891 0.09873858 0.43627664

MOTIF vleng_f_74
letter-probability matrix: alength= 4 w= 9 
 0.21058601 0.14858223 0.37958412 0.26124764
 0.28846881 0.14442344 0.18487713 0.38223062
 0.24990548 0.18336484 0.27069943 0.29603025
 0.0268431  0.00869565 0.83327032 0.13119093
 7.90170132e-02 3.78071834e-04 7.38752363e-01 1.81852552e-01
 3.78071834e-04 2.87334594e-02 8.76370510e-01 9.45179584e-02
 2.72211720e-02 6.50283554e-02 9.07372401e-01 3.78071834e-04
 0.18941399 0.18449905 0.51795841 0.10812854
 0.17693762 0.24914934 0.37126654 0.2026465 

MOTIF vleng_f_75
letter-probability matrix: alength= 4 w= 9 
 0.27832861 0.2220255  0.37606232 0.12358357
 0.2361898  0.20467422 0.34171388 0.2174221 
 0.52018414 0.1483711  0.28505666 0.0463881 
 0.39199717 0.10694051 0.07259207 0.42847025
 0.0927762  0.05736544 0.41997167 0.42988669
 0.52584986 0.08286119 0.30949008 0.08179887
 0.17457507 0.00212465 0.15120397 0.67209632
 0.34454674 0.06373938 0.55276204 0.03895184
 0.2036119  0.14553824 0.43590652 0.21494334

MOTIF vleng_f_76
letter-probability matrix: alength= 4 w= 9 
 0.07087989 0.32925978 0.22416201 0.37569832
 0.34462291 0.35405028 0.24965084 0.05167598
 0.2849162  0.34217877 0.26815642 0.1047486 
 0.03945531 0.63477654 0.04155028 0.28421788
 0.06703911 0.50034916 0.05551676 0.37709497
 3.49162011e-04 3.49162011e-04 3.49162011e-04 9.98952514e-01
 9.53212291e-01 3.49162011e-04 4.60893855e-02 3.49162011e-04
 5.80307263e-01 3.49162011e-04 4.18994413e-01 3.49162011e-04
 0.26291899 0.17702514 0.19308659 0.36696927

MOTIF vleng_f_77
letter-probability matrix: alength= 4 w= 9 
 0.44089219 0.25018587 0.16208178 0.14684015
 0.59070632 0.06282528 0.29070632 0.05576208
 0.44312268 0.33234201 0.09442379 0.13011152
 0.22639405 0.16579926 0.26468401 0.34312268
 0.72862454 0.02156134 0.22936803 0.0204461 
 3.71747212e-04 3.71747212e-04 2.28252788e-01 7.71003717e-01
 1.09665428e-01 1.15985130e-01 7.73977695e-01 3.71747212e-04
 0.12565056 0.13680297 0.5605948  0.17695167
 0.43048327 0.25576208 0.18178439 0.13197026

MOTIF vleng_f_78
letter-probability matrix: alength= 4 w= 9 
 0.18823071 0.33943882 0.19602494 0.27630553
 0.48947779 0.25565082 0.12665627 0.12821512
 0.39321902 0.17692907 0.26149649 0.16835542
 9.54014030e-01 3.89711613e-04 3.89711613e-04 4.52065472e-02
 3.89711613e-04 3.89711613e-04 3.89711613e-04 9.98830865e-01
 3.89711613e-04 3.89711613e-04 9.54014030e-01 4.52065472e-02
 0.11886204 0.09469992 0.61691348 0.16952455
 0.3690569  0.28682775 0.33203429 0.01208106
 0.15003897 0.09314108 0.35151988 0.40530008

MOTIF vleng_f_79
letter-probability matrix: alength= 4 w= 9 
 0.34678625 0.19020927 0.17974589 0.28325859
 0.5328849  0.10089686 0.20627803 0.15994021
 3.73692078e-04 3.73692078e-04 3.73692078e-04 9.98878924e-01
 4.34977578e-01 3.73692078e-04 5.51195815e-01 1.34529148e-02
 0.72122571 0.01494768 0.18572496 0.07810164
 0.3916293  0.10874439 0.02802691 0.4715994 
 0.00672646 0.00261584 0.64723468 0.34342302
 0.13415546 0.14760837 0.40022422 0.31801196
 0.26943199 0.24327354 0.22197309 0.26532138

MOTIF vleng_f_80
letter-probability matrix: alength= 4 w= 9 
 0.13056093 0.29303675 0.11266925 0.46373308
 0.3360735  0.39216634 0.09332689 0.17843327
 9.39555126e-01 4.83558994e-04 5.70599613e-02 2.90135397e-03
 0.01112186 0.01837524 0.03239845 0.93810445
 0.01015474 0.01547389 0.9622824  0.01208897
 0.28529981 0.14700193 0.2959381  0.27176015
 0.12427466 0.03384913 0.15183752 0.69003868
 0.10203095 0.17311412 0.5294971  0.19535783
 0.19680851 0.19874275 0.37137331 0.23307544

MOTIF vleng_f_81
letter-probability matrix: alength= 4 w= 9 
 0.25077187 0.14751286 0.38044597 0.2212693 
 0.05317324 0.14819897 0.50874786 0.28987993
 0.07924528 0.11217839 0.38113208 0.42744425
 0.00137221 0.3464837  0.13927959 0.51286449
 0.02367067 0.34854202 0.11114923 0.51663808
 3.43053173e-04 4.51114923e-01 3.08747856e-02 5.17667238e-01
 0.08164666 0.14751286 0.14682676 0.62401372
 0.00823328 0.20102916 0.38319039 0.40754717
 0.21680961 0.15368782 0.35265866 0.27684391

MOTIF vleng_f_82
letter-probability matrix: alength= 4 w= 9 
 0.01432665 0.21203438 0.0286533  0.74498567
 0.13753582 0.31518625 0.36103152 0.18624642
