MEME version 5.3.0

ALPHABET= ACGT

strands: + -

Background letter frequencies
A 0.25 C 0.25 G 0.25 T 0.25

MOTIF vleng_l3_f_0
letter-probability matrix: alength= 4 w= 9 
 0.24824903 0.11595331 0.18599222 0.44980545
 0.37548638 0.1459144  0.27431907 0.20428016
 0.46848249 0.14085603 0.22451362 0.16614786
 0.19066148 0.09805447 0.03151751 0.67976654
 0.48210117 0.06420233 0.35019455 0.10350195
 0.45525292 0.09922179 0.37276265 0.07276265
 3.89105058e-04 3.89105058e-04 1.90661479e-02 9.80155642e-01
 0.91867704 0.007393   0.06536965 0.00856031
 0.59727626 0.00856031 0.39299611 0.00116732

MOTIF vleng_l3_f_1
letter-probability matrix: alength= 4 w= 9 
 0.12661318 0.25113359 0.26508546 0.35716777
 0.63376352 0.13358912 0.09103593 0.14161144
 0.13672829 0.08894315 0.64283223 0.13149634
 0.00662714 0.02860133 0.37181723 0.59295431
 0.07534008 0.50645274 0.22148587 0.19672131
 0.00697593 0.00662714 0.71189397 0.27450296
 0.03522846 0.48517614 0.0519707  0.42762469
 0.38158354 0.11963725 0.42099756 0.07778165
 0.04080921 0.05441228 0.48657133 0.41820719

MOTIF vleng_l3_f_2
letter-probability matrix: alength= 4 w= 9 
 0.08356259 0.32909216 0.21492435 0.37242091
 0.2221458  0.09834938 0.64270977 0.03679505
 0.42365887 0.24724897 0.30777166 0.0213205 
 0.71114168 0.1372077  0.11485557 0.03679505
 0.44394773 0.11554333 0.16574966 0.27475928
 0.50859697 0.10694635 0.02063274 0.36382393
 0.13651994 0.04848693 0.21526823 0.5997249 
 0.12998624 0.01891334 0.61416781 0.2369326 
 0.16918845 0.34662999 0.10075653 0.38342503

MOTIF vleng_l3_f_3
letter-probability matrix: alength= 4 w= 9 
 0.20925553 0.20925553 0.41851107 0.16297787
 1.45875252e-01 3.35345406e-04 1.77397720e-01 6.76391683e-01
 0.45975855 0.17706237 0.20623742 0.15694165
 0.23138833 0.23876593 0.15124078 0.37860496
 0.11602951 0.16331321 0.33467471 0.38598256
 0.23910127 0.44500335 0.11234071 0.20355466
 0.50268276 0.16130114 0.11602951 0.21998659
 0.60496311 0.07712944 0.17639168 0.14151576
 0.18812877 0.3501006  0.11971831 0.34205231

MOTIF vleng_l3_f_4
letter-probability matrix: alength= 4 w= 9 
 0.34030683 0.36122734 0.16596932 0.13249651
 0.4623431  0.11576011 0.35495119 0.06694561
 0.32845188 0.02580195 0.5446304  0.10111576
 0.11262204 0.06450488 0.5209205  0.30195258
 1.56903766e-01 3.48675035e-04 5.67294282e-01 2.75453278e-01
 0.15690377 0.08263598 0.57217573 0.18828452
 0.0069735  0.14086471 0.70153417 0.15062762
 0.01324965 0.33612273 0.11157601 0.5390516 
 0.12412831 0.2667364  0.41039052 0.19874477

MOTIF vleng_l3_f_5
letter-probability matrix: alength= 4 w= 9 
 0.20557351 0.04684976 0.24071082 0.50686591
 0.35420032 0.07229402 0.53109855 0.04240711
 0.4220517  0.07350565 0.29483037 0.20961228
 0.05008078 0.02705977 0.50605816 0.41680129
 0.50767367 0.02342488 0.17407108 0.29483037
 0.22455574 0.0088853  0.2855412  0.48101777
 3.22294023e-01 4.03877221e-04 4.64458805e-02 6.30856220e-01
 0.54846527 0.16074313 0.21163166 0.07915994
 0.47657512 0.00726979 0.44668821 0.06946688

MOTIF vleng_l3_f_6
letter-probability matrix: alength= 4 w= 9 
 0.48345324 0.12997602 0.35347722 0.03309353
 0.44748201 0.37889688 0.13669065 0.03693046
 0.43165468 0.19280576 0.37266187 0.0028777 
 0.76834532 0.03549161 0.09592326 0.10023981
 0.57985612 0.07673861 0.03549161 0.30791367
 0.29592326 0.12997602 0.22781775 0.34628297
 0.1088729  0.20671463 0.45563549 0.22877698
 0.18273381 0.44460432 0.36402878 0.00863309
 0.10359712 0.53956835 0.34148681 0.01534772

MOTIF vleng_l3_f_7
letter-probability matrix: alength= 4 w= 9 
 0.00331981 0.74917005 0.06639616 0.18111398
 0.06160089 0.84507562 0.04131317 0.05201033
 0.03209148 0.85503504 0.08779048 0.025083  
 0.03319808 0.86388786 0.07819993 0.02471413
 0.01623017 0.5687938  0.22316488 0.19181114
 0.05090373 0.68129841 0.10770933 0.16008853
 0.09221689 0.35337514 0.17668757 0.3777204 
 0.1479159  0.50387311 0.20029509 0.1479159 
 0.11693102 0.45665806 0.19623755 0.23017337

MOTIF vleng_l3_f_8
letter-probability matrix: alength= 4 w= 9 
 0.02040816 0.21598639 0.14030612 0.62329932
 0.0170068  0.09863946 0.125      0.75935374
 0.49489796 0.09438776 0.20153061 0.20918367
 0.13435374 0.17091837 0.03656463 0.65816327
 0.67772109 0.02721088 0.00765306 0.28741497
 0.07482993 0.01785714 0.17942177 0.72789116
 0.52721088 0.16071429 0.00085034 0.31122449
 0.0212585  0.01360544 0.4957483  0.46938776
 0.18877551 0.28996599 0.13605442 0.38520408

MOTIF vleng_l3_f_9
letter-probability matrix: alength= 4 w= 9 
 0.34749829 0.34921179 0.26285127 0.04043866
 0.20150788 0.04009596 0.61343386 0.1449623 
 0.01370802 0.13502399 0.10418095 0.74708705
 0.00411241 0.84098698 0.06408499 0.09081563
 0.08361892 0.38348184 0.2858122  0.24708705
 0.10418095 0.21932831 0.25805346 0.41843729
 0.82522276 0.0702536  0.06614119 0.03838245
 0.12440027 0.0726525  0.3564085  0.44653873
 0.11686086 0.09835504 0.36874572 0.41603838

MOTIF vleng_l3_f_10
letter-probability matrix: alength= 4 w= 9 
 0.12795883 0.11492281 0.31080617 0.44631218
 0.22950257 0.2864494  0.13859348 0.34545455
 0.6271012  0.10634648 0.19862779 0.06792453
 0.83567753 0.07718696 0.03464837 0.05248714
 0.20720412 0.09022298 0.08850772 0.61406518
 0.33790738 0.09433962 0.55060034 0.01715266
 0.38662093 0.05248714 0.11046312 0.45042882
 0.16878216 0.05660377 0.4380789  0.33653516
 0.07993139 0.08919383 0.62435678 0.20651801

MOTIF vleng_l3_f_11
letter-probability matrix: alength= 4 w= 9 
 0.48359311 0.04429861 0.32444627 0.14766202
 0.18867925 0.10582445 0.18416735 0.52132896
 6.23051682e-01 4.10172272e-04 3.76127974e-01 4.10172272e-04
 0.28589007 0.22846596 0.34864643 0.13699754
 0.14397047 0.10049221 0.06111567 0.69442166
 0.23174733 0.76004922 0.00615258 0.00205086
 0.24323216 0.04799016 0.01312551 0.69565217
 0.57875308 0.01804758 0.08408532 0.31911403
 0.16735029 0.2440525  0.13494668 0.45365053

MOTIF vleng_l3_f_12
letter-probability matrix: alength= 4 w= 9 
 0.21436716 0.41505131 0.17217788 0.19840365
 0.12656784 0.40706956 0.09464082 0.37172178
 0.13568985 0.57924743 0.14595211 0.1391106 
 0.22348917 0.15279361 0.41277081 0.21094641
 0.49144812 0.09122007 0.35233751 0.0649943 
 0.14025086 0.2018244  0.62599772 0.03192702
 0.03876853 0.29418472 0.18700114 0.48004561
 0.31812999 0.09692132 0.23831243 0.34663626
 0.18244014 0.61687571 0.14937286 0.05131129

MOTIF vleng_l3_f_13
letter-probability matrix: alength= 4 w= 9 
 0.31404959 0.38016529 0.17768595 0.12809917
 0.56060606 0.13292011 0.28409091 0.02238292
 0.21556474 0.16942149 0.16322314 0.45179063
 0.0072314  0.08195592 0.05475207 0.85606061
 0.04614325 0.03822314 0.11398072 0.80165289
 1.75619835e-02 3.44352617e-04 5.90909091e-01 3.91184573e-01
 0.25895317 0.0203168  0.57024793 0.15048209
 0.64084022 0.19283747 0.09366391 0.0726584 
 0.08057851 0.0857438  0.37878788 0.45488981

MOTIF vleng_l3_f_14
letter-probability matrix: alength= 4 w= 9 
 0.22701556 0.29950495 0.31152758 0.16195191
 0.33592645 0.15028289 0.22701556 0.28677511
 0.36810467 0.15311174 0.18387553 0.29490806
 0.14922207 0.00848656 0.6301273  0.21216407
 0.21923621 0.19660537 0.21570014 0.36845827
 0.08769448 0.09512023 0.57213579 0.2450495 
 0.47312588 0.01096181 0.03712871 0.47878359
 0.1665488  0.07248939 0.00141443 0.75954738
 0.35148515 0.03960396 0.04809052 0.56082037

MOTIF vleng_l3_f_15
letter-probability matrix: alength= 4 w= 9 
 0.32064472 0.34979424 0.05281207 0.27674897
 0.10356653 0.47599451 0.24897119 0.17146776
 0.17318244 0.1776406  0.46673525 0.1824417 
 3.42935528e-04 4.11522634e-03 3.42935528e-04 9.95198903e-01
 0.32647462 0.00205761 0.65329218 0.01817558
 0.82064472 0.00514403 0.14883402 0.02537723
 0.65192044 0.30932785 0.00548697 0.03326475
 0.0473251  0.27229081 0.35528121 0.32510288
 0.20747599 0.29320988 0.39197531 0.10733882

MOTIF vleng_l3_f_16
letter-probability matrix: alength= 4 w= 9 
 0.13619099 0.19316332 0.3472599  0.32338578
 0.09495388 0.02387412 0.72653283 0.15463918
 0.35702659 0.06077048 0.56863809 0.01356484
 0.00217037 0.02984265 0.59739555 0.37059143
 0.25664677 0.04883342 0.00271297 0.69180684
 0.28648942 0.00596853 0.3895822  0.31795985
 1.08518719e-02 5.42593597e-04 5.42593597e-04 9.88062941e-01
 0.43027672 0.04883342 0.20401519 0.31687466
 0.21703744 0.01302225 0.27183939 0.49810092

MOTIF vleng_l3_f_17
letter-probability matrix: alength= 4 w= 9 
 0.25120514 0.28816283 0.26566685 0.19496518
 0.1494376  0.24745581 0.28976968 0.3133369 
 1.12479914e-02 5.35618640e-04 1.66041778e-02 9.71612212e-01
 9.56079272e-01 5.35618640e-04 3.21371184e-02 1.12479914e-02
 0.14193894 0.01124799 0.83020889 0.01660418
 0.0862346  0.04338511 0.61810391 0.25227638
 0.3133369  0.01124799 0.54793787 0.12747724
 0.20621318 0.00053562 0.46866631 0.3245849 
 0.27102303 0.07284413 0.48634172 0.16979111

MOTIF vleng_l3_f_18
letter-probability matrix: alength= 4 w= 9 
 0.28817649 0.19407101 0.35642882 0.16132368
 0.37469838 0.45018959 0.04791451 0.12719752
 0.16442606 0.50293002 0.1144433  0.21820062
 4.37780076e-02 1.10306791e-02 9.44846605e-01 3.44708721e-04
 0.06618407 0.10099966 0.35263702 0.48017925
 0.05101689 0.20923819 0.56187522 0.1778697 
 0.05032747 0.51223716 0.20992761 0.22750776
 0.20337815 0.29058945 0.2409514  0.26508101
 0.05860048 0.19544984 0.55980696 0.18614271

MOTIF vleng_l3_f_19
letter-probability matrix: alength= 4 w= 9 
 0.16330714 0.09907755 0.08711992 0.65049539
 0.43457465 0.0942945  0.36419542 0.10693543
 0.50427058 0.09634438 0.23983601 0.15954903
 0.07960369 0.09531944 0.0833618  0.74171507
 0.57225828 0.08472839 0.20737957 0.13563375
 0.50768705 0.0833618  0.30714042 0.10181073
 0.0468056  0.03518961 0.0468056  0.87119918
 0.85855825 0.03177315 0.08780321 0.02186539
 0.6074479  0.02220704 0.34267168 0.02767339

MOTIF vleng_l3_f_20
letter-probability matrix: alength= 4 w= 9 
 0.33936022 0.09550301 0.21325916 0.35187761
 0.19517849 0.03940658 0.19517849 0.57023644
 4.63606861e-04 3.21279555e-01 2.96708391e-02 6.48585999e-01
 0.14325452 0.10616597 0.3245248  0.42605471
 0.07927677 0.10709318 0.52897543 0.28465461
 6.24478442e-01 8.66944831e-02 2.88363468e-01 4.63606861e-04
 0.08993973 0.18776078 0.09179416 0.63050533
 0.09550301 0.01066296 0.87019008 0.02364395
 0.19656931 0.1826611  0.3245248  0.29624478

MOTIF vleng_l3_f_21
letter-probability matrix: alength= 4 w= 9 
 0.03438694 0.07884682 0.04515457 0.84161167
 7.76658562e-01 3.47342827e-04 2.22646752e-01 3.47342827e-04
 0.44182008 0.01007294 0.51510941 0.03299757
 0.11045502 0.65474123 0.09204585 0.1427579 
 0.33935394 0.19763807 0.44251476 0.02049323
 0.39736019 0.10142411 0.14831539 0.35290031
 0.17019799 0.25390761 0.29593609 0.27995832
 0.26571726 0.25043418 0.34942688 0.13442167
 0.34664814 0.19729073 0.13650573 0.3195554 

MOTIF vleng_l3_f_22
letter-probability matrix: alength= 4 w= 9 
 0.8298441  0.0908686  0.04587973 0.03340757
 0.29265033 0.53808463 0.0752784  0.09398664
 0.10556793 0.86948775 0.01336303 0.01158129
 0.122049   0.69131403 0.18084633 0.00579065
 0.16436526 0.50423163 0.10556793 0.22583519
 0.16035635 0.27750557 0.03964365 0.52249443
 0.25167038 0.07394209 0.16258352 0.51180401
 0.24142539 0.03340757 0.12917595 0.59599109
 0.52783964 0.12383073 0.16213808 0.18619154

MOTIF vleng_l3_f_23
letter-probability matrix: alength= 4 w= 9 
 0.09196581 0.42188034 0.25811966 0.22803419
 0.12273504 0.29264957 0.26974359 0.31487179
 0.21777778 0.43282051 0.10700855 0.24239316
 3.41880342e-04 4.25641026e-01 3.07692308e-03 5.70940171e-01
 0.29333333 0.08991453 0.55111111 0.06564103
 0.13538462 0.16512821 0.55897436 0.14051282
 9.12820513e-02 6.34871795e-01 3.41880342e-04 2.73504274e-01
 0.05675214 0.20376068 0.32512821 0.41435897
 0.08410256 0.47350427 0.27008547 0.17230769

MOTIF vleng_l3_f_24
letter-probability matrix: alength= 4 w= 9 
 0.32490605 0.28664161 0.10249402 0.28595832
 0.22753673 0.0789204  0.55210113 0.14144175
 0.08097028 0.01810728 0.00341647 0.89750598
 0.68363512 0.08985309 0.20669628 0.01981551
 0.5292108  0.01503246 0.43081654 0.02494021
 0.07618722 0.21284592 0.12709259 0.58387427
 0.31124018 0.17355654 0.41270926 0.10249402
 0.82610181 0.06559617 0.07003758 0.03826443
 0.23915272 0.14383328 0.15442433 0.46258968

MOTIF vleng_l3_f_25
letter-probability matrix: alength= 4 w= 9 
 0.27247484 0.25477265 0.42658799 0.04616453
 0.18917043 0.6115932  0.03922249 0.16001388
 0.08469281 0.11141965 0.70843457 0.09545297
 0.27664006 0.17355085 0.21242624 0.33738285
 3.47101701e-04 3.25581395e-01 1.48906630e-01 5.25164873e-01
 0.1020479  0.16626171 0.1631378  0.56855259
 0.15098924 0.03818119 0.70149254 0.10933704
 0.24713641 0.03852829 0.29364804 0.42068726
 0.43144741 0.11766748 0.10065949 0.35022562

MOTIF vleng_l3_f_26
letter-probability matrix: alength= 4 w= 9 
 0.1687631  0.22431866 0.11949686 0.48742138
 0.30607966 0.32914046 0.10796646 0.25681342
 0.59014675 0.09433962 0.31446541 0.00104822
 0.24528302 0.22851153 0.46436059 0.06184486
 0.21278826 0.12473795 0.3197065  0.3427673 
 0.71278826 0.00943396 0.27672956 0.00104822
 0.00104822 0.30712788 0.00104822 0.69077568
 0.00943396 0.22955975 0.75890985 0.00209644
 0.24737945 0.08176101 0.47798742 0.19287212

MOTIF vleng_l3_f_27
letter-probability matrix: alength= 4 w= 9 
 0.22285523 0.04792225 0.50100536 0.22821716
 0.01005362 0.33880697 0.30898123 0.34215818
 0.00871314 0.29289544 0.0097185  0.68867292
 1.50134048e-01 4.69168901e-03 8.44839142e-01 3.35120643e-04
 0.51005362 0.12634048 0.04423592 0.31936997
 0.30730563 0.17191689 0.12131367 0.39946381
 0.51072386 0.28116622 0.14477212 0.0633378 
 0.21347185 0.5291555  0.14041555 0.1169571 
 0.17459786 0.17258713 0.37935657 0.27345845

MOTIF vleng_l3_f_28
letter-probability matrix: alength= 4 w= 9 
 0.60274757 0.03606182 0.31425301 0.04693761
 0.01488266 0.18775043 0.21179164 0.58557527
 0.13337149 0.35260446 0.09959931 0.41442473
 0.0463652  0.32856325 0.24670864 0.37836291
 0.02633085 0.34115627 0.03720664 0.59530624
 0.41785919 0.30280481 0.22037779 0.05895821
 0.49856898 0.04235833 0.2152261  0.24384659
 0.0291929  0.33543217 0.14997138 0.48540355
 0.18202633 0.28448769 0.3777905  0.15569548

MOTIF vleng_l3_f_29
letter-probability matrix: alength= 4 w= 9 
 0.17614424 0.11130374 0.34084605 0.37170596
 0.27288488 0.22503467 0.21636616 0.28571429
 0.31345354 0.24618585 0.26352288 0.17683773
 9.29958391e-01 3.46740638e-04 6.93481276e-02 3.46740638e-04
 0.259362   0.02635229 0.08113731 0.6331484 
 0.23231623 0.04680999 0.61026352 0.11061026
 0.5887656  0.07350902 0.24583911 0.09188627
 0.04160888 0.12170596 0.20457698 0.63210818
 0.06934813 0.01178918 0.70839112 0.21047157

MOTIF vleng_l3_f_30
letter-probability matrix: alength= 4 w= 9 
 0.21477663 0.10652921 0.40979381 0.26890034
 0.05154639 0.27147766 0.07474227 0.60223368
 0.31357388 0.09364261 0.09020619 0.50257732
 0.29639175 0.32302405 0.26030928 0.12027491
 3.60824742e-02 8.59106529e-04 8.59106529e-04 9.62199313e-01
 9.62199313e-01 8.59106529e-04 8.59106529e-04 3.60824742e-02
 0.62972509 0.00085911 0.3685567  0.00085911
 0.20790378 0.10395189 0.67525773 0.0128866 
 0.25       0.16408935 0.15292096 0.43298969

MOTIF vleng_l3_f_31
letter-probability matrix: alength= 4 w= 9 
 0.38854626 0.02907489 0.49603524 0.08634361
 0.21585903 0.1339207  0.53920705 0.11101322
 0.00088106 0.20352423 0.68986784 0.10572687
 0.01321586 0.00088106 0.52246696 0.46343612
 0.28017621 0.00088106 0.12511013 0.5938326 
 0.50748899 0.00352423 0.48810573 0.00088106
 0.33215859 0.10748899 0.45198238 0.10837004
 0.13039648 0.09427313 0.26960352 0.50572687
 0.29867841 0.09162996 0.38854626 0.22114537

MOTIF vleng_l3_f_32
letter-probability matrix: alength= 4 w= 9 
 0.51612903 0.1609063  0.20814132 0.11482335
 3.84024578e-04 4.26267281e-02 8.07219662e-01 1.49769585e-01
 0.00998464 0.21006144 0.18509985 0.59485407
 0.00691244 0.00115207 0.96505376 0.02688172
 0.01843318 0.15706605 0.04608295 0.77841782
 0.27457757 0.01536098 0.28033794 0.4297235 
 0.20276498 0.00422427 0.13978495 0.65322581
 0.4093702  0.19700461 0.22427035 0.16935484
 0.3187404  0.08410138 0.26113671 0.33602151

MOTIF vleng_l3_f_33
letter-probability matrix: alength= 4 w= 9 
 0.50406204 0.1070901  0.37776957 0.01107829
 0.22267356 0.24261448 0.38330871 0.15140325
 0.10893648 0.44903988 0.23079764 0.211226  
 0.68574594 0.17688331 0.13404727 0.00332349
 3.69276219e-04 1.90177253e-01 1.07090103e-01 7.02363368e-01
 3.69276219e-04 2.89143279e-01 7.10118168e-01 3.69276219e-04
 0.1598966  0.31314623 0.36004431 0.16691285
 0.16137371 0.27289513 0.316839   0.24889217
 0.12370753 0.32791728 0.39217134 0.15620384

MOTIF vleng_l3_f_34
letter-probability matrix: alength= 4 w= 9 
 0.08893415 0.51357773 0.25424304 0.14324508
 0.17922607 0.63136456 0.13068568 0.05872369
 0.00407332 0.67107943 0.02919212 0.29565513
 0.14833673 0.68329939 0.16700611 0.00135777
 0.37236931 0.50169722 0.04921928 0.07671419
 0.14935506 0.44365241 0.00135777 0.40563476
 0.06687033 0.28649016 0.50644942 0.14019009
 0.21283096 0.36218601 0.3377461  0.08723693
 0.16191446 0.46639511 0.20977597 0.16191446

MOTIF vleng_l3_f_35
letter-probability matrix: alength= 4 w= 9 
 0.11487889 0.44844291 0.13529412 0.30138408
 0.00761246 0.54359862 0.02422145 0.42456747
 0.70588235 0.04532872 0.22525952 0.02352941
 0.45986159 0.26055363 0.21522491 0.06435986
 0.41453287 0.44152249 0.01141869 0.13252595
 0.47750865 0.18581315 0.10657439 0.23010381
 0.17058824 0.62456747 0.17128028 0.03356401
 0.29100346 0.13771626 0.18477509 0.38650519
 0.19757785 0.26678201 0.17820069 0.35743945

MOTIF vleng_l3_f_36
letter-probability matrix: alength= 4 w= 9 
 0.52389913 0.14414753 0.09898382 0.23296951
 0.45088446 0.08957471 0.05156191 0.40797892
 0.08844562 0.08468197 0.04591645 0.78095597
 3.76364321e-04 1.95709447e-02 3.76364321e-04 9.79676327e-01
 0.0105382  0.55363192 0.00301091 0.43281897
 0.15920211 0.79713963 0.0263455  0.01731276
 0.3048551  0.41211893 0.08806925 0.19495672
 0.22657132 0.13812571 0.09936018 0.53594279
 0.14038389 0.2404968  0.32404968 0.29506963

MOTIF vleng_l3_f_37
letter-probability matrix: alength= 4 w= 9 
 0.13041982 0.23193393 0.36820372 0.26944253
 0.27047488 0.28871301 0.10426703 0.33654508
 0.1541638  0.00860289 0.40158293 0.43565038
 0.14005506 0.41500344 0.27770131 0.16724019
 0.25361321 0.25258087 0.01445286 0.47935306
 0.03234687 0.38609773 0.34170681 0.23984859
 0.06194081 0.39229181 0.11837577 0.4273916 
 0.16035788 0.29249828 0.45216793 0.09497591
 0.25636614 0.44012388 0.13041982 0.17309016

MOTIF vleng_l3_f_38
letter-probability matrix: alength= 4 w= 9 
 0.09996468 0.20522783 0.11586012 0.57894737
 0.65771812 0.00388555 0.28894384 0.04945249
 0.23560579 0.05298481 0.03214412 0.67926528
 0.43094313 0.04062169 0.29812787 0.23030731
 0.12151183 0.24443659 0.01836807 0.6156835 
 0.10808901 0.72483221 0.10031791 0.06676086
 0.4108089  0.03355705 0.21017308 0.34546097
 0.354645   0.16495938 0.10844225 0.37195337
 0.17167079 0.10738255 0.21511833 0.50582833

MOTIF vleng_l3_f_39
letter-probability matrix: alength= 4 w= 9 
 0.22199098 0.25320846 0.17863337 0.34616719
 0.39958377 0.13354145 0.12729795 0.33957683
 0.56052723 0.05445716 0.29656608 0.08844953
 3.04197017e-01 3.46860909e-04 2.42802636e-03 6.93028096e-01
 0.13111342 0.10579258 0.08706209 0.67603191
 3.46860909e-04 3.46860909e-04 3.46860909e-04 9.98959417e-01
 8.79986126e-01 3.46860909e-04 1.19320153e-01 3.46860909e-04
 7.38466875e-01 3.46860909e-04 2.60839403e-01 3.46860909e-04
 0.24419008 0.27956989 0.2448838  0.23135623

MOTIF vleng_l3_f_40
letter-probability matrix: alength= 4 w= 9 
 0.24683286 0.06375153 0.55333061 0.136085  
 0.07723743 0.09317532 0.04985697 0.77973028
 0.06293421 0.04004904 0.22190437 0.67511238
 0.01103392 0.07682877 0.30281978 0.60931753
 0.01389456 0.14548427 0.14793625 0.69268492
 0.06538619 0.18022068 0.67592971 0.07846342
 0.03964038 0.2182264  0.0134859  0.72864732
 0.07355946 0.15079689 0.61381283 0.16183081
 0.05353494 0.00776461 0.27625664 0.66244381

MOTIF vleng_l3_f_41
letter-probability matrix: alength= 4 w= 9 
 0.32020239 0.37224431 0.09468739 0.21286592
 0.51716661 0.02638236 0.44452476 0.01192627
 0.21864836 0.4188652  0.1123961  0.25009035
 0.10227683 0.30104807 0.23455005 0.36212505
 0.40404771 0.03108059 0.31803397 0.24683773
 0.04951211 0.00831225 0.24358511 0.69859053
 0.01156487 0.08420672 0.43910372 0.46512468
 0.0155403  0.11131189 0.60968558 0.26346223
 0.04409107 0.17275027 0.70437297 0.07878569

MOTIF vleng_l3_f_42
letter-probability matrix: alength= 4 w= 9 
 0.16904859 0.53858718 0.07594937 0.21641486
 0.47937934 0.25479788 0.03021641 0.23560637
 0.21641486 0.09105757 0.37607187 0.3164557 
 0.20375664 0.40424663 0.0722744  0.31972234
 0.37443855 0.10534912 0.18334014 0.33687219
 0.23519804 0.38178849 0.10657411 0.27643936
 0.19069008 0.03225806 0.24254798 0.53450388
 0.33932217 0.28542262 0.17109024 0.20416497
 0.14985708 0.43487138 0.1800735  0.23519804

MOTIF vleng_l3_f_43
letter-probability matrix: alength= 4 w= 9 
 0.17489851 0.06123139 0.63971583 0.12415426
 0.11265223 0.77131258 0.02774019 0.08829499
 1.31258457e-01 6.76589986e-04 8.26454668e-01 4.16102842e-02
 0.11671177 0.24695535 0.50338295 0.13294993
 0.23240866 0.09641407 0.51217862 0.15899865
 0.40899865 0.10994587 0.08322057 0.39783491
 0.09167794 0.27875507 0.34573748 0.2838295 
 0.48342355 0.26116373 0.0067659  0.24864682
 0.13836265 0.24120433 0.10757781 0.51285521

MOTIF vleng_l3_f_44
letter-probability matrix: alength= 4 w= 9 
 0.25912921 0.10533708 0.10287921 0.53265449
 0.12675562 0.28054775 0.08110955 0.51158708
 0.17801966 0.00140449 0.46699438 0.35358146
 0.37921348 0.12851124 0.29564607 0.19662921
 0.23735955 0.11657303 0.24613764 0.39992978
 0.06004213 0.10533708 0.39712079 0.4375    
 0.05477528 0.53441011 0.14992978 0.26088483
 0.06917135 0.37991573 0.13658708 0.41432584
 0.20049157 0.30582865 0.18890449 0.30477528

MOTIF vleng_l3_f_45
letter-probability matrix: alength= 4 w= 9 
 0.07271492 0.71253823 0.07815155 0.13659531
 0.09106354 0.7706422  0.03839619 0.09989806
 0.114509   0.68705403 0.11314985 0.08528712
 0.2164458  0.36357458 0.30071356 0.11926606
 0.17329256 0.2514441  0.2358138  0.33944954
 0.30648998 0.03465851 0.28474346 0.37410805
 0.29867482 0.03160041 0.51376147 0.1559633 
 0.30988787 0.17431193 0.48046211 0.03533809
 0.13557594 0.25620116 0.54230377 0.06591913

MOTIF vleng_l3_f_46
letter-probability matrix: alength= 4 w= 9 
 7.23411602e-01 3.10773481e-03 2.73135359e-01 3.45303867e-04
 0.32320442 0.19475138 0.1968232  0.28522099
 0.3566989  0.20614641 0.16194751 0.27520718
 9.96546961e-01 3.45303867e-04 2.76243094e-03 3.45303867e-04
 2.76243094e-03 3.45303867e-04 3.45303867e-04 9.96546961e-01
 3.45303867e-04 3.45303867e-04 9.96546961e-01 2.76243094e-03
 0.18162983 0.09944751 0.35117403 0.36774862
 0.33183702 0.31180939 0.17575967 0.18059392
 0.28107735 0.21823204 0.2230663  0.27762431

MOTIF vleng_l3_f_47
letter-probability matrix: alength= 4 w= 9 
 0.38001407 0.09078114 0.14144968 0.3877551 
 0.20408163 0.13581985 0.08479944 0.57529909
 0.3687544  0.13335679 0.14848698 0.34940183
 0.54222379 0.07987333 0.14356087 0.23434201
 0.19071077 0.13370866 0.22695285 0.44862773
 0.47712878 0.07072484 0.06861365 0.38353272
 0.23363828 0.02146376 0.68226601 0.06263195
 0.08233638 0.09957776 0.80506685 0.013019  
 0.10274455 0.21956369 0.65446868 0.02322308

MOTIF vleng_l3_f_48
letter-probability matrix: alength= 4 w= 9 
 0.27545516 0.179029   0.30681052 0.23870533
 0.56911666 0.0340526  0.05832771 0.33850303
 0.17869184 0.2440998  0.5606878  0.01652057
 0.44167229 0.25185435 0.18476062 0.12171274
 0.14935941 0.00168577 0.47201618 0.37693864
 0.31422792 0.02090357 0.05967633 0.60519218
 0.26264329 0.21409305 0.09676332 0.42650034
 0.32164531 0.07046527 0.14093055 0.46695887
 0.11968982 0.4504383  0.11901551 0.31085637

MOTIF vleng_l3_f_49
letter-probability matrix: alength= 4 w= 9 
 0.03950954 0.35592643 0.28916894 0.3153951 
 0.1852861  0.09979564 0.70980926 0.00510899
 0.00442779 0.45367847 0.42234332 0.11955041
 0.05211172 0.52588556 0.41723433 0.00476839
 0.18188011 0.16723433 0.58855586 0.0623297 
 0.00919619 0.61069482 0.1846049  0.19550409
 0.08208447 0.34945504 0.33106267 0.23739782
 0.34468665 0.07527248 0.3106267  0.26941417
 0.3102861  0.10388283 0.22888283 0.35694823

MOTIF vleng_l3_f_50
letter-probability matrix: alength= 4 w= 9 
 0.49737434 0.0963991  0.15716429 0.24906227
 0.0603901  0.58364591 0.08889722 0.26706677
 0.00412603 0.68229557 0.06976744 0.24381095
 4.57239310e-01 3.75093773e-04 4.96249062e-01 4.61365341e-02
 0.13503376 0.01050263 0.42948237 0.42498125
 0.24643661 0.44336084 0.01875469 0.29144786
 0.30795199 0.02213053 0.37096774 0.29894974
 0.08177044 0.36084021 0.47524381 0.08214554
 0.31207802 0.31020255 0.23180795 0.14591148

MOTIF vleng_l3_f_51
letter-probability matrix: alength= 4 w= 9 
 0.12608696 0.33291925 0.27204969 0.2689441 
 0.13167702 0.1447205  0.41428571 0.30931677
 0.12484472 0.12236025 0.30248447 0.45031056
 1.18012422e-02 6.21118012e-04 6.79503106e-01 3.08074534e-01
 0.07888199 0.39689441 0.31987578 0.20434783
 0.14596273 0.45652174 0.01614907 0.38136646
 0.05900621 0.42546584 0.12732919 0.38819876
 0.18385093 0.28757764 0.14968944 0.37888199
 0.2515528  0.08944099 0.52298137 0.13602484

MOTIF vleng_l3_f_52
letter-probability matrix: alength= 4 w= 9 
 0.34669811 0.0754717  0.24056604 0.33726415
 0.00982704 0.19418239 0.07940252 0.71658805
 0.01218553 0.01611635 0.31564465 0.65605346
 3.93081761e-04 2.89308176e-01 2.43710692e-02 6.85927673e-01
 0.45715409 0.37814465 0.0581761  0.10652516
 0.21226415 0.25353774 0.21187107 0.32232704
 0.13561321 0.14937107 0.0754717  0.63954403
 0.01415094 0.39504717 0.23899371 0.35180818
 0.19261006 0.26768868 0.28301887 0.25668239

MOTIF vleng_l3_f_53
letter-probability matrix: alength= 4 w= 9 
 0.51493056 0.13854167 0.24722222 0.09930556
 0.40694444 0.21006944 0.13333333 0.24965278
 0.43263889 0.07395833 0.48020833 0.01319444
 0.58923611 0.09131944 0.02395833 0.29548611
 0.11041667 0.05729167 0.33888889 0.49340278
 0.40520833 0.00104167 0.49513889 0.09861111
 0.09513889 0.03958333 0.28506944 0.58020833
 0.18229167 0.22256944 0.50833333 0.08680556
 0.25902778 0.13055556 0.30798611 0.30243056

MOTIF vleng_l3_f_54
letter-probability matrix: alength= 4 w= 9 
 0.53793844 0.26377953 0.08375089 0.11453114
 0.79026485 0.00966356 0.19362921 0.00644238
 0.31317108 0.26234789 0.17465999 0.24982105
 0.12491052 0.20615605 0.37473157 0.29420186
 6.20615605e-01 3.57909807e-04 2.52684324e-01 1.26342162e-01
 0.12491052 0.09377237 0.17573372 0.60558339
 0.15068003 0.10916249 0.67072298 0.0694345 
 0.17072298 0.22154617 0.34144596 0.2662849 
 0.21224052 0.35075161 0.24194703 0.19506084

MOTIF vleng_l3_f_55
letter-probability matrix: alength= 4 w= 9 
 0.33500537 0.2285919  0.22787531 0.20852741
 9.17592261e-01 3.58294518e-04 8.16911501e-02 3.58294518e-04
 2.52955930e-01 3.58294518e-04 1.08204944e-01 6.38480831e-01
 0.09602293 0.12504479 0.71085632 0.06807596
 0.51916876 0.0458617  0.17592261 0.25904694
 0.09960588 0.12182014 0.19132927 0.58724472
 0.06377642 0.05589394 0.54138302 0.33894661
 0.1762809  0.24005733 0.29344321 0.29021856
 0.30920817 0.25403081 0.21246865 0.22429237

MOTIF vleng_l3_f_56
letter-probability matrix: alength= 4 w= 9 
 0.89314134 0.02576734 0.03296703 0.04812429
 0.10155362 0.01477833 0.01667298 0.86699507
 0.03789314 0.01250474 0.86585828 0.08374384
 0.46267526 0.15990906 0.30200834 0.07540735
 0.28192497 0.37362637 0.08184919 0.26259947
 0.2171277  0.03713528 0.56763926 0.17809776
 0.44713907 0.19893899 0.18681319 0.16710875
 0.13641531 0.17620311 0.31451307 0.37286851
 0.18567639 0.16294051 0.47328534 0.17809776

MOTIF vleng_l3_f_57
letter-probability matrix: alength= 4 w= 9 
 0.45047585 0.070497   0.28445541 0.19457173
 0.27916814 0.28868523 0.32217131 0.10997533
 0.17553754 0.19457173 0.03207614 0.59781459
 0.1152626  0.24215721 0.18152978 0.46105041
 0.17483257 0.23158266 0.09975326 0.49383151
 0.11737751 0.16672541 0.19739161 0.51850546
 0.03595347 0.31335918 0.00317237 0.64751498
 0.14804371 0.52590765 0.02608389 0.29996475
 0.06415227 0.10574551 0.08389143 0.74621079

MOTIF vleng_l3_f_58
letter-probability matrix: alength= 4 w= 9 
 0.26493614 0.12772971 0.22620519 0.38112897
 0.15904409 0.15121549 0.36670787 0.32303255
 0.15698393 0.34198599 0.20271941 0.29831067
 9.48496086e-01 4.12031314e-04 1.11248455e-02 3.99670375e-02
 0.02884219 0.00164813 0.02183766 0.94767202
 4.12031314e-04 4.12031314e-04 9.47672023e-01 5.15039143e-02
 0.26370004 0.20313144 0.170993   0.36217553
 0.23774207 0.09971158 0.42810054 0.23444582
 0.30902349 0.34981459 0.07993407 0.26122785

MOTIF vleng_l3_f_59
letter-probability matrix: alength= 4 w= 9 
 0.08768407 0.12583668 0.21552878 0.57095047
 0.38085676 0.02074967 0.13253012 0.46586345
 0.29518072 0.03480589 0.66934404 0.00066934
 0.07831325 0.01271754 0.45448461 0.45448461
 1.53949130e-02 1.85408300e-01 6.69344043e-04 7.98527443e-01
 0.08768407 0.12650602 0.21419009 0.57161981
 0.15863454 0.08232932 0.08768407 0.67135207
 0.52074967 0.12382865 0.29250335 0.06291834
 0.15327979 0.11378849 0.22155288 0.51137885

MOTIF vleng_l3_f_60
letter-probability matrix: alength= 4 w= 9 
 0.30633549 0.19906407 0.23722102 0.25737941
 0.21814255 0.25305976 0.25449964 0.27429806
 1.97984161e-02 3.59971202e-04 3.59971202e-04 9.79481641e-01
 5.34917207e-01 3.59971202e-04 4.22246220e-01 4.24766019e-02
 0.69726422 0.03239741 0.23110151 0.03923686
 3.59971202e-04 3.05975522e-02 5.39956803e-03 9.63642909e-01
 0.55039597 0.06047516 0.35277178 0.03635709
 0.62491001 0.0075594  0.30165587 0.06587473
 0.26349892 0.22462203 0.25053996 0.26133909

MOTIF vleng_l3_f_61
letter-probability matrix: alength= 4 w= 9 
 0.26886095 0.22337278 0.26072485 0.24704142
 0.3897929  0.43786982 0.06730769 0.10502959
 7.03032544e-01 3.69822485e-04 2.96227811e-01 3.69822485e-04
 0.31989645 0.2862426  0.18269231 0.21116864
 0.26516272 0.21190828 0.27736686 0.24556213
 0.91272189 0.05473373 0.02884615 0.00369822
 0.02551775 0.00702663 0.00110947 0.96634615
 0.00554734 0.00887574 0.9818787  0.00369822
 0.27329882 0.18047337 0.34578402 0.20044379

MOTIF vleng_l3_f_62
letter-probability matrix: alength= 4 w= 9 
 0.27148331 0.14066776 0.52873563 0.0591133 
 0.07553366 0.12151067 0.61904762 0.18390805
 5.47345375e-04 2.13464696e-01 2.51778872e-02 7.60810071e-01
 0.46414888 0.00492611 0.07389163 0.45703339
 0.07881773 0.01860974 0.23371648 0.66885605
 0.56704981 0.40229885 0.02244116 0.00821018
 0.15873016 0.07224959 0.22550629 0.54351396
 0.06185003 0.02025178 0.29064039 0.6272578 
 0.40065681 0.19978106 0.11384784 0.28571429

MOTIF vleng_l3_f_63
letter-probability matrix: alength= 4 w= 9 
 0.12866285 0.20175143 0.60458067 0.06500505
 0.16773324 0.08723476 0.48231728 0.26271472
 0.04142809 0.02829235 0.60660155 0.32367801
 0.05995285 0.02660829 0.80026945 0.11316942
 0.02593466 0.07746716 0.76153587 0.13506231
 0.54563826 0.24621085 0.11013809 0.0980128 
 0.10104412 0.19770967 0.56887841 0.1323678 
 0.24957898 0.61232738 0.01987201 0.11822162
 0.09127652 0.31155271 0.26170428 0.33546649

MOTIF vleng_l3_f_64
letter-probability matrix: alength= 4 w= 9 
 0.16815374 0.13383665 0.57137955 0.12663006
 0.22306108 0.03191489 0.72546328 0.01956074
 0.04118051 0.02573782 0.86925189 0.06382979
 0.10981469 0.29375429 0.45607412 0.1403569 
 0.0024022  0.19526424 0.62560055 0.17673301
 0.24502402 0.2110501  0.3620453  0.18188058
 0.26458476 0.41077557 0.202814   0.12182567
 0.23438572 0.39121482 0.16575154 0.20864791
 0.49656829 0.18908717 0.16369252 0.15065202

MOTIF vleng_l3_f_65
letter-probability matrix: alength= 4 w= 9 
 0.33971292 0.1589989  0.36989326 0.13139492
 0.00662495 0.67059257 0.02649982 0.29628266
 0.21935959 0.35296283 0.03606919 0.39160839
 1.0673537e-02 8.6750092e-01 3.6805300e-04 1.2145749e-01
 0.03422893 0.66801619 0.03422893 0.26352595
 1.23297755e-01 8.51306588e-01 3.68053000e-04 2.50276040e-02
 0.07508281 0.74677954 0.11593669 0.06220096
 0.10967979 0.65918292 0.10931174 0.12182554
 0.18365845 0.29481045 0.40559441 0.11593669

MOTIF vleng_l3_f_66
letter-probability matrix: alength= 4 w= 9 
 0.27975507 0.31993877 0.20780712 0.19249904
 0.53578263 0.30042097 0.09644087 0.06735553
 0.65939533 0.039801   0.12705702 0.17374665
 0.12131649 0.11825488 0.34902411 0.41140452
 0.31802526 0.17336395 0.44316877 0.06544202
 0.5916571  0.12590892 0.01722158 0.2652124 
 0.08916954 0.03099885 0.30960582 0.57022579
 0.07194795 0.1021814  0.74512055 0.0807501 
 0.26061998 0.16035209 0.38346728 0.19556066

MOTIF vleng_l3_f_67
letter-probability matrix: alength= 4 w= 9 
 0.38409415 0.13124108 0.39122682 0.09343795
 0.32667618 0.35699001 0.10556348 0.21077033
 0.48038516 0.12303852 0.06098431 0.33559201
 0.22931526 0.27496434 0.15549215 0.34022825
 0.36982882 0.0331669  0.2799572  0.31704708
 0.36804565 0.13587732 0.010699   0.48537803
 0.61590585 0.06062767 0.25998573 0.06348074
 0.63195435 0.09379458 0.27175464 0.00249643
 0.14407989 0.22396576 0.17617689 0.45577746

MOTIF vleng_l3_f_68
letter-probability matrix: alength= 4 w= 9 
 0.67757832 0.1063006  0.14009152 0.07602957
 0.81696586 0.02076734 0.15276311 0.0095037 
 0.36008448 0.19148187 0.25272791 0.19570574
 0.45512144 0.17212249 0.12671595 0.24604013
 0.58289335 0.03801478 0.09855685 0.28053502
 0.03660683 0.02851109 0.33966913 0.59521295
 0.21647307 0.03942274 0.67159451 0.07250968
 0.35445266 0.23688842 0.26856741 0.14009152
 0.28511088 0.28299894 0.24568814 0.18620204

MOTIF vleng_l3_f_69
letter-probability matrix: alength= 4 w= 9 
 0.31671859 0.11007269 0.22637591 0.34683281
 0.22533749 0.09761163 0.25856698 0.4184839 
 0.49688474 0.17133956 0.10643821 0.22533749
 0.88992731 0.04049844 0.05399792 0.01557632
 0.39304258 0.04984424 0.01557632 0.54153686
 5.19210800e-04 3.03738318e-01 4.41329180e-02 6.51609553e-01
 0.04776739 0.11163032 0.21599169 0.62461059
 0.00155763 0.09449637 0.69678089 0.20716511
 0.43457944 0.12876428 0.41692627 0.01973001

MOTIF vleng_l3_f_70
letter-probability matrix: alength= 4 w= 9 
 0.07793968 0.3812267  0.28532701 0.25550661
 0.25720095 0.40189766 0.16130125 0.17960014
 0.3056591  0.06167401 0.57234836 0.06031854
 0.10064385 0.02744832 0.50254151 0.36936632
 0.91392748 0.02812606 0.00237208 0.05557438
 0.0362589  0.03592003 0.70958997 0.21823111
 0.01558794 0.40765842 0.08878346 0.48797018
 0.04269739 0.12572009 0.68180278 0.14977974
 0.10471027 0.20772619 0.51745171 0.17011183

MOTIF vleng_l3_f_71
letter-probability matrix: alength= 4 w= 9 
 0.04120677 0.02281089 0.67476085 0.26122149
 0.12877116 0.04047093 0.69168506 0.13907285
 0.14790287 0.334805   0.51655629 0.00073584
 0.27225901 0.10596026 0.55261221 0.06916851
 0.02060338 0.56364974 0.00073584 0.41501104
 0.12803532 0.62104489 0.23105224 0.01986755
 0.27373068 0.51287712 0.04120677 0.17218543
 0.08830022 0.40912436 0.13097866 0.37159676
 0.36718175 0.42457689 0.10816777 0.10007358

MOTIF vleng_l3_f_72
letter-probability matrix: alength= 4 w= 9 
 0.51860802 0.02416626 0.40309328 0.05413243
 0.34944418 0.04639923 0.32431126 0.27984534
 0.0038666  0.28757854 0.21652972 0.49202513
 0.26099565 0.18849686 0.32334461 0.22716288
 0.31271145 0.30739488 0.15756404 0.22232963
 0.59159014 0.12469792 0.12131464 0.16239729
 0.10971484 0.18318028 0.03528275 0.67182214
 3.18994683e-02 4.83325278e-04 9.55050749e-01 1.25664572e-02
 0.32721121 0.23441276 0.31029483 0.1280812 

MOTIF vleng_l3_f_73
letter-probability matrix: alength= 4 w= 9 
 0.36998567 0.0995702  0.29584527 0.23459885
 0.29835244 0.36855301 0.09706304 0.23603152
 0.55336676 0.27901146 0.13359599 0.03402579
 0.78581662 0.09276504 0.03116046 0.09025788
 0.26432665 0.28724928 0.09383954 0.35458453
 0.50071633 0.16153295 0.25358166 0.08416905
 0.46848138 0.002149   0.13825215 0.39111748
 0.09706304 0.10458453 0.35709169 0.44126074
 0.09670487 0.08058739 0.56518625 0.25752149

MOTIF vleng_l3_f_74
letter-probability matrix: alength= 4 w= 9 
 0.24105186 0.16727538 0.43498904 0.15668371
 0.06720234 0.11322133 0.08436815 0.73520818
 0.02264427 0.00986121 0.26260044 0.70489408
 0.90978817 0.01607012 0.03214025 0.04200146
 0.04309715 0.15449233 0.03104456 0.77136596
 0.35902118 0.43535427 0.01278305 0.19284149
 0.10701242 0.06391527 0.54309715 0.28597516
 0.40284879 0.08911614 0.16983199 0.33820307
 0.33528123 0.18480643 0.15522279 0.32468955

MOTIF vleng_l3_f_75
letter-probability matrix: alength= 4 w= 9 
 0.14366653 0.49858357 0.23674626 0.12100364
 7.41804937e-01 2.07203561e-01 5.05868070e-02 4.04694456e-04
 0.40671793 0.04168353 0.37029543 0.18130312
 0.24726831 0.42695265 0.2189397  0.10683934
 0.31687576 0.27923917 0.1388102  0.26507487
 0.28854715 0.27438284 0.04492108 0.39214893
 0.07689195 0.00364225 0.64144071 0.27802509
 0.17563739 0.03601781 0.35451234 0.43383246
 0.28935654 0.1825172  0.18292189 0.34520437

MOTIF vleng_l3_f_76
letter-probability matrix: alength= 4 w= 9 
 0.26217061 0.20098258 0.25770433 0.27914247
 0.28896829 0.19026351 0.25949084 0.26127736
 6.78874498e-02 4.46627959e-04 4.01965163e-03 9.27646271e-01
 0.62438589 0.00401965 0.30370701 0.06788745
 6.50290308e-01 4.46627959e-04 3.48816436e-01 4.46627959e-04
 4.46627959e-04 4.46627959e-04 2.41179098e-02 9.74988834e-01
 0.72577043 0.00446628 0.26619026 0.00357302
 6.98972756e-01 3.57302367e-03 2.97007593e-01 4.46627959e-04
 0.30549352 0.18892363 0.25457794 0.25100491

MOTIF vleng_l3_f_77
letter-probability matrix: alength= 4 w= 9 
 0.48052851 0.1352573  0.25904033 0.12517385
 0.35987483 0.27190542 0.05354659 0.31467316
 0.5135605  0.16759388 0.05806676 0.26077886
 0.72148818 0.0132128  0.03094576 0.23435327
 0.5201669  0.1623783  0.04137691 0.27607789
 0.1891516  0.22218359 0.01634214 0.57232267
 0.4864395  0.03477051 0.13143255 0.34735744
 0.03442281 0.26947149 0.54867872 0.14742698
 0.00938804 0.55354659 0.09527121 0.34179416

MOTIF vleng_l3_f_78
letter-probability matrix: alength= 4 w= 9 
 0.33777284 0.18238994 0.13392527 0.34591195
 0.07880133 0.41583426 0.10099889 0.40436552
 0.58342582 0.1172771  0.15353311 0.14576397
 3.69959304e-04 2.64890862e-01 1.36145024e-01 5.98594155e-01
 0.37994821 0.03588605 0.34406215 0.24010359
 0.07991121 0.71920089 0.00480947 0.19607843
 6.08953015e-01 3.69959304e-04 2.46022937e-01 1.44654088e-01
 0.65186829 0.10062893 0.10247873 0.14502405
 0.32408435 0.04402516 0.2563818  0.37550869

MOTIF vleng_l3_f_79
letter-probability matrix: alength= 4 w= 9 
 0.15889114 0.21095335 0.25997295 0.37018256
 0.14705882 0.16565247 0.19574037 0.49154834
 0.0020284  0.01217039 0.0040568  0.98174442
 6.54158215e-01 3.38066261e-04 2.58958756e-01 8.65449628e-02
 0.51588911 0.07572684 0.34313725 0.06524679
 0.16024341 0.00236646 0.03583502 0.8015551 
 0.76369168 0.00236646 0.19066937 0.04327248
 0.53617309 0.0040568  0.27789047 0.18187965
 0.23935091 0.17748479 0.31947262 0.26369168

MOTIF vleng_l3_f_80
letter-probability matrix: alength= 4 w= 9 
 0.30613644 0.48063079 0.16078162 0.05245115
 0.22488858 0.20671923 0.46074734 0.10764484
 0.54850874 0.11690093 0.20500514 0.12958519
 0.30785053 0.53068221 0.0706205  0.09084676
 0.01851217 0.35515941 0.50291395 0.12341447
 0.29379499 0.18100788 0.2022626  0.32293452
 0.4370929  0.11244429 0.19917724 0.25128557
 0.60198834 0.26225574 0.05245115 0.08330477
 0.05965033 0.07919095 0.7881385  0.07302023

MOTIF vleng_l3_f_81
letter-probability matrix: alength= 4 w= 9 
 0.35346603 0.18977351 0.20796156 0.2487989 
 0.24536719 0.19286205 0.18050789 0.38126287
 0.18908717 0.1544269  0.26870281 0.38778312
 0.09608785 0.01132464 0.04221002 0.85037749
 5.57309540e-01 3.43170899e-04 2.07961565e-01 2.34385724e-01
 0.47632121 0.0212766  0.46533974 0.03706246
 0.07103638 0.0082361  0.02230611 0.89842141
 0.72580645 0.01372684 0.23747426 0.02299245
 0.64756349 0.01098147 0.31262869 0.02882636

MOTIF vleng_l3_f_82
letter-probability matrix: alength= 4 w= 9 
 0.26873475 0.11362844 0.36911816 0.24851865
 0.10735448 0.07319624 0.68281631 0.13663297
 0.2488672  0.20285814 0.3335657  0.21470896
 0.21854305 0.24015336 0.36423841 0.17706518
 0.95573371 0.02579296 0.00662252 0.01185082
 0.04008365 0.02683862 0.00418264 0.92889509
 0.05228303 0.00487975 0.9355176  0.00731962
