MEME version 5.3.0

ALPHABET= ACGT

strands: + -

Background letter frequencies
A 0.25 C 0.25 G 0.25 T 0.25

MOTIF vleng_l3_f_0
letter-probability matrix: alength= 4 w= 9 
 0.41669787 0.30737551 0.23474354 0.04118308
 0.0490453  0.16772744 0.23961063 0.54361662
 0.20628978 0.40584051 0.01460127 0.37326844
 0.11231748 0.0044927  0.36353426 0.51965556
 0.05278922 0.56608012 0.05990266 0.321228  
 0.22426058 0.67203295 0.00411831 0.09958817
 0.32497192 0.12766754 0.08274055 0.46461999
 0.13328341 0.36802696 0.1965556  0.30213403
 0.526769   0.16323474 0.23886185 0.07113441

MOTIF vleng_l3_f_1
letter-probability matrix: alength= 4 w= 9 
 0.6561086  0.08492865 0.14305604 0.11590672
 0.02471284 0.02680125 0.2311173  0.7173686 
 0.01879568 0.00800557 0.81552384 0.1576749 
 0.17473025 0.05743126 0.69369997 0.07413853
 0.12808911 0.22868082 0.56317438 0.08005569
 0.09432649 0.10268013 0.23668639 0.566307  
 0.40515141 0.10755308 0.38531152 0.10198399
 0.3581622  0.11138183 0.40723982 0.12321615
 0.14688479 0.23599025 0.42116255 0.19596241

MOTIF vleng_l3_f_2
letter-probability matrix: alength= 4 w= 9 
 0.04158215 0.21957404 0.0836714  0.65517241
 0.11561866 0.09077079 0.22565923 0.56795132
 0.22515213 0.06592292 0.0811359  0.62778905
 0.54361055 0.11308316 0.06288032 0.28042596
 0.23073022 0.03144016 0.47616633 0.26166329
 0.00507099 0.0005071  0.49492901 0.4994929 
 0.10851927 0.1703854  0.02332657 0.69776876
 0.0811359  0.11663286 0.51774848 0.28448276
 0.29563895 0.26014199 0.11359026 0.3306288 

MOTIF vleng_l3_f_3
letter-probability matrix: alength= 4 w= 9 
 0.25582204 0.14772332 0.19499479 0.40145985
 0.20542231 0.16058394 0.22419187 0.40980188
 0.3274244  0.16962113 0.17900591 0.32394856
 3.47584289e-04 2.43309002e-03 5.97844977e-02 9.37434828e-01
 0.65102537 0.00208551 0.19951338 0.14737574
 0.49183177 0.01355579 0.38025721 0.11435523
 0.02224539 0.08272506 0.03649635 0.85853319
 0.71602364 0.0111227  0.12234967 0.150504  
 0.53249913 0.01564129 0.37330553 0.07855405

MOTIF vleng_l3_f_4
letter-probability matrix: alength= 4 w= 9 
 0.50176263 0.13043478 0.23423423 0.13356835
 0.06149628 0.02154328 0.33450842 0.58245202
 0.17704661 0.13278496 0.14414414 0.54602429
 0.69996083 0.07168038 0.20524873 0.02311007
 1.56678418e-03 3.52526439e-03 7.83392088e-04 9.94124559e-01
 0.94242068 0.0199765  0.03094399 0.00665883
 0.25460243 0.02193498 0.66196631 0.06149628
 0.34586761 0.04426165 0.34939287 0.26047787
 0.27340384 0.22914219 0.257736   0.23971798

MOTIF vleng_l3_f_5
letter-probability matrix: alength= 4 w= 9 
 0.0782984  0.34155364 0.22009864 0.36004932
 0.01294698 0.52342787 0.00184957 0.46177559
 0.33107275 0.11713933 0.472873   0.07891492
 0.06103576 0.1892725  0.50616523 0.24352651
 2.28113440e-02 9.09987670e-01 6.16522811e-04 6.65844636e-02
 0.03267571 0.027127   0.5974106  0.34278668
 0.027127   0.00061652 0.54377312 0.42848335
 0.18618989 0.675709   0.0782984  0.05980271
 0.08446363 0.14303329 0.5567201  0.21578298

MOTIF vleng_l3_f_6
letter-probability matrix: alength= 4 w= 9 
 0.49784173 0.0442446  0.13489209 0.32302158
 0.43345324 0.01330935 0.23992806 0.31330935
 0.71690647 0.17122302 0.10935252 0.00251799
 0.6676259  0.12122302 0.02194245 0.18920863
 6.01798561e-01 3.59712230e-04 1.15107914e-02 3.86330935e-01
 9.62230216e-01 2.84172662e-02 3.59712230e-04 8.99280576e-03
 0.1971223  0.00683453 0.13165468 0.66438849
 0.51330935 0.23884892 0.10179856 0.14604317
 0.41654676 0.09100719 0.35647482 0.13597122

MOTIF vleng_l3_f_7
letter-probability matrix: alength= 4 w= 9 
 0.18616601 0.19328063 0.33280632 0.28774704
 0.15928854 0.17628458 0.58142292 0.08300395
 1.09090909e-01 3.95256917e-04 8.85375494e-01 5.13833992e-03
 0.18339921 0.0715415  0.65573123 0.08932806
 0.01027668 0.03794466 0.78893281 0.16284585
 3.95256917e-04 2.37154150e-03 9.55731225e-01 4.15019763e-02
 0.03043478 0.00474308 0.83399209 0.13083004
 0.01778656 0.15494071 0.76403162 0.06324111
 0.06245059 0.2687747  0.51027668 0.15849802

MOTIF vleng_l3_f_8
letter-probability matrix: alength= 4 w= 9 
 0.05590291 0.06289077 0.08275101 0.79845531
 0.69694741 0.01471129 0.19897021 0.08937109
 0.48694373 0.04376609 0.39315925 0.07613093
 3.67782273e-04 3.67782273e-04 8.45899228e-03 9.90805443e-01
 7.42920191e-01 3.67782273e-04 2.56344244e-01 3.67782273e-04
 5.54247885e-01 3.67782273e-04 4.45016550e-01 3.67782273e-04
 0.33946304 0.13056271 0.4045605  0.12541376
 0.22949614 0.19124678 0.3630011  0.21625598
 0.19308569 0.1618242  0.32217727 0.32291284

MOTIF vleng_l3_f_9
letter-probability matrix: alength= 4 w= 9 
 0.09326611 0.2589125  0.50630176 0.14151963
 0.03745049 0.03781059 0.29564278 0.62909615
 0.40583363 0.00576161 0.28015844 0.30824631
 0.08246309 0.07670148 0.39755131 0.44328412
 0.82355059 0.00900252 0.06013684 0.10731005
 0.0871444  0.00720202 0.22002161 0.68563198
 0.54303205 0.07274037 0.07129996 0.31292762
 0.10803025 0.04069139 0.79906374 0.05221462
 0.10983075 0.04753331 0.49585884 0.3467771 

MOTIF vleng_l3_f_10
letter-probability matrix: alength= 4 w= 9 
 0.10770235 0.25456919 0.46475196 0.1729765 
 0.02284595 0.7232376  0.12859008 0.12532637
 0.7421671  0.01631854 0.23825065 0.00326371
 0.07180157 0.45169713 0.1383812  0.3381201 
 0.31984334 0.50456919 0.1462141  0.02937337
 0.01762402 0.63707572 0.0535248  0.29177546
 0.34660574 0.25195822 0.40078329 0.00065274
 0.07375979 0.4732376  0.29503916 0.15796345
 0.03328982 0.34203655 0.32180157 0.30287206

MOTIF vleng_l3_f_11
letter-probability matrix: alength= 4 w= 9 
 0.3156533  0.38076757 0.01336783 0.2902113 
 0.14359638 0.22121604 0.10478655 0.53040103
 0.06899526 0.43294524 0.08538163 0.41267788
 0.20008624 0.32643381 0.00344976 0.47003019
 0.44976283 0.16429495 0.18499353 0.20094868
 0.44545063 0.30056059 0.01509271 0.23889608
 0.22121604 0.49805951 0.07675722 0.20396723
 0.34195774 0.16860716 0.11729194 0.37214317
 0.11815438 0.14920224 0.11599828 0.61664511

MOTIF vleng_l3_f_12
letter-probability matrix: alength= 4 w= 9 
 0.24779959 0.06431957 0.63608666 0.05179418
 0.11340555 0.2014218  0.36932972 0.31584292
 0.17840217 0.48205823 0.20480704 0.13473257
 0.16892349 0.17806364 0.65098172 0.00203114
 0.01929587 0.01286391 0.69126608 0.27657414
 0.03317536 0.10494245 0.70548409 0.1563981 
 0.1394719  0.38016249 0.43974272 0.04062288
 0.01489506 0.02200406 0.21293162 0.75016926
 0.36526743 0.17366283 0.09952607 0.36154367

MOTIF vleng_l3_f_13
letter-probability matrix: alength= 4 w= 9 
 0.28477509 0.13979239 0.56712803 0.0083045 
 0.21626298 0.12318339 0.21972318 0.44083045
 0.01072664 0.01384083 0.00276817 0.97266436
 5.57785467e-01 3.46020761e-04 4.18339100e-01 2.35294118e-02
 0.32525952 0.18858131 0.39134948 0.09480969
 5.29411765e-02 3.11418685e-03 3.46020761e-04 9.43598616e-01
 0.27820069 0.34878893 0.17231834 0.20069204
 0.47058824 0.34705882 0.08961938 0.09273356
 0.23702422 0.14740484 0.40761246 0.20795848

MOTIF vleng_l3_f_14
letter-probability matrix: alength= 4 w= 9 
 0.35127674 0.25327812 0.19358178 0.20186335
 0.5089717  0.14251208 0.3126294  0.03588682
 0.58005521 0.21014493 0.021049   0.18875086
 0.39406487 0.16563147 0.29296066 0.147343  
 0.86956522 0.00172533 0.02518979 0.10351967
 0.02380952 0.00759144 0.13216011 0.83643892
 3.45065562e-04 5.17598344e-03 8.35748792e-01 1.58730159e-01
 0.27674258 0.16873706 0.30848861 0.24603175
 0.23533471 0.23015873 0.18391994 0.35058661

MOTIF vleng_l3_f_15
letter-probability matrix: alength= 4 w= 9 
 0.22200315 0.29100946 0.46135647 0.02563091
 0.06111987 0.48225552 0.23856467 0.21805994
 0.10922713 0.48817035 0.23580442 0.16679811
 0.34818612 0.21845426 0.09858044 0.33477918
 0.34148265 0.11829653 0.19716088 0.34305994
 4.45583596e-02 3.94321767e-04 8.31624606e-01 1.23422713e-01
 0.11435331 0.01774448 0.80993691 0.0579653 
 0.12815457 0.11198738 0.75512618 0.00473186
 0.19164038 0.17507886 0.57689274 0.05638801

MOTIF vleng_l3_f_16
letter-probability matrix: alength= 4 w= 9 
 0.21359223 0.06990291 0.31262136 0.4038835 
 0.0368932  0.23495146 0.42038835 0.30776699
 0.43106796 0.15631068 0.41165049 0.00097087
 0.04951456 0.16116505 0.22912621 0.56019417
 0.03883495 0.0184466  0.02912621 0.91359223
 0.02621359 0.00097087 0.02815534 0.94466019
 0.01747573 0.00097087 0.70291262 0.27864078
 0.21553398 0.03203883 0.75145631 0.00097087
 0.0368932  0.46601942 0.26699029 0.23009709

MOTIF vleng_l3_f_17
letter-probability matrix: alength= 4 w= 9 
 0.24567837 0.22734416 0.28391828 0.24305919
 6.28601362e-02 5.23834468e-04 3.66684128e-03 9.32949188e-01
 6.49554741e-01 5.23834468e-04 2.83918282e-01 6.60031430e-02
 5.76741750e-01 5.23834468e-04 4.22210581e-01 5.23834468e-04
 9.95285490e-03 5.23834468e-04 5.23834468e-04 9.88999476e-01
 8.29753798e-01 5.23834468e-04 1.69198533e-01 5.23834468e-04
 5.89313777e-01 5.23834468e-04 4.00209534e-01 9.95285490e-03
 0.30644316 0.18177056 0.2598219  0.25196438
 0.27920377 0.19015191 0.26506024 0.26558408

MOTIF vleng_l3_f_18
letter-probability matrix: alength= 4 w= 9 
 0.0275     0.12535714 0.16535714 0.68178571
 0.52       0.00964286 0.03535714 0.435     
 0.03642857 0.04107143 0.3575     0.565     
 0.0725     0.77428571 0.145      0.00821429
 0.3825     0.47392857 0.01785714 0.12571429
 0.05071429 0.28       0.49857143 0.17071429
 0.01392857 0.47714286 0.35428571 0.15464286
 0.06714286 0.39071429 0.25785714 0.28428571
 0.16857143 0.43214286 0.15607143 0.24321429

MOTIF vleng_l3_f_19
letter-probability matrix: alength= 4 w= 9 
 0.20465435 0.11259411 0.33709788 0.34565366
 0.37303217 0.1899384  0.23169062 0.20533881
 0.13039014 0.1430527  0.34291581 0.38364134
 0.00410678 0.09000684 0.10609172 0.79979466
 0.41307324 0.03422313 0.2522245  0.30047912
 0.15297741 0.31314168 0.27344285 0.26043806
 0.16290212 0.0349076  0.02258727 0.77960301
 0.61670089 0.04722793 0.24948665 0.08658453
 0.71149897 0.12525667 0.10746064 0.05578371

MOTIF vleng_l3_f_20
letter-probability matrix: alength= 4 w= 9 
 0.32097054 0.19202773 0.32512998 0.16187175
 0.15043328 0.37746967 0.30745234 0.16464471
 0.18266898 0.31958406 0.16048527 0.3372617 
 0.16152513 0.28769497 0.15979203 0.39098787
 0.13656846 0.26516464 0.03015598 0.56811092
 0.03292894 0.33587522 0.37816291 0.25303293
 0.00797227 0.4440208  0.0644714  0.48353553
 0.10433276 0.40103986 0.09878683 0.39584055
 0.29809359 0.19064125 0.14315425 0.36811092

MOTIF vleng_l3_f_21
letter-probability matrix: alength= 4 w= 9 
 0.3989071  0.28278689 0.1147541  0.20355191
 0.11065574 0.02595628 0.80054645 0.06284153
 0.15027322 0.21448087 0.31967213 0.31557377
 0.25       0.72677596 0.02185792 0.00136612
 0.7568306  0.02459016 0.21721311 0.00136612
 0.2431694  0.31010929 0.03825137 0.40846995
 0.00136612 0.70218579 0.20901639 0.08743169
 0.69398907 0.00136612 0.14344262 0.16120219
 0.06284153 0.51502732 0.00136612 0.42076503

MOTIF vleng_l3_f_22
letter-probability matrix: alength= 4 w= 9 
 0.30304077 0.16275052 0.2902557  0.24395301
 0.01727713 0.0138217  0.72978576 0.23911541
 0.14443677 0.2049067  0.0276434  0.62301313
 0.03420871 0.33966828 0.41568763 0.21043538
 0.17933656 0.0805114  0.31686247 0.42328956
 0.43711126 0.13890809 0.11506565 0.308915  
 0.19488597 0.03593642 0.11437457 0.65480304
 0.00380097 0.03973739 0.06599862 0.89046303
 0.18659295 0.36074637 0.13165169 0.32100898

MOTIF vleng_l3_f_23
letter-probability matrix: alength= 4 w= 9 
 0.33759502 0.27194195 0.13096061 0.25950242
 0.14754665 0.46371804 0.02038701 0.36834831
 0.51071182 0.37836904 0.06323428 0.04768487
 0.72667588 0.05805114 0.02487906 0.19039392
 0.33863165 0.00172771 0.11333794 0.5463027 
 0.11990325 0.01554941 0.06738079 0.79716655
 0.15480304 0.03800968 0.06081548 0.7463718 
 0.34035936 0.01762267 0.22978576 0.4122322 
 0.28610919 0.1520387  0.4308915  0.13096061

MOTIF vleng_l3_f_24
letter-probability matrix: alength= 4 w= 9 
 0.32590051 0.27718696 0.23430532 0.1626072 
 0.21200686 0.10463122 0.2271012  0.45626072
 0.25042882 0.43636364 0.26895369 0.04425386
 0.57975986 0.07238422 0.14339623 0.20445969
 0.44596913 0.04802744 0.02538593 0.4806175 
 0.48782161 0.0490566  0.32727273 0.13584906
 0.41509434 0.13619211 0.11114923 0.33756432
 0.08885077 0.04253859 0.18250429 0.68610635
 0.33996569 0.12487136 0.24631218 0.28885077

MOTIF vleng_l3_f_25
letter-probability matrix: alength= 4 w= 9 
 0.61424973 0.13098237 0.16696653 0.08780137
 0.17344368 0.0777258  0.03958258 0.70924793
 0.11478949 0.13098237 0.5829435  0.17128463
 0.57790572 0.03346528 0.34077006 0.04785894
 0.2893127  0.15149334 0.12414538 0.43504858
 0.06153293 0.10435408 0.50989565 0.32421734
 0.41993523 0.18855703 0.26484347 0.12666427
 0.19791292 0.16732638 0.1986326  0.4361281 
 0.18963656 0.26628284 0.41993523 0.12414538

MOTIF vleng_l3_f_26
letter-probability matrix: alength= 4 w= 9 
 0.2546209  0.32591475 0.23915504 0.18030932
 0.61297624 0.32516032 0.01357978 0.04828367
 0.18332705 0.07996982 0.52282158 0.21388155
 3.74575632e-01 3.77216145e-04 5.19803848e-01 1.05243304e-01
 0.2078461  0.07091664 0.49981139 0.22142588
 1.21463599e-01 3.77216145e-04 3.68162957e-01 5.09996228e-01
 0.20860053 0.02074689 0.58468502 0.18596756
 1.24858544e-01 3.77216145e-04 7.02376462e-01 1.72387778e-01
 0.24141833 0.15767635 0.24971709 0.35118823

MOTIF vleng_l3_f_27
letter-probability matrix: alength= 4 w= 9 
 0.50610394 0.17265434 0.11859086 0.20265085
 3.48796652e-04 4.15068015e-02 3.48796652e-04 9.57795605e-01
 0.0624346  0.03348448 0.88385072 0.02023021
 0.01778863 0.58946634 0.09870945 0.29403558
 0.25183118 0.13916986 0.1461458  0.46285316
 0.18172306 0.58388559 0.04359958 0.19079177
 0.49529125 0.02581095 0.35786536 0.12103244
 0.14893617 0.32472968 0.18974538 0.33658877
 0.10219742 0.36867806 0.34286711 0.18625741

MOTIF vleng_l3_f_28
letter-probability matrix: alength= 4 w= 9 
 0.27995868 0.13257576 0.46315427 0.12431129
 0.31818182 0.19800275 0.23760331 0.24621212
 0.26136364 0.00241047 0.70798898 0.02823691
 3.89118457e-02 3.44352617e-04 6.11570248e-01 3.49173554e-01
 0.02134986 0.06439394 0.82472452 0.08953168
 0.03305785 0.02376033 0.94008264 0.00309917
 0.12534435 0.02548209 0.8285124  0.02066116
 0.38774105 0.14428375 0.16873278 0.29924242
 0.21900826 0.16287879 0.16184573 0.45626722

MOTIF vleng_l3_f_29
letter-probability matrix: alength= 4 w= 9 
 0.2758268  0.46164337 0.22502557 0.03750426
 0.04875554 0.31299011 0.41493352 0.22332083
 0.09001023 0.16229117 0.52676441 0.2209342 
 3.40947835e-04 3.40947835e-04 3.40947835e-04 9.98977156e-01
 7.19058984e-01 3.40947835e-04 2.80259120e-01 3.40947835e-04
 4.01295602e-01 3.40947835e-04 5.98022503e-01 3.40947835e-04
 0.33617457 0.22332083 0.23559495 0.20490965
 0.09989772 0.24036822 0.29969315 0.36004091
 0.10773952 0.38254347 0.26218889 0.24752813

MOTIF vleng_l3_f_30
letter-probability matrix: alength= 4 w= 9 
 0.12334353 0.22324159 0.15222562 0.50118926
 0.04485219 0.24702684 0.32144071 0.38668026
 0.40163099 0.18450561 0.25008495 0.16377846
 0.32042134 0.32110092 0.02888209 0.32959565
 0.44206592 0.0540265  0.2579001  0.24600748
 0.7356439  0.114509   0.09208291 0.05776419
 0.0030581  0.23037717 0.01529052 0.75127421
 0.00543663 0.18994224 0.70846075 0.09616038
 0.22663948 0.31770302 0.22222222 0.23343527

MOTIF vleng_l3_f_31
letter-probability matrix: alength= 4 w= 9 
 0.60769495 0.15286843 0.09412573 0.14531089
 0.06080385 0.09206458 0.03400893 0.81312264
 0.24802473 0.03744418 0.36276194 0.35176915
 0.28959121 0.51734799 0.12607351 0.06698729
 0.45620062 0.12298179 0.06423909 0.3565785 
 0.22294744 0.0405359  0.02507729 0.71143937
 0.14840261 0.36138784 0.06939196 0.42081759
 0.40501546 0.18206802 0.07901065 0.33390587
 0.19512195 0.08175885 0.06698729 0.65613191

MOTIF vleng_l3_f_32
letter-probability matrix: alength= 4 w= 9 
 0.37410587 0.17453505 0.09155937 0.35979971
 0.24034335 0.14484979 0.32010014 0.29470672
 0.02718169 0.67453505 0.1602289  0.13805436
 0.01001431 0.67632332 0.17703863 0.13662375
 0.00429185 0.01895565 0.68204578 0.29470672
 0.50894134 0.0239628  0.28755365 0.1795422 
 6.35193133e-01 3.57653791e-04 3.82689557e-02 3.26180258e-01
 0.21173104 0.15128755 0.23748212 0.39949928
 0.15987124 0.33690987 0.18097282 0.32224607

MOTIF vleng_l3_f_33
letter-probability matrix: alength= 4 w= 9 
 0.15072686 0.1185922  0.16985463 0.56082632
 0.26702372 0.17138485 0.01836266 0.54322877
 0.38179036 0.03136955 0.54858454 0.03825555
 7.65110941e-04 7.65110941e-04 7.65110941e-04 9.97704667e-01
 0.29762816 0.09181331 0.18592196 0.42463657
 0.00612089 0.00765111 0.02142311 0.9648049 
 0.65799541 0.01606733 0.04131599 0.28462127
 0.10328998 0.01989288 0.73603673 0.14078041
 0.35960214 0.05279265 0.42463657 0.16296863

MOTIF vleng_l3_f_34
letter-probability matrix: alength= 4 w= 9 
 0.09803193 0.22725585 0.38321574 0.29149647
 0.16227256 0.55477163 0.02376532 0.25919049
 0.21017453 0.1065726  0.55774229 0.12551058
 1.64871890e-01 3.71333086e-04 2.90382473e-01 5.44374304e-01
 0.03639064 0.13330858 0.18232455 0.64797623
 0.29483847 0.13739324 0.0549573  0.51281099
 0.08800594 0.03156331 0.12625325 0.7541775 
 6.25696250e-01 3.27515782e-01 3.71333086e-04 4.64166357e-02
 0.02227999 0.0549573  0.08689194 0.83587078

MOTIF vleng_l3_f_35
letter-probability matrix: alength= 4 w= 9 
 0.05027933 0.15716946 0.09646182 0.69608939
 7.89944134e-01 3.72439479e-04 2.02607076e-01 7.07635009e-03
 0.36945996 0.36312849 0.09013035 0.17728119
 0.25325885 0.16685289 0.00707635 0.57281192
 0.61713222 0.00744879 0.32625698 0.04916201
 0.15605214 0.05214153 0.58957169 0.20223464
 0.00148976 0.15716946 0.23947858 0.6018622 
 0.29534451 0.18882682 0.33817505 0.17765363
 0.4320298  0.17988827 0.32998138 0.05810056

MOTIF vleng_l3_f_36
letter-probability matrix: alength= 4 w= 9 
 0.47713136 0.22392975 0.20600073 0.09293816
 0.44273692 0.15001829 0.39626784 0.01097695
 0.50530553 0.22575924 0.1485547  0.12038053
 0.67215514 0.07281376 0.25137212 0.00365898
 0.34906696 0.5536041  0.07500915 0.0223198 
 0.80534211 0.14233443 0.0424442  0.00987925
 0.85547018 0.06512989 0.0633004  0.01609952
 0.79509696 0.01390413 0.13245518 0.05854372
 0.71899012 0.00731797 0.11672155 0.15697036

MOTIF vleng_l3_f_37
letter-probability matrix: alength= 4 w= 9 
 0.17467249 0.30043668 0.20436681 0.32052402
 0.33973799 0.47510917 0.16419214 0.0209607 
 0.39388646 0.50480349 0.10043668 0.00087336
 0.32489083 0.16855895 0.45327511 0.05327511
 0.12576419 0.56331878 0.27248908 0.03842795
 9.16157205e-01 8.73362445e-04 7.51091703e-02 7.86026201e-03
 0.46200873 0.09432314 0.44104803 0.00262009
 0.1580786  0.27423581 0.48384279 0.08384279
 0.06724891 0.06637555 0.78340611 0.08296943

MOTIF vleng_l3_f_38
letter-probability matrix: alength= 4 w= 9 
 0.46984236 0.37251542 0.08875942 0.0688828 
 0.29472241 0.32625086 0.29712132 0.08190541
 0.09938314 0.09629883 0.49554489 0.30877313
 0.12577108 0.38211103 0.14838931 0.34372858
 0.15387252 0.09321453 0.41158328 0.34132968
 0.20013708 0.07539411 0.45819054 0.26627827
 0.46984236 0.16655243 0.17786155 0.18574366
 0.3598355  0.16997944 0.30054832 0.16963674
 0.11583276 0.24982865 0.50582591 0.12851268

MOTIF vleng_l3_f_39
letter-probability matrix: alength= 4 w= 9 
 0.16729894 0.15971168 0.40477997 0.26820941
 0.15515933 0.12594841 0.11305008 0.60584219
 0.49962064 0.05197269 0.04097117 0.40743551
 0.0569044  0.23748103 0.11001517 0.59559939
 0.08801214 0.33649469 0.50075873 0.07473445
 0.05728376 0.47040971 0.02465857 0.44764795
 0.21471927 0.36646434 0.19992413 0.21889226
 0.43968134 0.49468892 0.02010622 0.04552352
 0.27769347 0.11836115 0.16312595 0.44081942

MOTIF vleng_l3_f_40
letter-probability matrix: alength= 4 w= 9 
 0.24450952 0.12847731 0.29795022 0.32906296
 0.28770132 0.08967789 0.25439239 0.3682284 
 0.14494876 0.28623719 0.1101757  0.45863836
 0.00732064 0.00658858 0.05746706 0.92862372
 0.80673499 0.00292826 0.15043924 0.03989751
 9.64860908e-01 3.66032211e-04 3.44070278e-02 3.66032211e-04
 0.16874085 0.00292826 0.2602489  0.56808199
 0.73535871 0.00475842 0.07137628 0.18850659
 0.49780381 0.00878477 0.32137628 0.17203514

MOTIF vleng_l3_f_41
letter-probability matrix: alength= 4 w= 9 
 0.13040518 0.27749404 0.27511066 0.31699013
 0.08375894 0.46884576 0.30030644 0.14708887
 0.0289411  0.88559755 0.00238338 0.08307797
 0.94041539 0.01906708 0.03847463 0.0020429 
 0.08716377 0.89138577 0.01736466 0.0040858 
 0.01464079 0.58699353 0.24787198 0.1504937 
 0.25025536 0.2516173  0.05856316 0.43956418
 0.37419135 0.20224719 0.15628192 0.26727954
 0.27272727 0.20531154 0.14572693 0.37623425

MOTIF vleng_l3_f_42
letter-probability matrix: alength= 4 w= 9 
 0.40566802 0.1757085  0.34817814 0.07044534
 0.75789474 0.12145749 0.11012146 0.01052632
 0.19919028 0.25101215 0.26234818 0.28744939
 0.01538462 0.43319838 0.30121457 0.25020243
 0.0194332  0.13198381 0.82753036 0.02105263
 0.57327935 0.01619433 0.01052632 0.4       
 2.91497976e-02 8.25910931e-01 8.09716599e-04 1.44129555e-01
 0.39757085 0.28744939 0.01619433 0.29878543
 0.47287449 0.44291498 0.0291498  0.05506073

MOTIF vleng_l3_f_43
letter-probability matrix: alength= 4 w= 9 
 0.11303745 0.09604716 0.50728155 0.28363384
 0.51595007 0.04160888 0.21983356 0.22260749
 0.5        0.01456311 0.17510402 0.31033287
 5.77323162e-01 3.46740638e-04 1.99375867e-01 2.22954230e-01
 0.13349515 0.33841886 0.23404993 0.29403606
 0.26629681 0.4667129  0.22226075 0.04472954
 0.10540915 0.11511789 0.35818308 0.42128988
 0.51595007 0.16886269 0.08807212 0.22711512
 0.56830791 0.02739251 0.09015257 0.31414702

MOTIF vleng_l3_f_44
letter-probability matrix: alength= 4 w= 9 
 0.41021127 0.15492958 0.17605634 0.25880282
 0.32130282 0.13380282 0.19454225 0.35035211
 0.18838028 0.15228873 0.47271127 0.18661972
 0.07834507 0.31161972 0.13820423 0.47183099
 0.25616197 0.41109155 0.04753521 0.28521127
 0.45334507 0.42077465 0.125      0.00088028
 0.69806338 0.06426056 0.02816901 0.20950704
 0.2790493  0.00440141 0.27464789 0.44190141
 0.64084507 0.01144366 0.12676056 0.2209507 

MOTIF vleng_l3_f_45
letter-probability matrix: alength= 4 w= 9 
 0.6024974  0.06729102 0.16822754 0.16198404
 0.02774887 0.22372529 0.20187305 0.54665279
 0.0620881  0.29344433 0.06174124 0.58272633
 0.3035033  0.19805758 0.37391606 0.12452307
 0.46930281 0.04335761 0.01075269 0.47658689
 0.01005897 0.19805758 0.00104058 0.79084287
 0.15400624 0.16475893 0.41415193 0.2670829 
 0.45334721 0.08949011 0.24106833 0.21609435
 0.2688172  0.27610128 0.17065557 0.28442595

MOTIF vleng_l3_f_46
letter-probability matrix: alength= 4 w= 9 
 0.2116307  0.62589928 0.11450839 0.04796163
 0.45323741 0.16966427 0.34892086 0.02817746
 0.20383693 0.24220624 0.46342926 0.09052758
 1.54676259e-01 7.28417266e-01 5.99520384e-04 1.16306954e-01
 0.39088729 0.01738609 0.40407674 0.18764988
 0.04916067 0.02757794 0.73501199 0.1882494 
 5.99520384e-04 1.91846523e-01 5.75539568e-02 7.50000000e-01
 0.20623501 0.29496403 0.16966427 0.32913669
 0.12709832 0.46522782 0.0557554  0.35191847

MOTIF vleng_l3_f_47
letter-probability matrix: alength= 4 w= 9 
 0.2438772  0.19179027 0.35494998 0.20938255
 0.10831321 0.1942049  0.34253191 0.35494998
 0.09692998 0.26940324 0.34977578 0.283891  
 0.04863746 0.2135219  0.52362884 0.2142118 
 0.10589859 0.53949638 0.16557434 0.1890307 
 5.00517420e-01 4.62573301e-01 3.44946533e-04 3.65643325e-02
 0.01897206 0.37392204 0.09175578 0.51535012
 0.02621594 0.29113487 0.64608486 0.03656433
 0.22145567 0.28492584 0.20075888 0.29285961

MOTIF vleng_l3_f_48
letter-probability matrix: alength= 4 w= 9 
 0.2562592  0.09315169 0.21612666 0.43446244
 0.28240059 0.04197349 0.21612666 0.45949926
 0.09462445 0.23784978 0.05301915 0.61450663
 0.00478645 0.28645066 0.04860088 0.660162  
 0.3556701  0.06443299 0.20397644 0.37592047
 0.46833579 0.12444772 0.25036819 0.15684831
 0.15095729 0.01215022 0.62592047 0.21097202
 0.00184094 0.87407953 0.04749632 0.07658321
 0.04050074 0.26399116 0.56958763 0.12592047

MOTIF vleng_l3_f_49
letter-probability matrix: alength= 4 w= 9 
 0.28897796 0.0252505  0.60360721 0.08216433
 0.07254509 0.02204409 0.18677355 0.71863727
 4.00801603e-04 1.00200401e-01 1.96392786e-01 7.03006012e-01
 0.62805611 0.03126253 0.06813627 0.27254509
 0.09338677 0.03767535 0.09458918 0.7743487 
 6.21643287e-01 2.12825651e-01 4.00801603e-04 1.65130261e-01
 0.11022044 0.24328657 0.08817635 0.55831663
 0.22685371 0.13507014 0.21242485 0.4256513 
 0.31262525 0.19679359 0.16993988 0.32064128

MOTIF vleng_l3_f_50
letter-probability matrix: alength= 4 w= 9 
 0.31133429 0.2428264  0.26936872 0.17647059
 0.38773314 0.11979914 0.18507891 0.30738881
 0.77259684 0.017934   0.02725968 0.18220947
 0.00251076 0.0251076  0.02008608 0.95229555
 0.0125538  0.02044476 0.75035868 0.21664275
 0.1025825  0.1438307  0.27295552 0.48063128
 0.09038737 0.06169297 0.31886657 0.52905308
 0.11370158 0.20014347 0.38809182 0.29806313
 0.14885222 0.05667145 0.57783357 0.21664275

MOTIF vleng_l3_f_51
letter-probability matrix: alength= 4 w= 9 
 0.22730375 0.36962457 0.25836177 0.1447099 
 0.03481229 0.178157   0.01808874 0.76894198
 0.10648464 0.09590444 0.48327645 0.31433447
 0.22901024 0.09283276 0.60784983 0.07030717
 2.66894198e-01 5.80887372e-01 3.41296928e-04 1.51877133e-01
 0.55085324 0.12935154 0.02150171 0.29829352
 0.05938567 0.04129693 0.59453925 0.30477816
 0.24197952 0.30750853 0.29726962 0.15324232
 0.221843   0.15290102 0.34027304 0.28498294

MOTIF vleng_l3_f_52
letter-probability matrix: alength= 4 w= 9 
 0.78890815 0.00485269 0.2034662  0.00277296
 0.41629116 0.22842288 0.10641248 0.24887348
 0.26863085 0.29809359 0.25303293 0.18024263
 9.39688042e-01 3.46620451e-04 3.84748700e-02 2.14904679e-02
 0.01317158 0.02010399 0.0117851  0.95493934
 0.01455806 0.0017331  0.94870017 0.03500867
 0.29982669 0.16152513 0.28804159 0.25060659
 0.21594454 0.2610052  0.29185442 0.23119584
 0.17954939 0.30606586 0.17677643 0.33760832

MOTIF vleng_l3_f_53
letter-probability matrix: alength= 4 w= 9 
 0.57053292 0.11733094 0.17823556 0.13390058
 0.53560233 0.09449172 0.30004478 0.06986117
 0.17554859 0.33811017 0.07389163 0.41244962
 9.35960591e-02 1.22704881e-01 4.47828034e-04 7.83251232e-01
 0.02060009 0.18763995 0.46394984 0.32781012
 0.10076131 0.56426332 0.09897    0.23600537
 0.13524407 0.65741155 0.14509628 0.0622481 
 0.00626959 0.74294671 0.11150918 0.13927452
 0.21227049 0.43797582 0.20958352 0.14017017

MOTIF vleng_l3_f_54
letter-probability matrix: alength= 4 w= 9 
 0.29187524 0.37966885 0.25567963 0.07277628
 0.28571429 0.15402387 0.29649596 0.26376588
 0.01193685 0.51559492 0.01270697 0.45976126
 0.11243743 0.49595687 0.14170196 0.24990374
 0.14054678 0.4928764  0.14401232 0.2225645 
 0.45591067 0.02656912 0.48170966 0.03581055
 0.09780516 0.41509434 0.0038506  0.4832499 
 0.16865614 0.23758183 0.48055449 0.11320755
 0.18097805 0.22949557 0.42510589 0.16442049

MOTIF vleng_l3_f_55
letter-probability matrix: alength= 4 w= 9 
 0.13301663 0.56362402 0.25178147 0.05157788
 0.16728877 0.48523923 0.27587377 0.07159824
 0.03393281 0.47336274 0.02205633 0.47064812
 0.13199864 0.36138446 0.09060061 0.41601629
 0.20699016 0.24737021 0.21377672 0.33186291
 0.27485579 0.05293519 0.29962674 0.37258229
 0.07295555 0.25042416 0.37597557 0.30064472
 0.28741093 0.07634883 0.45911096 0.17712928
 0.17339667 0.22938582 0.4390906  0.15812691

MOTIF vleng_l3_f_56
letter-probability matrix: alength= 4 w= 9 
 0.27849265 0.1796875  0.23759191 0.30422794
 0.22472426 0.15533088 0.26792279 0.35202206
 0.02159926 0.00643382 0.00229779 0.96966912
 0.74770221 0.08823529 0.14200368 0.02205882
 0.54963235 0.00321691 0.43841912 0.00873162
 4.59558824e-04 1.01102941e-01 1.33272059e-02 8.85110294e-01
 0.61397059 0.15762868 0.18014706 0.04825368
 5.36305147e-01 4.59558824e-04 4.22794118e-01 4.04411765e-02
 0.15992647 0.20036765 0.14613971 0.49356618

MOTIF vleng_l3_f_57
letter-probability matrix: alength= 4 w= 9 
 8.23892894e-01 3.43288706e-04 1.75420529e-01 3.43288706e-04
 0.33504978 0.28458634 0.15997254 0.22039135
 0.23927223 0.23858565 0.39375215 0.12838998
 9.44043941e-01 3.08959835e-03 5.25231720e-02 3.43288706e-04
 0.01716444 0.02780639 0.00274631 0.95228287
 8.58221765e-03 3.43288706e-04 9.81805699e-01 9.26879506e-03
 0.22691383 0.18056986 0.39375215 0.19876416
 0.27806385 0.28630278 0.27703399 0.15859938
 0.29694473 0.27085479 0.25677995 0.17542053

MOTIF vleng_l3_f_58
letter-probability matrix: alength= 4 w= 9 
 0.14554491 0.01561945 0.2914448  0.54739084
 0.01171459 0.00177494 0.0056798  0.98083067
 0.04969826 0.07916223 0.08910188 0.78203763
 0.17962371 0.02058928 0.33794817 0.46183884
 0.11288605 0.5342563  0.1001065  0.25275115
 0.1970181  0.58075967 0.03514377 0.18707845
 0.01668442 0.2744054  0.18778843 0.52112176
 0.06389776 0.1370252  0.46077387 0.33830316
 0.15619453 0.14376997 0.371317   0.32871849

MOTIF vleng_l3_f_59
letter-probability matrix: alength= 4 w= 9 
 0.29713866 0.11738811 0.1570066  0.42846662
 0.08290536 0.36610418 0.46001467 0.09097579
 7.33675715e-04 7.33675715e-04 7.33675715e-04 9.97798973e-01
 0.63242847 0.00073368 0.36610418 0.00073368
 0.4922964  0.00073368 0.50623624 0.00073368
 0.10344828 0.21863536 0.44900954 0.22890682
 0.15774028 0.3052091  0.06162876 0.47542186
 0.01907557 0.34115921 0.08217168 0.55759354
 0.17461482 0.14746882 0.59574468 0.08217168

MOTIF vleng_l3_f_60
letter-probability matrix: alength= 4 w= 9 
 0.16150082 0.15334421 0.29241436 0.39274062
 0.3266721  0.28833605 0.21900489 0.16598695
 0.5725938  0.17536705 0.02487765 0.2271615 
 7.68352365e-01 4.07830343e-04 1.77406199e-01 5.38336052e-02
 0.00570962 0.21574225 0.00897227 0.76957586
 4.07830343e-04 5.66884176e-01 1.41924959e-01 2.90783034e-01
 0.03303426 0.00122349 0.62520392 0.34053834
 0.05628059 0.57137031 0.3454323  0.0269168 
 0.23735726 0.08646003 0.2459217  0.43026101

MOTIF vleng_l3_f_61
letter-probability matrix: alength= 4 w= 9 
 0.49500861 0.07538726 0.23958692 0.19001721
 0.13012048 0.23339071 0.38726334 0.24922547
 0.02168675 0.52633391 0.00757315 0.4444062 
 0.13184165 0.09363167 0.74974182 0.02478485
 0.04578313 0.26127367 0.35972461 0.33321859
 0.22857143 0.19277108 0.00172117 0.57693632
 0.15146299 0.00309811 0.22030981 0.62512909
 0.17934596 0.01204819 0.51807229 0.29053356
 0.46024096 0.12495697 0.39036145 0.02444062

MOTIF vleng_l3_f_62
letter-probability matrix: alength= 4 w= 9 
 0.12166963 0.25932504 0.22557726 0.39342806
 0.31616341 0.22912966 0.23357016 0.22113677
 0.26198934 0.03641208 0.28863233 0.41296625
 0.29218472 0.07015986 0.43161634 0.20603908
 8.88099467e-04 8.88099467e-04 8.88099467e-04 9.97335702e-01
 9.97335702e-01 8.88099467e-04 8.88099467e-04 8.88099467e-04
 0.35790409 0.0008881  0.63055062 0.01065719
 0.84902309 0.0008881  0.01420959 0.13587922
 0.03019538 0.08614565 0.39609236 0.48756661

MOTIF vleng_l3_f_63
letter-probability matrix: alength= 4 w= 9 
 0.61055536 0.0348396  0.20765781 0.14694722
 0.57778544 0.21179717 0.09072094 0.11969645
 0.35081062 0.22628493 0.01931701 0.40358744
 0.31597102 0.31114177 0.28803036 0.08485685
 0.40289755 0.23939289 0.23835805 0.1193515 
 0.17626768 0.11969645 0.00379441 0.70024146
 9.22042083e-01 2.06967920e-03 3.44946533e-04 7.55432908e-02
 0.68885823 0.03104519 0.09037599 0.18972059
 0.5670921  0.09624008 0.24870645 0.08796137

MOTIF vleng_l3_f_64
letter-probability matrix: alength= 4 w= 9 
 0.15365507 0.37366927 0.19659333 0.27608233
 0.20475515 0.36089425 0.09510291 0.33924769
 0.44286728 0.30943932 0.09474805 0.15294535
 8.47409510e-01 7.09723208e-04 3.54861604e-04 1.51525905e-01
 3.19375444e-03 3.54861604e-04 1.51525905e-01 8.44925479e-01
 0.09048971 0.01916253 0.88254081 0.00780696
 0.28672818 0.12278211 0.10858765 0.48190206
 0.2689851  0.20120653 0.33534422 0.19446416
 0.20901348 0.07523066 0.3484741  0.36728176

MOTIF vleng_l3_f_65
letter-probability matrix: alength= 4 w= 9 
 0.0455163  0.32472826 0.0703125  0.55944293
 0.31657609 0.40523098 0.00815217 0.27004076
 0.2279212  0.21908967 0.17527174 0.37771739
 0.37533967 0.03464674 0.24150815 0.34850543
 0.59782609 0.08967391 0.08797554 0.22452446
 0.0078125  0.00237772 0.0951087  0.89470109
 0.49388587 0.07472826 0.24626359 0.18512228
 0.54008152 0.17017663 0.26936141 0.02038043
 0.18987772 0.16847826 0.19802989 0.44361413

MOTIF vleng_l3_f_66
letter-probability matrix: alength= 4 w= 9 
 0.23762724 0.18848719 0.35837136 0.21551422
 0.15830116 0.36047736 0.21972622 0.26149526
 0.17655318 0.06633907 0.34713935 0.40996841
 0.22499122 0.002106   0.28711829 0.48578449
 6.63741664e-01 3.51000351e-04 1.83924184e-01 1.51983152e-01
 0.05124605 0.00526501 0.76412776 0.17936118
 0.5033345  0.00912601 0.08950509 0.3980344 
 0.22393822 0.03369603 0.71568972 0.02667603
 0.18041418 0.03159003 0.59319059 0.19480519

MOTIF vleng_l3_f_67
letter-probability matrix: alength= 4 w= 9 
 0.41079973 0.03075871 0.27477785 0.2836637 
 0.11244019 0.5252905  0.18250171 0.1797676 
 0.35406699 0.1404648  0.04340396 0.46206425
 1.02529050e-02 3.41763500e-04 8.27409433e-01 1.61995899e-01
 0.12030075 0.22112098 0.18045113 0.47812714
 0.34381408 0.34449761 0.18010936 0.13157895
 0.11038961 0.12508544 0.36739576 0.39712919
 0.30587833 0.1469583  0.29049897 0.25666439
 0.40601504 0.28503076 0.27136022 0.03759398

MOTIF vleng_l3_f_68
letter-probability matrix: alength= 4 w= 9 
 0.36175711 0.08933186 0.09007014 0.4588409 
 0.64784053 0.02805463 0.00258398 0.32152086
 0.02436323 0.01587302 0.47951274 0.48025102
 0.0841639  0.00701366 0.00406054 0.9047619 
 0.25470653 0.06792174 0.23071244 0.44665928
 0.18936877 0.02214839 0.17423403 0.6142488 
 0.53414544 0.08268734 0.05241787 0.33074935
 0.28313031 0.18346253 0.06423034 0.46917682
 0.21114803 0.09856035 0.10262089 0.58767073

MOTIF vleng_l3_f_69
letter-probability matrix: alength= 4 w= 9 
 0.20303151 0.15636219 0.33147188 0.30913442
 0.04666933 0.26565616 0.10690068 0.58077383
 0.63302752 0.07299561 0.17909852 0.11487834
 0.0378939  0.12604707 0.39529318 0.44076586
 0.1559633  0.21061029 0.4870363  0.14639011
 0.04866374 0.69246111 0.0259274  0.23294775
 0.12564819 0.25368967 0.32828081 0.29238133
 0.51495812 0.41922617 0.01635421 0.04946151
 0.16154767 0.21300359 0.22177902 0.40366972

MOTIF vleng_l3_f_70
letter-probability matrix: alength= 4 w= 9 
 0.02778793 0.49213894 0.00329068 0.47678245
 0.12285192 0.18720293 0.61499086 0.0749543 
 0.16343693 0.07678245 0.16489945 0.59488117
 0.45411335 0.07202925 0.0833638  0.3904936 
 0.03144424 0.22486289 0.21572212 0.52797075
 0.06288848 0.1023766  0.68592322 0.1488117 
 0.38464351 0.18354662 0.17477148 0.25703839
 0.04460695 0.02632541 0.33638026 0.59268739
 0.11809872 0.20292505 0.60548446 0.07349177

MOTIF vleng_l3_f_71
letter-probability matrix: alength= 4 w= 9 
 0.52479189 0.24647123 0.13355049 0.09518639
 0.54107854 0.05682229 0.24249005 0.15960912
 0.16612378 0.18132465 0.28773073 0.36482085
 0.55627941 0.40608035 0.02497286 0.01266739
 0.6102063  0.23307999 0.04632646 0.11038726
 0.52008686 0.16793341 0.30474122 0.00723851
 0.71444083 0.24791893 0.02895404 0.00868621
 0.57871878 0.0184582  0.1009772  0.30184582
 0.0854144  0.21679334 0.15056098 0.54723127

MOTIF vleng_l3_f_72
letter-probability matrix: alength= 4 w= 9 
 0.05710605 0.22799485 0.29927007 0.41562903
 0.37827394 0.04164878 0.43924431 0.14083298
 0.36839845 0.0854444  0.06869901 0.47745814
 4.29368828e-04 2.18978102e-02 2.32288536e-01 7.45384285e-01
 4.25075140e-01 4.29368828e-04 4.56848433e-01 1.17647059e-01
 4.34091885e-01 1.42121082e-01 4.23357664e-01 4.29368828e-04
 0.54701589 0.18505796 0.17131816 0.09660799
 0.36753972 0.17260627 0.21253757 0.24731644
 0.15328467 0.37569772 0.15671962 0.31429798

MOTIF vleng_l3_f_73
letter-probability matrix: alength= 4 w= 9 
 0.21341223 0.22169625 0.31045365 0.25443787
 3.94477318e-04 9.62524655e-02 3.94477318e-04 9.02958580e-01
 0.23786982 0.06903353 0.66272189 0.03037475
 0.81814596 0.01262327 0.1183432  0.05088757
 0.43865878 0.01617357 0.4556213  0.08954635
 0.01025641 0.03944773 0.12781065 0.82248521
 0.23037475 0.13057199 0.25167653 0.38737673
 0.24142012 0.23668639 0.14280079 0.3790927 
 0.35857988 0.16055227 0.29861933 0.18224852

MOTIF vleng_l3_f_74
letter-probability matrix: alength= 4 w= 9 
 0.25667656 0.02670623 0.63353116 0.08308605
 7.41839763e-04 2.81899110e-02 7.41839763e-04 9.70326409e-01
 0.18991098 0.32715134 0.16097923 0.32195846
 0.14688427 0.45252226 0.0504451  0.35014837
 0.3264095  0.59495549 0.03931751 0.03931751
 0.45697329 0.07418398 0.15207715 0.31676558
 0.02818991 0.07492582 0.80637982 0.09050445
 0.32715134 0.1735905  0.15652819 0.34272997
 0.10459941 0.46661721 0.20845697 0.22032641

MOTIF vleng_l3_f_75
letter-probability matrix: alength= 4 w= 9 
 0.28195198 0.07203718 0.36483346 0.28117738
 0.00852053 0.09372579 0.0116189  0.88613478
 0.09759876 0.35553834 0.19364833 0.35321456
 0.06119287 0.02401239 0.20061967 0.71417506
 0.20836561 0.14872192 0.41130906 0.23160341
 0.04337723 0.00077459 0.66072812 0.29512006
 0.48567002 0.05886909 0.37955074 0.07591015
 0.48334624 0.11696359 0.29589466 0.10379551
 0.19442293 0.29434547 0.15801704 0.35321456

MOTIF vleng_l3_f_76
letter-probability matrix: alength= 4 w= 9 
 0.10786517 0.3        0.04981273 0.5423221 
 0.35805243 0.31048689 0.16441948 0.1670412 
 0.08389513 0.58913858 0.0835206  0.24344569
 4.86891386e-02 5.58052434e-01 3.74531835e-04 3.92883895e-01
 0.08014981 0.7093633  0.01235955 0.19812734
 0.13857678 0.46853933 0.2505618  0.1423221 
 0.22734082 0.582397   0.08389513 0.10636704
 0.27790262 0.61872659 0.04906367 0.05430712
 0.2576779  0.60224719 0.08464419 0.05543071

MOTIF vleng_l3_f_77
letter-probability matrix: alength= 4 w= 9 
 0.33225936 0.11639146 0.42931937 0.1220298 
 0.09142167 0.10149013 0.52517116 0.28191704
 4.61135723e-01 1.28876359e-02 5.25573903e-01 4.02738623e-04
 1.55457108e-01 4.02738623e-04 8.15545711e-01 2.85944422e-02
 6.78614579e-01 4.02738623e-04 2.69029400e-01 5.19532823e-02
 0.29883206 0.00926299 0.65807491 0.03383004
 0.24325413 0.0302054  0.47482884 0.25171164
 0.51913008 0.08417237 0.1220298  0.27466774
 0.28433347 0.13773661 0.19573097 0.38219895

MOTIF vleng_l3_f_78
letter-probability matrix: alength= 4 w= 9 
 0.54779555 0.08622708 0.18103785 0.18493952
 3.90167772e-04 2.16933281e-01 3.90167772e-04 7.82286383e-01
 0.32344908 0.00195084 0.45103394 0.22356613
 0.01365587 0.23175966 0.28872415 0.46586032
 0.1525556  0.20054623 0.35505267 0.29184549
 0.02887242 0.32852126 0.19586422 0.4467421 
 0.03979711 0.06866953 0.29067499 0.60085837
 0.35778385 0.23761217 0.12992587 0.27467811
 0.10846664 0.12095201 0.21459227 0.55598908

MOTIF vleng_l3_f_79
letter-probability matrix: alength= 4 w= 9 
 0.29084002 0.11228366 0.33009709 0.26677923
 0.11734909 0.47488392 0.34867033 0.05909667
 0.24989447 0.21401435 0.5255382  0.01055298
 0.04474462 0.01730688 0.04938793 0.88856057
 0.5964542  0.00759814 0.31363444 0.08231321
 0.68172225 0.08484593 0.22498945 0.00844238
 0.17686788 0.35204728 0.2794428  0.19164204
 0.33769523 0.32629802 0.14267623 0.19333052
 0.47066273 0.14352047 0.10257493 0.28324187

MOTIF vleng_l3_f_80
letter-probability matrix: alength= 4 w= 9 
 0.03664176 0.39238705 0.15901814 0.41195304
 0.15048026 0.3550338  0.30985414 0.1846318 
 2.41906795e-02 2.70366418e-01 7.05087158e-01 3.55745286e-04
 0.00106724 0.76307364 0.21807186 0.01778726
 3.55745286e-04 9.96086802e-01 3.55745286e-04 3.20170758e-03
 3.55745286e-04 9.96086802e-01 3.20170758e-03 3.55745286e-04
 0.24368552 0.43863394 0.20597652 0.11170402
 0.13802917 0.22981145 0.37922448 0.2529349 
 0.22483102 0.43472074 0.15795091 0.18249733

MOTIF vleng_l3_f_81
letter-probability matrix: alength= 4 w= 9 
 0.15575465 0.4383184  0.15851137 0.24741558
 0.11612681 0.19710544 0.0685734  0.61819435
 0.61337009 0.06030324 0.16747071 0.15885596
 0.45141282 0.23811165 0.30117161 0.00930393
 3.44589938e-04 3.44589938e-04 1.03376981e-03 9.98277050e-01
 7.61888353e-01 3.44589938e-04 2.37422467e-01 3.44589938e-04
 8.14610613e-01 3.44589938e-04 1.84700207e-01 3.44589938e-04
 0.38490696 0.22811854 0.15437629 0.23259821
 0.36388697 0.1402481  0.21778084 0.27808408

MOTIF vleng_l3_f_82
letter-probability matrix: alength= 4 w= 9 
 0.07251779 0.40155879 0.17960014 0.34632328
