MEME version 5.3.0

ALPHABET= ACGT

strands: + -

Background letter frequencies
A 0.25 C 0.25 G 0.25 T 0.25

MOTIF yeast_layer3__0
letter-probability matrix: alength= 4 w= 9 
 0.28093812 0.38522954 0.02794411 0.30588822
 1.14770459e-02 4.99001996e-04 9.87524950e-01 4.99001996e-04
 0.5        0.21506986 0.17365269 0.11127745
 2.54491018e-01 7.36526946e-01 8.48303393e-03 4.99001996e-04
 7.25548902e-01 4.99001996e-04 2.73453094e-01 4.99001996e-04
 4.99001996e-04 6.75648703e-01 2.56986028e-01 6.68662675e-02
 0.0489022  0.68762475 0.21506986 0.04840319
 7.34530938e-01 1.80139721e-01 8.48303393e-02 4.99001996e-04
 1.03792415e-01 1.52694611e-01 4.99001996e-04 7.43013972e-01

MOTIF yeast_layer3__1
letter-probability matrix: alength= 4 w= 9 
 0.14221557 0.37774451 0.18263473 0.29740519
 0.05638723 0.08133733 0.48103792 0.38123752
 4.99001996e-04 1.45209581e-01 1.75149701e-01 6.79141717e-01
 0.10578842 0.03193613 0.2000998  0.66217565
 0.01247505 0.03093812 0.73802395 0.21856287
 0.64371257 0.01097804 0.3258483  0.01946108
 4.48602794e-01 4.99001996e-04 2.69461078e-02 5.23952096e-01
 3.04391218e-02 4.99001996e-04 5.29940120e-01 4.39121756e-01
 0.33682635 0.16616766 0.41566866 0.08133733

MOTIF yeast_layer3__2
letter-probability matrix: alength= 4 w= 9 
 0.12874251 0.05588822 0.749002   0.06636727
 0.09031936 0.42365269 0.21606786 0.26996008
 0.04041916 0.52994012 0.15169661 0.27794411
 8.81736527e-01 4.99001996e-04 1.17265469e-01 4.99001996e-04
 0.39520958 0.00548902 0.18063872 0.41866267
 0.1242515  0.2260479  0.51197605 0.13772455
 8.46806387e-01 7.98403194e-03 1.44710579e-01 4.99001996e-04
 0.02994012 0.06487026 0.05838323 0.84680639
 0.04790419 0.03393214 0.90269461 0.01546906

MOTIF yeast_layer3__3
letter-probability matrix: alength= 4 w= 9 
 3.63528010e-02 9.62455304e-01 5.95947557e-04 5.95947557e-04
 1.88319428e-01 5.95947557e-04 8.10488677e-01 5.95947557e-04
 0.05423123 0.05959476 0.83849821 0.0476758 
 5.95947557e-04 9.98212157e-01 5.95947557e-04 5.95947557e-04
 5.95947557e-04 9.48748510e-01 5.95947557e-03 4.46960667e-02
 0.20083433 0.10667461 0.55780691 0.13468415
 0.00417163 0.09356377 0.30512515 0.59713945
 0.17699642 0.53575685 0.23837902 0.0488677 
 0.39630513 0.23718713 0.24076281 0.12574493

MOTIF yeast_layer3__4
letter-probability matrix: alength= 4 w= 9 
 0.13323353 0.00898204 0.81786427 0.03992016
 0.19810379 0.03143713 0.71606786 0.05439122
 3.29341317e-02 9.07684631e-01 4.99001996e-04 5.88822355e-02
 5.14970060e-01 2.04590818e-02 4.64071856e-01 4.99001996e-04
 0.46956088 0.36277445 0.14271457 0.0249501 
 0.01896208 0.78243513 0.17714571 0.02145709
 0.15269461 0.37025948 0.03293413 0.44411178
 0.26447106 0.06037924 0.08632735 0.58882236
 0.72255489 0.03992016 0.19610778 0.04141717

MOTIF yeast_layer3__5
letter-probability matrix: alength= 4 w= 9 
 4.04191617e-01 4.99001996e-04 5.94810379e-01 4.99001996e-04
 0.23752495 0.15918164 0.40768463 0.19560878
 0.2744511  0.44860279 0.08133733 0.19560878
 9.18662675e-01 4.99001996e-04 8.03393214e-02 4.99001996e-04
 0.18113772 0.10828343 0.04241517 0.66816367
 0.17964072 0.08183633 0.64471058 0.09381238
 5.81836327e-01 4.99001996e-04 4.17165669e-01 4.99001996e-04
 4.99001996e-04 4.04690619e-01 1.29740519e-02 5.81836327e-01
 0.04690619 0.05638723 0.77694611 0.11976048

MOTIF yeast_layer3__6
letter-probability matrix: alength= 4 w= 9 
 0.31337325 0.51696607 0.06586826 0.10379242
 0.36726547 0.36327345 0.18263473 0.08682635
 9.55588822e-01 4.99001996e-04 4.99001996e-04 4.34131737e-02
 4.99001996e-04 6.33732535e-02 4.99001996e-04 9.35628743e-01
 4.99001996e-04 4.99001996e-04 9.72554890e-01 2.64471058e-02
 4.99001996e-04 7.05089820e-01 2.24550898e-01 6.98602794e-02
 0.75199601 0.02145709 0.0508982  0.1756487 
 0.29091816 0.17065868 0.32135729 0.21706587
 0.19261477 0.20858283 0.36876248 0.23003992

MOTIF yeast_layer3__7
letter-probability matrix: alength= 4 w= 9 
 0.20945946 0.18243243 0.14339339 0.46471471
 0.21546547 0.17342342 0.32507508 0.28603604
 9.60960961e-01 1.95195195e-02 1.87687688e-02 7.50750751e-04
 0.30855856 0.00075075 0.00075075 0.68993994
 0.00075075 0.00075075 0.68993994 0.30855856
 0.68993994 0.00075075 0.30855856 0.00075075
 7.50750751e-04 2.34984985e-01 7.50750751e-04 7.63513514e-01
 0.12912913 0.13063063 0.72297297 0.01726727
 0.28153153 0.24249249 0.19219219 0.28378378

MOTIF yeast_layer3__8
letter-probability matrix: alength= 4 w= 9 
 1.14770459e-02 5.25449102e-01 4.99001996e-04 4.62574850e-01
 3.45309381e-01 4.99001996e-03 6.49201597e-01 4.99001996e-04
 5.34431138e-01 4.99001996e-04 4.64570858e-01 4.99001996e-04
 2.80439122e-01 6.84630739e-01 4.99001996e-04 3.44311377e-02
 0.20658683 0.10528942 0.01497006 0.67315369
 6.13273453e-01 3.75748503e-01 4.99001996e-04 1.04790419e-02
 4.99001996e-04 1.54690619e-01 3.34331337e-02 8.11377246e-01
 0.07135729 0.06886228 0.81986028 0.03992016
 0.23103792 0.3238523  0.09231537 0.35279441

MOTIF yeast_layer3__9
letter-probability matrix: alength= 4 w= 9 
 0.35129741 0.24750499 0.08433134 0.31686627
 0.15419162 0.27345309 0.02345309 0.5489022 
 0.01347305 0.46956088 0.08582834 0.43113772
 0.000499   0.2994012  0.29690619 0.40319361
 0.01297405 0.12225549 0.48153693 0.38323353
 5.02994012e-01 4.99001996e-04 3.83233533e-01 1.13273453e-01
 0.50249501 0.07634731 0.38323353 0.03792415
 0.3742515  0.26247505 0.03792415 0.3253493 
 0.21606786 0.1007984  0.32185629 0.36127745

MOTIF yeast_layer3__10
letter-probability matrix: alength= 4 w= 9 
 9.98502994e-01 4.99001996e-04 4.99001996e-04 4.99001996e-04
 0.64421158 0.01197605 0.16217565 0.18163673
 0.34730539 0.09481038 0.14321357 0.41467066
 6.21756487e-01 7.98403194e-03 4.99001996e-04 3.69760479e-01
 2.19560878e-02 1.05289421e-01 4.99001996e-04 8.72255489e-01
 0.02095808 0.24151697 0.71556886 0.02195609
 0.0753493  0.12175649 0.73902196 0.06387226
 0.47804391 0.21007984 0.0494012  0.26247505
 0.0494012  0.26047904 0.11876248 0.57135729

MOTIF yeast_layer3__11
letter-probability matrix: alength= 4 w= 9 
 0.17219917 0.22251037 0.30342324 0.30186722
 0.33609959 0.07365145 0.49377593 0.09647303
 0.56587137 0.04149378 0.24273859 0.14989627
 0.14263485 0.16130705 0.00414938 0.69190871
 0.27126556 0.03215768 0.55342324 0.14315353
 0.52645228 0.15404564 0.14004149 0.17946058
 0.49481328 0.01659751 0.00051867 0.48807054
 0.00051867 0.00051867 0.50414938 0.49481328
 0.04719917 0.19709544 0.71939834 0.03630705

MOTIF yeast_layer3__12
letter-probability matrix: alength= 4 w= 9 
 0.29740519 0.11676647 0.10279441 0.48303393
 0.33782435 0.0753493  0.32135729 0.26546906
 0.24351297 0.01447106 0.13173653 0.61027944
 9.48103792e-03 4.99001996e-04 3.84231537e-02 9.51596806e-01
 5.74850299e-01 4.99001996e-04 4.24151697e-01 4.99001996e-04
 5.88323353e-01 4.99001996e-04 3.63772455e-01 4.74051896e-02
 4.94011976e-02 4.99001996e-04 5.73852295e-02 8.92714571e-01
 7.11576846e-01 4.99001996e-04 2.80938124e-01 6.98602794e-03
 5.39421158e-01 4.99001996e-04 4.01197605e-01 5.88822355e-02

MOTIF yeast_layer3__13
letter-probability matrix: alength= 4 w= 9 
 0.09647059 0.16705882 0.15176471 0.58470588
 0.19647059 0.37764706 0.00058824 0.42529412
 0.10176471 0.01       0.79882353 0.08941176
 0.00058824 0.49176471 0.00058824 0.50705882
 0.31058824 0.46764706 0.13764706 0.08411765
 0.05941176 0.51470588 0.03764706 0.38823529
 0.43294118 0.00058824 0.00882353 0.55764706
 0.01705882 0.02117647 0.52882353 0.43294118
 0.02823529 0.07705882 0.75235294 0.14235294

MOTIF yeast_layer3__14
letter-probability matrix: alength= 4 w= 9 
 0.24710983 0.25       0.23121387 0.2716763 
 0.21820809 0.18641618 0.43063584 0.16473988
 0.77239884 0.00650289 0.01083815 0.21026012
 1.53179191e-01 5.78034682e-02 7.22543353e-04 7.88294798e-01
 0.3099711  0.00072254 0.66401734 0.02528902
 7.62283237e-01 7.22543353e-04 7.22543353e-04 2.36271676e-01
 7.22543353e-04 7.22543353e-04 2.36271676e-01 7.62283237e-01
 1.77745665e-01 7.22543353e-04 8.20809249e-01 7.22543353e-04
 0.29479769 0.20736994 0.16546243 0.33236994

MOTIF yeast_layer3__15
letter-probability matrix: alength= 4 w= 9 
 0.22025974 0.45194805 0.09090909 0.23688312
 0.32727273 0.50701299 0.00051948 0.16519481
 0.18909091 0.09142857 0.45974026 0.25974026
 5.19480519e-04 5.19480519e-04 4.08311688e-01 5.90649351e-01
 0.02961039 0.12415584 0.44415584 0.40207792
 6.59740260e-02 5.19480519e-04 5.92727273e-01 3.40779221e-01
 0.31376623 0.49090909 0.07116883 0.12415584
 9.63636364e-01 5.71428571e-03 5.19480519e-04 3.01298701e-02
 5.19480519e-04 5.19480519e-04 4.15584416e-03 9.94805195e-01

MOTIF yeast_layer3__16
letter-probability matrix: alength= 4 w= 9 
 0.59780439 0.29790419 0.0239521  0.08033932
 0.63423154 0.26796407 0.03742515 0.06037924
 0.12275449 0.30788423 0.00598802 0.56337325
 0.69361277 0.17814371 0.08483034 0.04341317
 0.16167665 0.01447106 0.11377246 0.71007984
 0.79840319 0.05638723 0.00548902 0.13972056
 0.11726547 0.06387226 0.64720559 0.17165669
 0.40668663 0.08732535 0.09580838 0.41017964
 0.05588822 0.27844311 0.60828343 0.05738523

MOTIF yeast_layer3__17
letter-probability matrix: alength= 4 w= 9 
 0.13722555 0.14421158 0.16417166 0.55439122
 0.51397206 0.01996008 0.05239521 0.41367265
 4.99001996e-04 6.48702595e-03 4.99001996e-04 9.92514970e-01
 4.99001996e-04 6.48702595e-03 7.77944112e-01 2.15069860e-01
 4.99001996e-04 4.99001996e-04 7.59481038e-01 2.39520958e-01
 0.75199601 0.02644711 0.21506986 0.00648703
 0.46606786 0.03493014 0.19810379 0.3008982 
 0.33582834 0.16516966 0.09530938 0.40369261
 0.15918164 0.17764471 0.23652695 0.42664671

MOTIF yeast_layer3__18
letter-probability matrix: alength= 4 w= 9 
 0.22857143 0.39836735 0.09714286 0.27591837
 0.39265306 0.48081633 0.11836735 0.00816327
 7.59183673e-02 5.87755102e-02 8.16326531e-04 8.64489796e-01
 0.00081633 0.00081633 0.69959184 0.29877551
 0.00081633 0.00081633 0.70285714 0.2955102 
 1.76326531e-01 8.16326531e-04 8.22040816e-01 8.16326531e-04
 8.16326531e-04 1.68163265e-01 8.30204082e-01 8.16326531e-04
 0.00081633 0.0922449  0.35918367 0.5477551 
 0.19755102 0.61714286 0.12408163 0.06122449

MOTIF yeast_layer3__19
letter-probability matrix: alength= 4 w= 9 
 0.44261477 0.24351297 0.16367265 0.1501996 
 8.33333333e-02 8.92714571e-01 2.34530938e-02 4.99001996e-04
 6.88622754e-02 1.57684631e-01 7.72954092e-01 4.99001996e-04
 0.29491018 0.35878244 0.34580838 0.000499  
 4.94011976e-02 8.80738523e-01 4.99001996e-04 6.93612774e-02
 8.53293413e-02 8.80738523e-01 3.34331337e-02 4.99001996e-04
 0.27095808 0.26896208 0.03343313 0.42664671
 5.55888224e-01 4.99001996e-04 4.43113772e-01 4.99001996e-04
 1.95608782e-01 4.99001996e-04 5.59381238e-01 2.44510978e-01

MOTIF yeast_layer3__20
letter-probability matrix: alength= 4 w= 9 
 0.11477046 0.24151697 0.05738523 0.58632735
 8.02894212e-01 1.10778443e-01 8.58283433e-02 4.99001996e-04
 6.13772455e-02 3.34331337e-01 6.03792415e-01 4.99001996e-04
 0.5239521  0.11826347 0.26746507 0.09031936
 0.44660679 0.3498004  0.08233533 0.12125749
 0.42165669 0.30239521 0.01596806 0.25998004
 0.29091816 0.000499   0.31187625 0.39670659
 1.09780439e-02 4.99001996e-04 7.33532934e-01 2.54990020e-01
 0.36127745 0.14021956 0.45958084 0.03892216

MOTIF yeast_layer3__21
letter-probability matrix: alength= 4 w= 9 
 0.23003992 0.20508982 0.49151697 0.07335329
 6.87624750e-01 2.78443114e-01 4.99001996e-04 3.34331337e-02
 4.99001996e-04 3.37824351e-01 4.99001996e-04 6.61177645e-01
 1.00299401e-01 8.58283433e-02 8.13373253e-01 4.99001996e-04
 9.78043912e-02 4.99001996e-04 8.57784431e-01 4.39121756e-02
 0.21057884 0.2245509  0.54341317 0.02145709
 0.00548902 0.2000998  0.63522954 0.15918164
 0.000499   0.12275449 0.48303393 0.39371257
 0.10728543 0.48103792 0.30489022 0.10678643

MOTIF yeast_layer3__22
letter-probability matrix: alength= 4 w= 9 
 5.24109015e-04 1.39937107e-01 5.24109015e-04 8.59014675e-01
 0.05922432 0.13993711 0.49371069 0.30712788
 0.52148847 0.16719078 0.03354298 0.27777778
 7.22222222e-01 1.98637317e-01 5.24109015e-04 7.86163522e-02
 1.33123690e-01 1.09014675e-01 5.24109015e-04 7.57337526e-01
 8.64779874e-02 1.19496855e-01 7.93501048e-01 5.24109015e-04
 0.61740042 0.18710692 0.10587002 0.08962264
 0.1802935  0.12368973 0.09119497 0.6048218 
 0.2033543  0.15199161 0.5524109  0.09224319

MOTIF yeast_layer3__23
letter-probability matrix: alength= 4 w= 9 
 0.00511182 0.3884984  0.07220447 0.5341853 
 2.23642173e-02 6.38977636e-04 9.34185304e-01 4.28115016e-02
 0.16102236 0.04408946 0.13801917 0.65686901
 0.37060703 0.00063898 0.00063898 0.62811502
 0.03003195 0.02172524 0.06070288 0.88753994
 0.04728435 0.04728435 0.62555911 0.2798722 
 0.26837061 0.3341853  0.25686901 0.14057508
 0.04217252 0.1201278  0.16230032 0.67539936
 0.20383387 0.33290735 0.25367412 0.20958466

MOTIF yeast_layer3__24
letter-probability matrix: alength= 4 w= 9 
 0.49351297 0.01497006 0.45209581 0.03942116
 0.35229541 0.15369261 0.23203593 0.26197605
 0.35778443 0.18812375 0.30738523 0.14670659
 9.98502994e-01 4.99001996e-04 4.99001996e-04 4.99001996e-04
 3.94211577e-02 4.99001996e-04 4.99001996e-04 9.59580838e-01
 1.49700599e-02 4.99001996e-04 9.72055888e-01 1.24750499e-02
 2.34530938e-01 4.99001996e-04 7.64471058e-01 4.99001996e-04
 0.34530938 0.39121756 0.02894212 0.23453094
 0.14171657 0.03393214 0.47105788 0.35329341

MOTIF yeast_layer3__25
letter-probability matrix: alength= 4 w= 9 
 0.36776447 0.18562874 0.2759481  0.17065868
 0.26397206 0.60828343 0.08283433 0.04491018
 1.49700599e-01 4.64071856e-02 4.99001996e-04 8.03393214e-01
 3.26347305e-01 5.45409182e-01 4.99001996e-04 1.27744511e-01
 4.39121756e-02 4.38622754e-01 4.99001996e-04 5.16966068e-01
 4.99001996e-04 4.99001996e-04 4.99001996e-04 9.98502994e-01
 4.72554890e-01 4.99001996e-04 5.26447106e-01 4.99001996e-04
 9.37624750e-01 4.99001996e-04 6.13772455e-02 4.99001996e-04
 6.96606786e-01 4.99001996e-04 6.18762475e-02 2.41017964e-01

MOTIF yeast_layer3__26
letter-probability matrix: alength= 4 w= 9 
 0.40169661 0.12175649 0.47355289 0.00299401
 0.3498004  0.09331337 0.5244511  0.03243513
 0.19510978 0.16916168 0.27694611 0.35878244
 0.27994012 0.19111776 0.39820359 0.13073852
 0.01197605 0.06137725 0.5508982  0.3757485 
 1.85129741e-01 4.99001996e-04 7.50998004e-01 6.33732535e-02
 3.94211577e-02 4.99001996e-04 9.53592814e-01 6.48702595e-03
 7.68463074e-02 4.99001996e-04 9.19161677e-01 3.49301397e-03
 0.15219561 0.03942116 0.59381238 0.21457086

MOTIF yeast_layer3__27
letter-probability matrix: alength= 4 w= 9 
 0.76778523 0.07785235 0.11275168 0.04161074
 0.09395973 0.0590604  0.82818792 0.01879195
 0.03087248 0.12348993 0.00134228 0.8442953 
 0.00134228 0.31946309 0.26308725 0.41610738
 0.39060403 0.03624161 0.14765101 0.42550336
 0.00805369 0.47248322 0.16912752 0.35033557
 0.00134228 0.03758389 0.69932886 0.26174497
 0.00134228 0.08322148 0.63489933 0.28053691
 0.0966443  0.12080537 0.76107383 0.02147651

MOTIF yeast_layer3__28
letter-probability matrix: alength= 4 w= 9 
 0.38173653 0.35978044 0.08083832 0.17764471
 9.87025948e-01 1.19760479e-02 4.99001996e-04 4.99001996e-04
 0.02744511 0.01946108 0.25       0.70309381
 0.03692615 0.03892216 0.76546906 0.15868263
 3.14870259e-01 4.99001996e-04 5.35429142e-01 1.49201597e-01
 0.08433134 0.60229541 0.11477046 0.19860279
 0.24550898 0.000499   0.39071856 0.36327345
 0.20309381 0.38572854 0.17365269 0.23752495
 0.3493014  0.35878244 0.26097804 0.03093812

MOTIF yeast_layer3__29
letter-probability matrix: alength= 4 w= 9 
 0.61324786 0.38532764 0.00071225 0.00071225
 1.35327635e-02 7.12250712e-04 9.75783476e-01 9.97150997e-03
 9.88603989e-01 7.12250712e-04 7.12250712e-04 9.97150997e-03
 7.12250712e-04 9.88603989e-01 7.12250712e-04 9.97150997e-03
 0.00071225 0.24287749 0.16524217 0.59116809
 0.34259259 0.3482906  0.00071225 0.30840456
 0.41168091 0.2514245  0.2962963  0.04059829
 0.08404558 0.1502849  0.07407407 0.69159544
 0.67450142 0.24074074 0.02564103 0.05911681

MOTIF yeast_layer3__30
letter-probability matrix: alength= 4 w= 9 
 0.22839183 0.24096386 0.36720796 0.16343635
 0.20534311 0.32006286 0.26715558 0.20743845
 0.19224725 0.39182818 0.11367208 0.30225249
 7.24986904e-01 5.23834468e-04 2.73965427e-01 5.23834468e-04
 0.16919853 0.31220534 0.0136197  0.50497643
 0.10843373 0.18229439 0.68936616 0.01990571
 9.98428497e-01 5.23834468e-04 5.23834468e-04 5.23834468e-04
 5.23834468e-04 5.23834468e-04 5.23834468e-04 9.98428497e-01
 5.23834468e-04 5.23834468e-04 9.98428497e-01 5.23834468e-04

MOTIF yeast_layer3__31
letter-probability matrix: alength= 4 w= 9 
 0.2495424  0.16900549 0.10616229 0.47528981
 8.18181818e-01 6.10128127e-04 1.80597926e-01 6.10128127e-04
 6.10128127e-04 6.10128127e-04 1.14704088e-01 8.84075656e-01
 0.60097621 0.28370958 0.11470409 0.00061013
 2.15985357e-01 6.10128127e-04 6.85784015e-01 9.76205003e-02
 0.00061013 0.25259304 0.49115314 0.25564369
 0.04270897 0.26296522 0.43685174 0.25747407
 0.42769982 0.41183649 0.07077486 0.08968883
 0.14948139 0.26113484 0.18974985 0.39963392

MOTIF yeast_layer3__32
letter-probability matrix: alength= 4 w= 9 
 0.22305389 0.33133733 0.30988024 0.13572854
 0.03143713 0.43912176 0.11726547 0.41217565
 4.99001996e-04 4.26147705e-01 6.48702595e-03 5.66866267e-01
 0.12325349 0.08033932 0.56636727 0.23003992
 0.02145709 0.0244511  0.55788423 0.39620758
 4.99001996e-04 2.44510978e-02 4.38123752e-01 5.36926148e-01
 2.50998004e-01 4.99001996e-04 7.48003992e-01 4.99001996e-04
 6.64171657e-01 2.74451098e-02 3.07884232e-01 4.99001996e-04
 0.36726547 0.02694611 0.4755489  0.13023952

MOTIF yeast_layer3__33
letter-probability matrix: alength= 4 w= 9 
 9.57085828e-01 4.99001996e-04 4.99001996e-04 4.19161677e-02
 0.50449102 0.18463074 0.09680639 0.21407186
 0.47704591 0.000499   0.25748503 0.26497006
 9.61077844e-01 4.99001996e-04 3.79241517e-02 4.99001996e-04
 0.03093812 0.00449102 0.00349301 0.96107784
 3.39321357e-02 4.99001996e-04 9.65069860e-01 4.99001996e-04
 1.59181637e-01 4.99001996e-04 7.68463074e-01 7.18562874e-02
 0.35229541 0.32085828 0.27744511 0.0494012 
 0.1497006  0.31736527 0.30239521 0.23053892

MOTIF yeast_layer3__34
letter-probability matrix: alength= 4 w= 9 
 0.36826347 0.28792415 0.3258483  0.01796407
 0.11726547 0.23103792 0.63273453 0.01896208
 4.99001996e-04 7.43512974e-01 1.40718563e-01 1.15269461e-01
 4.99001996e-04 3.16866267e-01 3.44311377e-02 6.48203593e-01
 0.23902196 0.07934132 0.12025948 0.56137725
 0.45309381 0.06037924 0.17714571 0.30938124
 8.74750499e-01 4.99001996e-04 1.94610778e-02 1.05289421e-01
 4.69061876e-02 4.99001996e-04 7.78443114e-02 8.74750499e-01
 8.98203593e-02 4.99001996e-04 8.90219561e-01 1.94610778e-02

MOTIF yeast_layer3__35
letter-probability matrix: alength= 4 w= 9 
 4.99001996e-04 7.18562874e-01 2.84431138e-02 2.52495010e-01
 4.99001996e-04 6.52195609e-01 1.49700599e-01 1.97604790e-01
 4.99001996e-04 9.98502994e-01 4.99001996e-04 4.99001996e-04
 4.99001996e-04 9.98502994e-01 4.99001996e-04 4.99001996e-04
 2.62974052e-01 6.01796407e-01 4.99001996e-04 1.34730539e-01
 0.07834331 0.65319361 0.07085828 0.19760479
 0.06886228 0.66816367 0.08083832 0.18213573
 0.21157685 0.250998   0.36227545 0.1751497 
 0.4755489  0.02195609 0.250499   0.25199601

MOTIF yeast_layer3__36
letter-probability matrix: alength= 4 w= 9 
 0.26354029 0.15323646 0.40752972 0.17569353
 0.25957728 0.14861295 0.19220608 0.3996037 
 6.61162483e-01 1.12285337e-01 6.60501982e-04 2.25891678e-01
 0.3665786 0.0006605 0.0006605 0.6321004
 0.0006605 0.0006605 0.6321004 0.3665786
 0.6321004 0.0006605 0.3665786 0.0006605
 0.25825627 0.0006605  0.14134742 0.5997358 
 0.04293263 0.13011889 0.77410832 0.05284016
 0.22721268 0.31439894 0.12681638 0.33157199

MOTIF yeast_layer3__37
letter-probability matrix: alength= 4 w= 9 
 0.63085835 0.12796209 0.15218536 0.08899421
 0.05160611 0.2912059  0.17272249 0.48446551
 0.03422854 0.30226435 0.57661927 0.08688784
 0.04002106 0.08794102 0.08741443 0.78462349
 1.00052659e-01 1.00579252e-01 5.26592944e-04 7.98841496e-01
 0.43654555 0.51922064 0.00052659 0.04370721
 0.00052659 0.52027383 0.00631912 0.47288046
 0.00895208 0.54397051 0.41179568 0.03528173
 0.1716693  0.21063718 0.03949447 0.57819905

MOTIF yeast_layer3__38
letter-probability matrix: alength= 4 w= 9 
 0.03642715 0.61277445 0.22155689 0.12924152
 0.00698603 0.94860279 0.03942116 0.00499002
 3.06886228e-01 1.00798403e-01 5.91816367e-01 4.99001996e-04
 2.89421158e-02 4.99001996e-04 9.59081836e-01 1.14770459e-02
 1.90119760e-01 4.99001996e-04 8.08882236e-01 4.99001996e-04
 5.08982036e-02 4.99001996e-04 7.14071856e-01 2.34530938e-01
 0.21656687 0.000499   0.37175649 0.41117764
 0.47005988 0.02295409 0.30688623 0.2000998 
 0.34381238 0.07185629 0.09530938 0.48902196

MOTIF yeast_layer3__39
letter-probability matrix: alength= 4 w= 9 
 0.05406824 0.30813648 0.01784777 0.61994751
 0.45879265 0.11391076 0.06089239 0.3664042 
 0.17007874 0.05144357 0.6824147  0.09606299
 5.24934383e-04 6.82414698e-03 5.24934383e-04 9.92125984e-01
 0.42152231 0.00052493 0.49711286 0.0808399 
 0.62047244 0.0167979  0.29816273 0.06456693
 0.53490814 0.09081365 0.20367454 0.17060367
 0.03989501 0.24304462 0.05144357 0.6656168 
 0.03937008 0.05354331 0.75905512 0.1480315 

MOTIF yeast_layer3__40
letter-probability matrix: alength= 4 w= 9 
 0.32267038 0.36648122 0.28650904 0.02433936
 8.26842837e-01 6.95410292e-04 1.71766342e-01 6.95410292e-04
 2.07232267e-01 4.72878999e-02 6.95410292e-04 7.44784423e-01
 6.95410292e-04 5.07649513e-02 9.31849791e-01 1.66898470e-02
 2.60083449e-01 1.87760779e-02 7.20445063e-01 6.95410292e-04
 0.22809458 0.5132128  0.1349096  0.12378303
 0.00069541 0.02851182 0.69123783 0.27955494
 0.09527121 0.20375522 0.22253129 0.47844228
 0.24269819 0.48817803 0.20792768 0.06119611

MOTIF yeast_layer3__41
letter-probability matrix: alength= 4 w= 9 
 0.34181637 0.18962076 0.11077844 0.35778443
 1.34730539e-01 4.99001996e-04 4.99001996e-04 8.64271457e-01
 8.93213573e-02 6.28243513e-01 4.99001996e-04 2.81936128e-01
 4.99001996e-04 7.53992016e-01 1.79640719e-02 2.27544910e-01
 0.01147705 0.91916168 0.05988024 0.00948104
 4.99001996e-04 4.99001996e-04 9.98502994e-01 4.99001996e-04
 6.49700599e-01 2.22554890e-01 1.27245509e-01 4.99001996e-04
 9.63572854e-01 4.99001996e-04 3.54291417e-02 4.99001996e-04
 0.40419162 0.0753493  0.30788423 0.21257485

MOTIF yeast_layer3__42
letter-probability matrix: alength= 4 w= 9 
 0.40419162 0.08283433 0.30838323 0.20459082
 4.99001996e-04 4.99001996e-04 1.76147705e-01 8.22854291e-01
 4.99001996e-04 1.29740519e-02 7.48502994e-02 9.11676647e-01
 5.13972056e-02 4.99001996e-04 9.09680639e-01 3.84231537e-02
 0.45259481 0.17814371 0.17215569 0.19710579
 0.48502994 0.13972056 0.000499   0.3747505 
 5.93812375e-02 4.99001996e-04 3.74750499e-01 5.65369261e-01
 0.16816367 0.08832335 0.63373253 0.10978044
 0.35828343 0.34431138 0.14071856 0.15668663

MOTIF yeast_layer3__43
letter-probability matrix: alength= 4 w= 9 
 6.09281437e-01 1.98602794e-01 1.91616766e-01 4.99001996e-04
 0.18413174 0.07734531 0.26646707 0.47205589
 0.06437126 0.13073852 0.75199601 0.05289421
 0.35628743 0.01247505 0.6252495  0.00598802
 1.19760479e-02 5.83333333e-01 4.99001996e-04 4.04191617e-01
 0.32984032 0.09680639 0.5499002  0.02345309
 4.99001996e-04 3.19361277e-02 8.42814371e-01 1.24750499e-01
 0.36427146 0.50449102 0.08233533 0.0489022 
 0.0494012  0.11976048 0.20558882 0.6252495 

MOTIF yeast_layer3__44
letter-probability matrix: alength= 4 w= 9 
 0.12743902 0.25243902 0.3554878  0.26463415
 0.27621951 0.45121951 0.08109756 0.19146341
 0.09390244 0.52926829 0.00060976 0.37621951
 1.18292683e-01 8.53658537e-03 8.72560976e-01 6.09756098e-04
 0.12378049 0.06036585 0.09146341 0.72439024
 0.13231707 0.48536585 0.38170732 0.00060976
 0.81402439 0.01097561 0.15914634 0.01585366
 6.09756098e-04 1.60365854e-01 1.58536585e-02 8.23170732e-01
 6.09756098e-04 1.62195122e-01 8.36585366e-01 6.09756098e-04

MOTIF yeast_layer3__45
letter-probability matrix: alength= 4 w= 9 
 0.18567639 0.29814324 0.09655172 0.41962865
 0.58885942 0.03342175 0.04933687 0.32838196
 0.06366048 0.77400531 0.09973475 0.06259947
 5.30503979e-04 5.30503979e-04 5.30503979e-04 9.98408488e-01
 2.68965517e-01 5.30503979e-04 7.29973475e-01 5.30503979e-04
 9.77718833e-01 5.30503979e-04 2.12201592e-02 5.30503979e-04
 0.23607427 0.01061008 0.09177719 0.66153846
 7.10875332e-02 5.30503979e-04 7.38461538e-01 1.89920424e-01
 0.57931034 0.22228117 0.07533156 0.12307692

MOTIF yeast_layer3__46
letter-probability matrix: alength= 4 w= 9 
 7.29540918e-01 1.85129741e-01 8.48303393e-02 4.99001996e-04
 6.56187625e-01 4.99001996e-04 6.93612774e-02 2.73952096e-01
 0.51447106 0.02245509 0.25748503 0.20558882
 0.5738523  0.0758483  0.28343313 0.06686627
 0.25998004 0.03443114 0.23652695 0.46906188
 0.04640719 0.05788423 0.49800399 0.39770459
 4.99001996e-04 2.14570858e-02 5.92315369e-01 3.85728543e-01
 0.31586826 0.25698603 0.4001996  0.02694611
 0.52744511 0.05339321 0.32185629 0.09730539

MOTIF yeast_layer3__47
letter-probability matrix: alength= 4 w= 9 
 0.86115445 0.01872075 0.02704108 0.09308372
 0.14664587 0.05824233 0.00728029 0.78783151
 0.2875715  0.02184087 0.13364535 0.55694228
 0.00884035 0.13416537 0.16016641 0.69682787
 0.00780031 0.02184087 0.05980239 0.91055642
 2.05928237e-01 7.74830993e-02 7.16068643e-01 5.20020801e-04
 8.89235569e-01 5.20020801e-04 8.78835153e-02 2.23608944e-02
 0.15964639 0.11648466 0.15444618 0.56942278
 0.19552782 0.14352574 0.47113885 0.18980759

MOTIF yeast_layer3__48
letter-probability matrix: alength= 4 w= 9 
 0.42714571 0.03592814 0.26047904 0.27644711
 0.3992016  0.33782435 0.02994012 0.23303393
 0.05439122 0.53493014 0.00449102 0.40618762
 9.73552894e-01 1.69660679e-02 4.99001996e-04 8.98203593e-03
 1.54690619e-02 4.99001996e-04 9.29640719e-01 5.43912176e-02
 4.99001996e-04 3.54790419e-01 6.33233533e-01 1.14770459e-02
 8.88223553e-02 1.55688623e-01 4.99001996e-04 7.54990020e-01
 0.01047904 0.45708583 0.01646707 0.51596806
 0.4491018  0.2754491  0.15918164 0.11626747

MOTIF yeast_layer3__49
letter-probability matrix: alength= 4 w= 9 
 0.00786164 0.45649895 0.10953878 0.42610063
 0.39308176 0.46907757 0.0524109  0.08542977
 0.50262055 0.11792453 0.16352201 0.21593291
 0.55031447 0.2966457  0.04507338 0.10796646
 9.95807128e-03 9.62788260e-01 2.67295597e-02 5.24109015e-04
 0.01834382 0.03878407 0.81498952 0.1278826 
 0.08490566 0.61215933 0.07914046 0.22379455
 5.24109015e-04 1.77672956e-01 8.21278826e-01 5.24109015e-04
 0.03092243 0.05555556 0.85691824 0.05660377

MOTIF yeast_layer3__50
letter-probability matrix: alength= 4 w= 9 
 0.49800399 0.22654691 0.11876248 0.15668663
 3.99201597e-03 4.99001996e-04 4.99001996e-04 9.95009980e-01
 6.27744511e-01 4.99001996e-04 3.67764471e-01 3.99201597e-03
 5.88323353e-01 4.99001996e-04 4.10678643e-01 4.99001996e-04
 4.99001996e-04 7.48502994e-03 4.99001996e-04 9.91516966e-01
 9.91516966e-01 7.48502994e-03 4.99001996e-04 4.99001996e-04
 6.70159681e-01 4.99001996e-04 3.28842315e-01 4.99001996e-04
 0.20259481 0.36127745 0.38822355 0.04790419
 0.1492016  0.28842315 0.06886228 0.49351297

MOTIF yeast_layer3__51
letter-probability matrix: alength= 4 w= 9 
 0.32984032 0.22305389 0.17864271 0.26846307
 4.99001996e-04 2.00099800e-01 2.09580838e-02 7.78443114e-01
 9.04690619e-01 9.43113772e-02 4.99001996e-04 4.99001996e-04
 4.99001996e-04 9.43113772e-02 4.99001996e-04 9.04690619e-01
 4.99001996e-04 9.43113772e-02 9.04690619e-01 4.99001996e-04
 1.61676647e-01 6.81137725e-01 4.99001996e-04 1.56686627e-01
 0.3003992  0.000499   0.40169661 0.29740519
 1.76646707e-01 6.71656687e-01 4.99001996e-04 1.51197605e-01
 0.36976048 0.2999002  0.21457086 0.11576846

MOTIF yeast_layer3__52
letter-probability matrix: alength= 4 w= 9 
 0.73773471 0.12658995 0.01150818 0.12416717
 5.99636584e-02 2.48334343e-01 6.05693519e-04 6.91096305e-01
 2.91944276e-01 3.39188371e-02 6.73531193e-01 6.05693519e-04
 9.24894004e-01 5.08782556e-02 2.36220472e-02 6.05693519e-04
 0.04784979 0.07813446 0.01271956 0.86129618
 0.03513022 0.0278619  0.86129618 0.07571169
 0.35069655 0.1683828  0.37129013 0.10963053
 0.16474864 0.12477286 0.27437916 0.43609933
 0.20290733 0.26105391 0.32344034 0.21259843

MOTIF yeast_layer3__53
letter-probability matrix: alength= 4 w= 9 
 0.49301397 0.27844311 0.09580838 0.13273453
 0.09680639 0.47155689 0.41766467 0.01397206
 8.80738523e-01 1.24750499e-02 1.06287425e-01 4.99001996e-04
 4.99001996e-04 4.99001996e-04 1.18263473e-01 8.80738523e-01
 4.99001996e-04 4.99001996e-04 9.78043912e-01 2.09580838e-02
 2.75948104e-01 4.99001996e-04 1.41217565e-01 5.82335329e-01
 0.52794411 0.24800399 0.11477046 0.10928144
 0.32734531 0.03493014 0.33433134 0.30339321
 0.24151697 0.18063872 0.12275449 0.45508982

MOTIF yeast_layer3__54
letter-probability matrix: alength= 4 w= 9 
 0.20437956 0.45724713 0.03493222 0.30344108
 0.24139729 0.59332638 0.07612096 0.08915537
 0.34410845 0.19082377 0.32533889 0.13972888
 0.02189781 0.55109489 0.06517205 0.36183525
 0.09489051 0.31230448 0.51616267 0.07664234
 0.61313869 0.04171011 0.28779979 0.05735141
 5.21376434e-04 3.45151199e-01 4.11887383e-02 6.13138686e-01
 3.70177268e-02 3.45151199e-01 6.17309698e-01 5.21376434e-04
 0.45933264 0.23357664 0.11105318 0.19603754

MOTIF yeast_layer3__55
letter-probability matrix: alength= 4 w= 9 
 0.07684631 0.749002   0.03143713 0.14271457
 4.99001996e-04 9.54590818e-01 4.99001996e-04 4.44111776e-02
 5.74351297e-01 3.46307385e-01 4.99001996e-04 7.88423154e-02
 0.34830339 0.58582834 0.00898204 0.05688623
 0.78443114 0.06237525 0.13373253 0.01946108
 0.92914172 0.03243513 0.01896208 0.01946108
 0.01297405 0.01946108 0.02295409 0.94461078
 4.99001996e-04 2.09580838e-02 2.98403194e-01 6.80139721e-01
 0.13822355 0.12924152 0.45259481 0.27994012

MOTIF yeast_layer3__56
letter-probability matrix: alength= 4 w= 9 
 0.10578512 0.52011019 0.11239669 0.26170799
 0.6077135  0.26831956 0.01928375 0.1046832 
 0.59449036 0.12672176 0.2        0.07878788
 5.50964187e-04 5.50964187e-04 3.91184573e-02 9.59779614e-01
 5.50964187e-04 6.31404959e-01 1.73002755e-01 1.95041322e-01
 5.50964187e-04 5.50964187e-04 5.50964187e-04 9.98347107e-01
 9.77961433e-01 5.50964187e-04 2.09366391e-02 5.50964187e-04
 8.63911846e-01 5.50964187e-04 1.34986226e-01 5.50964187e-04
 0.36749311 0.09862259 0.12451791 0.40936639

MOTIF yeast_layer3__57
letter-probability matrix: alength= 4 w= 9 
 9.28642715e-01 4.99001996e-04 7.03592814e-02 4.99001996e-04
 0.63722555 0.08283433 0.11377246 0.16616766
 0.22105788 0.45658683 0.00499002 0.31736527
 2.49500998e-01 4.99001996e-04 1.96606786e-01 5.53393214e-01
 4.99001996e-04 4.99001996e-04 7.49500998e-01 2.49500998e-01
 1.96606786e-01 4.99001996e-04 8.02395210e-01 4.99001996e-04
 8.17365269e-01 4.99001996e-04 1.04790419e-01 7.73453094e-02
 0.29441118 0.20309381 0.34730539 0.15518962
 0.32135729 0.25898204 0.18612774 0.23353293

MOTIF yeast_layer3__58
letter-probability matrix: alength= 4 w= 9 
 0.22954092 0.19311377 0.47804391 0.0993014 
 4.99001996e-04 4.99001996e-04 1.36227545e-01 8.62774451e-01
 0.10628743 0.10728543 0.01447106 0.77195609
 8.33333333e-02 4.99001996e-04 5.41417166e-01 3.74750499e-01
 0.24001996 0.35279441 0.01596806 0.39121756
 7.30039920e-01 4.99001996e-04 9.48103792e-03 2.59980040e-01
 4.99001996e-04 4.99001996e-04 1.80139721e-01 8.18862275e-01
 0.45858283 0.17165669 0.35778443 0.01197605
 0.12824351 0.07784431 0.04690619 0.74700599

MOTIF yeast_layer3__59
letter-probability matrix: alength= 4 w= 9 
 0.0503992  0.58832335 0.0753493  0.28592814
 0.84830339 0.02994012 0.01097804 0.11077844
 1.09780439e-02 6.41217565e-01 4.99001996e-04 3.47305389e-01
 9.51097804e-01 4.99001996e-04 3.74251497e-02 1.09780439e-02
 0.05838323 0.52095808 0.01846307 0.40219561
 9.20159681e-01 1.34730539e-02 4.99001996e-04 6.58682635e-02
 4.99001996e-04 4.99001996e-04 2.10079840e-01 7.88922156e-01
 0.25548902 0.61177645 0.01047904 0.12225549
 0.28343313 0.58632735 0.05938124 0.07085828

MOTIF yeast_layer3__60
letter-probability matrix: alength= 4 w= 9 
 9.98502994e-01 4.99001996e-04 4.99001996e-04 4.99001996e-04
 0.49201597 0.03493014 0.06536926 0.40768463
 0.18762475 0.14620758 0.22205589 0.44411178
 9.82035928e-01 4.99001996e-04 1.69660679e-02 4.99001996e-04
 1.39720559e-02 3.49301397e-03 4.99001996e-04 9.82035928e-01
 4.99001996e-04 4.99001996e-04 9.87025948e-01 1.19760479e-02
 0.24800399 0.0489022  0.45508982 0.24800399
 0.59580838 0.11077844 0.13872255 0.15469062
 0.12175649 0.2250499  0.35828343 0.29491018

MOTIF yeast_layer3__61
letter-probability matrix: alength= 4 w= 9 
 5.25210084e-04 1.62289916e-01 2.05357143e-01 6.31827731e-01
 5.25210084e-04 9.26470588e-01 6.82773109e-03 6.61764706e-02
 3.87079832e-01 5.25210084e-04 6.11869748e-01 5.25210084e-04
 0.08613445 0.1039916  0.35031513 0.45955882
 2.73634454e-01 5.54621849e-01 5.25210084e-04 1.71218487e-01
 6.50735294e-01 3.48214286e-01 5.25210084e-04 5.25210084e-04
 5.77731092e-03 1.08718487e-01 5.25210084e-04 8.84978992e-01
 5.25210084e-04 3.34033613e-01 6.64915966e-01 5.25210084e-04
 0.25840336 0.29779412 0.27363445 0.17016807

MOTIF yeast_layer3__62
letter-probability matrix: alength= 4 w= 9 
 0.07085828 0.74600798 0.03942116 0.14371257
 9.72554890e-01 4.99001996e-04 2.64471058e-02 4.99001996e-04
 0.37724551 0.1492016  0.12025948 0.35329341
 0.25349301 0.24101796 0.48353293 0.02195609
 5.27445110e-01 4.99001996e-04 4.48103792e-01 2.39520958e-02
 0.40269461 0.04391218 0.08133733 0.47205589
 0.01097804 0.02345309 0.75499002 0.21057884
 0.18812375 0.05688623 0.35578842 0.3992016 
 0.11926148 0.51097804 0.06437126 0.30538922

MOTIF yeast_layer3__63
letter-probability matrix: alength= 4 w= 9 
 0.000499   0.48053892 0.03792415 0.48103792
 0.01746507 0.93213573 0.02794411 0.02245509
 6.32734531e-01 1.64670659e-02 4.99001996e-04 3.50299401e-01
 0.31786427 0.60678643 0.05938124 0.01596806
 4.99001996e-04 4.99001996e-04 4.99001996e-04 9.98502994e-01
 5.85329341e-01 4.99001996e-04 4.13672655e-01 4.99001996e-04
 9.64071856e-01 4.99001996e-04 3.49301397e-02 4.99001996e-04
 0.2744511  0.29191617 0.249501   0.18413174
 0.3762475  0.49750499 0.02145709 0.10479042

MOTIF yeast_layer3__64
letter-probability matrix: alength= 4 w= 9 
 0.09181637 0.46806387 0.18562874 0.25449102
 0.21057884 0.13572854 0.63473054 0.01896208
 0.53143713 0.02295409 0.17115768 0.2744511 
 4.99001996e-04 6.75648703e-01 1.14770459e-02 3.12375250e-01
 0.03742515 0.08383234 0.11477046 0.76397206
 0.05988024 0.8008982  0.11377246 0.0254491 
 0.01746507 0.89021956 0.01846307 0.0738523 
 0.50499002 0.29690619 0.1506986  0.04740519
 0.15319361 0.43463074 0.04690619 0.36526946

MOTIF yeast_layer3__65
letter-probability matrix: alength= 4 w= 9 
 0.06427819 0.12170706 0.74868282 0.06533193
 0.50948367 0.00684932 0.24815595 0.23551106
 0.09536354 0.0995785  0.41253952 0.39251844
 0.03793467 0.22866175 0.54531085 0.18809273
 0.05005269 0.06638567 0.24762908 0.63593256
 0.27186512 0.07218124 0.39989463 0.25605901
 0.62381454 0.05532139 0.17702845 0.14383562
 0.0426765  0.82982086 0.04056902 0.08693361
 0.01896733 0.85985248 0.0194942  0.10168599

MOTIF yeast_layer3__66
letter-probability matrix: alength= 4 w= 9 
 0.26946108 0.13023952 0.07884232 0.52145709
 0.28193613 0.21556886 0.02195609 0.48053892
 0.35279441 0.000499   0.36826347 0.27844311
 1.21756487e-01 4.99001996e-04 6.62674651e-01 2.15069860e-01
 4.99001996e-04 4.99001996e-04 3.98203593e-01 6.00798403e-01
 4.99001996e-04 2.49500998e-01 7.28542914e-01 2.14570858e-02
 0.23203593 0.05538922 0.61227545 0.1002994 
 0.30389222 0.67115768 0.00349301 0.02145709
 0.25149701 0.12125749 0.40968064 0.21756487

MOTIF yeast_layer3__67
letter-probability matrix: alength= 4 w= 9 
 0.46257485 0.28443114 0.09630739 0.15668663
 0.57634731 0.12974052 0.19610778 0.09780439
 0.1492016  0.13922156 0.0748503  0.63672655
 3.62275449e-01 4.99001996e-04 6.36726547e-01 4.99001996e-04
 6.36726547e-01 4.99001996e-04 4.99001996e-04 3.62275449e-01
 4.99001996e-04 4.99001996e-04 3.62275449e-01 6.36726547e-01
 4.99001996e-04 4.99001996e-04 9.98502994e-01 4.99001996e-04
 0.58183633 0.14570858 0.11077844 0.16167665
 0.3737525  0.15518962 0.20808383 0.26297405

MOTIF yeast_layer3__68
letter-probability matrix: alength= 4 w= 9 
 0.27844311 0.26397206 0.25299401 0.20459082
 4.99001996e-04 4.99001996e-04 4.99001996e-04 9.98502994e-01
 8.76746507e-01 4.99001996e-04 1.22255489e-01 4.99001996e-04
 5.90319361e-01 4.99001996e-04 4.08682635e-01 4.99001996e-04
 0.38173653 0.29790419 0.16766467 0.15269461
 9.92015968e-01 6.98602794e-03 4.99001996e-04 4.99001996e-04
 6.98602794e-03 4.99001996e-04 4.99001996e-04 9.92015968e-01
 4.99001996e-04 4.99001996e-04 9.92015968e-01 6.98602794e-03
 0.30788423 0.21956088 0.22155689 0.250998  

MOTIF yeast_layer3__69
letter-probability matrix: alength= 4 w= 9 
 0.6298737  0.14881933 0.12246019 0.09884679
 0.20428336 0.26029654 0.05711148 0.47830862
 0.44041735 0.06040637 0.44810544 0.05107084
 0.46293245 0.01427787 0.08401977 0.43876991
 0.12191104 0.08237232 0.43272927 0.36298737
 0.45963756 0.04667765 0.41405821 0.07962658
 6.09006041e-01 5.49148819e-04 7.24876442e-02 3.17957166e-01
 0.06644701 0.03514552 0.30532674 0.59308072
 0.07413509 0.0450302  0.79626579 0.08456892

MOTIF yeast_layer3__70
letter-probability matrix: alength= 4 w= 9 
 0.01646707 0.0998004  0.11826347 0.76546906
 0.69361277 0.03243513 0.05788423 0.21606786
 0.41467066 0.0508982  0.36127745 0.17315369
 2.38023952e-01 4.29141717e-02 7.18562874e-01 4.99001996e-04
 4.99001996e-04 5.12475050e-01 4.86526946e-01 4.99001996e-04
 0.11377246 0.28193613 0.34780439 0.25648703
 2.01596806e-01 2.34530938e-02 7.74451098e-01 4.99001996e-04
 0.11626747 0.03443114 0.80239521 0.04690619
 0.12075848 0.16417166 0.41816367 0.29690619

MOTIF yeast_layer3__71
letter-probability matrix: alength= 4 w= 9 
 0.28223844 0.27676399 0.15815085 0.28284672
 0.49574209 0.25364964 0.1107056  0.13990268
 0.42335766 0.00060827 0.00060827 0.57542579
 0.00060827 0.29136253 0.28467153 0.42335766
 0.38017032 0.07055961 0.5486618  0.00060827
 9.98175182e-01 6.08272506e-04 6.08272506e-04 6.08272506e-04
 6.08272506e-04 6.08272506e-04 6.08272506e-04 9.98175182e-01
 6.08272506e-04 6.08272506e-04 9.98175182e-01 6.08272506e-04
 0.29805353 0.27798054 0.13990268 0.28406326

MOTIF yeast_layer3__72
letter-probability matrix: alength= 4 w= 9 
 0.02245509 0.39471058 0.38023952 0.20259481
 8.13373253e-02 4.99001996e-04 5.38922156e-02 8.64271457e-01
 8.90219561e-01 4.99001996e-04 1.08782435e-01 4.99001996e-04
 8.20359281e-01 4.99001996e-04 9.08183633e-02 8.83233533e-02
 1.22754491e-01 5.13972056e-02 4.99001996e-04 8.25349301e-01
 9.82035928e-01 4.99001996e-04 4.99001996e-04 1.69660679e-02
 0.68263473 0.01147705 0.14321357 0.16267465
 0.20409182 0.27644711 0.19710579 0.32235529
 0.13872255 0.15668663 0.22205589 0.48253493

MOTIF yeast_layer3__73
letter-probability matrix: alength= 4 w= 9 
 0.43862275 0.26646707 0.10628743 0.18862275
 0.03692615 0.3493014  0.16267465 0.4510978 
 0.02295409 0.64271457 0.30838323 0.0259481 
 2.74451098e-02 7.03093812e-01 2.68962076e-01 4.99001996e-04
 4.99001996e-04 9.54091816e-01 4.99001996e-04 4.49101796e-02
 0.01696607 0.94261477 0.01596806 0.0244511 
 4.99001996e-04 3.81237525e-01 2.99401198e-02 5.88323353e-01
 0.56986028 0.01946108 0.1756487  0.23502994
 0.69411178 0.0748503  0.1751497  0.05588822

MOTIF yeast_layer3__74
letter-probability matrix: alength= 4 w= 9 
 0.07784431 0.03842315 0.07085828 0.81287425
 0.48303393 0.17115768 0.33682635 0.00898204
 5.23952096e-01 9.98003992e-02 3.75748503e-01 4.99001996e-04
 0.02195609 0.05538922 0.05538922 0.86726547
 8.49800399e-01 4.99001996e-04 3.59281437e-02 1.13772455e-01
 5.98802395e-03 4.99001996e-04 8.59780439e-01 1.33732535e-01
 3.04391218e-02 6.09780439e-01 3.59281437e-01 4.99001996e-04
 0.21606786 0.32185629 0.14421158 0.31786427
 0.22704591 0.29640719 0.07035928 0.40618762

MOTIF yeast_layer3__75
letter-probability matrix: alength= 4 w= 9 
 0.29665314 0.21450304 0.12068966 0.36815416
 0.2459432  0.00507099 0.6658215  0.0831643 
 2.02839757e-02 5.07099391e-04 1.63793103e-01 8.15415822e-01
 5.07099391e-04 2.48478702e-02 5.07099391e-04 9.74137931e-01
 0.31896552 0.0005071  0.20081136 0.47971602
 0.22515213 0.59837728 0.12981744 0.04665314
