MEME version 5.3.0

ALPHABET= ACGT

strands: + -

Background letter frequencies
A 0.25 C 0.25 G 0.25 T 0.25

MOTIF filter_0
letter-probability matrix: alength= 4 w= 9 
 0.25332889 0.37849534 0.09454061 0.27363515
 0.35719041 0.47237017 0.01564581 0.15479361
 0.34420772 0.21105193 0.24866844 0.1960719 
 9.93009321e-01 3.32889481e-04 3.32889481e-04 6.32490013e-03
 2.56324900e-02 3.32889481e-04 3.32889481e-04 9.73701731e-01
 3.32889481e-04 3.32889481e-04 9.70372836e-01 2.89613848e-02
 9.58721704e-01 1.46471372e-02 3.32889481e-04 2.62982690e-02
 0.61451398 0.32356858 0.02962716 0.03229028
 0.32789614 0.38715047 0.08621838 0.19873502

MOTIF filter_1
letter-probability matrix: alength= 4 w= 9 
 0.39647137 0.11318242 0.3322237  0.1581225 
 3.32889481e-04 3.32889481e-04 3.32889481e-04 9.99001332e-01
 9.99001332e-01 3.32889481e-04 3.32889481e-04 3.32889481e-04
 4.24434088e-01 3.32889481e-04 5.74900133e-01 3.32889481e-04
 3.32889481e-04 3.32889481e-04 3.32889481e-04 9.99001332e-01
 9.75699068e-01 3.32889481e-04 2.36351531e-02 3.32889481e-04
 5.75898802e-01 3.32889481e-04 4.23435419e-01 3.32889481e-04
 0.34920107 0.24900133 0.16245007 0.23934754
 0.30359521 0.29494008 0.17909454 0.22237017

MOTIF filter_2
letter-probability matrix: alength= 4 w= 9 
 0.12050599 0.23435419 0.32123835 0.32390146
 1.18175766e-01 4.36750999e-01 3.32889481e-04 4.44740346e-01
 0.02996005 0.03295606 0.50399467 0.43308921
 3.32889481e-04 5.33621838e-01 4.22769640e-01 4.32756325e-02
 3.32889481e-04 8.59187750e-01 2.46338216e-02 1.15845539e-01
 3.32889481e-04 8.85818908e-01 1.13515313e-01 3.32889481e-04
 3.32889481e-04 8.31225033e-01 2.03062583e-02 1.48135819e-01
 0.00499334 0.30159787 0.40079893 0.29260985
 0.07157124 0.53395473 0.14680426 0.24766977

MOTIF filter_3
letter-probability matrix: alength= 4 w= 9 
 0.51165113 0.27363515 0.11850866 0.09620506
 0.4430759  0.13715047 0.1361518  0.28362184
 8.52862850e-01 3.32889481e-04 1.46471372e-01 3.32889481e-04
 2.75299601e-01 3.32889481e-04 3.32889481e-04 7.24034621e-01
 0.01198402 0.3448735  0.60985353 0.03328895
 6.48801598e-01 3.32889481e-04 3.32889481e-04 3.50532623e-01
 0.0349534  0.19673768 0.0063249  0.76198402
 0.19573901 0.02696405 0.66211718 0.11517976
 0.32157124 0.21904128 0.10386152 0.35552597

MOTIF filter_4
letter-probability matrix: alength= 4 w= 9 
 0.22703063 0.26165113 0.25599201 0.25532623
 0.17509987 0.01198402 0.12949401 0.6834221 
 0.12782956 0.00898802 0.06191744 0.80126498
 7.23701731e-01 3.32889481e-04 2.70306258e-01 5.65912117e-03
 7.48335553e-01 3.32889481e-04 3.89480692e-02 2.12383489e-01
 3.32889481e-04 4.99334221e-03 3.32889481e-04 9.94340879e-01
 9.77363515e-01 3.32889481e-04 4.99334221e-03 1.73102530e-02
 0.27962716 0.17676431 0.04294274 0.50066578
 0.54727031 0.08089214 0.00499334 0.36684421

MOTIF filter_5
letter-probability matrix: alength= 4 w= 9 
 7.05725699e-02 5.06990679e-01 3.32889481e-04 4.22103862e-01
 6.11517976e-01 3.32889481e-04 3.87816245e-01 3.32889481e-04
 8.83155792e-01 4.99334221e-03 1.11517976e-01 3.32889481e-04
 0.38415446 0.28928096 0.1517976  0.17476698
 9.82356858e-01 3.32889481e-04 3.32889481e-04 1.69773635e-02
 3.32889481e-04 3.32889481e-04 1.69773635e-02 9.82356858e-01
 3.32889481e-04 1.69773635e-02 9.82356858e-01 3.32889481e-04
 0.42376831 0.16311585 0.15379494 0.25932091
 0.10619174 0.16744341 0.4051265  0.32123835

MOTIF filter_6
letter-probability matrix: alength= 4 w= 9 
 0.32723036 0.2340213  0.25366178 0.18508655
 0.15013316 0.36185087 0.189747   0.29826897
 0.01664447 0.30792277 0.41478029 0.26065246
 0.28328895 0.24700399 0.13715047 0.33255659
 6.65778961e-03 3.32889481e-04 9.92676431e-01 3.32889481e-04
 3.32889481e-04 2.59653795e-02 9.73368842e-01 3.32889481e-04
 3.32889481e-04 3.32889481e-04 9.99001332e-01 3.32889481e-04
 9.65379494e-03 1.01198402e-01 8.88814913e-01 3.32889481e-04
 0.23135819 0.28462051 0.33521971 0.1488016 

MOTIF filter_7
letter-probability matrix: alength= 4 w= 9 
 0.83089214 0.10685752 0.04161119 0.02063915
 0.69241012 0.0695739  0.00432756 0.23368842
 7.60319574e-01 3.32889481e-04 2.39014647e-01 3.32889481e-04
 5.77230360e-01 3.32889481e-04 3.32889481e-04 4.22103862e-01
 0.43209055 0.15712383 0.00998668 0.40079893
 0.49766977 0.0729028  0.05892144 0.37050599
 0.36051931 0.01431425 0.47736352 0.14780293
 0.33089214 0.26664447 0.07889481 0.32356858
 0.28695073 0.37549933 0.1488016  0.18874834

MOTIF filter_8
letter-probability matrix: alength= 4 w= 9 
 3.32889481e-04 3.32889481e-04 3.32889481e-04 9.99001332e-01
 5.82223702e-01 3.32889481e-04 4.17110519e-01 3.32889481e-04
 5.67243675e-01 3.32889481e-04 4.32090546e-01 3.32889481e-04
 3.32889481e-04 3.32889481e-04 3.32889481e-04 9.99001332e-01
 8.76498003e-01 3.32889481e-04 1.22836218e-01 3.32889481e-04
 4.82356858e-01 3.32889481e-04 5.16977364e-01 3.32889481e-04
 0.27030626 0.30359521 0.18508655 0.24101198
 0.34653795 0.22736352 0.24667111 0.17942743
 0.33754993 0.23468708 0.14347537 0.28428762

MOTIF filter_9
letter-probability matrix: alength= 4 w= 9 
 0.66078562 0.04627164 0.28761651 0.00532623
 0.16278296 0.12483356 0.07423435 0.63814913
 0.11318242 0.50466045 0.28062583 0.10153129
 0.84221039 0.0126498  0.01398136 0.13115846
 3.32889481e-04 1.38482024e-01 1.89747004e-02 8.42210386e-01
 1.03195739e-01 3.42876165e-02 8.62183755e-01 3.32889481e-04
 0.10985353 0.24833555 0.21271638 0.42909454
 0.22370173 0.27829561 0.29094541 0.20705726
 0.61984021 0.11651132 0.11651132 0.14713715

MOTIF filter_10
letter-probability matrix: alength= 4 w= 9 
 0.55151939 0.22947957 0.14390499 0.07509605
 0.41285365 0.25742228 0.05518687 0.2745372 
 0.05029689 0.07544534 0.48271044 0.39154733
 3.49283968e-04 3.49283968e-04 3.49283968e-04 9.98952148e-01
 8.72162068e-01 3.49283968e-04 1.27139364e-01 3.49283968e-04
 8.41774363e-01 3.49283968e-04 1.57527070e-01 3.49283968e-04
 5.04016766e-01 6.28711142e-03 4.89346839e-01 3.49283968e-04
 0.36989172 0.05413902 0.29828851 0.27768075
 0.06880894 0.62382117 0.12294796 0.18442194

MOTIF filter_11
letter-probability matrix: alength= 4 w= 9 
 0.26065246 0.07390146 0.54394141 0.12150466
 3.32889481e-04 3.32889481e-04 9.99001332e-01 3.32889481e-04
 4.42743009e-02 2.66311585e-03 9.52729694e-01 3.32889481e-04
 9.05459387e-02 6.19174434e-02 8.47203728e-01 3.32889481e-04
 4.24766977e-01 3.32889481e-04 2.54993342e-01 3.19906791e-01
 2.58322237e-01 3.32889481e-04 5.01997337e-01 2.39347537e-01
 0.24567244 0.09054594 0.43841545 0.22536618
 0.30792277 0.17043941 0.35519308 0.16644474
 0.49234354 0.18908123 0.1677763  0.15079893

MOTIF filter_12
letter-probability matrix: alength= 4 w= 9 
 0.53095872 0.3195739  0.11251664 0.03695073
 0.75565912 0.04027963 0.01431425 0.189747  
 6.06524634e-01 3.32889481e-04 3.92809587e-01 3.32889481e-04
 4.11118509e-01 3.32889481e-04 5.88215712e-01 3.32889481e-04
 8.75832224e-01 3.32889481e-04 1.23501997e-01 3.32889481e-04
 9.99001332e-01 3.32889481e-04 3.32889481e-04 3.32889481e-04
 1.94074567e-01 2.39680426e-02 3.32889481e-04 7.81624501e-01
 0.44673768 0.14946738 0.23968043 0.16411451
 0.34254328 0.21338216 0.05525965 0.38881491

MOTIF filter_13
letter-probability matrix: alength= 4 w= 9 
 0.43741678 0.14946738 0.22336884 0.189747  
 0.01231691 0.03961385 0.42376831 0.52430093
 3.32889481e-04 5.98202397e-01 1.02529960e-01 2.98934754e-01
 0.0665779  0.11584554 0.11917443 0.69840213
 0.0189747  0.07822903 0.03728362 0.86551265
 0.23202397 0.00332889 0.11984021 0.64480692
 0.05426099 0.08954727 0.25299601 0.60319574
 0.0539281  0.09154461 0.35319574 0.50133156
 0.34320905 0.28328895 0.2247004  0.1488016 

MOTIF filter_14
letter-probability matrix: alength= 4 w= 9 
 0.37358101 0.24699002 0.21018232 0.16924665
 0.33470932 0.29790162 0.25386997 0.11351909
 0.28276574 0.37426901 0.08840729 0.25455796
 0.44513244 0.06914345 0.48056416 0.00515996
 0.27622979 0.31613347 0.00515996 0.40247678
 0.28620571 0.0495356  0.58651531 0.07774338
 9.85896113e-01 3.43997248e-04 1.34158927e-02 3.43997248e-04
 6.87994496e-03 3.43997248e-04 2.82077743e-02 9.64568283e-01
 3.43997248e-04 3.43997248e-04 9.98968008e-01 3.43997248e-04

MOTIF filter_15
letter-probability matrix: alength= 4 w= 9 
 0.2        0.39742647 0.11654412 0.28602941
 0.85588235 0.08235294 0.05294118 0.00882353
 0.50294118 0.46029412 0.00992647 0.02683824
 0.35183824 0.42573529 0.17757353 0.04485294
 5.94117647e-01 1.97794118e-01 2.07720588e-01 3.67647059e-04
 5.31250000e-01 3.67647059e-04 3.67647059e-04 4.68014706e-01
 6.87500000e-02 3.67647059e-04 5.15441176e-01 4.15441176e-01
 4.03308824e-01 3.67647059e-04 5.17279412e-01 7.90441176e-02
 0.38823529 0.11911765 0.14852941 0.34411765

MOTIF filter_16
letter-probability matrix: alength= 4 w= 9 
 0.01398136 0.2213715  0.08055925 0.68408788
 0.25366178 0.25233023 0.37749667 0.11651132
 0.17509987 0.22436751 0.02197071 0.57856192
 0.72237017 0.14014647 0.10619174 0.03129161
 0.00932091 0.00332889 0.1391478  0.8482024 
 3.19573901e-02 3.32889481e-04 9.50399467e-01 1.73102530e-02
 0.00466045 0.5286285  0.25965379 0.20705726
 0.0063249  0.38881491 0.48901465 0.11584554
 0.19407457 0.22703063 0.44041278 0.13848202

MOTIF filter_17
letter-probability matrix: alength= 4 w= 9 
 0.52836247 0.10560114 0.19372101 0.17231538
 0.72029968 0.17374242 0.07741705 0.02854085
 0.48662148 0.14484481 0.35105244 0.01748127
 3.56760614e-04 6.77845166e-02 7.79878701e-01 1.51980021e-01
 0.15198002 0.51730289 0.277203   0.05351409
 3.56760614e-04 9.33285765e-01 3.56760614e-04 6.60007135e-02
 0.15697467 0.82768462 0.00499465 0.01034606
 0.30039244 0.09775241 0.17623974 0.42561541
 0.35854442 0.13307171 0.15340706 0.35497681

MOTIF filter_18
letter-probability matrix: alength= 4 w= 9 
 0.32743363 0.26902655 0.17876106 0.22477876
 0.19256637 0.15292035 0.58088496 0.07362832
 3.53982301e-04 9.55752212e-02 8.90619469e-01 1.34513274e-02
 3.53982301e-04 3.53982301e-04 9.86194690e-01 1.30973451e-02
 0.01309735 0.16318584 0.78017699 0.04353982
 3.53982301e-04 1.62831858e-02 9.75221239e-01 8.14159292e-03
 0.01663717 0.11858407 0.84955752 0.01522124
 0.21415929 0.23752212 0.26300885 0.28530973
 0.2520354  0.25238938 0.29946903 0.19610619

MOTIF filter_19
letter-probability matrix: alength= 4 w= 9 
 0.45951417 0.07962213 0.14271255 0.31815115
 3.37381916e-04 3.37381916e-04 2.29419703e-02 9.76383266e-01
 2.32793522e-02 3.37381916e-04 3.37381916e-04 9.76045884e-01
 1.04588394e-02 3.37381916e-04 8.56950067e-01 1.32253711e-01
 0.07894737 0.05296896 0.16059379 0.70748988
 0.52935223 0.19365722 0.07793522 0.19905533
 0.33805668 0.2294197  0.12145749 0.31106613
 0.71390013 0.0074224  0.04959514 0.22908232
 0.57928475 0.09446694 0.14844804 0.17780027

MOTIF filter_20
letter-probability matrix: alength= 4 w= 9 
 0.2510699  0.31776034 0.16940086 0.2617689 
 9.76818830e-01 3.56633381e-04 2.24679030e-02 3.56633381e-04
 1.13052782e-01 1.71184023e-02 3.56633381e-04 8.69472183e-01
 9.55777461e-02 1.96148359e-02 8.84450785e-01 3.56633381e-04
 4.77175464e-01 3.56633381e-04 5.95577746e-02 4.62910128e-01
 0.45649073 0.00677603 0.0235378  0.51319544
 0.2125535  0.00499287 0.7746077  0.00784593
 0.18259629 0.30099857 0.15691869 0.35948645
 0.31455064 0.30349501 0.15834522 0.22360913

MOTIF filter_21
letter-probability matrix: alength= 4 w= 9 
 0.29348359 0.29593337 0.24350808 0.16707496
 0.20921117 0.47378736 0.09505145 0.22195002
 9.51984321e-01 4.89955904e-04 4.70357668e-02 4.89955904e-04
 0.30377266 0.13228809 0.06026458 0.50367467
 0.28809407 0.05193533 0.59627634 0.06369427
 9.98530132e-01 4.89955904e-04 4.89955904e-04 4.89955904e-04
 4.89955904e-04 4.89955904e-04 4.89955904e-04 9.98530132e-01
 4.89955904e-04 4.89955904e-04 9.98530132e-01 4.89955904e-04
 0.25869672 0.20725135 0.17295443 0.3610975 

MOTIF filter_22
letter-probability matrix: alength= 4 w= 9 
 0.25727944 0.1781834  0.36375489 0.20078227
 0.14602347 0.3628857  0.17209909 0.31899174
 5.53672316e-01 1.21251630e-01 3.24641460e-01 4.34593655e-04
 8.99608866e-02 1.82094741e-01 4.34593655e-04 7.27509778e-01
 0.18339852 0.22338114 0.57105606 0.02216428
 9.76966536e-01 2.21642764e-02 4.34593655e-04 4.34593655e-04
 4.34593655e-04 4.34593655e-04 4.34593655e-04 9.98696219e-01
 4.34593655e-04 4.34593655e-04 9.98696219e-01 4.34593655e-04
 0.14167753 0.15688831 0.13168188 0.56975228

MOTIF filter_23
letter-probability matrix: alength= 4 w= 9 
 0.08560172 0.0487106  0.01647564 0.84921203
 0.50680516 0.04835244 0.31912607 0.12571633
 5.62679083e-01 1.00286533e-01 3.36676218e-01 3.58166189e-04
 0.15651862 0.19448424 0.08130372 0.56769341
 0.5519341  0.22206304 0.10744986 0.11855301
 0.32987106 0.04154728 0.21310888 0.41547278
 4.19054441e-02 1.21776504e-02 3.58166189e-04 9.45558739e-01
 8.80014327e-01 3.58166189e-04 6.59025788e-02 5.37249284e-02
 6.19269341e-01 3.58166189e-04 3.64613181e-01 1.57593123e-02

MOTIF filter_24
letter-probability matrix: alength= 4 w= 9 
 0.23368842 0.33788282 0.17842876 0.25      
 1.90079893e-01 6.98069241e-01 3.32889481e-04 1.11517976e-01
 0.01098535 0.84587217 0.02729694 0.11584554
 1.00199734e-01 7.71970706e-01 3.32889481e-04 1.27496671e-01
 0.09986684 0.31691079 0.04627164 0.53695073
 7.21371505e-01 1.16511318e-02 3.32889481e-04 2.66644474e-01
 2.17709720e-01 3.32889481e-04 3.32889481e-04 7.81624501e-01
 2.33022636e-01 3.32889481e-04 5.26964048e-01 2.39680426e-01
 0.36917443 0.09354194 0.04294274 0.49434088

MOTIF filter_25
letter-probability matrix: alength= 4 w= 9 
 0.05486641 0.47328244 0.15410305 0.31774809
 0.16269084 0.01956107 0.60400763 0.21374046
 4.77099237e-04 4.46087786e-01 4.77099237e-04 5.52958015e-01
 2.01812977e-01 4.77099237e-04 7.83396947e-01 1.43129771e-02
 0.19704198 0.11832061 0.28196565 0.40267176
 5.67270992e-01 4.77099237e-04 4.77099237e-04 4.31774809e-01
 4.74236641e-01 4.77099237e-04 4.77099237e-04 5.24809160e-01
 0.19274809 0.07538168 0.5644084  0.16746183
 0.52099237 0.12977099 0.1851145  0.16412214

MOTIF filter_26
letter-probability matrix: alength= 4 w= 9 
 0.07057257 0.31524634 0.10019973 0.51398136
 0.23768309 0.12749667 0.06258322 0.57223702
 5.13648469e-01 3.03262317e-01 3.32889481e-04 1.82756325e-01
 4.79693742e-01 5.13648469e-01 6.32490013e-03 3.32889481e-04
 8.35219707e-01 1.64114514e-01 3.32889481e-04 3.32889481e-04
 2.74633822e-01 3.32889481e-04 6.80426099e-01 4.46071904e-02
 3.90479361e-01 3.32889481e-04 2.70306258e-01 3.38881491e-01
 0.38581891 0.14713715 0.3039281  0.16311585
 0.35386152 0.20505992 0.26631158 0.17476698

MOTIF filter_27
letter-probability matrix: alength= 4 w= 9 
 0.13659606 0.0788897  0.76113952 0.02337473
 3.65230095e-04 5.21548576e-01 1.88093499e-01 2.89992695e-01
 3.65230095e-04 1.08473338e-01 1.08108108e-01 7.83053324e-01
 0.10993426 0.0036523  0.86157779 0.02483565
 3.65230095e-04 2.29364500e-01 1.13221329e-02 7.58948137e-01
 0.5606282  0.22826881 0.19868517 0.01241782
 5.44558072e-01 3.65230095e-04 4.04309715e-01 5.07669832e-02
 0.23849525 0.46311176 0.16764061 0.13075237
 0.27319211 0.35427319 0.20051132 0.17202337

MOTIF filter_28
letter-probability matrix: alength= 4 w= 9 
 0.16211718 0.26098535 0.38348868 0.19340879
 0.05659121 0.08754993 0.77563249 0.08022636
 3.62849534e-02 9.65379494e-03 9.53728362e-01 3.32889481e-04
 3.32889481e-04 7.35685752e-02 9.25765646e-01 3.32889481e-04
 3.32889481e-04 4.99001332e-01 4.88681758e-01 1.19840213e-02
 3.32889481e-04 6.15179760e-01 3.10585885e-01 7.39014647e-02
 0.01331558 0.63748336 0.28994674 0.05925433
 0.10352863 0.24966711 0.24766977 0.39913449
 0.3355526  0.11651132 0.35785619 0.19007989

MOTIF filter_29
letter-probability matrix: alength= 4 w= 9 
 0.44323374 0.10474517 0.3142355  0.13778559
 9.98945518e-01 3.51493849e-04 3.51493849e-04 3.51493849e-04
 3.51493849e-04 3.51493849e-04 3.51493849e-04 9.98945518e-01
 1.47627417e-02 3.51493849e-04 9.84534271e-01 3.51493849e-04
 9.98945518e-01 3.51493849e-04 3.51493849e-04 3.51493849e-04
 0.1258348  0.1254833  0.12442882 0.62425308
 0.01054482 0.29876977 0.39824253 0.29244288
 0.5254833  0.07873462 0.24288225 0.15289982
 0.24042179 0.28471002 0.15606327 0.31880492

MOTIF filter_30
letter-probability matrix: alength= 4 w= 9 
 0.05248807 0.19325153 0.25732788 0.49693252
 0.0129516  0.04260395 0.18575324 0.75869121
 0.11247444 0.24267212 0.35753238 0.28732106
 0.43592365 0.30674847 0.02181322 0.23551466
 3.75596455e-01 1.27471029e-01 3.40831629e-04 4.96591684e-01
 0.11042945 0.02488071 0.28800273 0.57668712
 3.40831629e-04 7.49829584e-02 6.32242672e-01 2.92433538e-01
 0.10770279 0.27777778 0.21131561 0.40320382
 0.22835719 0.26891616 0.16019087 0.34253579

MOTIF filter_31
letter-probability matrix: alength= 4 w= 9 
 0.24334221 0.20339547 0.11018642 0.4430759 
 4.63382157e-01 3.32889481e-04 2.78628495e-01 2.57656458e-01
 0.00565912 0.28894807 0.18109188 0.52430093
 0.21904128 0.0948735  0.52163782 0.1644474 
 3.32889481e-04 3.50199734e-01 6.37816245e-01 1.16511318e-02
 1.64447403e-01 8.19241012e-01 1.59786951e-02 3.32889481e-04
 2.68641811e-01 2.43009321e-02 7.06724368e-01 3.32889481e-04
 6.75432756e-01 3.32889481e-04 3.23901465e-01 3.32889481e-04
 0.12150466 0.35552597 0.13981358 0.38315579

MOTIF filter_32
letter-probability matrix: alength= 4 w= 9 
 0.06158455 0.39214381 0.33189081 0.21438083
 0.20605859 0.06591212 0.68009321 0.04793609
 3.32889481e-04 2.79627164e-02 9.71371505e-01 3.32889481e-04
 3.32889481e-04 3.32889481e-03 9.96005326e-01 3.32889481e-04
 3.32889481e-04 1.09853529e-01 8.86484687e-01 3.32889481e-03
 0.00832224 0.45705726 0.28428762 0.25033289
 0.48701731 0.02363515 0.04260985 0.44673768
 0.24067909 0.34520639 0.17609854 0.23801598
 0.23934754 0.39114514 0.08821571 0.28129161

MOTIF filter_33
letter-probability matrix: alength= 4 w= 9 
 0.41180508 0.10603981 0.14550446 0.33665065
 0.34625944 0.09643102 0.33630748 0.22100206
 0.14378861 0.3054221  0.09883322 0.45195607
 0.15717227 0.12045299 0.25463281 0.46774194
 0.55628003 0.23198353 0.14962251 0.06211393
 3.29100892e-01 6.48936170e-01 2.16197666e-02 3.43170899e-04
 0.29512697 0.01681537 0.24639671 0.44166095
 6.24227865e-01 3.43170899e-04 3.75085793e-01 3.43170899e-04
 0.08544955 0.44612217 0.30851064 0.15991764

MOTIF filter_34
letter-probability matrix: alength= 4 w= 9 
 0.07179663 0.18481621 0.59498454 0.14840261
 0.01133631 0.31569907 0.52421848 0.14874614
 0.22913088 0.35623497 0.14874614 0.26588801
 3.43524562e-04 1.59738921e-01 2.65888011e-01 5.74029543e-01
 3.43524562e-04 2.62109241e-01 5.71281347e-01 1.66265888e-01
 0.11405015 0.67914806 0.20371007 0.00309172
 0.08931639 0.75025764 0.06939196 0.09103401
 0.25042941 0.22810031 0.21710752 0.30436276
 0.39814497 0.23290965 0.18928203 0.17966335

MOTIF filter_35
letter-probability matrix: alength= 4 w= 9 
 0.23002663 0.2816245  0.17909454 0.30925433
 2.49334221e-01 2.52996005e-02 3.32889481e-04 7.25033289e-01
 0.1804261  0.01930759 0.59853529 0.20173103
 0.41111851 0.25765646 0.04527297 0.28595206
 0.57390146 0.14447403 0.19440746 0.08721704
 3.32889481e-04 1.82423435e-01 3.32889481e-04 8.16910786e-01
 7.15712383e-01 1.39813582e-02 3.32889481e-04 2.69973369e-01
 0.1677763  0.38948069 0.0252996  0.41744341
 0.8448735  0.05925433 0.02896138 0.06691079

MOTIF filter_36
letter-probability matrix: alength= 4 w= 9 
 0.52140784 0.17706821 0.22351234 0.07801161
 0.15384615 0.52830189 0.04970972 0.26814224
 0.41255443 0.16291727 0.34796807 0.07656023
 4.70246734e-01 2.53991292e-02 3.62844702e-04 5.03991292e-01
 0.3595791  0.1063135  0.06386067 0.47024673
 2.26777939e-01 3.62844702e-04 7.19883890e-01 5.29753266e-02
 3.62844702e-04 3.62844702e-04 1.45137881e-02 9.84760522e-01
 8.81349782e-01 3.62844702e-04 1.17924528e-01 3.62844702e-04
 6.60740203e-01 3.62844702e-04 3.38534107e-01 3.62844702e-04

MOTIF filter_37
letter-probability matrix: alength= 4 w= 9 
 0.03129161 0.28595206 0.44906791 0.23368842
 0.0063249  0.98202397 0.00565912 0.00599201
 3.32889481e-04 9.73035952e-01 3.32889481e-04 2.62982690e-02
 3.32889481e-04 9.86684421e-01 3.32889481e-04 1.26498003e-02
 1.29826897e-02 9.86351531e-01 3.32889481e-04 3.32889481e-04
 0.16278296 0.55725699 0.04227696 0.23768309
 0.40346205 0.12949401 0.07689747 0.39014647
 0.126498   0.1454727  0.20306258 0.52496671
 0.11284953 0.20639148 0.38115846 0.29960053

MOTIF filter_38
letter-probability matrix: alength= 4 w= 9 
 0.25832224 0.23568575 0.33954727 0.16644474
 2.20705726e-01 3.32889481e-04 7.78628495e-01 3.32889481e-04
 3.32889481e-04 3.02263648e-01 5.33621838e-01 1.63781625e-01
 0.03029294 0.52696405 0.43575233 0.00699068
 5.02663116e-02 2.85619174e-01 6.63781625e-01 3.32889481e-04
 0.01198402 0.2563249  0.16810919 0.56358189
 0.02363515 0.29260985 0.5918775  0.0918775 
 6.24167776e-01 2.28695073e-01 3.32889481e-04 1.46804261e-01
 0.18874834 0.40213049 0.12050599 0.28861518

MOTIF filter_39
letter-probability matrix: alength= 4 w= 9 
 0.44740346 0.25332889 0.1614514  0.13781625
 0.32190413 0.03961385 0.17809587 0.46038615
 3.32889481e-04 3.32889481e-04 4.78695073e-01 5.20639148e-01
 7.98934754e-03 3.32889481e-04 3.66178429e-03 9.88015979e-01
 8.91478029e-01 3.32889481e-04 9.68708389e-02 1.13182423e-02
 9.62383489e-01 1.13182423e-02 2.59653795e-02 3.32889481e-04
 7.09054594e-01 9.55392810e-02 1.95073236e-01 3.32889481e-04
 0.24167776 0.14347537 0.44207723 0.17276964
 0.21071904 0.28295606 0.1994008  0.3069241 

MOTIF filter_40
letter-probability matrix: alength= 4 w= 9 
 0.07223702 0.40346205 0.23468708 0.28961385
 3.32889481e-04 1.87416778e-01 6.04860186e-01 2.07390146e-01
 3.32889481e-04 2.01398136e-01 7.72969374e-01 2.52996005e-02
 3.32889481e-04 2.01398136e-01 7.97936085e-01 3.32889481e-04
 3.32889481e-04 1.15845539e-01 7.97936085e-01 8.58854860e-02
 3.32889481e-04 4.82356858e-01 5.05659121e-01 1.16511318e-02
 0.13149134 0.436751   0.42143808 0.01031957
 0.24966711 0.30625832 0.33588549 0.10818908
 0.15046605 0.37916112 0.13548602 0.33488682

MOTIF filter_41
letter-probability matrix: alength= 4 w= 9 
 0.48834887 0.10086551 0.31424767 0.09653795
 0.27563249 0.49300932 0.05359521 0.17776298
 0.16111851 0.39780293 0.25399467 0.18708389
 9.63715047e-01 2.69640479e-02 3.32889481e-04 8.98801598e-03
 4.57390146e-01 3.52862850e-02 3.32889481e-04 5.06990679e-01
 1.96404794e-02 8.98801598e-03 9.71038615e-01 3.32889481e-04
 9.95339547e-01 3.32889481e-04 3.99467377e-03 3.32889481e-04
 9.37749667e-01 3.32889481e-04 1.63115846e-02 4.56058589e-02
 0.33521971 0.22237017 0.14181092 0.3005992 

MOTIF filter_42
letter-probability matrix: alength= 4 w= 9 
 3.86151798e-02 2.94940080e-01 3.32889481e-04 6.66111851e-01
 6.72436751e-01 2.47669774e-01 7.95605859e-02 3.32889481e-04
 3.32889481e-04 4.20106525e-01 3.32889481e-04 5.79227696e-01
 7.19041278e-01 3.32889481e-04 2.80292943e-01 3.32889481e-04
 3.32889481e-04 1.03861518e-01 3.32889481e-04 8.95472703e-01
 3.32889481e-04 8.08921438e-02 7.19041278e-01 1.99733688e-01
 0.2436751  0.50532623 0.13748336 0.11351531
 0.33255659 0.27696405 0.0792277  0.31125166
 0.34687084 0.22270306 0.17609854 0.25432756

MOTIF filter_43
letter-probability matrix: alength= 4 w= 9 
 0.53295735 0.20902362 0.16390553 0.0941135 
 0.36129714 0.11632006 0.16778287 0.35459993
 0.12090236 0.54176947 0.24215721 0.09517096
 6.65491717e-01 7.40218541e-02 2.60133944e-01 3.52485019e-04
 3.25696158e-01 3.52485019e-04 8.45964047e-03 6.65491717e-01
 2.54494184e-01 3.52485019e-04 7.44800846e-01 3.52485019e-04
 9.61579133e-01 3.52485019e-04 8.81212548e-03 2.92562566e-02
 0.86535072 0.03842087 0.06873458 0.02749383
 0.6612619  0.12865703 0.08671131 0.12336976

MOTIF filter_44
letter-probability matrix: alength= 4 w= 9 
 0.26464714 0.23635153 0.0885486  0.41045273
 0.34886818 0.06125166 0.52496671 0.06491345
 0.17443409 0.02563249 0.69573901 0.10419441
 3.32889481e-04 8.29893475e-01 3.32889481e-04 1.69440746e-01
 9.38748336e-02 7.36351531e-01 1.69440746e-01 3.32889481e-04
 0.1391478  0.43475366 0.10286285 0.32323569
 0.68375499 0.15845539 0.15079893 0.00699068
 0.44873502 0.30659121 0.1138482  0.13082557
 0.55326232 0.06624501 0.19640479 0.18408788

MOTIF filter_45
letter-probability matrix: alength= 4 w= 9 
 0.20972037 0.11118509 0.6075233  0.07157124
 0.01631158 0.27896138 0.50832224 0.19640479
 0.08022636 0.08988016 0.78728362 0.04260985
 1.16511318e-02 9.87683089e-01 3.32889481e-04 3.32889481e-04
 0.04560586 0.01031957 0.13781625 0.80625832
 0.50066578 0.06924101 0.12483356 0.30525965
 0.22836218 0.07157124 0.02629827 0.67376831
 0.39380826 0.0505992  0.47037284 0.08521971
 0.29360852 0.123502   0.13814913 0.44474035

MOTIF filter_46
letter-probability matrix: alength= 4 w= 9 
 0.22336884 0.37849534 0.19207723 0.20605859
 0.03362184 0.17210386 0.11151798 0.68275632
 3.32889481e-04 1.76431425e-02 8.49866844e-01 1.32157124e-01
 3.32889481e-04 3.32889481e-04 1.49467377e-01 8.49866844e-01
 8.49866844e-01 3.32889481e-04 3.32889481e-04 1.49467377e-01
 8.93808256e-01 3.32889481e-04 1.05525965e-01 3.32889481e-04
 0.14780293 0.55559254 0.10685752 0.189747  
 0.01198402 0.56691079 0.35186418 0.06924101
 0.0758988  0.32123835 0.41544607 0.18741678

MOTIF filter_47
letter-probability matrix: alength= 4 w= 9 
 0.07023968 0.36684421 0.02063915 0.54227696
 0.41478029 0.31358189 0.13315579 0.13848202
 2.41011984e-01 3.32889481e-04 7.58322237e-01 3.32889481e-04
 3.08255659e-01 3.32889481e-04 5.69241012e-01 1.22170439e-01
 0.00432756 0.48002663 0.31125166 0.20439414
 0.01098535 0.14447403 0.71371505 0.13082557
 0.27197071 0.13149134 0.35985353 0.23668442
 0.06557923 0.61917443 0.11884154 0.19640479
 0.12416778 0.46870839 0.21471372 0.19241012

MOTIF filter_48
letter-probability matrix: alength= 4 w= 9 
 0.2023968  0.23435419 0.16711052 0.39613848
 0.24400799 0.29227696 0.1298269  0.33388815
 9.84354194e-01 3.32889481e-04 1.49800266e-02 3.32889481e-04
 3.32889481e-04 2.99600533e-03 1.23169108e-02 9.84354194e-01
 3.32889481e-04 2.99600533e-03 9.93675100e-01 2.99600533e-03
 0.20139814 0.19640479 0.16711052 0.43508655
 0.123502   0.24933422 0.23901465 0.38814913
 0.07490013 0.14280959 0.63681758 0.1454727 
 0.1011984  0.10952064 0.37749667 0.41178429

MOTIF filter_49
letter-probability matrix: alength= 4 w= 9 
 0.27463382 0.35219707 0.11151798 0.26165113
 0.21704394 0.43608522 0.17976032 0.16711052
 9.77363515e-01 3.32889481e-04 2.19707057e-02 3.32889481e-04
 0.25266312 0.10319574 0.30625832 0.33788282
 0.3385486  0.15545939 0.49833555 0.00765646
 0.86784288 0.00765646 0.1201731  0.00432756
 3.90479361e-01 4.66045273e-03 3.32889481e-04 6.04527297e-01
 3.32889481e-04 7.98934754e-03 6.07523302e-01 3.84154461e-01
 0.44573901 0.0379494  0.40346205 0.11284953

MOTIF filter_50
letter-probability matrix: alength= 4 w= 9 
 0.49267643 0.25266312 0.15845539 0.09620506
 2.46338216e-02 3.32889481e-04 3.32889481e-04 9.74700399e-01
 4.06125166e-02 6.24167776e-01 3.34886818e-01 3.32889481e-04
 9.71704394e-01 3.32889481e-04 3.32889481e-04 2.76298269e-02
 3.32889481e-04 3.32889481e-04 2.76298269e-02 9.71704394e-01
 2.16378162e-02 3.32889481e-04 9.75033289e-01 2.99600533e-03
 0.23302264 0.24101198 0.18408788 0.3418775 
 0.33255659 0.23801598 0.2563249  0.17310253
 0.25432756 0.35186418 0.18941411 0.20439414

MOTIF filter_51
letter-probability matrix: alength= 4 w= 9 
 0.15113182 0.20339547 0.09087883 0.55459387
 5.58588549e-01 4.40745672e-01 3.32889481e-04 3.32889481e-04
 0.11251664 0.28195739 0.00665779 0.59886818
 8.75832224e-01 3.32889481e-04 5.69241012e-02 6.69107856e-02
 1.43475366e-01 2.83954727e-01 3.32889481e-04 5.72237017e-01
 0.21005326 0.06058589 0.72270306 0.00665779
 0.89747004 0.00665779 0.07190413 0.02396804
 0.56557923 0.08821571 0.11917443 0.22703063
 0.37916112 0.16245007 0.32157124 0.13681758

MOTIF filter_52
letter-probability matrix: alength= 4 w= 9 
 0.47103862 0.18109188 0.15213049 0.19573901
 0.39414115 0.17776298 0.0476032  0.38049268
 4.81691079e-01 4.52729694e-01 3.32889481e-04 6.52463382e-02
 6.09520639e-01 3.32889481e-04 2.39680426e-02 3.66178429e-01
 3.44540613e-01 6.54793609e-01 3.32889481e-04 3.32889481e-04
 6.62450067e-01 3.32889481e-04 3.32889481e-04 3.36884154e-01
 6.56458056e-01 3.32889481e-04 3.42876165e-01 3.32889481e-04
 0.06691079 0.34953395 0.56424767 0.01930759
 0.48568575 0.36018642 0.05758988 0.09653795

MOTIF filter_53
letter-probability matrix: alength= 4 w= 9 
 0.03328895 0.26997337 0.51997337 0.17676431
 3.32889481e-04 7.65645806e-03 9.91677763e-01 3.32889481e-04
 3.32889481e-04 5.90545939e-01 3.98468708e-01 1.06524634e-02
 3.32889481e-04 3.07256991e-01 6.92077230e-01 3.32889481e-04
 3.32889481e-04 5.37616511e-01 4.52729694e-01 9.32090546e-03
 0.03095872 0.73968043 0.15612517 0.07323569
 0.19740346 0.51031957 0.189747   0.10252996
 0.0442743  0.57256991 0.29860186 0.08455393
 0.08122503 0.48968043 0.23501997 0.19407457

MOTIF filter_54
letter-probability matrix: alength= 4 w= 9 
 0.55825566 0.14513981 0.19673768 0.09986684
 0.63448735 0.11651132 0.24201065 0.00699068
 9.92343542e-01 6.99067909e-03 3.32889481e-04 3.32889481e-04
 9.63382157e-01 3.32889481e-04 3.32889481e-04 3.59520639e-02
 9.10785619e-01 3.32889481e-04 2.43009321e-02 6.45805593e-02
 7.89280959e-01 3.32889481e-04 3.32889481e-04 2.10053262e-01
 6.17509987e-01 7.25699068e-02 3.32889481e-04 3.09587217e-01
 0.62882823 0.01498003 0.03262317 0.32356858
 0.42310253 0.02463382 0.25699068 0.29527297

MOTIF filter_55
letter-probability matrix: alength= 4 w= 9 
 0.45938748 0.3005992  0.10619174 0.13382157
 4.41411451e-01 4.38748336e-01 3.32889481e-04 1.19507324e-01
 0.25599201 0.4810253  0.10386152 0.15912117
 4.74034621e-01 1.69440746e-01 3.32889481e-04 3.56191744e-01
 3.32889481e-04 4.19440746e-01 3.32889481e-04 5.79893475e-01
 3.32889481e-04 5.65912117e-03 4.74034621e-01 5.19973369e-01
 3.32889481e-04 5.65912117e-03 2.67310253e-01 7.26697736e-01
 0.05126498 0.00565912 0.69973369 0.24334221
 0.30226365 0.12117177 0.38348868 0.1930759 

MOTIF filter_56
letter-probability matrix: alength= 4 w= 9 
 0.275524   0.26910074 0.20047329 0.25490196
 0.32014875 0.10108181 0.38843813 0.1903313 
 0.02366464 0.00845166 0.64705882 0.32082488
 3.38066261e-04 2.53211629e-01 7.46112238e-01 3.38066261e-04
 3.38066261e-04 4.56389452e-02 7.33265720e-01 2.20757268e-01
 3.38066261e-04 2.87694388e-01 6.84246112e-01 2.77214334e-02
 3.38066261e-04 4.53684922e-01 2.53211629e-01 2.92765382e-01
 3.38066261e-04 3.54969574e-01 2.23461799e-01 4.21230561e-01
 0.08654496 0.39384719 0.19675456 0.32285328

MOTIF filter_57
letter-probability matrix: alength= 4 w= 9 
 0.14599856 0.27613554 0.06488825 0.51297765
 3.78154290e-01 3.60490267e-04 6.21124730e-01 3.60490267e-04
 0.01405912 0.02271089 0.01333814 0.94989185
 7.75054074e-01 3.60490267e-04 2.08002884e-01 1.65825523e-02
 8.81038212e-01 3.60490267e-04 1.18240807e-01 3.60490267e-04
 4.28983417e-02 6.27253064e-02 3.60490267e-04 8.94015862e-01
 0.23143475 0.12148522 0.59913482 0.04794521
 0.42645999 0.15248738 0.28550829 0.13554434
 0.16510454 0.41780822 0.2372026  0.17988464

MOTIF filter_58
letter-probability matrix: alength= 4 w= 9 
 0.05825566 0.15146471 0.07490013 0.71537949
 0.02363515 0.31125166 0.54860186 0.11651132
 0.01431425 0.11584554 0.16311585 0.70672437
 0.44507324 0.1551265  0.3292277  0.07057257
 3.13914780e-01 8.68841545e-02 5.98868176e-01 3.32889481e-04
 0.03362184 0.33988016 0.36850866 0.25798935
 0.16045273 0.26930759 0.51964048 0.0505992 
 0.01298269 0.49966711 0.48335553 0.00399467
 0.07423435 0.5063249  0.36551265 0.0539281 

MOTIF filter_59
letter-probability matrix: alength= 4 w= 9 
 0.22736352 0.48834887 0.07456724 0.20972037
 0.26997337 0.40213049 0.02729694 0.3005992 
 1.69773635e-02 8.70173103e-01 3.32889481e-04 1.12516644e-01
 0.81990679 0.03395473 0.12583222 0.02030626
 1.07856192e-01 3.32889481e-04 3.32889481e-04 8.91478029e-01
 3.32889481e-04 7.98934754e-03 1.29826897e-02 9.78695073e-01
 2.61984021e-01 3.32889481e-04 8.75499334e-02 6.50133156e-01
 4.13448735e-01 2.86950732e-01 3.32889481e-04 2.99267643e-01
 5.63581891e-01 2.22037284e-01 3.32889481e-04 2.14047936e-01

MOTIF filter_60
letter-probability matrix: alength= 4 w= 9 
 0.35486019 0.10918775 0.23302264 0.30292943
 0.12816245 0.08022636 0.03561917 0.75599201
 0.6994008  0.11950732 0.05559254 0.12549933
 5.81557923e-01 3.32889481e-04 3.93475366e-01 2.46338216e-02
 4.06125166e-02 3.32889481e-04 3.29227696e-01 6.29826897e-01
 0.83588549 0.03262317 0.01065246 0.12083888
 0.9207723  0.01065246 0.02929427 0.03928096
 6.80758988e-01 9.62050599e-02 3.32889481e-04 2.22703063e-01
 0.20838881 0.17376831 0.02929427 0.5885486 

MOTIF filter_61
letter-probability matrix: alength= 4 w= 9 
 0.70163585 0.05049787 0.22617354 0.02169275
 0.22652916 0.06081081 0.27311522 0.43954481
 0.15825036 0.02169275 0.61486486 0.20519203
 0.68527738 0.01280228 0.2955192  0.00640114
 3.55618777e-04 1.33712660e-01 3.80512091e-02 8.27880512e-01
 3.55618777e-04 1.74608819e-01 6.85277383e-01 1.39758179e-01
 0.11984353 0.29196302 0.05049787 0.53769559
 0.09637269 0.25391181 0.12553343 0.52418208
 0.18812233 0.29800853 0.12339972 0.39046942

MOTIF filter_62
letter-probability matrix: alength= 4 w= 9 
 0.45739015 0.24900133 0.21637816 0.07723036
 0.14580559 0.40479361 0.25199734 0.19740346
 0.03928096 0.55459387 0.0729028  0.33322237
 7.62316911e-02 3.32889481e-04 3.32889481e-04 9.23102530e-01
 0.72703063 0.04893475 0.19640479 0.02762983
 0.64580559 0.06091877 0.20539281 0.08788282
 3.32889481e-04 3.32889481e-04 3.32889481e-04 9.99001332e-01
 9.32423435e-01 3.32889481e-04 6.69107856e-02 3.32889481e-04
 6.18508655e-01 3.32889481e-04 3.80825566e-01 3.32889481e-04

MOTIF filter_63
letter-probability matrix: alength= 4 w= 9 
 0.37283622 0.24234354 0.22736352 0.15745672
 9.15778961e-01 3.32889481e-04 8.35552597e-02 3.32889481e-04
 0.04660453 0.03295606 0.14447403 0.77596538
 0.05758988 0.09953395 0.65778961 0.18508655
 0.70838881 0.01065246 0.0569241  0.22403462
 0.15146471 0.01231691 0.10186418 0.73435419
 7.45672437e-02 1.23169108e-02 9.12782956e-01 3.32889481e-04
 0.09553928 0.25865513 0.16211718 0.48368842
 0.46138482 0.1488016  0.16344874 0.22636485

MOTIF filter_64
letter-probability matrix: alength= 4 w= 9 
 8.38881491e-01 1.08189081e-01 5.25965379e-02 3.32889481e-04
 0.24434088 0.07390146 0.02030626 0.6614514 
 2.81624501e-01 3.82822903e-02 6.79760320e-01 3.32889481e-04
 0.4683755  0.20972037 0.05026631 0.27163782
 0.10219707 0.21038615 0.18109188 0.5063249 
 0.63249001 0.02063915 0.33022636 0.01664447
 0.04826897 0.09354194 0.14713715 0.71105193
 0.10685752 0.1011984  0.73635153 0.05559254
 0.20106525 0.28761651 0.1517976  0.35952064

MOTIF filter_65
letter-probability matrix: alength= 4 w= 9 
 0.03463497 0.0770798  0.29066214 0.59762309
 0.05500849 0.03429542 0.01867572 0.89202037
 0.17011885 0.19354839 0.62410866 0.01222411
 7.84380306e-02 8.91341256e-01 3.39558574e-04 2.98811545e-02
 1.96943973e-01 8.02376910e-01 3.39558574e-04 3.39558574e-04
 0.25568761 0.42580645 0.09983022 0.21867572
 1.77249576e-01 2.74702886e-01 3.39558574e-04 5.47707980e-01
 0.27775891 0.18845501 0.25908319 0.27470289
 0.1704584  0.29235993 0.26010187 0.2770798 

MOTIF filter_66
letter-probability matrix: alength= 4 w= 9 
 0.44716913 0.17490083 0.14352687 0.23440317
 0.41940137 0.27010458 0.03570141 0.27479264
 6.70753696e-02 8.33754057e-01 3.60620267e-04 9.88099531e-02
 3.60620267e-04 3.60620267e-04 3.60620267e-04 9.98918139e-01
 9.98918139e-01 3.60620267e-04 3.60620267e-04 3.60620267e-04
 4.61233321e-01 5.25784349e-01 1.26217093e-02 3.60620267e-04
 0.3220339  0.00829427 0.31229715 0.35737468
 0.78074288 0.0230797  0.16804904 0.02812838
 0.25495853 0.28561125 0.2686621  0.19076812

MOTIF filter_67
letter-probability matrix: alength= 4 w= 9 
 0.24733688 0.2879494  0.33355526 0.13115846
 0.00765646 0.13082557 0.81557923 0.04593875
 3.32889481e-04 7.05725699e-02 4.26098535e-02 8.86484687e-01
 0.22237017 0.06524634 0.34553928 0.36684421
 3.32889481e-04 2.37350200e-01 3.62516644e-01 3.99800266e-01
 3.32889481e-04 6.82090546e-01 1.62782956e-01 1.54793609e-01
 6.72436751e-02 1.54460719e-01 7.77962716e-01 3.32889481e-04
 0.14513981 0.19440746 0.45805593 0.2023968 
 0.29460719 0.45372836 0.14280959 0.10885486

MOTIF filter_68
letter-probability matrix: alength= 4 w= 9 
 0.22103862 0.51697736 0.0822237  0.17976032
 0.34753662 0.1171771  0.33255659 0.20272969
 0.03195739 0.79993342 0.05259654 0.11551265
 0.04727031 0.19007989 0.30359521 0.45905459
 0.06058589 0.62816245 0.03195739 0.27929427
 3.32889481e-04 1.58788282e-01 3.73169108e-01 4.67709720e-01
 0.06458056 0.27197071 0.19840213 0.4650466 
 0.18109188 0.13681758 0.36418109 0.31790945
 0.32822903 0.20805593 0.20505992 0.25865513

MOTIF filter_69
letter-probability matrix: alength= 4 w= 9 
 0.27044753 0.27623457 0.23726852 0.21604938
 0.19444444 0.2492284  0.23341049 0.32291667
 9.55246914e-01 1.19598765e-02 3.85802469e-04 3.24074074e-02
 3.24074074e-02 1.19598765e-02 3.85802469e-04 9.55246914e-01
 3.85802469e-04 7.71604938e-03 9.91512346e-01 3.85802469e-04
 3.85802469e-04 9.98842593e-01 3.85802469e-04 3.85802469e-04
 3.85802469e-04 8.60339506e-01 1.38888889e-01 3.85802469e-04
 0.03973765 0.68595679 0.20987654 0.06442901
 0.23263889 0.41705247 0.22878086 0.12152778

MOTIF filter_70
letter-probability matrix: alength= 4 w= 9 
 0.63990434 0.04202255 0.28834985 0.02972327
 0.00375811 0.15954903 0.35702084 0.47967202
 0.15784079 0.23505296 0.14588316 0.4612231 
 8.21660403e-01 3.41646737e-04 9.63443799e-02 8.16535702e-02
 3.41646737e-04 3.41646737e-04 1.38025282e-01 8.61291425e-01
 3.99726683e-02 3.41646737e-04 8.85889990e-01 7.37956953e-02
 2.83908439e-01 3.41646737e-04 4.92312948e-01 2.23436966e-01
 0.49982918 0.10044414 0.13870858 0.26101811
 0.35223779 0.21967885 0.15100786 0.2770755 

MOTIF filter_71
letter-probability matrix: alength= 4 w= 9 
 0.13015979 0.27363515 0.10419441 0.49201065
 0.00798935 0.03861518 0.12283622 0.83055925
 0.00332889 0.02663116 0.15978695 0.810253  
 0.10818908 0.06524634 0.75732357 0.06924101
 1.17177097e-01 3.32889481e-04 7.35352863e-01 1.47137150e-01
 6.64114514e-01 3.32889481e-04 1.58122503e-01 1.77430093e-01
 0.23901465 0.05159787 0.39114514 0.31824234
 0.09387483 0.310253   0.3165779  0.27929427
 0.27762983 0.23635153 0.313249   0.17276964

MOTIF filter_72
letter-probability matrix: alength= 4 w= 9 
 0.46202297 0.20526121 0.09633197 0.23638385
 0.5268618  0.30678029 0.08410522 0.08225269
 0.52056317 0.28010374 0.07965913 0.11967395
 6.29862912e-03 9.33308633e-01 3.70507595e-04 6.00222305e-02
 6.42460170e-01 3.70507595e-04 2.80844757e-01 7.63245647e-02
 3.70507595e-04 3.70507595e-04 5.33530937e-02 9.45905891e-01
 3.70507595e-04 3.70507595e-04 3.70507595e-04 9.98888477e-01
 4.52019266e-01 3.70507595e-04 5.47239718e-01 3.70507595e-04
 7.46202297e-01 3.70507595e-04 2.46758059e-01 6.66913672e-03

MOTIF filter_73
letter-probability matrix: alength= 4 w= 9 
 0.25387817 0.29701097 0.16836928 0.28074158
 0.51872872 0.12447976 0.18501703 0.1717745 
 0.44646235 0.0404843  0.14755959 0.36549376
 0.0548619  0.02648505 0.47786606 0.44078698
 0.10215664 0.09421112 0.65191071 0.15172153
 8.70601589e-01 1.36208854e-02 1.15399168e-01 3.78357927e-04
 3.78357927e-04 1.03670072e-01 2.53499811e-02 8.70601589e-01
 3.78357927e-04 1.01778282e-01 8.97465002e-01 3.78357927e-04
 0.22512297 0.25766175 0.24744608 0.2697692 

MOTIF filter_74
letter-probability matrix: alength= 4 w= 9 
 0.22934233 0.25935919 0.21551433 0.29578415
 0.11062395 0.33996627 0.33524452 0.21416526
 0.20033727 0.43642496 0.19527825 0.16795953
 0.09342327 0.34367622 0.37908938 0.18381113
 0.07858347 0.12681282 0.59561551 0.1989882 
 1.01180438e-03 2.02360877e-03 9.96627319e-01 3.37268128e-04
 3.37268128e-04 3.37268128e-04 9.98988196e-01 3.37268128e-04
 3.37268128e-04 3.37268128e-04 9.98988196e-01 3.37268128e-04
 0.09005059 0.06340641 0.83001686 0.01652614

MOTIF filter_75
letter-probability matrix: alength= 4 w= 9 
 5.34759358e-04 3.94652406e-01 3.85026738e-02 5.66310160e-01
 0.22620321 0.03743316 0.41336898 0.32299465
 9.46524064e-01 5.34759358e-04 5.34759358e-04 5.24064171e-02
 5.34759358e-04 5.34759358e-04 5.24064171e-02 9.46524064e-01
 5.34759358e-04 5.34759358e-04 9.46524064e-01 5.24064171e-02
 9.56684492e-01 6.41711230e-03 5.34759358e-04 3.63636364e-02
 0.49304813 0.02994652 0.30534759 0.17165775
 0.29144385 0.29839572 0.22352941 0.18663102
