MEME version 5.3.0

ALPHABET= ACGT

strands: + -

Background letter frequencies
A 0.25 C 0.25 G 0.25 T 0.25

MOTIF Mribo_l3_0
letter-probability matrix: alength= 4 w= 9 
 0.10429448 0.5807771  0.200409   0.11451943
 0.07566462 0.38650307 0.4396728  0.09815951
 0.00204499 0.54805726 0.39263804 0.05725971
 0.51738241 0.01431493 0.38854806 0.0797546 
 0.26789366 0.00204499 0.00204499 0.72801636
 0.01226994 0.06748466 0.91820041 0.00204499
 0.19427403 0.20449898 0.38650307 0.21472393
 0.0593047  0.6809816  0.10429448 0.15541922
 0.14519427 0.50102249 0.17382413 0.1799591 

MOTIF Mribo_l3_1
letter-probability matrix: alength= 4 w= 9 
 0.08579088 0.18230563 0.63538874 0.09651475
 0.26541555 0.1689008  0.00268097 0.56300268
 0.17426273 0.72922252 0.09383378 0.00268097
 0.37265416 0.62198391 0.00268097 0.00268097
 0.01876676 0.78552279 0.19302949 0.00268097
 0.09383378 0.49865952 0.40482574 0.00268097
 0.26273458 0.12600536 0.41286863 0.19839142
 0.49061662 0.33512064 0.17158177 0.00268097
 0.04825737 0.15817694 0.71849866 0.07506702

MOTIF Mribo_l3_2
letter-probability matrix: alength= 4 w= 9 
 0.12433862 0.18518519 0.43650794 0.25396825
 0.37301587 0.01587302 0.09259259 0.51851852
 0.02645503 0.0026455  0.0026455  0.96825397
 0.06613757 0.23544974 0.41005291 0.28835979
 0.27777778 0.57142857 0.0026455  0.14814815
 0.0026455 0.8994709 0.0952381 0.0026455
 0.68518519 0.07142857 0.22486772 0.01851852
 0.14285714 0.0026455  0.63227513 0.22222222
 0.11640212 0.14021164 0.5978836  0.14550265

MOTIF Mribo_l3_3
letter-probability matrix: alength= 4 w= 9 
 0.23505976 0.05776892 0.46613546 0.24103586
 0.00996016 0.14940239 0.82669323 0.01394422
 0.57370518 0.36653386 0.05776892 0.00199203
 0.2689243  0.37450199 0.25697211 0.09960159
 0.1374502  0.16533865 0.55577689 0.14143426
 0.00199203 0.05577689 0.0059761  0.93625498
 0.0059761  0.00199203 0.91035857 0.08167331
 0.00398406 0.00199203 0.71912351 0.2749004 
 0.25498008 0.24103586 0.39442231 0.10956175

MOTIF Mribo_l3_4
letter-probability matrix: alength= 4 w= 9 
 0.24423963 0.30184332 0.35253456 0.10138249
 0.84101382 0.03917051 0.10368664 0.01612903
 0.00921659 0.02995392 0.88709677 0.07373272
 0.20046083 0.00230415 0.52304147 0.27419355
 0.02534562 0.11290323 0.28341014 0.57834101
 0.18894009 0.08525346 0.44470046 0.28110599
 0.10138249 0.38479263 0.44239631 0.07142857
 0.36635945 0.49308756 0.02304147 0.11751152
 0.29032258 0.35253456 0.1843318  0.17281106

MOTIF Mribo_l3_5
letter-probability matrix: alength= 4 w= 9 
 0.295  0.14   0.3925 0.1725
 0.6725 0.045  0.2675 0.015 
 0.0575 0.36   0.085  0.4975
 0.17   0.5125 0.2925 0.025 
 0.795  0.0025 0.1875 0.015 
 0.08 0.23 0.15 0.54
 0.0275 0.425  0.5425 0.005 
 0.7425 0.0425 0.165  0.05  
 0.2    0.1425 0.5225 0.135 

MOTIF Mribo_l3_6
letter-probability matrix: alength= 4 w= 9 
 0.10082305 0.32098765 0.24074074 0.33744856
 0.09053498 0.05761317 0.13786008 0.71399177
 0.00205761 0.99382716 0.00205761 0.00205761
 0.00205761 0.00205761 0.99382716 0.00205761
 0.00205761 0.32304527 0.67283951 0.00205761
 0.00205761 0.44032922 0.37860082 0.17901235
 0.00205761 0.73662551 0.00205761 0.25925926
 0.08024691 0.50411523 0.16460905 0.25102881
 0.22016461 0.30452675 0.34773663 0.12757202

MOTIF Mribo_l3_7
letter-probability matrix: alength= 4 w= 9 
 0.11807229 0.53012048 0.20240964 0.14939759
 0.02650602 0.00722892 0.1686747  0.79759036
 0.01204819 0.36385542 0.00722892 0.61686747
 0.03855422 0.17349398 0.33012048 0.45783133
 0.00722892 0.07228916 0.55903614 0.36144578
 0.01445783 0.0313253  0.0313253  0.92289157
 0.45301205 0.31566265 0.0746988  0.15662651
 0.04337349 0.1373494  0.81204819 0.00722892
 0.17349398 0.32771084 0.29156627 0.20722892

MOTIF Mribo_l3_8
letter-probability matrix: alength= 4 w= 9 
 0.09423077 0.35576923 0.41153846 0.13846154
 0.17307692 0.1        0.08846154 0.63846154
 0.00192308 0.00769231 0.08269231 0.90769231
 0.01538462 0.16538462 0.12307692 0.69615385
 0.03269231 0.06538462 0.02115385 0.88076923
 0.15769231 0.16538462 0.52692308 0.15      
 0.00192308 0.38846154 0.51538462 0.09423077
 0.08846154 0.59615385 0.26538462 0.05      
 0.39230769 0.20769231 0.16346154 0.23653846

MOTIF Mribo_l3_9
letter-probability matrix: alength= 4 w= 9 
 0.05611222 0.70741483 0.22244489 0.01402806
 0.00400802 0.83967936 0.15430862 0.00200401
 0.46092184 0.00200401 0.5250501  0.01202405
 0.01402806 0.00200401 0.98196393 0.00200401
 0.00601202 0.24649299 0.01603206 0.73146293
 0.0741483  0.63927856 0.14028056 0.14629259
 0.10420842 0.65731463 0.22645291 0.01202405
 0.15631263 0.17234469 0.35470942 0.31663327
 0.0501002  0.46292585 0.35871743 0.12825651

MOTIF Mribo_l3_10
letter-probability matrix: alength= 4 w= 9 
 0.12350598 0.39442231 0.17330677 0.30876494
 0.08964143 0.25697211 0.37848606 0.2749004 
 0.08167331 0.52191235 0.33067729 0.06573705
 0.00199203 0.00199203 0.69521912 0.30079681
 0.01195219 0.07569721 0.01792829 0.89442231
 0.00199203 0.92231076 0.00199203 0.07370518
 0.00199203 0.13944223 0.00199203 0.85657371
 0.01992032 0.312749   0.30677291 0.36055777
 0.14741036 0.62350598 0.1314741  0.09760956

MOTIF Mribo_l3_11
letter-probability matrix: alength= 4 w= 9 
 0.0704501  0.05088063 0.70645793 0.17221135
 0.07632094 0.08023483 0.82387476 0.01956947
 0.00195695 0.41291585 0.31311155 0.27201566
 0.15655577 0.83953033 0.00195695 0.00195695
 0.00195695 0.75733855 0.23874755 0.00195695
 0.00195695 0.99412916 0.00195695 0.00195695
 0.00195695 0.16438356 0.4148728  0.41878669
 0.34050881 0.43052838 0.22309198 0.00587084
 0.08806262 0.13502935 0.66731898 0.10958904

MOTIF Mribo_l3_12
letter-probability matrix: alength= 4 w= 9 
 0.15414258 0.50481696 0.26782274 0.07321773
 0.12909441 0.20423892 0.24662813 0.42003854
 0.03853565 0.41233141 0.54720617 0.00192678
 0.02697495 0.61657033 0.35452794 0.00192678
 0.09248555 0.89788054 0.00770713 0.00192678
 0.00192678 0.00385356 0.00192678 0.99229287
 0.00578035 0.00192678 0.99036609 0.00192678
 0.07321773 0.5761079  0.02504817 0.3256262 
 0.29094412 0.24277457 0.29094412 0.17533719

MOTIF Mribo_l3_13
letter-probability matrix: alength= 4 w= 9 
 0.50446429 0.12276786 0.265625   0.10714286
 0.24107143 0.21875    0.46651786 0.07366071
 0.24553571 0.10044643 0.44196429 0.21205357
 0.96875    0.00223214 0.00892857 0.02008929
 0.57366071 0.39732143 0.02678571 0.00223214
 0.29241071 0.30357143 0.35714286 0.046875  
 0.81919643 0.00223214 0.11383929 0.06473214
 0.03571429 0.19419643 0.40178571 0.36830357
 0.07366071 0.28125    0.44866071 0.19642857

MOTIF Mribo_l3_14
letter-probability matrix: alength= 4 w= 9 
 0.03964758 0.16740088 0.16960352 0.62334802
 0.17180617 0.14977974 0.01321586 0.66519824
 0.00660793 0.28414097 0.00220264 0.70704846
 0.03303965 0.62995595 0.30837004 0.02863436
 0.00881057 0.31497797 0.15418502 0.52202643
 0.00220264 0.05286344 0.00220264 0.94273128
 0.05726872 0.20044053 0.00440529 0.73788546
 0.07709251 0.40748899 0.08370044 0.43171806
 0.29295154 0.25330396 0.06167401 0.39207048

MOTIF Mribo_l3_15
letter-probability matrix: alength= 4 w= 9 
 0.19777778 0.32666667 0.35555556 0.12      
 0.43777778 0.09111111 0.44       0.03111111
 0.02222222 0.03777778 0.6        0.34      
 0.88444444 0.02       0.02444444 0.07111111
 0.76888889 0.06888889 0.08666667 0.07555556
 0.28888889 0.31555556 0.00222222 0.39333333
 0.01111111 0.60444444 0.02444444 0.36      
 0.15333333 0.20444444 0.36666667 0.27555556
 0.16666667 0.41111111 0.30888889 0.11333333

MOTIF Mribo_l3_16
letter-probability matrix: alength= 4 w= 9 
 0.26233766 0.42857143 0.15064935 0.15844156
 0.27532468 0.47012987 0.15324675 0.1012987 
 0.07272727 0.11688312 0.57402597 0.23636364
 0.39220779 0.0025974  0.0025974  0.6025974 
 0.06493506 0.0025974  0.02597403 0.90649351
 0.29090909 0.0025974  0.7038961  0.0025974 
 0.08051948 0.00779221 0.6987013  0.21298701
 0.03636364 0.03636364 0.36623377 0.56103896
 0.06753247 0.38181818 0.39220779 0.15844156

MOTIF Mribo_l3_17
letter-probability matrix: alength= 4 w= 9 
 0.08353808 0.31941032 0.16461916 0.43243243
 0.02948403 0.01474201 0.28501229 0.67076167
 0.002457   0.002457   0.25552826 0.73955774
 0.82309582 0.002457   0.17199017 0.002457  
 0.00737101 0.004914   0.67076167 0.31695332
 0.28746929 0.42751843 0.06388206 0.22113022
 0.16216216 0.6953317  0.07125307 0.07125307
 0.13513514 0.28501229 0.43243243 0.14742015
 0.15479115 0.14250614 0.5995086  0.1031941 

MOTIF Mribo_l3_18
letter-probability matrix: alength= 4 w= 9 
 0.20696325 0.05222437 0.55705996 0.18375242
 0.16247582 0.52030948 0.0967118  0.2205029 
 0.0212766  0.06382979 0.03094778 0.88394584
 0.0754352  0.14893617 0.28046422 0.49516441
 0.00193424 0.4410058  0.55512573 0.00193424
 0.14893617 0.14313346 0.15087041 0.55705996
 0.00193424 0.66924565 0.30560928 0.02321083
 0.01547389 0.14119923 0.28239845 0.56092843
 0.11025145 0.33268859 0.34042553 0.21663443

MOTIF Mribo_l3_19
letter-probability matrix: alength= 4 w= 9 
 0.1996124  0.23449612 0.40310078 0.1627907 
 0.3003876  0.26937984 0.23255814 0.19767442
 0.03100775 0.93217054 0.00193798 0.03488372
 0.05813953 0.00193798 0.9379845  0.00193798
 0.00193798 0.99418605 0.00193798 0.00193798
 0.10271318 0.00387597 0.8372093  0.05620155
 0.00193798 0.16472868 0.58139535 0.25193798
 0.30620155 0.62984496 0.0620155  0.00193798
 0.11627907 0.1627907  0.59496124 0.12596899

MOTIF Mribo_l3_20
letter-probability matrix: alength= 4 w= 9 
 0.02123552 0.15250965 0.82432432 0.0019305 
 0.03474903 0.65057915 0.3030888  0.01158301
 0.0019305  0.22779923 0.76447876 0.00579151
 0.0019305  0.21235521 0.71428571 0.07142857
 0.55598456 0.44015444 0.0019305  0.0019305 
 0.1042471  0.64671815 0.08880309 0.16023166
 0.1042471  0.57722008 0.15250965 0.16602317
 0.59073359 0.18725869 0.11969112 0.1023166 
 0.25096525 0.13127413 0.43822394 0.17953668

MOTIF Mribo_l3_21
letter-probability matrix: alength= 4 w= 9 
 0.31176471 0.14901961 0.42941176 0.10980392
 0.61176471 0.37254902 0.00980392 0.00588235
 0.12156863 0.8627451  0.00196078 0.01372549
 0.21176471 0.78235294 0.00392157 0.00196078
 0.00196078 0.97843137 0.01764706 0.00196078
 0.24901961 0.25686275 0.27058824 0.22352941
 0.01372549 0.00196078 0.71960784 0.26470588
 0.15294118 0.09803922 0.53333333 0.21568627
 0.05098039 0.38039216 0.2627451  0.30588235

MOTIF Mribo_l3_22
letter-probability matrix: alength= 4 w= 9 
 0.14739884 0.31791908 0.15028902 0.38439306
 0.04624277 0.26589595 0.09537572 0.59248555
 0.01445087 0.00289017 0.52601156 0.4566474 
 0.00289017 0.34393064 0.41618497 0.23699422
 0.78034682 0.00289017 0.00289017 0.21387283
 0.00289017 0.92485549 0.05780347 0.01445087
 0.44219653 0.11271676 0.00289017 0.44219653
 0.00867052 0.64450867 0.05491329 0.29190751
 0.20809249 0.4566474  0.17919075 0.15606936

MOTIF Mribo_l3_23
letter-probability matrix: alength= 4 w= 9 
 0.2020202  0.42087542 0.21548822 0.16161616
 0.14141414 0.58922559 0.09427609 0.17508418
 0.003367   0.76430976 0.22895623 0.003367  
 0.5016835  0.01010101 0.3030303  0.18518519
 0.003367   0.01010101 0.27946128 0.70707071
 0.01010101 0.91582492 0.06397306 0.01010101
 0.68013468 0.10774411 0.003367   0.20875421
 0.02356902 0.04040404 0.04040404 0.8956229 
 0.15488215 0.44444444 0.33670034 0.06397306

MOTIF Mribo_l3_24
letter-probability matrix: alength= 4 w= 9 
 0.24583333 0.18333333 0.30208333 0.26875   
 0.33333333 0.00208333 0.16041667 0.50416667
 0.02083333 0.40416667 0.57083333 0.00416667
 0.15625    0.02291667 0.05208333 0.76875   
 0.02916667 0.00208333 0.01458333 0.95416667
 0.06041667 0.07916667 0.11875    0.74166667
 0.1125     0.17083333 0.4        0.31666667
 0.01458333 0.08541667 0.025      0.875     
 0.1375     0.29166667 0.30208333 0.26875   

MOTIF Mribo_l3_25
letter-probability matrix: alength= 4 w= 9 
 0.03675048 0.45647969 0.37524178 0.13152805
 0.00193424 0.0696325  0.7098646  0.21856867
 0.00193424 0.28046422 0.71373308 0.00386847
 0.00193424 0.00193424 0.99419729 0.00193424
 0.03094778 0.00193424 0.02321083 0.94390716
 0.00193424 0.60541586 0.3384913  0.05415861
 0.04642166 0.2901354  0.64216634 0.0212766 
 0.00193424 0.37717602 0.16827853 0.45261122
 0.172147   0.18181818 0.44874275 0.19729207

MOTIF Mribo_l3_26
letter-probability matrix: alength= 4 w= 9 
 0.13207547 0.28616352 0.27358491 0.3081761 
 0.08490566 0.15408805 0.08176101 0.67924528
 0.05660377 0.00314465 0.00628931 0.93396226
 0.31132075 0.25786164 0.41509434 0.01572327
 0.20440252 0.02515723 0.76100629 0.00943396
 0.3490566  0.32075472 0.28301887 0.04716981
 0.10062893 0.03459119 0.05974843 0.80503145
 0.08490566 0.87421384 0.00314465 0.03773585
 0.18553459 0.46855346 0.19811321 0.14779874

MOTIF Mribo_l3_27
letter-probability matrix: alength= 4 w= 9 
 0.3        0.34423077 0.23653846 0.11923077
 0.44807692 0.35961538 0.175      0.01730769
 0.01730769 0.53269231 0.44807692 0.00192308
 0.20384615 0.00192308 0.19423077 0.6       
 0.00192308 0.94615385 0.05       0.00192308
 0.01730769 0.65384615 0.32692308 0.00192308
 0.32307692 0.64807692 0.02692308 0.00192308
 0.53653846 0.31538462 0.13653846 0.01153846
 0.43846154 0.20192308 0.16538462 0.19423077

MOTIF Mribo_l3_28
letter-probability matrix: alength= 4 w= 9 
 0.06034483 0.53017241 0.29094828 0.11853448
 0.07543103 0.38793103 0.2737069  0.26293103
 0.0862069  0.51508621 0.04741379 0.3512931 
 0.04741379 0.12715517 0.5237069  0.30172414
 0.00646552 0.00215517 0.98922414 0.00215517
 0.00215517 0.99353448 0.00215517 0.00215517
 0.03663793 0.64224138 0.21551724 0.10560345
 0.98706897 0.00215517 0.00215517 0.00862069
 0.13577586 0.45258621 0.33189655 0.07974138

MOTIF Mribo_l3_29
letter-probability matrix: alength= 4 w= 9 
 0.08086785 0.4556213  0.28599606 0.17751479
 0.11242604 0.0433925  0.52662722 0.31755424
 0.00394477 0.00197239 0.84812623 0.14595661
 0.00197239 0.77120316 0.22485207 0.00197239
 0.00394477 0.00197239 0.98027613 0.01380671
 0.44773176 0.51873767 0.01775148 0.01577909
 0.12820513 0.13412229 0.73175542 0.00591716
 0.09072978 0.06706114 0.70216963 0.14003945
 0.0591716  0.47337278 0.31755424 0.14990138

MOTIF Mribo_l3_30
letter-probability matrix: alength= 4 w= 9 
 0.14807692 0.52307692 0.31346154 0.01538462
 0.50384615 0.13269231 0.11346154 0.25      
 0.00192308 0.52115385 0.125      0.35192308
 0.01730769 0.33461538 0.64615385 0.00192308
 0.00192308 0.01730769 0.25384615 0.72692308
 0.24230769 0.02307692 0.73076923 0.00384615
 0.00961538 0.14038462 0.84615385 0.00384615
 0.62307692 0.05384615 0.09807692 0.225     
 0.17692308 0.14615385 0.52307692 0.15384615

MOTIF Mribo_l3_31
letter-probability matrix: alength= 4 w= 9 
 0.03773585 0.78406709 0.10901468 0.06918239
 0.03773585 0.81132075 0.12997904 0.02096436
 0.04192872 0.07127883 0.88469602 0.00209644
 0.00209644 0.75890985 0.09433962 0.14465409
 0.30188679 0.1572327  0.08595388 0.45492662
 0.04402516 0.10901468 0.29979036 0.54716981
 0.13626834 0.15303983 0.15932914 0.55136268
 0.09433962 0.78825996 0.09224319 0.02515723
 0.15513627 0.45283019 0.11740042 0.27463312

MOTIF Mribo_l3_32
letter-probability matrix: alength= 4 w= 9 
 0.09126214 0.29320388 0.34563107 0.26990291
 0.09708738 0.4        0.09902913 0.4038835 
 0.05048544 0.66213592 0.14757282 0.13980583
 0.00582524 0.03495146 0.95728155 0.00194175
 0.12038835 0.49320388 0.38446602 0.00194175
 0.36504854 0.00194175 0.39417476 0.23883495
 0.00194175 0.00194175 0.99417476 0.00194175
 0.00194175 0.03300971 0.26019417 0.70485437
 0.0368932  0.42135922 0.26796117 0.27378641

MOTIF Mribo_l3_33
letter-probability matrix: alength= 4 w= 9 
 0.05708661 0.4488189  0.35629921 0.13779528
 0.08464567 0.0019685  0.87992126 0.03346457
 0.06692913 0.72047244 0.21062992 0.0019685 
 0.0019685  0.08464567 0.91141732 0.0019685 
 0.0019685  0.05511811 0.05511811 0.88779528
 0.00590551 0.05511811 0.61811024 0.32086614
 0.00393701 0.20866142 0.56102362 0.22637795
 0.10826772 0.15354331 0.62007874 0.11811024
 0.1515748  0.45472441 0.26574803 0.12795276

MOTIF Mribo_l3_34
letter-probability matrix: alength= 4 w= 9 
 0.24942792 0.2791762  0.3180778  0.15331808
 0.05263158 0.02059497 0.23112128 0.69565217
 0.01144165 0.00228833 0.11212815 0.87414188
 0.20594966 0.08237986 0.16475973 0.54691076
 0.23112128 0.0617849  0.46224256 0.24485126
 0.25629291 0.3020595  0.25629291 0.18535469
 0.83524027 0.16018307 0.00228833 0.00228833
 0.07551487 0.54919908 0.36842105 0.00686499
 0.34782609 0.44851259 0.02974828 0.17391304

MOTIF Mribo_l3_35
letter-probability matrix: alength= 4 w= 9 
 0.25146199 0.17836257 0.10818713 0.4619883 
 0.00292398 0.9122807  0.08187135 0.00292398
 0.00292398 0.00292398 0.00292398 0.99122807
 0.00877193 0.37134503 0.60233918 0.01754386
 0.00877193 0.15789474 0.83040936 0.00292398
 0.00292398 0.04385965 0.93274854 0.02046784
 0.0877193  0.24853801 0.52339181 0.14035088
 0.10233918 0.32163743 0.37719298 0.19883041
 0.04678363 0.12280702 0.56432749 0.26608187

MOTIF Mribo_l3_36
letter-probability matrix: alength= 4 w= 9 
 0.35192308 0.49230769 0.04038462 0.11538462
 0.03076923 0.81346154 0.10576923 0.05      
 0.00576923 0.95384615 0.00192308 0.03846154
 0.13846154 0.11538462 0.73461538 0.01153846
 0.00192308 0.31153846 0.65576923 0.03076923
 0.08269231 0.35961538 0.01153846 0.54615385
 0.00192308 0.36538462 0.00192308 0.63076923
 0.125      0.70769231 0.02307692 0.14423077
 0.15192308 0.45576923 0.15384615 0.23846154

MOTIF Mribo_l3_37
letter-probability matrix: alength= 4 w= 9 
 0.37450199 0.05776892 0.20318725 0.36454183
 0.23306773 0.33266932 0.35657371 0.07768924
 0.13545817 0.37051793 0.20318725 0.29083665
 0.01792829 0.42828685 0.55179283 0.00199203
 0.49203187 0.00199203 0.50199203 0.00398406
 0.00199203 0.02988048 0.8247012  0.14342629
 0.02788845 0.82868526 0.14143426 0.00199203
 0.01992032 0.2749004  0.01992032 0.68525896
 0.10358566 0.17330677 0.5498008  0.17330677

MOTIF Mribo_l3_38
letter-probability matrix: alength= 4 w= 9 
 0.17209302 0.33023256 0.25813953 0.23953488
 0.02790698 0.10465116 0.1627907  0.70465116
 0.0255814  0.48372093 0.04883721 0.44186047
 0.16976744 0.00232558 0.8        0.02790698
 0.00232558 0.26046512 0.03488372 0.70232558
 0.00232558 0.00232558 0.01627907 0.97906977
 0.0255814  0.19069767 0.07209302 0.71162791
 0.05348837 0.69302326 0.16511628 0.08837209
 0.23953488 0.31627907 0.20697674 0.2372093 

MOTIF Mribo_l3_39
letter-probability matrix: alength= 4 w= 9 
 0.11157895 0.53684211 0.29263158 0.05894737
 0.09263158 0.14736842 0.32631579 0.43368421
 0.00210526 0.78315789 0.09052632 0.12421053
 0.01052632 0.10947368 0.87789474 0.00210526
 0.00210526 0.00210526 0.99368421 0.00210526
 0.00210526 0.00210526 0.84631579 0.14947368
 0.00210526 0.12631579 0.06105263 0.81052632
 0.10526316 0.50947368 0.19578947 0.18947368
 0.09894737 0.39578947 0.36842105 0.13684211

MOTIF Mribo_l3_40
letter-probability matrix: alength= 4 w= 9 
 0.27990971 0.08803612 0.48306998 0.1489842 
 0.21670429 0.12641084 0.52595937 0.13092551
 0.2979684  0.19413093 0.28442438 0.2234763 
 0.00225734 0.11738149 0.53724605 0.34311512
 0.00225734 0.02257336 0.06997743 0.90519187
 0.248307   0.74717833 0.00225734 0.00225734
 0.89841986 0.09255079 0.00225734 0.00677201
 0.00225734 0.06546275 0.65914221 0.2731377 
 0.21896163 0.17155756 0.43115124 0.17832957

MOTIF Mribo_l3_41
letter-probability matrix: alength= 4 w= 9 
 0.12060302 0.28894472 0.56532663 0.02512563
 0.17085427 0.00251256 0.00251256 0.8241206 
 0.00251256 0.02261307 0.25879397 0.7160804 
 0.19346734 0.2160804  0.41959799 0.17085427
 0.30653266 0.10301508 0.5879397  0.00251256
 0.07035176 0.13316583 0.63316583 0.16331658
 0.82914573 0.03015075 0.13819095 0.00251256
 0.07537688 0.03517588 0.59045226 0.29899497
 0.20603015 0.48994975 0.18844221 0.11557789

MOTIF Mribo_l3_42
letter-probability matrix: alength= 4 w= 9 
 0.21428571 0.34081633 0.40408163 0.04081633
 0.00204082 0.1244898  0.87142857 0.00204082
 0.15714286 0.78979592 0.05102041 0.00204082
 0.00204082 0.00204082 0.01428571 0.98163265
 0.01836735 0.06734694 0.90612245 0.00816327
 0.09183673 0.57755102 0.22857143 0.10204082
 0.50204082 0.49387755 0.00204082 0.00204082
 0.14081633 0.01020408 0.83877551 0.01020408
 0.25714286 0.38367347 0.20204082 0.15714286

MOTIF Mribo_l3_43
letter-probability matrix: alength= 4 w= 9 
 0.00208768 0.5302714  0.34237996 0.12526096
 0.00208768 0.00208768 0.94780793 0.0480167 
 0.00208768 0.99373695 0.00208768 0.00208768
 0.00208768 0.06680585 0.92901879 0.00208768
 0.00208768 0.09185804 0.9039666  0.00208768
 0.00208768 0.82463466 0.00208768 0.17118998
 0.00208768 0.36951983 0.4697286  0.15866388
 0.00208768 0.15240084 0.8434238  0.00208768
 0.1085595  0.31732777 0.41753653 0.1565762 

MOTIF Mribo_l3_44
letter-probability matrix: alength= 4 w= 9 
 0.14619883 0.3079922  0.38791423 0.15789474
 0.39766082 0.28654971 0.00194932 0.31384016
 0.00779727 0.27290448 0.48148148 0.23781676
 0.07017544 0.78557505 0.11306043 0.03118908
 0.15204678 0.02729045 0.81871345 0.00194932
 0.00194932 0.00194932 0.00194932 0.99415205
 0.01754386 0.6588694  0.13255361 0.19103314
 0.08576998 0.15204678 0.63937622 0.12280702
 0.21247563 0.3625731  0.26315789 0.16179337

MOTIF Mribo_l3_45
letter-probability matrix: alength= 4 w= 9 
 0.19760479 0.44011976 0.23952096 0.12275449
 0.17065868 0.59281437 0.2245509  0.01197605
 0.00598802 0.47005988 0.00299401 0.52095808
 0.2005988  0.02095808 0.00299401 0.7754491 
 0.08383234 0.00299401 0.2994012  0.61377246
 0.0988024  0.79041916 0.00299401 0.10778443
 0.00299401 0.03892216 0.00299401 0.95508982
 0.00299401 0.13173653 0.84730539 0.01796407
 0.11077844 0.28143713 0.37125749 0.23652695

MOTIF Mribo_l3_46
letter-probability matrix: alength= 4 w= 9 
 0.14065511 0.15606936 0.44315992 0.26011561
 0.25818882 0.31213873 0.00770713 0.42196532
 0.18111753 0.24470135 0.3256262  0.24855491
 0.00192678 0.22157996 0.73603083 0.04046243
 0.00192678 0.34296724 0.65317919 0.00192678
 0.0539499  0.00192678 0.00192678 0.94219653
 0.01541426 0.00192678 0.76300578 0.21965318
 0.71098266 0.22543353 0.00770713 0.05587669
 0.2504817  0.14065511 0.4238921  0.1849711 

MOTIF Mribo_l3_47
letter-probability matrix: alength= 4 w= 9 
 0.04970179 0.5526839  0.35984095 0.03777336
 0.00397614 0.3499006  0.63419483 0.01192843
 0.15109344 0.84493042 0.00198807 0.00198807
 0.20874751 0.61829026 0.00198807 0.17097416
 0.00198807 0.99403579 0.00198807 0.00198807
 0.00198807 0.00198807 0.99005964 0.00596421
 0.07554672 0.88866799 0.03379722 0.00198807
 0.03976143 0.30218688 0.57852883 0.07952286
 0.1749503  0.42544732 0.25646123 0.14314115

MOTIF Mribo_l3_48
letter-probability matrix: alength= 4 w= 9 
 0.15139442 0.29482072 0.23705179 0.31673307
 0.20916335 0.05577689 0.00199203 0.73306773
 0.21912351 0.33067729 0.40039841 0.0498008 
 0.19322709 0.69322709 0.07370518 0.03984064
 0.10159363 0.60756972 0.07370518 0.21713147
 0.25498008 0.72111554 0.00796813 0.01593625
 0.63346614 0.10159363 0.05378486 0.21115538
 0.33266932 0.6374502  0.02788845 0.00199203
 0.2749004  0.31075697 0.24501992 0.16932271

MOTIF Mribo_l3_49
letter-probability matrix: alength= 4 w= 9 
 0.21387283 0.15028902 0.39306358 0.24277457
 0.02119461 0.0655106  0.1194605  0.7938343 
 0.44123314 0.39884393 0.09248555 0.06743738
 0.14258189 0.68400771 0.17148362 0.00192678
 0.27360308 0.00385356 0.68015414 0.04238921
 0.21965318 0.01348748 0.27745665 0.4894027 
 0.17726397 0.06936416 0.31213873 0.44123314
 0.36801541 0.06165703 0.14065511 0.42967245
 0.12524085 0.47591522 0.21194605 0.18689788

MOTIF Mribo_l3_50
letter-probability matrix: alength= 4 w= 9 
 0.22485207 0.22485207 0.36489152 0.18540434
 0.66666667 0.00394477 0.09467456 0.234714  
 0.67455621 0.00197239 0.30966469 0.01380671
 0.00197239 0.00197239 0.99408284 0.00197239
 0.06903353 0.4852071  0.44378698 0.00197239
 0.71794872 0.16568047 0.00197239 0.11439842
 0.00197239 0.59763314 0.18343195 0.21696252
 0.13806706 0.18540434 0.46942801 0.20710059
 0.07889546 0.28402367 0.42998028 0.20710059

MOTIF Mribo_l3_51
letter-probability matrix: alength= 4 w= 9 
 0.0744921  0.11286682 0.38826185 0.42437923
 0.00902935 0.58239278 0.09480813 0.31376975
 0.01580135 0.00225734 0.09255079 0.88939052
 0.0993228  0.20767494 0.6772009  0.01580135
 0.06997743 0.13092551 0.78781038 0.01128668
 0.90970655 0.00225734 0.08577878 0.00225734
 0.15575621 0.02708804 0.81489842 0.00225734
 0.38600451 0.23476298 0.21896163 0.16027088
 0.26185102 0.12641084 0.41760722 0.19413093

MOTIF Mribo_l3_52
letter-probability matrix: alength= 4 w= 9 
 0.20576923 0.10576923 0.62884615 0.05961538
 0.00192308 0.93846154 0.05769231 0.00192308
 0.975      0.01730769 0.00576923 0.00192308
 0.00192308 0.10961538 0.88461538 0.00384615
 0.13846154 0.83846154 0.00192308 0.02115385
 0.00192308 0.00192308 0.63076923 0.36538462
 0.00192308 0.23461538 0.56923077 0.19423077
 0.07692308 0.41730769 0.25769231 0.24807692
 0.03269231 0.37884615 0.41730769 0.17115385

MOTIF Mribo_l3_53
letter-probability matrix: alength= 4 w= 9 
 0.12967033 0.16263736 0.37362637 0.33406593
 0.6043956  0.07472527 0.17362637 0.14725275
 0.72747253 0.26813187 0.0021978  0.0021978 
 0.07032967 0.78241758 0.07252747 0.07472527
 0.0021978  0.99340659 0.0021978  0.0021978 
 0.23076923 0.21538462 0.55164835 0.0021978 
 0.45274725 0.09450549 0.09230769 0.36043956
 0.25934066 0.22637363 0.44175824 0.07252747
 0.11868132 0.34285714 0.34725275 0.19120879

MOTIF Mribo_l3_54
letter-probability matrix: alength= 4 w= 9 
 0.37017995 0.33933162 0.24164524 0.04884319
 0.03598972 0.86632391 0.09511568 0.00257069
 0.02056555 0.20565553 0.04113111 0.73264781
 0.00257069 0.29305913 0.21336761 0.49100257
 0.218509   0.11053985 0.66838046 0.00257069
 0.00257069 0.62210797 0.37275064 0.00257069
 0.30077121 0.06683805 0.6066838  0.02570694
 0.11311054 0.3496144  0.42159383 0.11568123
 0.12596401 0.34190231 0.24164524 0.29048843

MOTIF Mribo_l3_55
letter-probability matrix: alength= 4 w= 9 
 0.14249364 0.11195929 0.25954198 0.48600509
 0.10178117 0.3307888  0.44020356 0.12722646
 0.02798982 0.67938931 0.28244275 0.01017812
 0.96692112 0.01526718 0.01017812 0.00763359
 0.01017812 0.94147583 0.04580153 0.00254453
 0.043257   0.18320611 0.76335878 0.01017812
 0.00763359 0.17048346 0.49363868 0.32824427
 0.06615776 0.39949109 0.08905852 0.44529262
 0.08905852 0.20356234 0.58524173 0.1221374 

MOTIF Mribo_l3_56
letter-probability matrix: alength= 4 w= 9 
 0.2839196  0.34673367 0.11557789 0.25376884
 0.80904523 0.1281407  0.03768844 0.02512563
 0.07537688 0.42713568 0.46231156 0.03517588
 0.00251256 0.00753769 0.35175879 0.63819095
 0.00251256 0.41959799 0.39447236 0.18341709
 0.04020101 0.23869347 0.10552764 0.61557789
 0.42211055 0.15075377 0.34422111 0.08291457
 0.03517588 0.01256281 0.3718593  0.58040201
 0.18341709 0.50753769 0.05276382 0.25628141

MOTIF Mribo_l3_57
letter-probability matrix: alength= 4 w= 9 
 0.26153846 0.13269231 0.28461538 0.32115385
 0.16538462 0.03269231 0.46153846 0.34038462
 0.09423077 0.18076923 0.00192308 0.72307692
 0.175      0.69230769 0.06923077 0.06346154
 0.37884615 0.00192308 0.025      0.59423077
 0.00192308 0.56538462 0.42692308 0.00576923
 0.12884615 0.00192308 0.33269231 0.53653846
 0.19038462 0.35576923 0.07115385 0.38269231
 0.17307692 0.30769231 0.27115385 0.24807692

MOTIF Mribo_l3_58
letter-probability matrix: alength= 4 w= 9 
 0.16591928 0.20403587 0.21076233 0.41928251
 0.17040359 0.69058296 0.05381166 0.08520179
 0.34753363 0.06726457 0.12556054 0.45964126
 0.21076233 0.00224215 0.77802691 0.00896861
 0.00224215 0.0044843  0.61434978 0.37892377
 0.12780269 0.5896861  0.25784753 0.02466368
 0.57847534 0.02914798 0.34529148 0.0470852 
 0.88116592 0.05381166 0.03587444 0.02914798
 0.21076233 0.21076233 0.37668161 0.20179372

MOTIF Mribo_l3_59
letter-probability matrix: alength= 4 w= 9 
 0.04133858 0.18110236 0.69291339 0.08464567
 0.0019685  0.73425197 0.26181102 0.0019685 
 0.02362205 0.34251969 0.34055118 0.29330709
 0.02952756 0.08661417 0.83661417 0.04724409
 0.02559055 0.11417323 0.12204724 0.73818898
 0.0019685  0.59645669 0.3996063  0.0019685 
 0.53346457 0.02559055 0.23818898 0.20275591
 0.43700787 0.00984252 0.54527559 0.00787402
 0.18307087 0.08070866 0.6003937  0.13582677

MOTIF Mribo_l3_60
letter-probability matrix: alength= 4 w= 9 
 0.24756335 0.27875244 0.31384016 0.15984405
 0.0545809  0.79727096 0.00194932 0.14619883
 0.03703704 0.00194932 0.95711501 0.00389864
 0.00389864 0.24756335 0.24756335 0.50097466
 0.00194932 0.71345029 0.02729045 0.25730994
 0.27095517 0.582846   0.00194932 0.14424951
 0.02923977 0.56530214 0.34502924 0.06042885
 0.03898635 0.7797271  0.06237817 0.11890838
 0.31578947 0.208577   0.39376218 0.08187135

MOTIF Mribo_l3_61
letter-probability matrix: alength= 4 w= 9 
 0.09343936 0.19085487 0.39761431 0.31809145
 0.07952286 0.54671968 0.25248509 0.12127237
 0.01988072 0.88667992 0.09145129 0.00198807
 0.00198807 0.00198807 0.97813121 0.01789264
 0.04373757 0.95228628 0.00198807 0.00198807
 0.00198807 0.1888668  0.80715706 0.00198807
 0.00198807 0.99403579 0.00198807 0.00198807
 0.30417495 0.45725646 0.1749503  0.06361829
 0.1471173  0.26838966 0.45924453 0.12524851

MOTIF Mribo_l3_62
letter-probability matrix: alength= 4 w= 9 
 0.09127789 0.35091278 0.4989858  0.05882353
 0.04056795 0.26369168 0.4158215  0.27991886
 0.05679513 0.89249493 0.04868154 0.0020284 
 0.19472617 0.32657201 0.46855984 0.01014199
 0.88843813 0.0020284  0.06896552 0.04056795
 0.19066937 0.29006085 0.21298174 0.30628803
 0.01622718 0.04259635 0.90669371 0.03448276
 0.0020284  0.14401623 0.82150101 0.03245436
 0.06693712 0.39553753 0.31237323 0.22515213

MOTIF Mribo_l3_63
letter-probability matrix: alength= 4 w= 9 
 0.31889764 0.16732283 0.30511811 0.20866142
 0.03149606 0.05511811 0.91141732 0.0019685 
 0.1515748  0.68307087 0.0019685  0.16338583
 0.00590551 0.99015748 0.0019685  0.0019685 
 0.01771654 0.95669291 0.0019685  0.02362205
 0.04133858 0.8976378  0.0019685  0.05905512
 0.05905512 0.0019685  0.84645669 0.09251969
 0.12795276 0.5984252  0.21259843 0.06102362
 0.13188976 0.37795276 0.33267717 0.15748031

MOTIF Mribo_l3_64
letter-probability matrix: alength= 4 w= 9 
 0.04230769 0.49423077 0.46153846 0.00192308
 0.40192308 0.09807692 0.40961538 0.09038462
 0.00192308 0.19230769 0.64807692 0.15769231
 0.00192308 0.00192308 0.99423077 0.00192308
 0.00192308 0.81538462 0.17115385 0.01153846
 0.00576923 0.00769231 0.64038462 0.34615385
 0.00192308 0.00192308 0.93076923 0.06538462
 0.13269231 0.825      0.00384615 0.03846154
 0.23653846 0.16730769 0.37115385 0.225     

MOTIF Mribo_l3_65
letter-probability matrix: alength= 4 w= 9 
 0.00873362 0.77292576 0.13318777 0.08515284
 0.00218341 0.01528384 0.9279476  0.05458515
 0.00873362 0.59606987 0.37772926 0.01746725
 0.00218341 0.03930131 0.02401747 0.93449782
 0.00218341 0.48689956 0.46069869 0.05021834
 0.00218341 0.05895197 0.67467249 0.26419214
 0.00218341 0.82751092 0.15065502 0.01965066
 0.13100437 0.37117904 0.16157205 0.33624454
 0.1768559  0.19650655 0.48253275 0.1441048 

MOTIF Mribo_l3_66
letter-probability matrix: alength= 4 w= 9 
 0.06326034 0.18248175 0.74452555 0.00973236
 0.36982968 0.40632603 0.18248175 0.04136253
 0.28223844 0.3163017  0.31143552 0.09002433
 0.10462287 0.00243309 0.02189781 0.87104623
 0.00243309 0.37226277 0.00243309 0.62287105
 0.00243309 0.48418491 0.00243309 0.51094891
 0.20681265 0.05109489 0.64476886 0.0973236 
 0.08029197 0.59367397 0.03163017 0.29440389
 0.10462287 0.33333333 0.26520681 0.29683698

MOTIF Mribo_l3_67
letter-probability matrix: alength= 4 w= 9 
 0.15436242 0.36689038 0.1409396  0.33780761
 0.01789709 0.01118568 0.00223714 0.96868009
 0.04250559 0.18120805 0.00894855 0.76733781
 0.02013423 0.61073826 0.02237136 0.34675615
 0.00223714 0.34451902 0.12304251 0.53020134
 0.03579418 0.63310962 0.32885906 0.00223714
 0.46756152 0.34675615 0.02237136 0.16331096
 0.41163311 0.20805369 0.3557047  0.0246085 
 0.09619687 0.40715884 0.18344519 0.31319911

MOTIF Mribo_l3_68
letter-probability matrix: alength= 4 w= 9 
 0.12987013 0.39480519 0.26233766 0.21298701
 0.0025974  0.0025974  0.42077922 0.57402597
 0.00779221 0.37402597 0.32727273 0.29090909
 0.0025974  0.74285714 0.25194805 0.0025974 
 0.0025974  0.02077922 0.01558442 0.96103896
 0.0025974  0.0025974  0.0025974  0.99220779
 0.21818182 0.0025974  0.22337662 0.55584416
 0.06233766 0.55844156 0.05194805 0.32727273
 0.27532468 0.21818182 0.07012987 0.43636364

MOTIF Mribo_l3_69
letter-probability matrix: alength= 4 w= 9 
 0.00204499 0.3803681  0.61554192 0.00204499
 0.00204499 0.00204499 0.99386503 0.00204499
 0.00204499 0.99386503 0.00204499 0.00204499
 0.00204499 0.14110429 0.69325153 0.16359918
 0.02453988 0.30265849 0.60531697 0.06748466
 0.00204499 0.91820041 0.00204499 0.07770961
 0.11247444 0.24130879 0.35787321 0.28834356
 0.00613497 0.29652352 0.6400818  0.05725971
 0.01840491 0.14928425 0.81595092 0.01635992

MOTIF Mribo_l3_70
letter-probability matrix: alength= 4 w= 9 
 0.16714697 0.26224784 0.3832853  0.18731988
 0.11239193 0.05475504 0.28242075 0.55043228
 0.00288184 0.25072046 0.04610951 0.70028818
 0.25072046 0.30259366 0.00288184 0.44380403
 0.06628242 0.34293948 0.01729107 0.57348703
 0.36599424 0.2074928  0.42363112 0.00288184
 0.07492795 0.09510086 0.53025937 0.29971182
 0.38616715 0.00288184 0.00576369 0.60518732
 0.29971182 0.0778098  0.24783862 0.37463977

MOTIF Mribo_l3_71
letter-probability matrix: alength= 4 w= 9 
 0.01986755 0.01103753 0.87637969 0.09271523
 0.02649007 0.55187638 0.41942605 0.00220751
 0.00220751 0.36865342 0.14348786 0.48565121
 0.00662252 0.49889625 0.49227373 0.00220751
 0.00220751 0.75275938 0.24282561 0.00220751
 0.18101545 0.81456954 0.00220751 0.00220751
 0.00220751 0.00441501 0.99116998 0.00220751
 0.03752759 0.76379691 0.16335541 0.03532009
 0.09492274 0.50772627 0.28476821 0.11258278

MOTIF Mribo_l3_72
letter-probability matrix: alength= 4 w= 9 
 0.02534562 0.67741935 0.27880184 0.01843318
 0.00230415 0.00230415 0.16589862 0.82949309
 0.00230415 0.93317972 0.03917051 0.02534562
 0.00230415 0.91935484 0.07603687 0.00230415
 0.50691244 0.33870968 0.00230415 0.15207373
 0.00230415 0.74423963 0.00230415 0.25115207
 0.00230415 0.71198157 0.17281106 0.11290323
 0.0875576  0.19354839 0.33179724 0.38709677
 0.06912442 0.45852535 0.29262673 0.1797235 

MOTIF Mribo_l3_73
letter-probability matrix: alength= 4 w= 9 
 0.22754491 0.40918164 0.32734531 0.03592814
 0.34131737 0.03393214 0.00598802 0.61876248
 0.03992016 0.00399202 0.61277445 0.34331337
 0.07784431 0.05788423 0.86227545 0.00199601
 0.00199601 0.14570858 0.84830339 0.00399202
 0.01796407 0.55489022 0.01596806 0.41117764
 0.07185629 0.57285429 0.34530938 0.00998004
 0.05588822 0.03193613 0.64870259 0.26347305
 0.15369261 0.36726547 0.33732535 0.14171657

MOTIF Mribo_l3_74
letter-probability matrix: alength= 4 w= 9 
 0.10025063 0.47869674 0.37343358 0.04761905
 0.11528822 0.50877193 0.25814536 0.11779449
 0.20802005 0.78696742 0.00250627 0.00250627
 0.27819549 0.06766917 0.11528822 0.53884712
 0.35087719 0.16541353 0.39598997 0.0877193 
 0.05263158 0.76691729 0.01253133 0.1679198 
 0.02255639 0.00250627 0.15789474 0.81704261
 0.62406015 0.09774436 0.03759398 0.2406015 
 0.26817043 0.26817043 0.23558897 0.22807018

MOTIF Mribo_l3_75
letter-probability matrix: alength= 4 w= 9 
 0.25699746 0.29516539 0.17302799 0.27480916
 0.00763359 0.61068702 0.0178117  0.36386768
 0.26463104 0.00254453 0.48091603 0.2519084 
 0.00254453 0.44020356 0.18066158 0.37659033
 0.40966921 0.45801527 0.08142494 0.05089059
 0.17811705 0.00254453 0.38931298 0.43002545
 0.00254453 0.04580153 0.33333333 0.61832061
 0.00763359 0.1043257  0.12722646 0.76081425
 0.20610687 0.24681934 0.25445293 0.29262087

MOTIF Mribo_l3_76
letter-probability matrix: alength= 4 w= 9 
 0.45576923 0.04423077 0.27884615 0.22115385
 0.175      0.275      0.44423077 0.10576923
 0.50576923 0.00576923 0.375      0.11346154
 0.00192308 0.64038462 0.35576923 0.00192308
 0.00192308 0.43461538 0.53076923 0.03269231
 0.05769231 0.71923077 0.16538462 0.05769231
 0.00192308 0.29038462 0.41346154 0.29423077
 0.00384615 0.15384615 0.84038462 0.00192308
 0.03269231 0.55576923 0.37115385 0.04038462

MOTIF Mribo_l3_77
letter-probability matrix: alength= 4 w= 9 
 0.03877551 0.59795918 0.27142857 0.09183673
 0.10612245 0.06122449 0.37959184 0.45306122
 0.00204082 0.00204082 0.96938776 0.02653061
 0.37346939 0.40612245 0.18367347 0.03673469
 0.00204082 0.38571429 0.59591837 0.01632653
 0.05510204 0.41020408 0.00204082 0.53265306
 0.00408163 0.59387755 0.4        0.00204082
 0.04285714 0.08163265 0.29183673 0.58367347
 0.26326531 0.28163265 0.25918367 0.19591837

MOTIF Mribo_l3_78
letter-probability matrix: alength= 4 w= 9 
 0.29828326 0.19313305 0.1695279  0.33905579
 0.04935622 0.57081545 0.05150215 0.32832618
 0.1695279  0.00214592 0.70386266 0.12446352
 0.00214592 0.00643777 0.10944206 0.88197425
 0.00214592 0.77253219 0.22317597 0.00214592
 0.07939914 0.13304721 0.45064378 0.33690987
 0.18025751 0.06866953 0.00643777 0.74463519
 0.06437768 0.5472103  0.29184549 0.09656652
 0.25536481 0.31759657 0.27038627 0.15665236

MOTIF Mribo_l3_79
letter-probability matrix: alength= 4 w= 9 
 0.10404624 0.48554913 0.40462428 0.00578035
 0.00385356 0.46242775 0.4026975  0.13102119
 0.00192678 0.00192678 0.95375723 0.04238921
 0.00192678 0.3256262  0.00192678 0.67052023
 0.00192678 0.95183044 0.02697495 0.01926782
 0.05202312 0.04046243 0.84393064 0.06358382
 0.00192678 0.94990366 0.04624277 0.00192678
 0.06165703 0.45279383 0.40462428 0.08092486
 0.08863198 0.60115607 0.1849711  0.12524085

MOTIF Mribo_l3_80
letter-probability matrix: alength= 4 w= 9 
 0.15444015 0.1988417  0.57722008 0.06949807
 0.13706564 0.66795367 0.19305019 0.0019305 
 0.05984556 0.74131274 0.07722008 0.12162162
 0.00772201 0.97490347 0.01544402 0.0019305 
 0.0019305  0.003861   0.99227799 0.0019305 
 0.85907336 0.13706564 0.0019305  0.0019305 
 0.19498069 0.06756757 0.70849421 0.02895753
 0.22779923 0.23745174 0.4034749  0.13127413
 0.13513514 0.52123552 0.24131274 0.1023166 

MOTIF Mribo_l3_81
letter-probability matrix: alength= 4 w= 9 
 0.07142857 0.27489177 0.39177489 0.26190476
 0.03463203 0.09307359 0.24242424 0.62987013
 0.12987013 0.0021645  0.79004329 0.07792208
 0.02380952 0.46753247 0.50649351 0.0021645 
 0.19264069 0.03463203 0.0021645  0.77056277
 0.14285714 0.74025974 0.11471861 0.0021645 
 0.0021645  0.62121212 0.37229437 0.004329  
 0.01731602 0.47619048 0.504329   0.0021645 
 0.06493506 0.62337662 0.11255411 0.1991342 

MOTIF Mribo_l3_82
letter-probability matrix: alength= 4 w= 9 
 0.43847875 0.21252796 0.31543624 0.03355705
 0.28411633 0.16107383 0.51677852 0.03803132
 0.39149888 0.35794183 0.24161074 0.00894855
 0.76733781 0.00223714 0.22818792 0.00223714
 0.57270694 0.00223714 0.42281879 0.00223714
 0.79642058 0.06040268 0.08501119 0.05816555
 0.36912752 0.03803132 0.52572707 0.06711409
 0.99105145 0.00223714 0.00223714 0.00447427
 0.46085011 0.049217   0.34228188 0.14765101

MOTIF Mribo_l3_83
letter-probability matrix: alength= 4 w= 9 
 0.17121588 0.20595533 0.58808933 0.03473945
 0.27047146 0.29032258 0.40942928 0.02977667
 0.29280397 0.3573201  0.26799007 0.08188586
 0.05707196 0.7866005  0.13647643 0.01985112
 0.58312655 0.01985112 0.08188586 0.31513648
 0.86104218 0.02729529 0.02729529 0.08436725
 0.00744417 0.06203474 0.38957816 0.54094293
 0.34739454 0.40694789 0.04466501 0.20099256
 0.2853598  0.20595533 0.29032258 0.21836228

MOTIF Mribo_l3_84
letter-probability matrix: alength= 4 w= 9 
 0.04564315 0.1659751  0.78630705 0.00207469
 0.07883817 0.04979253 0.53112033 0.34024896
 0.00414938 0.44813278 0.5        0.04771784
 0.00207469 0.00207469 0.99377593 0.00207469
 0.00207469 0.99377593 0.00207469 0.00207469
 0.00207469 0.00207469 0.99377593 0.00207469
 0.00207469 0.63070539 0.34232365 0.02489627
 0.08506224 0.50622407 0.19917012 0.20954357
 0.19917012 0.2219917  0.39004149 0.18879668

MOTIF Mribo_l3_85
letter-probability matrix: alength= 4 w= 9 
 0.1106383  0.3212766  0.55531915 0.01276596
 0.71914894 0.17021277 0.04893617 0.06170213
 0.26170213 0.35106383 0.38510638 0.00212766
 0.00212766 0.33191489 0.65744681 0.00851064
