MEME version 5.3.0

ALPHABET= ACGT

strands: + -

Background letter frequencies
A 0.25 C 0.25 G 0.25 T 0.25

MOTIF human_l3_f_0
letter-probability matrix: alength= 4 w= 9 
 0.21303696 0.38886114 0.30494505 0.09315684
 0.27122877 0.07142857 0.6500999  0.00724276
 0.08266733 0.05444555 0.81018981 0.0526973 
 0.0044955  0.21778222 0.70579421 0.07192807
 0.06268731 0.09240759 0.48576424 0.35914086
 0.00949051 0.07217782 0.43981019 0.47852148
 0.33841159 0.27497502 0.36388611 0.02272727
 0.2982018  0.3006993  0.28496503 0.11613387
 0.23526474 0.27722278 0.20754246 0.27997003

MOTIF human_l3_f_1
letter-probability matrix: alength= 4 w= 9 
 0.52097902 0.07492507 0.38011988 0.02397602
 0.16208791 0.30544456 0.16008991 0.37237762
 0.11338661 0.24075924 0.28096903 0.36488511
 0.70779221 0.16058941 0.12012987 0.01148851
 0.25949051 0.07267732 0.11613387 0.5516983 
 0.50749251 0.00824176 0.48126873 0.002997  
 0.05744256 0.04045954 0.71978022 0.18231768
 0.22927073 0.33941059 0.2957043  0.13561439
 0.21303696 0.10714286 0.47827173 0.20154845

MOTIF human_l3_f_2
letter-probability matrix: alength= 4 w= 9 
 0.13150609 0.39424142 0.19905869 0.2751938 
 0.58194906 0.02297896 0.36683278 0.0282392 
 0.31090808 0.39784053 0.23449612 0.05675526
 0.16251384 0.49501661 0.18881506 0.15365449
 0.33305648 0.54955703 0.08222591 0.03516058
 0.00359911 0.51633444 0.08693245 0.393134  
 0.02740864 0.23283499 0.70376523 0.03599114
 0.22591362 0.40919158 0.15974529 0.2051495 
 0.13565891 0.42192691 0.13289037 0.30952381

MOTIF human_l3_f_3
letter-probability matrix: alength= 4 w= 9 
 0.11833418 0.10360589 0.31843575 0.45962417
 0.17775521 0.37531742 0.3103098  0.13661757
 0.39309294 0.50787202 0.09852717 0.00050787
 0.45708481 0.02996445 0.40426612 0.10868461
 0.4464195  0.42559675 0.07821229 0.04977146
 0.3067547  0.27932961 0.06551549 0.3484002 
 0.13864906 0.08989335 0.32910107 0.44235653
 0.00253936 0.01726765 0.65617064 0.32402235
 0.06246826 0.03707466 0.74911122 0.15134586

MOTIF human_l3_f_4
letter-probability matrix: alength= 4 w= 9 
 0.61437047 0.1090969  0.12030323 0.1562294 
 4.69676994e-01 3.29597891e-04 3.95517469e-03 5.26038233e-01
 3.29597891e-04 3.29597891e-04 5.01647989e-01 4.97692815e-01
 0.05537245 0.11535926 0.78740936 0.04185893
 0.30586684 0.35003296 0.11568886 0.22841134
 0.09492419 0.1872116  0.37310481 0.34475939
 0.21621622 0.29334212 0.19017798 0.30026368
 0.19116678 0.29235333 0.35102175 0.16545814
 0.24588003 0.39255109 0.1713909  0.19017798

MOTIF human_l3_f_5
letter-probability matrix: alength= 4 w= 9 
 0.52662407 0.12992545 0.10463259 0.23881789
 0.18210863 0.06602769 0.0798722  0.67199148
 0.07960596 0.05404686 0.50399361 0.36235357
 0.40282215 0.08093717 0.3455804  0.17066028
 0.35782748 0.20127796 0.01038339 0.43051118
 0.07241747 0.14270501 0.41746539 0.36741214
 0.24920128 0.24547391 0.42838126 0.07694356
 0.31336528 0.11608094 0.23535676 0.33519702
 0.35170394 0.12832801 0.19408946 0.32587859

MOTIF human_l3_f_6
letter-probability matrix: alength= 4 w= 9 
 0.36763237 0.39785215 0.22427572 0.01023976
 0.2475025  0.33041958 0.28396603 0.13811189
 0.2495005  0.42632368 0.14235764 0.18181818
 0.12537463 0.23201798 0.48201798 0.16058941
 0.02747253 0.36263736 0.31618382 0.29370629
 2.49750250e-04 4.40559441e-01 4.05094905e-01 1.54095904e-01
 0.03671329 0.22002997 0.58741259 0.15584416
 0.06693307 0.17382617 0.50649351 0.25274725
 0.07917083 0.14535465 0.53971029 0.23576424

MOTIF human_l3_f_7
letter-probability matrix: alength= 4 w= 9 
 0.06991127 0.02769562 0.02662006 0.87577306
 1.62947029e-01 6.18445819e-03 2.68889486e-04 8.30599624e-01
 0.03146007 0.01640226 0.02500672 0.92713095
 5.91556870e-03 2.68889486e-04 2.60285023e-01 7.33530519e-01
 4.78623286e-02 5.37778973e-04 2.67276150e-01 6.84323743e-01
 0.26243614 0.00537779 0.07690239 0.65528368
 0.22909384 0.00268889 0.10029578 0.66792148
 0.20489379 0.08254907 0.05431568 0.65824146
 0.28529175 0.09653133 0.08308685 0.53509008

MOTIF human_l3_f_8
letter-probability matrix: alength= 4 w= 9 
 0.34429825 0.24780702 0.27741228 0.13048246
 0.12445175 0.26836623 0.40789474 0.19928728
 0.01096491 0.5720943  0.28536184 0.13157895
 0.01864035 0.22203947 0.01754386 0.74177632
 0.43969298 0.09868421 0.40597588 0.05564693
 0.54961623 0.36211623 0.06332237 0.02494518
 0.14391447 0.37938596 0.36513158 0.11156798
 0.44243421 0.25082237 0.03508772 0.2716557 
 0.21737939 0.23547149 0.10690789 0.44024123

MOTIF human_l3_f_9
letter-probability matrix: alength= 4 w= 9 
 1.07033639e-02 2.54841998e-04 6.88073394e-03 9.82161060e-01
 2.07951070e-01 9.93883792e-03 2.54841998e-04 7.81855250e-01
 0.02522936 0.03669725 0.27930683 0.65876656
 2.90519878e-02 2.54841998e-04 5.35168196e-03 9.65341488e-01
 0.54485219 0.01019368 0.41437309 0.03058104
 0.02471967 0.004842   0.01172273 0.9587156 
 2.54841998e-04 2.54841998e-03 6.11620795e-02 9.36034659e-01
 0.19571865 0.01121305 0.16615698 0.62691131
 0.10321101 0.04969419 0.15570846 0.69138634

MOTIF human_l3_f_10
letter-probability matrix: alength= 4 w= 9 
 0.31749403 0.17069286 0.13963366 0.37217945
 0.10379612 0.00637112 0.13989912 0.74993363
 0.16485267 0.19325723 0.10512344 0.53676666
 0.02574993 0.75126095 0.05495089 0.16803823
 0.35412795 0.16936554 0.2476772  0.22882931
 0.24183701 0.00822936 0.37271038 0.37722325
 0.11680382 0.03477568 0.06344571 0.78497478
 0.180515   0.01858243 0.43164322 0.36925936
 0.09211574 0.07831165 0.23201487 0.59755774

MOTIF human_l3_f_11
letter-probability matrix: alength= 4 w= 9 
 0.10718152 0.12883436 0.59833995 0.16564417
 0.105738   0.33561891 0.12955612 0.42908697
 0.27499098 0.08516781 0.54889931 0.0909419 
 3.48610610e-01 3.60880549e-04 6.50667629e-01 3.60880549e-04
 0.03284013 0.1595092  0.63334536 0.1743053 
 0.01515698 0.28256947 0.33345363 0.36881992
 0.33525803 0.24828582 0.1577048  0.25875135
 0.16492241 0.17141826 0.36448935 0.29916997
 0.20064958 0.13316492 0.57416095 0.09202454

MOTIF human_l3_f_12
letter-probability matrix: alength= 4 w= 9 
 0.08716629 0.01415246 0.07172724 0.826954  
 0.18044387 0.09971052 0.30363461 0.416211  
 0.02605339 0.04856867 0.06947572 0.85590222
 0.10807334 0.29977485 0.1724027  0.41974912
 0.08780959 0.61209392 0.03956256 0.26053393
 0.22450949 0.12833709 0.08137665 0.56577678
 0.63911225 0.05210679 0.0302348  0.27854616
 0.33193953 0.11836603 0.04310068 0.50659376
 0.28272757 0.17561917 0.09778064 0.44387263

MOTIF human_l3_f_13
letter-probability matrix: alength= 4 w= 9 
 0.24287548 0.18973042 0.43080873 0.13658537
 0.32400513 0.20308087 0.02567394 0.44724005
 0.55661104 0.04775353 0.17612323 0.2195122 
 0.01129653 0.00564827 0.65750963 0.32554557
 0.08061617 0.02644416 0.0254172  0.86752246
 0.08985879 0.13299101 0.56174583 0.21540436
 0.55455712 0.0267009  0.03928113 0.37946085
 0.54017972 0.17098845 0.06238768 0.22644416
 0.15121951 0.0860077  0.05571245 0.70706033

MOTIF human_l3_f_14
letter-probability matrix: alength= 4 w= 9 
 0.56665645 0.08979467 0.32730616 0.01624272
 0.40085811 0.12473184 0.38492185 0.0894882 
 0.49341097 0.21054245 0.16518541 0.13086117
 0.7680049  0.07140668 0.15966902 0.0009194 
 0.42813362 0.05455103 0.20012259 0.31719277
 0.07018082 0.1762182  0.17008888 0.58351211
 0.52344468 0.1296353  0.23843089 0.10848912
 0.19031566 0.13024824 0.01317806 0.66625804
 0.35611401 0.11339258 0.1854122  0.34508121

MOTIF human_l3_f_15
letter-probability matrix: alength= 4 w= 9 
 0.2992383  0.23531012 0.22143634 0.24401523
 0.2750272  0.2491839  0.19341676 0.28237214
 0.17002176 0.24319913 0.17219804 0.41458107
 2.72034820e-04 5.44069641e-04 2.72034820e-04 9.98911861e-01
 6.68389554e-01 2.72034820e-04 3.31066376e-01 2.72034820e-04
 8.19912949e-01 2.72034820e-04 1.79542982e-01 2.72034820e-04
 0.01196953 0.44912949 0.06202394 0.47687704
 0.2007617  0.23340588 0.36207835 0.20375408
 0.281284   0.17791077 0.18471164 0.35609358

MOTIF human_l3_f_16
letter-probability matrix: alength= 4 w= 9 
 0.58551308 0.17077465 0.07620724 0.16750503
 0.37600604 0.08450704 0.34859155 0.19089537
 0.0472837  0.24673038 0.24622736 0.45975855
 0.00201207 0.14562374 0.25427565 0.59808853
 0.0915493  0.10487928 0.29351107 0.51006036
 0.09657948 0.11569416 0.28797787 0.49974849
 0.52188129 0.17027163 0.09481891 0.21302817
 0.25075453 0.08425553 0.20623742 0.45875252
 0.12399396 0.1360664  0.45296781 0.28697183

MOTIF human_l3_f_17
letter-probability matrix: alength= 4 w= 9 
 0.01915913 0.63597658 0.04204364 0.30282065
 2.26450239e-01 5.79563598e-01 1.93720064e-01 2.66098989e-04
 0.27993614 0.33901011 0.22591804 0.15513571
 0.07610431 0.55934007 0.25944651 0.1051091 
 0.17562533 0.36668441 0.04124534 0.41644492
 0.04204364 0.42708888 0.19957424 0.33129324
 0.00319319 0.64316126 0.29536988 0.05827568
 0.01011176 0.46248004 0.43001597 0.09739223
 0.20835551 0.42256519 0.2637041  0.1053752 

MOTIF human_l3_f_18
letter-probability matrix: alength= 4 w= 9 
 0.50127291 0.11659878 0.18559063 0.19653768
 0.12169043 0.1700611  0.29887984 0.40936864
 0.21410387 0.07942974 0.33248473 0.37398167
 0.64867617 0.05804481 0.02698574 0.26629328
 0.05906314 0.08273931 0.03156823 0.82662933
 0.25280041 0.02087576 0.375      0.35132383
 0.23421589 0.09215886 0.57281059 0.10081466
 0.06033605 0.10997963 0.5697556  0.25992872
 0.32255601 0.0740835  0.3240835  0.27927699

MOTIF human_l3_f_19
letter-probability matrix: alength= 4 w= 9 
 0.23145318 0.28507919 0.25006946 0.23339817
 0.46318422 0.14253959 0.29758266 0.09669353
 0.29258127 0.10558488 0.18032787 0.42150597
 0.2522923  0.21894971 0.46846346 0.06029453
 0.50652959 0.05251459 0.23145318 0.20950264
 0.08224507 0.16838011 0.20561267 0.54376216
 0.04445679 0.1147541  0.7254793  0.11530981
 0.20116699 0.22478466 0.39844401 0.17560433
 0.30091692 0.11614337 0.33175882 0.25118088

MOTIF human_l3_f_20
letter-probability matrix: alength= 4 w= 9 
 0.13027295 0.24689826 0.26054591 0.36228288
 0.58064516 0.00124069 0.00372208 0.41439206
 0.24193548 0.08312655 0.3573201  0.31761787
 0.27171216 0.36600496 0.02109181 0.34119107
 0.0248139  0.41687345 0.41687345 0.14143921
 0.92555831 0.01364764 0.0471464  0.01364764
 0.06699752 0.26923077 0.24193548 0.42183623
 0.08312655 0.33995037 0.12034739 0.45657568
 0.35111663 0.32754342 0.17493797 0.14640199

MOTIF human_l3_f_21
letter-probability matrix: alength= 4 w= 9 
 0.15975264 0.38752899 0.37078073 0.08193764
 0.11775316 0.41252255 0.37902602 0.09069827
 0.07214635 0.41406854 0.50012883 0.01365627
 1.13630508e-01 2.57665550e-04 8.85854161e-01 2.57665550e-04
 0.07858799 0.25715022 0.58335481 0.08090698
 0.0456068  0.85544963 0.03839217 0.0605514 
 0.32723525 0.03839217 0.60628704 0.02808554
 0.03091987 0.29889204 0.42566349 0.24452461
 0.02293223 0.23808297 0.67250709 0.06647771

MOTIF human_l3_f_22
letter-probability matrix: alength= 4 w= 9 
 0.22077922 0.09565435 0.65534466 0.02822178
 3.40159840e-01 2.49750250e-04 6.56593407e-01 2.99700300e-03
 0.17382617 0.43181818 0.254995   0.13936064
 0.11463536 0.48551449 0.12412587 0.27572428
 0.59015984 0.04395604 0.13986014 0.22602398
 0.11238761 0.29145854 0.26573427 0.33041958
 0.14685315 0.04470529 0.70579421 0.10264735
 0.28571429 0.38586414 0.11038961 0.21803197
 0.15234765 0.30044955 0.23476523 0.31243756

MOTIF human_l3_f_23
letter-probability matrix: alength= 4 w= 9 
 0.1491009  0.23926074 0.53096903 0.08066933
 0.16808192 0.2032967  0.34340659 0.28521479
 0.12412587 0.05194805 0.29995005 0.52397602
 0.07217782 0.09365634 0.6466034  0.18756244
 0.19655345 0.27897103 0.11388611 0.41058941
 0.18281718 0.71503497 0.05344655 0.0487013 
 0.03346653 0.4473027  0.04045954 0.47877123
 0.25974026 0.41008991 0.00874126 0.32142857
 0.3503996  0.31268731 0.03596404 0.30094905

MOTIF human_l3_f_24
letter-probability matrix: alength= 4 w= 9 
 0.49314024 0.17327236 0.26219512 0.07139228
 0.13313008 0.04852642 0.2652439  0.55309959
 0.02413618 0.04979675 0.09832317 0.8277439 
 3.59247967e-01 2.54065041e-04 2.15447154e-01 4.25050813e-01
 0.08206301 0.06986789 0.3691565  0.4789126 
 0.1097561  0.09044715 0.01803862 0.78175813
 0.76295732 0.05132114 0.0777439  0.10797764
 0.4695122 0.0101626 0.2390752 0.28125  
 0.32444106 0.07596545 0.24314024 0.35645325

MOTIF human_l3_f_25
letter-probability matrix: alength= 4 w= 9 
 0.31360785 0.15053177 0.36978457 0.16607581
 0.31960731 0.17316608 0.28442869 0.22279793
 0.23752386 0.19852741 0.15762203 0.4063267 
 8.48104718e-01 2.72702482e-04 7.41750750e-02 7.74475048e-02
 5.45404963e-04 2.18161985e-03 6.08126534e-02 9.36460322e-01
 0.07335697 0.00463594 0.88082902 0.04117807
 0.34769566 0.21679847 0.19525498 0.24025089
 0.2418871  0.15762203 0.36514862 0.23534224
 0.22225252 0.14671394 0.3626943  0.26833924

MOTIF human_l3_f_26
letter-probability matrix: alength= 4 w= 9 
 0.5758638  0.05232849 0.34677016 0.02503756
 0.43189785 0.15748623 0.32573861 0.08487732
 0.3329995  0.38883325 0.13820731 0.13995994
 0.80520781 0.06509765 0.11842764 0.0112669 
 0.4323986  0.10215323 0.02028042 0.44516775
 0.14096144 0.29193791 0.43790686 0.12919379
 0.52929394 0.01251878 0.33074612 0.12744116
 0.11767651 0.18202303 0.20105158 0.49924887
 0.30971457 0.09614422 0.50901352 0.08512769

MOTIF human_l3_f_27
letter-probability matrix: alength= 4 w= 9 
 0.09532428 0.36199095 0.13031674 0.41236802
 0.2561086  0.27511312 0.38642534 0.08235294
 0.09200603 0.773454   0.04464555 0.08989442
 0.12307692 0.29803922 0.01508296 0.5638009 
 0.0546003  0.72428356 0.14781297 0.07330317
 0.31312217 0.05550528 0.19969834 0.43167421
 0.56591252 0.0760181  0.3239819  0.03408748
 0.12669683 0.19457014 0.25339367 0.42533937
 0.55143288 0.25037707 0.10135747 0.09683258

MOTIF human_l3_f_28
letter-probability matrix: alength= 4 w= 9 
 0.08379447 0.06482213 0.49328063 0.35810277
 0.07193676 0.59051383 0.1770751  0.16047431
 0.27272727 0.36996047 0.28063241 0.07667984
 0.27035573 0.54071146 0.00711462 0.18181818
 0.14387352 0.69644269 0.00158103 0.15810277
 0.10592885 0.66166008 0.0055336  0.22687747
 0.02687747 0.48537549 0.08142292 0.40632411
 0.13675889 0.23478261 0.45849802 0.16996047
 0.00474308 0.38656126 0.29881423 0.30988142

MOTIF human_l3_f_29
letter-probability matrix: alength= 4 w= 9 
 0.26747174 0.17034943 0.37204522 0.19013361
 0.04496403 0.21428571 0.12692703 0.61382323
 0.00847893 0.48741007 0.05241521 0.45169579
 5.13874615e-04 6.01233299e-02 5.53699897e-01 3.85662898e-01
 0.10765673 0.03340185 0.83299075 0.02595067
 0.47944502 0.00668037 0.3946557  0.11921891
 0.51798561 0.11998972 0.24717369 0.11485098
 0.34301131 0.04496403 0.34480987 0.2672148 
 0.22918808 0.18268243 0.29033916 0.29779034

MOTIF human_l3_f_30
letter-probability matrix: alength= 4 w= 9 
 0.0382935  0.05345669 0.13132871 0.7769211 
 0.14546389 0.03289643 0.40452326 0.41711642
 0.11976356 0.28244667 0.10639938 0.49139039
 0.72577744 0.0460036  0.00179902 0.22641994
 0.09894629 0.06810589 0.31688512 0.51606271
 0.23772809 0.41480339 0.10871241 0.2387561 
 0.44076073 0.24363917 0.1613981  0.154202  
 0.20817271 0.22025186 0.01413518 0.55744025
 0.11462349 0.1308147  0.13235672 0.62220509

MOTIF human_l3_f_31
letter-probability matrix: alength= 4 w= 9 
 0.61169368 0.07435653 0.2478551  0.06609469
 0.13250715 0.07785192 0.25865904 0.53098189
 0.16269463 0.00571973 0.82872577 0.00285987
 0.33301557 0.03018748 0.4588497  0.17794725
 0.2993327  0.00762631 0.22116301 0.47187798
 0.01080394 0.02764538 0.82141722 0.14013346
 0.1680966  0.09882428 0.60311408 0.12996505
 0.27073403 0.073721   0.53701938 0.11852558
 0.23609787 0.13187162 0.37178265 0.26024786

MOTIF human_l3_f_32
letter-probability matrix: alength= 4 w= 9 
 0.5632994  0.0284521  0.34377447 0.06447403
 0.23335944 0.27016445 0.16366484 0.33281128
 0.24614983 0.50039154 0.18037066 0.07308797
 9.04202558e-01 2.61028452e-04 9.34481859e-02 2.08822762e-03
 0.41503524 0.05168363 0.0605586  0.47272253
 0.20751762 0.11667972 0.57843905 0.09736361
 0.56434351 0.14983033 0.11772383 0.16810232
 0.20151397 0.14304359 0.13625685 0.51918559
 0.11981206 0.10388932 0.59958235 0.17671626

MOTIF human_l3_f_33
letter-probability matrix: alength= 4 w= 9 
 0.06371681 0.13038348 0.44247788 0.36342183
 0.31356932 0.08849558 0.45693215 0.14100295
 2.94985251e-04 2.51032448e-01 1.69616519e-01 5.79056047e-01
 0.00235988 0.06902655 0.73746313 0.19115044
 0.01976401 0.20058997 0.47964602 0.3       
 0.0020649  0.49144543 0.44660767 0.05988201
 0.05781711 0.48672566 0.12241888 0.33303835
 0.27256637 0.15014749 0.46047198 0.11681416
 0.06755162 0.479941   0.2259587  0.22654867

MOTIF human_l3_f_34
letter-probability matrix: alength= 4 w= 9 
 0.4341045  0.17208214 0.24902521 0.14478815
 0.40005199 0.37379776 0.12737198 0.09877827
 0.69716662 0.0922797  0.20119574 0.00935794
 0.49415129 0.11489472 0.0595269  0.33142709
 0.12087341 0.07174422 0.28671692 0.52066545
 0.48349363 0.00077983 0.50766831 0.00805823
 0.16246426 0.09097998 0.19131791 0.55523785
 0.17832077 0.13569015 0.62880166 0.05718742
 0.1068365  0.14894723 0.42630621 0.31791006

MOTIF human_l3_f_35
letter-probability matrix: alength= 4 w= 9 
 0.12013084 0.14451383 0.14600059 0.58935474
 0.0166518  0.05501041 0.14689266 0.78144514
 0.05203687 0.00267618 0.00475766 0.94052929
 0.08415106 0.09366637 0.42848647 0.3936961 
 0.20695807 0.02824859 0.10080285 0.66399048
 0.27267321 0.07523045 0.35414808 0.29794826
 7.16027357e-01 2.97353553e-04 2.65536723e-01 1.81385668e-02
 0.5646744  0.01784121 0.12221231 0.29527208
 0.28129646 0.07641986 0.05709188 0.58519179

MOTIF human_l3_f_36
letter-probability matrix: alength= 4 w= 9 
 0.1028971  0.35739261 0.37087912 0.16883117
 0.13161838 0.36138861 0.44405594 0.06293706
 0.03771229 0.83141858 0.0024975  0.12837163
 1.36613387e-01 8.38911089e-01 2.42257742e-02 2.49750250e-04
 0.20054945 0.59390609 0.04645355 0.15909091
 0.01073926 0.57317682 0.12262737 0.29345654
 0.03371628 0.61363636 0.13361638 0.21903097
 0.33841159 0.34165834 0.24400599 0.07592408
 0.05594406 0.49250749 0.13261738 0.31893107

MOTIF human_l3_f_37
letter-probability matrix: alength= 4 w= 9 
 0.27480315 0.07139108 0.45249344 0.20131234
 0.16614173 0.27585302 0.19868766 0.35931759
 0.23753281 0.17821522 0.16377953 0.42047244
 0.57034121 0.10839895 0.25275591 0.06850394
 0.23097113 0.47874016 0.20104987 0.08923885
 0.60866142 0.05616798 0.16929134 0.16587927
 0.35564304 0.05958005 0.03333333 0.55144357
 0.0519685  0.02965879 0.59475066 0.32362205
 0.01968504 0.14776903 0.59055118 0.24199475

MOTIF human_l3_f_38
letter-probability matrix: alength= 4 w= 9 
 0.72222222 0.01736111 0.13648504 0.12393162
 0.04166667 0.01709402 0.37152778 0.56971154
 0.00721154 0.13167735 0.0042735  0.85683761
 0.27377137 0.03926282 0.19257479 0.49439103
 0.09214744 0.12286325 0.0357906  0.74919872
 0.65384615 0.08012821 0.10817308 0.15785256
 0.08012821 0.14049145 0.18536325 0.59401709
 0.12606838 0.24599359 0.21848291 0.40945513
 0.1517094  0.1028312  0.38087607 0.36458333

MOTIF human_l3_f_39
letter-probability matrix: alength= 4 w= 9 
 0.02945187 0.01990728 0.4177802  0.53286065
 0.11589855 0.14644123 0.05617671 0.6814835 
 0.07362967 0.01581674 0.1426234  0.76793019
 0.04117807 0.00381783 0.13689665 0.81810744
 0.01745296 0.03872375 0.19034633 0.75347696
 0.00299973 0.0220889  0.24325061 0.73166076
 0.00599945 0.01990728 0.29179166 0.68230161
 0.0657213  0.0332697  0.77338424 0.12762476
 0.11698936 0.14016908 0.31633488 0.42650668

MOTIF human_l3_f_40
letter-probability matrix: alength= 4 w= 9 
 0.11873351 0.42480211 0.39050132 0.06596306
 0.14775726 0.00263852 0.31134565 0.53825858
 0.00263852 0.00263852 0.99208443 0.00263852
 0.00263852 0.01583113 0.54881266 0.43271768
 0.01846966 0.54617414 0.20580475 0.22955145
 0.44591029 0.00263852 0.50131926 0.05013193
 0.0474934  0.27440633 0.0817942  0.59630607
 0.08707124 0.7994723  0.05013193 0.06332454
 0.31398417 0.40633245 0.08443272 0.19525066

MOTIF human_l3_f_41
letter-probability matrix: alength= 4 w= 9 
 0.71601513 0.04287516 0.22925599 0.01185372
 0.27490542 0.07868852 0.09609079 0.55031526
 0.18839849 0.06103405 0.49836066 0.25220681
 0.38713745 0.09482976 0.08650694 0.43152585
 0.25498108 0.15737705 0.10491803 0.48272383
 0.09054224 0.18083228 0.42900378 0.29962169
 0.34905422 0.30668348 0.07994956 0.26431274
 0.09735183 0.17906683 0.24136192 0.48221942
 0.33467844 0.1480454  0.08247163 0.43480454

MOTIF human_l3_f_42
letter-probability matrix: alength= 4 w= 9 
 0.14635365 0.11163836 0.18406593 0.55794206
 0.11138861 0.06418581 0.29420579 0.53021978
 0.04470529 0.05144855 0.36763237 0.53621379
 0.00374625 0.40809191 0.06493506 0.52322677
 0.00174825 0.43606394 0.01848152 0.54370629
 0.30719281 0.39185814 0.02647353 0.27447552
 0.05744256 0.12912088 0.13011988 0.68331668
 0.15509491 0.14735265 0.08241758 0.61513487
 0.27322677 0.42332667 0.07142857 0.23201798

MOTIF human_l3_f_43
letter-probability matrix: alength= 4 w= 9 
 0.12701252 0.57960644 0.14669052 0.14669052
 0.58318426 0.13297555 0.23196184 0.05187835
 0.39594514 0.26774001 0.2856291  0.05068575
 0.24627311 0.39773405 0.19677996 0.15921288
 0.22182469 0.34048897 0.43589744 0.00178891
 0.17113894 0.05724508 0.6332737  0.13834228
 5.96302922e-04 4.71079308e-02 7.34645200e-01 2.17650566e-01
 5.96302922e-04 5.96302922e-04 8.52116875e-01 1.46690519e-01
 0.00954085 0.35241503 0.38878951 0.24925462

MOTIF human_l3_f_44
letter-probability matrix: alength= 4 w= 9 
 0.19662638 0.40231621 0.18328298 0.21777442
 7.90030211e-01 1.46022155e-02 1.95115811e-01 2.51762336e-04
 0.29405841 0.30740181 0.12865055 0.26988922
 0.19712991 0.16465257 0.48036254 0.15785498
 0.75553877 0.04506546 0.17673716 0.02265861
 0.06394763 0.18856999 0.00125881 0.74622356
 0.04506546 0.05689829 0.74924471 0.14879154
 0.18655589 0.28851964 0.25881168 0.26611279
 0.20795569 0.38141994 0.21223565 0.19838872

MOTIF human_l3_f_45
letter-probability matrix: alength= 4 w= 9 
 0.13965778 0.36059386 0.27956719 0.22018118
 0.10845496 0.30900856 0.43809763 0.14443885
 1.97030700e-01 3.47257172e-02 7.67991948e-01 2.51635632e-04
 0.06693508 0.29617514 0.27126321 0.36562657
 0.02214394 0.26144942 0.61575239 0.10065425
 0.29567187 0.15400101 0.48641168 0.06391545
 0.41469552 0.08329139 0.08656266 0.41545043
 0.18746855 0.05108203 0.68092602 0.0805234 
 0.14469049 0.28761953 0.35656769 0.21112229

MOTIF human_l3_f_46
letter-probability matrix: alength= 4 w= 9 
 0.0293117  0.14027741 0.23370845 0.59670243
 0.09578644 0.33028003 0.04449097 0.52944255
 0.09447789 0.14708192 0.1308558  0.6275844 
 0.00889819 0.15545669 0.06254907 0.77309605
 0.0541743  0.03088197 0.18162785 0.73331589
 0.04658466 0.14524993 0.14917561 0.65898979
 0.00785135 0.1421094  0.04658466 0.80345459
 0.02119864 0.46113583 0.01596441 0.50170113
 0.08322429 0.11593824 0.0518189  0.74901858

MOTIF human_l3_f_47
letter-probability matrix: alength= 4 w= 9 
 0.29984932 0.24811652 0.35233551 0.09969864
 0.16599699 0.57408338 0.09392265 0.16599699
 0.11878453 0.19186339 0.26393772 0.42541436
 0.13284782 0.19161226 0.18056253 0.4949774 
 0.04520342 0.36715218 0.35786037 0.22978403
 0.01506781 0.45831241 0.3347564  0.19186339
 0.0183325  0.59969864 0.21044701 0.17152185
 0.06328478 0.82898041 0.05097941 0.0567554 
 0.09869412 0.54269211 0.1878453  0.17076846

MOTIF human_l3_f_48
letter-probability matrix: alength= 4 w= 9 
 0.37701928 0.28791037 0.06175091 0.27331944
 0.36294945 0.25482022 0.31057843 0.0716519 
 0.7915581  0.11334028 0.0278791  0.06722251
 0.09119333 0.18238666 0.13027619 0.59614382
 0.43329859 0.00807712 0.41714435 0.14147994
 0.26133403 0.00442939 0.31474726 0.41948932
 0.11125586 0.17144346 0.45883273 0.25846795
 0.19697759 0.03751954 0.58702449 0.17847837
 0.21573736 0.32907764 0.20505472 0.25013028

MOTIF human_l3_f_49
letter-probability matrix: alength= 4 w= 9 
 0.07610887 0.10282258 0.05519153 0.76587702
 0.08341734 0.03402218 0.15549395 0.72706653
 0.16078629 0.00655242 0.09904234 0.73361895
 2.52016129e-04 1.03326613e-02 4.89415323e-01 5.00000000e-01
 3.57862903e-02 7.56048387e-04 1.64818548e-01 7.98639113e-01
 0.05745968 0.11970766 0.10660282 0.71622984
 0.08770161 0.015625   0.85458669 0.04208669
 0.04662298 0.1968246  0.03150202 0.7250504 
 0.10534274 0.07560484 0.21471774 0.60433468

MOTIF human_l3_f_50
letter-probability matrix: alength= 4 w= 9 
 0.21028971 0.24225774 0.15484515 0.39260739
 0.38036963 0.41483516 0.03846154 0.16633367
 0.0536963  0.34115884 0.13086913 0.47427572
 1.52847153e-01 1.04895105e-02 2.49750250e-04 8.36413586e-01
 0.08566434 0.17432567 0.00124875 0.73876124
 0.06593407 0.20829171 0.01423576 0.71153846
 0.37737263 0.10264735 0.4532967  0.06668332
 0.01148851 0.13111888 0.1515984  0.70579421
 0.23126873 0.17057942 0.21278721 0.38536464

MOTIF human_l3_f_51
letter-probability matrix: alength= 4 w= 9 
 0.24855054 0.13687925 0.24224855 0.37232165
 0.16259138 0.03554323 0.04159314 0.76027225
 0.01008319 0.15477691 0.28636249 0.54877741
 1.00831863e-03 2.52079657e-04 2.52079657e-04 9.98487522e-01
 2.49810940e-01 2.52079657e-04 7.42626670e-01 7.31031006e-03
 8.65137383e-01 1.00831863e-03 1.33602218e-01 2.52079657e-04
 0.32140156 0.12200655 0.15956642 0.39702546
 0.35417192 0.08847996 0.19410134 0.36324679
 0.29518528 0.17065793 0.18502647 0.34913033

MOTIF human_l3_f_52
letter-probability matrix: alength= 4 w= 9 
 0.43256743 0.25799201 0.26548452 0.04395604
 0.53246753 0.06518482 0.35689311 0.04545455
 0.31543457 0.17657343 0.33516484 0.17282717
 0.42657343 0.21553447 0.23101898 0.12687313
 0.58391608 0.09440559 0.01673327 0.30494505
 0.00974026 0.03921079 0.31693307 0.63411588
 0.06043956 0.08666334 0.80919081 0.04370629
 0.17232767 0.16508492 0.4502997  0.21228771
 0.29095904 0.19355644 0.30894106 0.20654346

MOTIF human_l3_f_53
letter-probability matrix: alength= 4 w= 9 
 0.49100127 0.1373891  0.24055767 0.13105196
 0.14575412 0.29885932 0.12217997 0.43320659
 0.1130545  0.2608365  0.34169835 0.28441065
 0.28010139 0.07046895 0.14828897 0.50114068
 0.06539924 0.19543726 0.22357414 0.51558935
 2.28136882e-03 2.53485425e-04 8.97338403e-02 9.07731305e-01
 0.53003802 0.0139417  0.45449937 0.00152091
 0.86768061 0.00709759 0.12420786 0.00101394
 0.39062104 0.14854246 0.16375158 0.29708492

MOTIF human_l3_f_54
letter-probability matrix: alength= 4 w= 9 
 0.28745866 0.28949377 0.27550242 0.14754515
 0.14042228 0.40676673 0.14474688 0.30806411
 0.68379547 0.17374714 0.11091325 0.03154414
 0.55736454 0.01628084 0.42508268 0.00127194
 0.15339608 0.35588909 0.27753752 0.21317731
 0.26685322 0.29330959 0.15390486 0.28593233
 0.53777665 0.24802849 0.04935131 0.16484355
 0.00101755 0.28059018 0.18214195 0.53625032
 0.0129738  0.16179089 0.66700585 0.15822946

MOTIF human_l3_f_55
letter-probability matrix: alength= 4 w= 9 
 0.54912374 0.23207647 0.16277217 0.05602762
 0.5488582  0.12108338 0.29075943 0.03929899
 0.49097185 0.02708444 0.43255443 0.04938927
 0.19516729 0.23074881 0.30191184 0.27217207
 0.2984599  0.14020181 0.26340945 0.29792884
 0.64312268 0.00743494 0.19304302 0.15639936
 0.06824217 0.23579395 0.16542751 0.53053638
 0.10037175 0.06080722 0.59904408 0.23977695
 0.17100372 0.38635157 0.27270313 0.16994158

MOTIF human_l3_f_56
letter-probability matrix: alength= 4 w= 9 
 0.09344386 0.25973374 0.30394373 0.34287867
 4.39588043e-02 6.02863602e-03 5.02386335e-04 9.49510173e-01
 5.74227581e-01 2.83848279e-02 3.97136398e-01 2.51193168e-04
 6.30746044e-01 2.51193168e-04 3.22783220e-01 4.62195428e-02
 0.1542326  0.36222055 0.21401658 0.26953027
 0.14920874 0.257473   0.10524994 0.48806832
 0.2685255  0.11052499 0.38156242 0.23938709
 0.46269781 0.2979151  0.17709118 0.06229591
 0.16779704 0.15373022 0.18111027 0.49736247

MOTIF human_l3_f_57
letter-probability matrix: alength= 4 w= 9 
 0.16846307 0.28902196 0.38163673 0.16087824
 0.24710579 0.36087824 0.07984032 0.31217565
 0.53892216 0.09860279 0.30818363 0.05429142
 0.1992016  0.09860279 0.66187625 0.04031936
 0.48383234 0.00239521 0.09101796 0.42275449
 0.31656687 0.06427146 0.43592814 0.18323353
 0.05548902 0.00798403 0.7005988  0.23592814
 0.13013972 0.16806387 0.58163673 0.12015968
 0.05548902 0.15528942 0.6742515  0.11497006

MOTIF human_l3_f_58
letter-probability matrix: alength= 4 w= 9 
 0.35914086 0.14360639 0.27172827 0.22552448
 0.46153846 0.1515984  0.08966034 0.2972028 
 0.18106893 0.06643357 0.2017982  0.5506993 
 0.32367632 0.02322677 0.45254745 0.20054945
 0.28871129 0.01098901 0.01573427 0.68456543
 0.01323676 0.06493506 0.41383616 0.50799201
 0.41508492 0.06618382 0.30719281 0.21153846
 0.39085914 0.14635365 0.28271728 0.18006993
 0.10764236 0.12762238 0.12762238 0.63711289

MOTIF human_l3_f_59
letter-probability matrix: alength= 4 w= 9 
 0.58456376 0.28422819 0.08791946 0.04328859
 0.53825503 0.01442953 0.44194631 0.00536913
 0.7704698  0.15100671 0.07248322 0.00604027
 0.75134228 0.01677852 0.2204698  0.0114094 
 0.37852349 0.23489933 0.10637584 0.28020134
 0.38624161 0.25167785 0.10134228 0.26073826
 5.73825503e-01 3.35570470e-04 1.41946309e-01 2.83892617e-01
 0.07315436 0.2352349  0.09395973 0.59765101
 0.08355705 0.08926174 0.62550336 0.20167785

MOTIF human_l3_f_60
letter-probability matrix: alength= 4 w= 9 
 0.10474508 0.09868753 0.06057547 0.73599192
 0.23599192 0.06940939 0.25593135 0.43866734
 0.12014134 0.07193337 0.01993942 0.78798587
 0.61585058 0.00328117 0.24861181 0.13225644
 0.37582029 0.04139324 0.3412418  0.24154467
 0.37253912 0.02094902 0.21125694 0.39525492
 0.4656739  0.02826855 0.19560828 0.31044927
 0.41519435 0.13225644 0.15648662 0.29606259
 0.21832408 0.07218576 0.24028269 0.46920747

MOTIF human_l3_f_61
letter-probability matrix: alength= 4 w= 9 
 0.14403974 0.13874172 0.46456954 0.25264901
 0.12417219 0.44834437 0.17980132 0.24768212
 0.29503311 0.19172185 0.25298013 0.2602649 
 0.01523179 0.07483444 0.01854305 0.89139073
 0.17251656 0.30397351 0.18675497 0.33675497
 0.05860927 0.21655629 0.03708609 0.68774834
 0.6513245  0.01390728 0.28377483 0.05099338
 0.51456954 0.10430464 0.33675497 0.04437086
 0.71556291 0.05198675 0.15695364 0.07549669

MOTIF human_l3_f_62
letter-probability matrix: alength= 4 w= 9 
 0.29424011 0.23629424 0.17661346 0.29285219
 0.44552394 0.1981263  0.25988897 0.09646079
 0.56800833 0.27342124 0.07668286 0.08188758
 0.64018043 0.08535739 0.0999306  0.17453158
 0.59923664 0.17834837 0.08084663 0.14156836
 0.54233171 0.05100625 0.18320611 0.22345593
 5.65926440e-01 3.46981263e-04 1.57876475e-01 2.75850104e-01
 0.01526718 0.02116586 0.42331714 0.54024983
 0.10825815 0.21408744 0.54233171 0.13532269

MOTIF human_l3_f_63
letter-probability matrix: alength= 4 w= 9 
 0.08895539 0.73939064 0.15533188 0.01632209
 0.27067465 0.39309032 0.23993471 0.09630033
 0.04461371 0.49755169 0.39200218 0.06583243
 0.07752992 0.79434168 0.02774755 0.10038085
 0.26060936 0.23585419 0.32671382 0.17682263
 0.01360174 0.21653972 0.69423286 0.07562568
 0.00788901 0.75924918 0.15043526 0.08242655
 0.01768226 0.89254625 0.04597388 0.04379761
 0.08623504 0.57535365 0.18008705 0.15832427

MOTIF human_l3_f_64
letter-probability matrix: alength= 4 w= 9 
 0.29638183 0.3256351  0.15280985 0.22517321
 0.03964588 0.85796767 0.00923788 0.09314858
 0.26789838 0.08352579 0.3725943  0.27598152
 0.4060816  0.05504234 0.4026174  0.13625866
 0.15050038 0.82255581 0.00500385 0.02193995
 0.77829099 0.0469592  0.13510393 0.03964588
 0.38144727 0.1139338  0.47074673 0.03387221
 0.24249423 0.1947652  0.34488068 0.21785989
 0.34526559 0.41839877 0.15319477 0.08314088

MOTIF human_l3_f_65
letter-probability matrix: alength= 4 w= 9 
 0.54538442 0.06145539 0.38647467 0.00668552
 0.24993572 0.12419645 0.28336333 0.3425045 
 0.17896632 0.24659295 0.34919002 0.22525071
 5.42813062e-01 2.57135510e-04 3.93160195e-01 6.37696066e-02
 0.00539985 0.04731293 0.40215994 0.54512728
 2.57135510e-04 1.04911288e-01 8.22062227e-01 7.27693494e-02
 0.14296734 0.13602469 0.23939316 0.48161481
 0.07251221 0.39496014 0.25276421 0.27976344
 0.22859347 0.33041913 0.18822319 0.25276421

MOTIF human_l3_f_66
letter-probability matrix: alength= 4 w= 9 
 0.2027972  0.18181818 0.19805195 0.41733267
 0.02947053 0.01048951 0.10664336 0.8533966 
 0.03871129 0.02847153 0.54945055 0.38336663
 0.34815185 0.29270729 0.26073926 0.0984016 
 0.51523477 0.03546454 0.10114885 0.34815185
 0.43106893 0.1038961  0.01923077 0.4458042 
 0.28546454 0.13211788 0.0452048  0.53721279
 0.32792208 0.14135864 0.27772228 0.252997  
 0.25124875 0.12712288 0.36513487 0.25649351

MOTIF human_l3_f_67
letter-probability matrix: alength= 4 w= 9 
 0.24123989 0.05283019 0.34770889 0.35822102
 0.01078167 0.71832884 0.00404313 0.26684636
 0.05013477 0.02533693 0.52857143 0.39595687
 0.16603774 0.21859838 0.50215633 0.11320755
 0.19649596 0.0425876  0.24663073 0.51428571
 0.20592992 0.2180593  0.06765499 0.5083558 
 0.19002695 0.02884097 0.41859838 0.36253369
 0.04204852 0.15013477 0.21752022 0.5902965 
 0.22749326 0.1245283  0.31671159 0.33126685

MOTIF human_l3_f_68
letter-probability matrix: alength= 4 w= 9 
 0.16295868 0.23028027 0.13637677 0.47038428
 0.13782144 0.32678417 0.22681306 0.30858133
 2.88933834e-04 2.88933834e-04 1.64692285e-02 9.82952904e-01
 5.82201676e-01 2.88933834e-04 4.17220457e-01 2.88933834e-04
 5.98670904e-01 2.88933834e-04 4.00751228e-01 2.88933834e-04
 0.3834152  0.1895406  0.36781277 0.05923144
 0.16035828 0.14475585 0.43657902 0.25830685
 0.14822306 0.32476163 0.2135221  0.31349321
 0.27448714 0.34960994 0.14648945 0.22941346

MOTIF human_l3_f_69
letter-probability matrix: alength= 4 w= 9 
 0.25824321 0.06647323 0.05829596 0.6169876 
 0.11606436 0.04457927 0.28514904 0.55420733
 0.02057505 0.02664205 0.29121604 0.66156687
 0.13954102 0.0258507  0.23054603 0.60406225
 0.16064363 0.02848853 0.00896861 0.80189924
 0.10155632 0.01477183 0.12371406 0.75995779
 0.07491427 0.00316539 0.1458718  0.77604854
 0.06884727 0.12476919 0.09443419 0.71194935
 0.22500659 0.05222896 0.09759958 0.62516486

MOTIF human_l3_f_70
letter-probability matrix: alength= 4 w= 9 
 0.2922314  0.16958678 0.47966942 0.0585124 
 0.0122314  0.12165289 0.0446281  0.8214876 
 0.08892562 0.09752066 0.02578512 0.7877686 
 0.01057851 0.05917355 0.21983471 0.71041322
 0.00661157 0.02975207 0.21785124 0.74578512
 3.30578512e-04 6.61157025e-04 3.30578512e-04 9.98677686e-01
 0.11867769 0.11404959 0.37355372 0.39371901
 0.19008264 0.10842975 0.20066116 0.50082645
 0.21950413 0.08231405 0.03438017 0.66380165

MOTIF human_l3_f_71
letter-probability matrix: alength= 4 w= 9 
 0.37296196 0.2109375  0.16440217 0.25169837
 0.28125    0.18953804 0.25951087 0.26970109
 0.52105978 0.01970109 0.26970109 0.18953804
 0.04789402 0.22724185 0.2720788  0.45278533
 0.03023098 0.18851902 0.58288043 0.19836957
 0.16745924 0.05740489 0.26800272 0.50713315
 0.13043478 0.06623641 0.53566576 0.26766304
 0.60631793 0.07778533 0.1236413  0.19225543
 0.27785326 0.25       0.30774457 0.16440217

MOTIF human_l3_f_72
letter-probability matrix: alength= 4 w= 9 
 0.10839161 0.41083916 0.25024975 0.23051948
 0.1038961  0.43106893 0.33691309 0.12812188
 0.00124875 0.77672328 0.07967033 0.14235764
 4.99500500e-04 2.35514486e-01 4.47052947e-02 7.19280719e-01
 0.07667333 0.28246753 0.39585415 0.245005  
 0.02547453 0.28846154 0.43756244 0.2485015 
 0.15784216 0.2504995  0.58941059 0.00224775
 0.20529471 0.49425574 0.21053946 0.08991009
 0.05344655 0.44355644 0.15334665 0.34965035

MOTIF human_l3_f_73
letter-probability matrix: alength= 4 w= 9 
 0.4965358  0.19322556 0.24634334 0.0638953 
 0.49576597 0.25814729 0.11778291 0.12830382
 0.4629202  0.16756479 0.28303823 0.08647678
 0.61688478 0.11855273 0.11521683 0.14934565
 0.30484988 0.0703105  0.08134462 0.543495  
 0.24967924 0.02078522 0.44341801 0.28611753
 0.08493713 0.02591737 0.56428022 0.32486528
 0.15986656 0.25814729 0.54092892 0.04105722
 0.30998204 0.19912753 0.30048755 0.19040287

MOTIF human_l3_f_74
letter-probability matrix: alength= 4 w= 9 
 0.24300699 0.41758242 0.14635365 0.19305694
 0.00824176 0.4527972  0.18606394 0.3528971 
 0.03321678 0.73876124 0.02447552 0.20354645
 2.49750250e-04 2.67982018e-01 1.89810190e-02 7.12787213e-01
 6.29370629e-02 2.80969031e-01 2.49750250e-04 6.55844156e-01
 0.27322677 0.59265734 0.0516983  0.08241758
 7.16033966e-01 1.31368631e-01 2.49750250e-04 1.52347652e-01
 0.39685315 0.23676324 0.14485514 0.22152847
 0.37512488 0.28871129 0.18981019 0.14635365

MOTIF human_l3_f_75
letter-probability matrix: alength= 4 w= 9 
 0.46589752 0.24092297 0.14523244 0.14794706
 0.4041398  0.48795385 0.09365456 0.01425178
 0.65218867 0.02002036 0.29521547 0.0325755 
 0.49440109 0.3172718  0.09093994 0.09738717
 0.15507296 0.40753308 0.1652528  0.27214116
 0.5609094  0.22361724 0.21479471 0.00067866
 0.0844927  0.13165931 0.17305735 0.61079063
 1.20461486e-01 3.71224975e-01 5.07974211e-01 3.39328130e-04
 0.2979301  0.10179844 0.42789277 0.17237869

MOTIF human_l3_f_76
letter-probability matrix: alength= 4 w= 9 
 0.44992296 0.06163328 0.08936826 0.3990755 
 0.3651772  0.00154083 0.21879815 0.41448382
 0.03235747 0.00154083 0.39137134 0.57473035
 0.11710324 0.08320493 0.24191063 0.5577812 
 0.1540832  0.09399076 0.21263482 0.53929122
 0.11093991 0.00616333 0.2742681  0.60862866
 0.01078582 0.40832049 0.03543914 0.54545455
 0.06009245 0.31124807 0.59013867 0.0385208 
 0.23420647 0.20647149 0.201849   0.35747304

MOTIF human_l3_f_77
letter-probability matrix: alength= 4 w= 9 
 0.04048583 0.16252169 0.07692308 0.7200694 
 0.0410642  0.13504916 0.13418161 0.68970503
 0.08849046 0.00607287 0.33198381 0.57345286
 0.04424523 0.3340081  0.08502024 0.53672643
 0.26344708 0.05610179 0.32359746 0.35685367
 0.02024291 0.04742626 0.75130133 0.1810295 
 0.07779063 0.3470214  0.19086177 0.3843262 
 0.15037594 0.16888375 0.46761134 0.21312898
 0.27038751 0.27009832 0.11017929 0.34933488

MOTIF human_l3_f_78
letter-probability matrix: alength= 4 w= 9 
 0.21924417 0.195658   0.3336907  0.25140713
 0.03618333 0.12811579 0.03859555 0.79710533
 0.40498526 0.21763602 0.33529885 0.04207987
 0.71750201 0.04744036 0.20932726 0.02573037
 0.30796033 0.24631466 0.36290539 0.08281962
 0.02599839 0.20423479 0.58000536 0.18976146
 0.0402037  0.26480836 0.4738676  0.22112034
 0.15384615 0.04904851 0.36451354 0.4325918 
 0.28812651 0.25060306 0.28812651 0.17314393

MOTIF human_l3_f_79
letter-probability matrix: alength= 4 w= 9 
 0.13779929 0.29928681 0.28298523 0.27992868
 0.23917473 0.15817626 0.33138054 0.27126847
 0.15970453 0.39098319 0.10570555 0.34360672
 0.23688232 0.2552216  0.37315334 0.13474274
 0.12251656 0.39658686 0.25853286 0.22236373
 0.09118696 0.87009679 0.02750891 0.01120734
 0.05272542 0.69230769 0.23458991 0.02037697
 0.02037697 0.76209883 0.18364748 0.03387672
 0.04584819 0.71981661 0.2154865  0.0188487 

MOTIF human_l3_f_80
letter-probability matrix: alength= 4 w= 9 
 0.3402115  0.07583183 0.52385865 0.06009801
 0.02398762 0.28991488 0.24168171 0.44441579
 0.02914625 0.43513026 0.07789528 0.45782822
 0.06860975 0.57183389 0.22981687 0.12973949
 0.03662626 0.19860717 0.3451122  0.41965437
 0.55584215 0.29765282 0.07376838 0.07273665
 0.15811194 0.20634511 0.13386639 0.50167655
 0.13025535 0.32731493 0.09930359 0.44312613
 0.38354398 0.11374774 0.28011349 0.22259479

MOTIF human_l3_f_81
letter-probability matrix: alength= 4 w= 9 
 0.27355855 0.21640843 0.28295657 0.22707645
 0.13360427 0.10464821 0.42443485 0.33731267
 0.01016002 0.01879604 0.44170688 0.52933706
 0.07569215 0.00863602 0.75666751 0.15900432
 0.11099822 0.07670815 0.5984252  0.21386843
 0.51536703 0.26187452 0.1508763  0.07188214
 0.47345695 0.31038862 0.16687833 0.0492761 
 0.42722885 0.3507747  0.12420625 0.0977902 
 0.4523749  0.28270257 0.16891034 0.09601219

MOTIF human_l3_f_82
letter-probability matrix: alength= 4 w= 9 
 0.27155172 0.19318182 0.18142633 0.35384013
 0.12029781 0.04780564 0.02115987 0.81073668
 5.75626959e-01 3.91849530e-04 2.12382445e-01 2.11598746e-01
 0.41418495 0.03918495 0.52899687 0.01763323
 0.0015674  0.01489028 0.01371473 0.96982759
 0.68495298 0.0015674  0.29075235 0.02272727
 0.63401254 0.0015674  0.36363636 0.0007837 
 0.28644201 0.13597179 0.14733542 0.43025078
 0.23550157 0.15399687 0.19278997 0.4177116 

MOTIF human_l3_f_83
