MEME version 5.3.0

ALPHABET= ACGT

strands: + -

Background letter frequencies
A 0.25 C 0.25 G 0.25 T 0.25

MOTIF SiglTask_human_l3_f_0
letter-probability matrix: alength= 4 w= 9 
 0.34004024 0.20472837 0.32545272 0.12977867
 0.29778672 0.16901408 0.47283702 0.06036217
 4.85915493e-01 5.03018109e-04 5.13078471e-01 5.03018109e-04
 0.02012072 0.09004024 0.21126761 0.67857143
 0.04275654 0.12525151 0.722334   0.10965795
 0.42605634 0.02515091 0.47837022 0.07042254
 0.18410463 0.10110664 0.11418511 0.60060362
 0.11619718 0.09205231 0.77665996 0.01509054
 0.04024145 0.20975855 0.47032193 0.27967807

MOTIF SiglTask_human_l3_f_1
letter-probability matrix: alength= 4 w= 9 
 0.34020101 0.13969849 0.30954774 0.21055276
 0.24572864 0.31809045 0.22110553 0.21507538
 0.00904523 0.14673367 0.10904523 0.73517588
 3.83417085e-01 5.02512563e-04 4.52261307e-03 6.11557789e-01
 0.01959799 0.35829146 0.03668342 0.58542714
 0.01256281 0.4638191  0.09648241 0.42713568
 5.87939698e-02 7.58793970e-01 1.81909548e-01 5.02512563e-04
 0.24773869 0.02864322 0.38743719 0.3361809 
 0.05075377 0.20653266 0.33969849 0.40301508

MOTIF SiglTask_human_l3_f_2
letter-probability matrix: alength= 4 w= 9 
 0.1450677  0.35106383 0.23210832 0.27176015
 0.44294004 0.06382979 0.31528046 0.17794971
 0.08123791 0.30851064 0.14603482 0.46421663
 0.00096712 0.49419729 0.26208897 0.24274662
 0.26595745 0.33945841 0.05125725 0.34332689
 0.00096712 0.00096712 0.49806576 0.5       
 0.1827853  0.01547389 0.67891683 0.12282398
 0.20793037 0.16537718 0.62572534 0.00096712
 0.18665377 0.42359768 0.2959381  0.09381044

MOTIF SiglTask_human_l3_f_3
letter-probability matrix: alength= 4 w= 9 
 0.21052632 0.26315789 0.11403509 0.4122807 
 0.00877193 0.00877193 0.00877193 0.97368421
 0.94736842 0.00877193 0.01754386 0.02631579
 0.33333333 0.09649123 0.4122807  0.15789474
 0.19298246 0.78070175 0.01754386 0.00877193
 0.00877193 0.85087719 0.00877193 0.13157895
 0.05263158 0.00877193 0.92982456 0.00877193
 0.57017544 0.00877193 0.35964912 0.06140351
 0.15789474 0.21929825 0.11403509 0.50877193

MOTIF SiglTask_human_l3_f_4
letter-probability matrix: alength= 4 w= 9 
 0.26278481 0.27189873 0.07746835 0.3878481 
 0.42075949 0.13367089 0.40911392 0.0364557 
 0.68506329 0.0035443  0.28050633 0.03088608
 0.20253165 0.08759494 0.15139241 0.55848101
 0.1443038  0.04405063 0.6556962  0.15594937
 0.82582278 0.04050633 0.0364557  0.09721519
 0.22481013 0.00860759 0.06734177 0.69924051
 0.05924051 0.19240506 0.44708861 0.30126582
 0.41164557 0.37974684 0.13721519 0.07139241

MOTIF SiglTask_human_l3_f_5
letter-probability matrix: alength= 4 w= 9 
 0.04254254 0.08508509 0.08208208 0.79029029
 0.13363363 0.13663664 0.20970971 0.52002002
 0.0005005  0.24574575 0.32082082 0.43293293
 0.15265265 0.02452452 0.05805806 0.76476476
 5.00500501e-04 5.00500501e-04 4.45445445e-02 9.54454454e-01
 0.60610611 0.03703704 0.03303303 0.32382382
 0.48598599 0.05955956 0.1961962  0.25825826
 0.2012012  0.26976977 0.26726727 0.26176176
 0.36436436 0.26776777 0.21121121 0.15665666

MOTIF SiglTask_human_l3_f_6
letter-probability matrix: alength= 4 w= 9 
 0.35947368 0.27526316 0.22263158 0.14263158
 0.40473684 0.18157895 0.28842105 0.12526316
 0.47894737 0.30105263 0.19684211 0.02315789
 8.31052632e-01 4.21052632e-02 1.26315789e-01 5.26315789e-04
 0.00263158 0.14368421 0.02       0.83368421
 0.00631579 0.13       0.86       0.00368421
 0.33684211 0.26473684 0.27052632 0.12789474
 0.53210526 0.10842105 0.21157895 0.14789474
 0.59684211 0.17210526 0.17368421 0.05736842

MOTIF SiglTask_human_l3_f_7
letter-probability matrix: alength= 4 w= 9 
 0.2059684  0.42773552 0.28730252 0.07899356
 0.43007607 0.1544763  0.22586308 0.18958455
 0.07782329 0.38150965 0.11527209 0.42539497
 0.50204798 0.08074898 0.41661791 0.00058514
 0.41252194 0.05324751 0.53364541 0.00058514
 5.67583382e-02 7.71796372e-01 1.70860152e-01 5.85137507e-04
 0.00643651 0.63779988 0.10649503 0.24926858
 0.234055   0.36863663 0.17905208 0.21825629
 0.17086015 0.21299005 0.52603862 0.09011118

MOTIF SiglTask_human_l3_f_8
letter-probability matrix: alength= 4 w= 9 
 0.44660194 0.14734437 0.30382638 0.1022273 
 0.09822958 0.52255854 0.2552827  0.12392918
 0.86350657 0.01427756 0.09137636 0.03083952
 2.25014278e-01 5.71102227e-03 5.71102227e-04 7.68703598e-01
 0.27812678 0.26442033 0.00399772 0.45345517
 5.71102227e-04 7.21302113e-01 2.64991433e-01 1.31353512e-02
 0.07195888 0.04625928 0.16162193 0.72015991
 0.18560822 0.33752142 0.02798401 0.44888635
 0.17647059 0.29583095 0.06910337 0.45859509

MOTIF SiglTask_human_l3_f_9
letter-probability matrix: alength= 4 w= 9 
 0.26047261 0.26369495 0.29001074 0.1858217 
 0.27604726 0.45972073 0.15628357 0.10794844
 0.47690655 0.30236305 0.10687433 0.11385607
 0.57626208 0.05209452 0.2056928  0.16595059
 0.88184748 0.00644468 0.00483351 0.10687433
 5.37056928e-04 5.80021482e-02 7.89473684e-02 8.62513426e-01
 1.28893663e-01 5.37056928e-04 8.70032223e-01 5.37056928e-04
 0.27819549 0.06390977 0.35016112 0.30773362
 0.20139635 0.15252417 0.39312567 0.25295381

MOTIF SiglTask_human_l3_f_10
letter-probability matrix: alength= 4 w= 9 
 0.00748503 0.13772455 0.19860279 0.65618762
 0.00798403 0.10578842 0.45409182 0.43213573
 4.99001996e-04 1.49700599e-03 2.25049900e-01 7.72954092e-01
 4.99001996e-04 9.98003992e-04 2.25548902e-01 7.72954092e-01
 4.99001996e-04 2.25049900e-01 1.49700599e-03 7.72954092e-01
 4.99001996e-04 1.28742515e-01 1.99600798e-03 8.68762475e-01
 4.99001996e-04 4.99001996e-04 2.20059880e-01 7.78942116e-01
 1.38223553e-01 1.18762475e-01 4.99001996e-04 7.42514970e-01
 0.04840319 0.03892216 0.12674651 0.78592814

MOTIF SiglTask_human_l3_f_11
letter-probability matrix: alength= 4 w= 9 
 0.14851485 0.13705055 0.2642001  0.4502345 
 2.79833246e-01 5.21104742e-04 1.71964565e-01 5.47681084e-01
 0.27305888 0.09953101 0.34705576 0.28035435
 7.04012507e-01 5.21104742e-04 4.01250651e-02 2.55341324e-01
 0.1208963  0.02397082 0.27618551 0.57894737
 0.04220948 0.05315268 0.19697759 0.70766024
 0.22824388 0.08285565 0.38092757 0.3079729 
 0.00260552 0.02553413 0.34705576 0.62480459
 0.34340803 0.04273059 0.52006253 0.09379885

MOTIF SiglTask_human_l3_f_12
letter-probability matrix: alength= 4 w= 9 
 0.24550898 0.03742515 0.22055888 0.49650699
 0.01996008 0.07035928 0.31187625 0.59780439
 6.78642715e-02 1.80139721e-01 4.99001996e-04 7.51497006e-01
 0.18712575 0.00199601 0.01347305 0.79740519
 0.25748503 0.01896208 0.01297405 0.71057884
 7.27544910e-01 4.74051896e-02 4.99001996e-04 2.24550898e-01
 0.000499   0.21257485 0.29091816 0.49600798
 0.1506986  0.21107784 0.30938124 0.32884232
 0.49500998 0.19810379 0.13622754 0.17065868

MOTIF SiglTask_human_l3_f_13
letter-probability matrix: alength= 4 w= 9 
 0.11116965 0.44257113 0.13856691 0.30769231
 0.04109589 0.29768177 0.00316122 0.65806112
 0.72760801 0.04847208 0.18703899 0.03688093
 0.41359326 0.01053741 0.4947313  0.08113804
 0.09747102 0.04109589 0.53582719 0.3256059 
 0.07218124 0.02212856 0.12908325 0.77660695
 0.1833509  0.15384615 0.25500527 0.40779768
 0.43466807 0.10642782 0.28029505 0.17860906
 0.1227608  0.26765016 0.22708114 0.3825079 

MOTIF SiglTask_human_l3_f_14
letter-probability matrix: alength= 4 w= 9 
 0.47253886 0.0373057  0.22590674 0.2642487 
 0.08860104 0.11658031 0.10103627 0.69378238
 0.18549223 0.33316062 0.34870466 0.13264249
 0.79119171 0.0119171  0.18911917 0.00777202
 0.21554404 0.04455959 0.2626943  0.47720207
 0.08031088 0.32694301 0.01813472 0.5746114 
 0.44974093 0.04300518 0.18601036 0.32124352
 0.0492228  0.02020725 0.03834197 0.89222798
 0.67046632 0.01917098 0.28860104 0.02176166

MOTIF SiglTask_human_l3_f_15
letter-probability matrix: alength= 4 w= 9 
 0.21868687 0.28989899 0.22171717 0.26969697
 0.2020202  0.44949495 0.09393939 0.25454545
 0.22171717 0.09494949 0.02828283 0.65505051
 0.11262626 0.00050505 0.41818182 0.46868687
 6.06060606e-02 5.05050505e-04 8.33333333e-01 1.05555556e-01
 0.47575758 0.00050505 0.47525253 0.04848485
 0.45050505 0.11515152 0.34646465 0.08787879
 0.13888889 0.03181818 0.75959596 0.06969697
 0.17878788 0.26060606 0.33434343 0.22626263

MOTIF SiglTask_human_l3_f_16
letter-probability matrix: alength= 4 w= 9 
 0.14171657 0.20608782 0.25449102 0.39770459
 0.60778443 0.00548902 0.38123752 0.00548902
 0.00399202 0.00898204 0.71057884 0.27644711
 0.08832335 0.01546906 0.79141717 0.10479042
 0.36576846 0.19211577 0.25499002 0.18712575
 0.47704591 0.01596806 0.24001996 0.26696607
 0.22155689 0.00698603 0.08632735 0.68512974
 0.31287425 0.37175649 0.10379242 0.21157685
 0.11726547 0.27794411 0.18612774 0.41866267

MOTIF SiglTask_human_l3_f_17
letter-probability matrix: alength= 4 w= 9 
 0.36952909 0.15844875 0.12576177 0.34626039
 0.1933518  0.07313019 0.20166205 0.53185596
 0.37063712 0.12465374 0.13518006 0.36952909
 0.50747922 0.25096953 0.24099723 0.00055402
 0.40387812 0.0465374  0.45484765 0.09473684
 0.11246537 0.04875346 0.67590028 0.16288089
 8.99722992e-01 5.54016620e-04 9.52908587e-02 4.43213296e-03
 0.01828255 0.00554017 0.82382271 0.15235457
 0.77451524 0.00554017 0.05761773 0.16232687

MOTIF SiglTask_human_l3_f_18
letter-probability matrix: alength= 4 w= 9 
 0.26012918 0.03758074 0.60246624 0.09982384
 0.06694069 0.123899   0.37169701 0.4374633 
 5.87199060e-04 6.22431004e-01 7.10510863e-02 3.05930711e-01
 0.501468   0.07868467 0.14034058 0.27950675
 0.03523194 0.24192601 0.08338227 0.63945978
 0.33940106 0.01233118 0.03934234 0.60892543
 0.00763359 0.54961832 0.04580153 0.39694656
 0.17498532 0.03112155 0.42865531 0.36523782
 0.1873165  0.33352907 0.2513212  0.22783324

MOTIF SiglTask_human_l3_f_19
letter-probability matrix: alength= 4 w= 9 
 0.32817183 0.22177822 0.07292707 0.37712288
 0.35414585 0.17332667 0.09090909 0.38161838
 0.45854146 0.05344655 0.02997003 0.45804196
 6.75324675e-01 4.99500500e-04 4.99500500e-04 3.23676324e-01
 1.49850150e-03 4.99500500e-04 3.23676324e-01 6.74325674e-01
 0.04695305 0.04895105 0.85064935 0.05344655
 0.17482517 0.18731269 0.04945055 0.58841159
 0.11638362 0.04995005 0.39210789 0.44155844
 0.11838162 0.16383616 0.08941059 0.62837163

MOTIF SiglTask_human_l3_f_20
letter-probability matrix: alength= 4 w= 9 
 0.42814371 0.13922156 0.29640719 0.13622754
 0.44461078 0.000499   0.10928144 0.44560878
 0.39770459 0.000499   0.1501996  0.45159681
 0.50798403 0.00449102 0.10728543 0.38023952
 0.28393214 0.000499   0.31087824 0.40469062
 0.55588822 0.05139721 0.1252495  0.26746507
 0.76846307 0.09131737 0.02644711 0.11377246
 0.19211577 0.22654691 0.41417166 0.16716567
 0.07684631 0.39670659 0.29590818 0.23053892

MOTIF SiglTask_human_l3_f_21
letter-probability matrix: alength= 4 w= 9 
 0.4012572  0.2325825  0.07857517 0.28758512
 0.12257727 0.40649555 0.20953379 0.2613934 
 0.16605553 0.28339445 0.22734416 0.32320587
 5.23834468e-04 1.11576742e-01 7.10319539e-01 1.77579885e-01
 0.72393924 0.00523834 0.08695652 0.1838659 
 0.31691985 0.00052383 0.17967522 0.50288109
 8.51754845e-01 5.23834468e-04 3.66684128e-03 1.44054479e-01
 0.00628601 0.09062336 0.04609743 0.85699319
 0.06652698 0.386066   0.39444735 0.15295966

MOTIF SiglTask_human_l3_f_22
letter-probability matrix: alength= 4 w= 9 
 0.20612356 0.29305631 0.27009295 0.23072717
 0.06178239 0.58884636 0.08529251 0.26407873
 0.09950793 0.77200656 0.03389831 0.09458721
 5.46746856e-04 3.86003280e-01 5.46746856e-04 6.12903226e-01
 0.24876982 0.57900492 0.06014215 0.11208311
 0.07271733 0.84745763 0.00656096 0.07326408
 2.96336796e-01 5.46746856e-04 6.29852378e-01 7.32640787e-02
 0.04592674 0.42755604 0.21541826 0.31109896
 0.05740842 0.06670312 0.75232367 0.12356479

MOTIF SiglTask_human_l3_f_23
letter-probability matrix: alength= 4 w= 9 
 0.07321429 0.02142857 0.0375     0.86785714
 0.06785714 0.00178571 0.01428571 0.91607143
 0.07321429 0.03035714 0.02678571 0.86964286
 0.06071429 0.00714286 0.02857143 0.90357143
 0.25       0.05       0.25357143 0.44642857
 0.03392857 0.57678571 0.00178571 0.3875    
 0.46071429 0.19821429 0.14107143 0.2       
 0.74642857 0.00178571 0.00178571 0.25      
 0.23928571 0.01785714 0.10535714 0.6375    

MOTIF SiglTask_human_l3_f_24
letter-probability matrix: alength= 4 w= 9 
 0.34101382 0.08294931 0.23963134 0.33640553
 0.40092166 0.01382488 0.11059908 0.47465438
 0.94930876 0.00460829 0.04147465 0.00460829
 0.75576037 0.02764977 0.00460829 0.21198157
 0.61290323 0.00460829 0.37788018 0.00460829
 0.81105991 0.01843318 0.00460829 0.16589862
 0.00921659 0.16129032 0.02304147 0.80645161
 0.00460829 0.00460829 0.80645161 0.1843318 
 0.55299539 0.07373272 0.17050691 0.20276498

MOTIF SiglTask_human_l3_f_25
letter-probability matrix: alength= 4 w= 9 
 0.20737327 0.31029186 0.23809524 0.24423963
 0.24577573 0.70967742 0.04301075 0.0015361 
 0.0015361  0.87403994 0.0906298  0.03379416
 0.2688172  0.24731183 0.33947773 0.14439324
 0.0015361  0.0015361  0.0015361  0.99539171
 0.3640553 0.0015361 0.6328725 0.0015361
 0.94777266 0.0015361  0.04915515 0.0015361 
 0.23809524 0.453149   0.30721966 0.0015361 
 0.33486943 0.18894009 0.29185868 0.1843318 

MOTIF SiglTask_human_l3_f_26
letter-probability matrix: alength= 4 w= 9 
 0.58952497 0.06090134 0.34226553 0.00730816
 0.66504263 0.10596833 0.00487211 0.22411693
 0.83556638 0.04872107 0.10962241 0.00609013
 0.70158343 0.00121803 0.00121803 0.29598051
 0.05115713 0.02192448 0.00121803 0.92570037
 0.57003654 0.08404385 0.34470158 0.00121803
 0.15590743 0.17661389 0.30328867 0.36419001
 0.1863581  0.00121803 0.52496955 0.28745432
 0.00121803 0.08891596 0.34591961 0.56394641

MOTIF SiglTask_human_l3_f_27
letter-probability matrix: alength= 4 w= 9 
 0.14548361 0.68265388 0.11670663 0.05515588
 0.6578737  0.23980815 0.10151878 0.00079936
 0.15907274 0.09592326 0.72182254 0.02318145
 0.00079936 0.2853717  0.68345324 0.0303757 
 0.06794564 0.37090328 0.28217426 0.27897682
 0.07114309 0.0911271  0.23181455 0.60591527
 0.00079936 0.26458833 0.6882494  0.04636291
 0.49960032 0.43565148 0.02078337 0.04396483
 0.36530775 0.2773781  0.27817746 0.07913669

MOTIF SiglTask_human_l3_f_28
letter-probability matrix: alength= 4 w= 9 
 0.22189523 0.19717481 0.22483814 0.35609182
 0.53914067 0.02354326 0.08357858 0.35373749
 0.25662154 0.04708652 0.25779871 0.43849323
 0.17598587 0.18422602 0.18658034 0.45320777
 9.16421424e-01 5.88581519e-04 2.35432607e-03 8.06356680e-02
 2.35432607e-03 5.88581519e-04 8.06356680e-02 9.16421424e-01
 0.05532666 0.00353149 0.91642142 0.02472042
 0.27251324 0.04120071 0.26368452 0.42260153
 0.32842849 0.08004709 0.1718658  0.41965862

MOTIF SiglTask_human_l3_f_29
letter-probability matrix: alength= 4 w= 9 
 0.14749871 0.36771532 0.1108819  0.37390407
 0.36926251 0.33006704 0.11397628 0.18669417
 0.28107272 0.34192883 0.19133574 0.18566271
 9.64414647e-01 3.45538938e-02 5.15729758e-04 5.15729758e-04
 5.15729758e-04 5.15729758e-04 5.15729758e-04 9.98452811e-01
 3.45538938e-02 5.15729758e-04 9.64414647e-01 5.15729758e-04
 0.37545126 0.03867973 0.20422898 0.38164002
 0.30892212 0.17689531 0.38318721 0.13099536
 0.34089737 0.13976276 0.32439402 0.19494585

MOTIF SiglTask_human_l3_f_30
letter-probability matrix: alength= 4 w= 9 
 0.06365915 0.55037594 0.04160401 0.3443609 
 0.30175439 0.30827068 0.30626566 0.08370927
 0.25513784 0.18546366 0.09874687 0.46065163
 0.63609023 0.17493734 0.04561404 0.1433584 
 0.14786967 0.06967419 0.00350877 0.77894737
 0.00150376 0.06867168 0.65964912 0.27017544
 0.17994987 0.33634085 0.22606516 0.25764411
 0.13182957 0.12180451 0.4        0.34636591
 0.24110276 0.32431078 0.19749373 0.23709273

MOTIF SiglTask_human_l3_f_31
letter-probability matrix: alength= 4 w= 9 
 0.25       0.3762475  0.24451098 0.12924152
 0.68562874 0.00499002 0.30688623 0.00249501
 0.15768463 0.35429142 0.41566866 0.07235529
 0.04291417 0.54590818 0.30189621 0.10928144
 0.46007984 0.11726547 0.36177645 0.06087824
 4.99001996e-04 7.98403194e-03 6.14770459e-01 3.76746507e-01
 0.00898204 0.42115768 0.499002   0.07085828
 0.09231537 0.12175649 0.62025948 0.16566866
 0.01147705 0.39770459 0.53493014 0.05588822

MOTIF SiglTask_human_l3_f_32
letter-probability matrix: alength= 4 w= 9 
 0.0499002  0.10928144 0.71457086 0.1262475 
 0.00499002 0.14820359 0.84331337 0.00349301
 4.99001996e-04 9.25648703e-01 3.99201597e-02 3.39321357e-02
 3.87225549e-01 5.48403194e-01 6.38722555e-02 4.99001996e-04
 0.07285429 0.0239521  0.89021956 0.01297405
 4.99001996e-04 6.58682635e-02 8.93712575e-01 3.99201597e-02
 0.14321357 0.14720559 0.51347305 0.19610778
 0.07035928 0.22005988 0.62924152 0.08033932
 0.08183633 0.44211577 0.29690619 0.17914172

MOTIF SiglTask_human_l3_f_33
letter-probability matrix: alength= 4 w= 9 
 0.04225352 0.44869215 0.10060362 0.4084507 
 0.17152918 0.28822938 0.10915493 0.43108652
 0.0694165  0.00050302 0.44315895 0.48692153
 0.02112676 0.00955734 0.94014085 0.02917505
 0.49597586 0.00301811 0.49044266 0.01056338
 0.80985915 0.1695171  0.0165996  0.00402414
 0.34909457 0.1861167  0.33350101 0.13128773
 0.39185111 0.27867203 0.06690141 0.26257545
 0.50100604 0.14034205 0.01156942 0.34708249

MOTIF SiglTask_human_l3_f_34
letter-probability matrix: alength= 4 w= 9 
 0.43754411 0.17078335 0.14396613 0.24770642
 0.07410021 0.02964008 0.00352858 0.89273112
 0.3853211  0.01058574 0.35709245 0.24700071
 0.36767819 0.03316867 0.55045872 0.04869442
 0.15031757 0.23288638 0.01411433 0.60268172
 0.09809457 0.0303458  0.57304164 0.298518  
 0.66478476 0.22441778 0.03810868 0.07268878
 0.23570924 0.01693719 0.03669725 0.71065632
 0.51799577 0.07198306 0.03669725 0.37332392

MOTIF SiglTask_human_l3_f_35
letter-probability matrix: alength= 4 w= 9 
 0.36377246 0.18912176 0.19510978 0.25199601
 0.3762475  0.23303393 0.14670659 0.24401198
 0.55688623 0.01197605 0.00399202 0.42714571
 4.99001996e-04 1.84630739e-02 3.13373253e-01 6.67664671e-01
 4.99001996e-04 1.54191617e-01 5.67365269e-01 2.77944112e-01
 0.09281437 0.16067864 0.28892216 0.45758483
 0.10129741 0.48053892 0.13822355 0.27994012
 0.49600798 0.1996008  0.23203593 0.07235529
 0.33882236 0.19411178 0.39371257 0.07335329

MOTIF SiglTask_human_l3_f_36
letter-probability matrix: alength= 4 w= 9 
 0.22053617 0.23571067 0.43651998 0.10723318
 0.48609004 0.12898331 0.2306525  0.15427415
 0.3383915  0.01820941 0.53110774 0.11229135
 7.58219525e-01 6.06980273e-03 2.35204856e-01 5.05816894e-04
 0.40161861 0.00050582 0.23318159 0.36469398
 0.54122408 0.02124431 0.12038442 0.31714719
 0.01011634 0.16995448 0.3323217  0.48760749
 0.05412241 0.11127972 0.26504805 0.56954982
 0.20485584 0.14769853 0.61557916 0.03186646

MOTIF SiglTask_human_l3_f_37
letter-probability matrix: alength= 4 w= 9 
 0.18390805 0.22701149 0.20402299 0.38505747
 0.40229885 0.10057471 0.12356322 0.37356322
 0.1408046  0.11206897 0.74425287 0.00287356
 0.01724138 0.01436782 0.52298851 0.4454023 
 0.00287356 0.00287356 0.00287356 0.99137931
 0.99137931 0.00287356 0.00287356 0.00287356
 0.99137931 0.00287356 0.00287356 0.00287356
 0.47413793 0.12356322 0.28448276 0.11781609
 0.22126437 0.24137931 0.36206897 0.17528736

MOTIF SiglTask_human_l3_f_38
letter-probability matrix: alength= 4 w= 9 
 0.68444949 0.05618615 0.1816118  0.07775255
 0.2077185  0.02553916 0.31895573 0.44778661
 0.0431328  0.14131669 0.54597049 0.26958002
 0.38024972 0.09137344 0.42167991 0.10669694
 0.03745743 0.27185017 0.00283768 0.68785471
 1.17480136e-01 5.67536890e-04 7.56526674e-01 1.25425653e-01
 0.06753689 0.1322361  0.63791146 0.16231555
 0.45119183 0.24120318 0.24914869 0.0584563 
 0.3138479  0.16061294 0.4046538  0.12088536

MOTIF SiglTask_human_l3_f_39
letter-probability matrix: alength= 4 w= 9 
 0.26208178 0.20260223 0.10099133 0.43432466
 0.18959108 0.00557621 0.17657993 0.62825279
 0.2063197  0.04584882 0.12019827 0.62763321
 0.52788104 0.00557621 0.19021066 0.27633209
 0.0086741  0.06753408 0.16047088 0.76332094
 0.52850062 0.35192069 0.00061958 0.11895911
 0.00309789 0.07496902 0.11090458 0.8110285 
 0.34510533 0.16418835 0.41078067 0.07992565
 0.38909542 0.16666667 0.10780669 0.33643123

MOTIF SiglTask_human_l3_f_40
letter-probability matrix: alength= 4 w= 9 
 0.11926148 0.45908184 0.35928144 0.06237525
 0.21457086 0.17315369 0.58982036 0.02245509
 0.00399202 0.01996008 0.94161677 0.03443114
 0.00149701 0.04590818 0.94261477 0.00998004
 2.69461078e-02 4.99001996e-04 8.44810379e-01 1.27744511e-01
 1.74650699e-02 4.99001996e-04 8.54291417e-01 1.27744511e-01
 0.17714571 0.0753493  0.54441118 0.20309381
 0.2000998  0.06237525 0.63323353 0.10429142
 0.12974052 0.28493014 0.41017964 0.1751497 

MOTIF SiglTask_human_l3_f_41
letter-probability matrix: alength= 4 w= 9 
 0.16692073 0.33460366 0.16844512 0.33003049
 0.33841463 0.35289634 0.0617378  0.24695122
 0.13567073 0.22865854 0.02134146 0.61432927
 0.03810976 0.56783537 0.0007622  0.39329268
 0.5945122  0.07469512 0.07012195 0.26067073
 0.28125    0.41920732 0.03353659 0.2660061 
 0.62118902 0.03810976 0.04878049 0.29192073
 0.2339939  0.08993902 0.46875    0.20731707
 0.35060976 0.06935976 0.02743902 0.55259146

MOTIF SiglTask_human_l3_f_42
letter-probability matrix: alength= 4 w= 9 
 0.12125903 0.49122807 0.2120743  0.1754386 
 0.28070175 0.51341589 0.08617131 0.11971104
 0.000516   0.44478844 0.24819401 0.30650155
 0.000516   0.39680083 0.35913313 0.24355005
 0.15634675 0.37100103 0.25438596 0.21826625
 5.15995872e-04 8.34881321e-01 5.15995872e-04 1.64086687e-01
 0.00412797 0.78224974 0.00206398 0.21155831
 0.00206398 0.01393189 0.89370485 0.09029928
 0.01083591 0.25593395 0.42260062 0.31062951

MOTIF SiglTask_human_l3_f_43
letter-probability matrix: alength= 4 w= 9 
 0.3695209  0.09785933 0.3088685  0.22375127
 0.11569827 0.18450561 0.14220183 0.55759429
 0.3470948  0.46075433 0.08511723 0.10703364
 0.60703364 0.01427115 0.36034659 0.01834862
 1.89092762e-01 5.69826707e-01 5.09683996e-04 2.40570846e-01
 0.59531091 0.15035678 0.24821611 0.00611621
 0.490316   0.04332314 0.46585117 0.00050968
 0.1049949  0.33537207 0.18807339 0.37155963
 0.56778797 0.03567788 0.25739042 0.13914373

MOTIF SiglTask_human_l3_f_44
letter-probability matrix: alength= 4 w= 9 
 0.09691358 0.07160494 0.63209877 0.19938272
 7.22222222e-02 6.17283951e-04 9.09876543e-01 1.72839506e-02
 0.01111111 0.05061728 0.79691358 0.14135802
 0.07839506 0.00802469 0.45740741 0.45617284
 0.14506173 0.22716049 0.50740741 0.12037037
 0.00308642 0.17037037 0.4882716  0.3382716 
 0.23518519 0.22160494 0.44259259 0.10061728
 0.02839506 0.19814815 0.47283951 0.30061728
 0.14814815 0.41790123 0.33888889 0.09506173

MOTIF SiglTask_human_l3_f_45
letter-probability matrix: alength= 4 w= 9 
 0.20914697 0.11253854 0.15827338 0.52004111
 0.34069887 0.327852   0.08581706 0.24563207
 0.1274409  0.00462487 0.60688592 0.2610483 
 5.13874615e-04 9.76361768e-03 5.65262076e-03 9.84069887e-01
 0.56731757 0.0020555  0.42497431 0.00565262
 7.48201439e-01 2.05549846e-03 2.49229188e-01 5.13874615e-04
 0.36793422 0.24922919 0.19989723 0.18293936
 0.39414183 0.13103803 0.1377184  0.33710175
 0.5647482  0.1618705  0.07605344 0.19732785

MOTIF SiglTask_human_l3_f_46
letter-probability matrix: alength= 4 w= 9 
 0.125 0.125 0.375 0.375
 0.125 0.125 0.625 0.125
 0.125 0.125 0.625 0.125
 0.125 0.125 0.125 0.625
 0.625 0.125 0.125 0.125
 0.125 0.125 0.625 0.125
 0.125 0.125 0.625 0.125
 0.125 0.125 0.625 0.125
 0.125 0.125 0.25  0.5  

MOTIF SiglTask_human_l3_f_47
letter-probability matrix: alength= 4 w= 9 
 0.24932687 0.12600969 0.11254712 0.51211632
 0.1087776 0.1098546 0.3268713 0.4544965
 8.07754443e-03 2.80021540e-02 5.38502962e-04 9.63381799e-01
 0.82714055 0.01130856 0.10016155 0.06138934
 0.53311793 0.0188476  0.30748519 0.14054927
 0.18578352 0.03769521 0.05869682 0.71782445
 0.49757674 0.08185245 0.35541195 0.06515886
 0.70274637 0.02369413 0.17070544 0.10285407
 0.22132472 0.12600969 0.09531502 0.55735057

MOTIF SiglTask_human_l3_f_48
letter-probability matrix: alength= 4 w= 9 
 0.14007092 0.16489362 0.12943262 0.56560284
 0.2641844  0.03014184 0.2287234  0.47695035
 0.00177305 0.00886525 0.89539007 0.09397163
 0.07624113 0.0141844  0.00177305 0.90780142
 0.12588652 0.00177305 0.77304965 0.09929078
 0.00177305 0.15070922 0.00177305 0.84574468
 0.67730496 0.07446809 0.06560284 0.18262411
 0.40248227 0.26241135 0.03368794 0.30141844
 0.90070922 0.01241135 0.05673759 0.03014184

MOTIF SiglTask_human_l3_f_49
letter-probability matrix: alength= 4 w= 9 
 0.00594059 0.08910891 0.02178218 0.88316832
 0.73993399 0.01386139 0.11815182 0.12805281
 0.45412541 0.01914191 0.38283828 0.14389439
 0.57425743 0.09966997 0.03894389 0.28712871
 0.01122112 0.14455446 0.07656766 0.76765677
 0.10891089 0.22706271 0.15841584 0.50561056
 0.39405941 0.0970297  0.02574257 0.48316832
 0.7009901  0.16567657 0.03960396 0.09372937
 0.54059406 0.14587459 0.15049505 0.1630363 

MOTIF SiglTask_human_l3_f_50
letter-probability matrix: alength= 4 w= 9 
 0.18062201 0.34090909 0.0645933  0.4138756 
 0.16626794 0.5777512  0.0645933  0.19138756
 0.98803828 0.00358852 0.00717703 0.00119617
 0.15191388 0.25119617 0.06937799 0.52751196
 0.16746411 0.14354067 0.4222488  0.26674641
 0.96770335 0.00119617 0.02990431 0.00119617
 0.01435407 0.00956938 0.00478469 0.97129187
 0.00119617 0.00119617 0.99282297 0.00478469
 0.13875598 0.0777512  0.41866029 0.36483254

MOTIF SiglTask_human_l3_f_51
letter-probability matrix: alength= 4 w= 9 
 0.21228616 0.04354588 0.40902022 0.33514774
 0.22161742 0.0007776  0.0007776  0.77682737
 1.64074650e-01 7.77604977e-04 8.32037325e-01 3.11041991e-03
 0.42690513 0.11664075 0.08320373 0.37325039
 7.77604977e-04 7.77604977e-04 3.11041991e-03 9.95334370e-01
 0.04587869 0.00855365 0.41679627 0.52877138
 0.27838258 0.04821151 0.01944012 0.65396579
 0.23561431 0.08398134 0.30404355 0.37636081
 0.05832037 0.09097978 0.01944012 0.83125972

MOTIF SiglTask_human_l3_f_52
letter-probability matrix: alength= 4 w= 9 
 0.05163043 0.24891304 0.22880435 0.47065217
 5.43478261e-04 1.01630435e-01 3.31521739e-02 8.64673913e-01
 0.24184783 0.16467391 0.32554348 0.26793478
 0.13695652 0.42880435 0.34076087 0.09347826
 0.49184783 0.05108696 0.00054348 0.45652174
 0.07119565 0.5076087  0.11086957 0.31032609
 0.33315217 0.32826087 0.32880435 0.00978261
 0.00434783 0.49347826 0.45815217 0.04402174
 0.1701087  0.34130435 0.09836957 0.39021739

MOTIF SiglTask_human_l3_f_53
letter-probability matrix: alength= 4 w= 9 
 0.45212494 0.12083973 0.23502304 0.19201229
 0.06554019 0.1781874  0.2094214  0.546851  
 0.31746032 0.12237583 0.45724526 0.10291859
 0.23707117 0.27444956 0.3343574  0.15412186
 0.07782898 0.12083973 0.33998976 0.46134153
 0.80901178 0.03993856 0.10240655 0.04864311
 0.01382488 0.00204813 0.16538658 0.8187404 
 0.01536098 0.08550947 0.74910394 0.1500256 
 0.28417819 0.17101895 0.26216078 0.28264209

MOTIF SiglTask_human_l3_f_54
letter-probability matrix: alength= 4 w= 9 
 0.01587302 0.34391534 0.46031746 0.17989418
 0.2984127  0.06137566 0.48253968 0.15767196
 0.17989418 0.08994709 0.0010582  0.72910053
 0.00740741 0.37460317 0.58518519 0.03280423
 0.46984127 0.00740741 0.51322751 0.00952381
 0.18624339 0.25396825 0.0962963  0.46349206
 0.0010582  0.02539683 0.96507937 0.00846561
 0.04338624 0.2952381  0.46349206 0.1978836 
 0.08994709 0.41904762 0.25185185 0.23915344

MOTIF SiglTask_human_l3_f_55
letter-probability matrix: alength= 4 w= 9 
 0.02267003 0.13753149 0.42267003 0.41712846
 0.00151134 0.00957179 0.00604534 0.98287154
 0.02720403 0.00251889 0.90680101 0.06347607
 0.84634761 0.00302267 0.04634761 0.10428212
 0.38387909 0.00654912 0.23224181 0.37732997
 0.51586902 0.12544081 0.19748111 0.16120907
 0.39697733 0.06146096 0.33803526 0.20352645
 0.31435768 0.18035264 0.10125945 0.40403023
 0.40957179 0.14206549 0.16322418 0.28513854

MOTIF SiglTask_human_l3_f_56
letter-probability matrix: alength= 4 w= 9 
 0.11686233 0.20651014 0.26840982 0.40821772
 0.51921025 0.14300961 0.00053362 0.33724653
 0.73319104 0.04802561 0.11579509 0.10298826
 5.66702241e-01 5.33617930e-04 5.33617930e-04 4.32230523e-01
 5.86979723e-02 5.33617930e-04 5.33617930e-04 9.40234792e-01
 0.05229456 0.0416222  0.19156884 0.71451441
 0.05336179 0.00640342 0.51440768 0.42582711
 0.4583778  0.04268943 0.38046958 0.11846318
 0.20010672 0.08858058 0.12433298 0.58697972

MOTIF SiglTask_human_l3_f_57
letter-probability matrix: alength= 4 w= 9 
 0.13477089 0.12398922 0.22641509 0.5148248 
 0.19407008 0.12668464 0.04312668 0.6361186 
 0.78436658 0.18328841 0.0296496  0.00269542
 0.07008086 0.16172507 0.63342318 0.13477089
 0.00269542 0.00269542 0.09973046 0.89487871
 0.98113208 0.00269542 0.01347709 0.00269542
 0.06199461 0.02425876 0.89757412 0.01617251
 0.06738544 0.09703504 0.05929919 0.77628032
 0.38814016 0.05660377 0.2425876  0.31266846

MOTIF SiglTask_human_l3_f_58
letter-probability matrix: alength= 4 w= 9 
 0.04635762 0.22034919 0.40276942 0.33052378
 7.52558700e-02 1.80614088e-03 6.02046960e-04 9.22335942e-01
 0.61770018 0.02167369 0.34497291 0.01565322
 0.00060205 0.45093317 0.00060205 0.54786273
 0.02649007 0.68813967 0.28175798 0.00361228
 0.88380494 0.09211318 0.0102348  0.01384708
 0.17037929 0.1782059  0.47983143 0.17158338
 0.46297411 0.14810355 0.06803131 0.32089103
 0.41360626 0.13245033 0.16375677 0.29018663

MOTIF SiglTask_human_l3_f_59
letter-probability matrix: alength= 4 w= 9 
 0.15923237 0.22562241 0.42582988 0.18931535
 0.26659751 0.00726141 0.44813278 0.2780083 
 5.18672199e-04 2.87863071e-01 3.11203320e-03 7.08506224e-01
 0.20643154 0.50518672 0.28786307 0.00051867
 5.18672199e-04 4.15456432e-01 5.18672199e-04 5.83506224e-01
 0.03630705 0.63589212 0.20435685 0.12344398
 0.25518672 0.42894191 0.18309129 0.13278008
 0.04927386 0.05186722 0.21421162 0.6846473 
 0.07883817 0.46991701 0.04356846 0.40767635

MOTIF SiglTask_human_l3_f_60
letter-probability matrix: alength= 4 w= 9 
 0.22379603 0.29461756 0.32577904 0.15580737
 0.19546742 0.54957507 0.21813031 0.0368272 
 0.63172805 0.36260623 0.00283286 0.00283286
 0.06515581 0.47592068 0.00283286 0.45609065
 0.07648725 0.00283286 0.44759207 0.47308782
 0.00283286 0.00283286 0.95750708 0.0368272 
 0.65439093 0.00283286 0.33994334 0.00283286
 0.05665722 0.42492918 0.41076487 0.10764873
 0.17280453 0.08215297 0.53824363 0.20679887

MOTIF SiglTask_human_l3_f_61
letter-probability matrix: alength= 4 w= 9 
 0.27263158 0.43157895 0.10789474 0.18789474
 0.65789474 0.18526316 0.14736842 0.00947368
 0.46684211 0.03947368 0.43210526 0.06157895
 5.26315789e-04 6.57894737e-01 2.52631579e-02 3.16315789e-01
 0.29052632 0.03789474 0.40684211 0.26473684
 0.22368421 0.27736842 0.00736842 0.49157895
 0.80421053 0.11473684 0.07842105 0.00263158
 0.14473684 0.33368421 0.22157895 0.3       
 0.24947368 0.21473684 0.42263158 0.11315789

MOTIF SiglTask_human_l3_f_62
letter-probability matrix: alength= 4 w= 9 
 0.10244878 0.13743128 0.06796602 0.69215392
 0.59770115 0.10944528 0.11794103 0.17491254
 0.40729635 0.14592704 0.34432784 0.10244878
 0.08695652 0.0109945  0.14392804 0.75812094
 4.80259870e-01 4.99750125e-04 1.74912544e-02 5.01749125e-01
 0.24237881 0.00349825 0.29535232 0.45877061
 0.42378811 0.00049975 0.11994003 0.45577211
 0.60769615 0.05197401 0.10394803 0.23638181
 0.4057971  0.12793603 0.1914043  0.27486257

MOTIF SiglTask_human_l3_f_63
letter-probability matrix: alength= 4 w= 9 
 0.0975224  0.11439114 0.42224565 0.3658408 
 0.08381655 0.36742225 0.04797048 0.50079072
 0.23194518 0.00052715 0.36004217 0.4074855 
 0.07432789 0.42329995 0.50026357 0.00210859
 0.59515024 0.00527148 0.3790195  0.02055878
 0.50500791 0.00263574 0.10121244 0.39114391
 0.69688983 0.16499736 0.12756985 0.01054296
 0.43806009 0.0843437  0.27833421 0.19926199
 0.45440169 0.17923036 0.12124407 0.24512388

MOTIF SiglTask_human_l3_f_64
letter-probability matrix: alength= 4 w= 9 
 0.12804878 0.15904472 0.14939024 0.56351626
 0.13262195 0.00965447 0.34806911 0.50965447
 0.25406504 0.0203252  0.29065041 0.43495935
 0.51422764 0.14126016 0.18800813 0.15650407
 0.43038618 0.01422764 0.04014228 0.5152439 
 0.61941057 0.06402439 0.07469512 0.24186992
 0.52337398 0.18191057 0.15447154 0.1402439 
 0.50660569 0.02388211 0.02947154 0.44004065
 0.43445122 0.08384146 0.02388211 0.4578252 

MOTIF SiglTask_human_l3_f_65
letter-probability matrix: alength= 4 w= 9 
 0.13541667 0.09895833 0.65625    0.109375  
 0.09375    0.375      0.00520833 0.52604167
 0.01041667 0.08854167 0.765625   0.13541667
 0.79166667 0.19270833 0.01041667 0.00520833
 0.00520833 0.78125    0.00520833 0.20833333
 0.00520833 0.61458333 0.00520833 0.375     
 0.28645833 0.09895833 0.05729167 0.55729167
 0.06770833 0.79166667 0.0625     0.078125  
 0.26041667 0.21875    0.25       0.27083333

MOTIF SiglTask_human_l3_f_66
letter-probability matrix: alength= 4 w= 9 
 0.3021148  0.12386707 0.16918429 0.40483384
 0.03625378 0.25981873 0.14803625 0.55589124
 0.87311178 0.01208459 0.11178248 0.00302115
 0.01208459 0.1510574  0.00302115 0.83383686
 0.73111782 0.17522659 0.00906344 0.08459215
 0.73413897 0.00302115 0.00302115 0.25981873
 0.20241692 0.00302115 0.02114804 0.7734139 
 0.32326284 0.00302115 0.00302115 0.67069486
 0.30513595 0.13595166 0.16616314 0.39274924

MOTIF SiglTask_human_l3_f_67
letter-probability matrix: alength= 4 w= 9 
 0.33548909 0.24171382 0.13742926 0.28536783
 0.34357316 0.42926435 0.04607922 0.18108327
 9.79789814e-01 8.08407437e-04 1.85933711e-02 8.08407437e-04
 0.0113177  0.14955538 0.109135   0.72999192
 0.39450283 0.00323363 0.59660469 0.00565885
 0.29426031 0.00080841 0.32902183 0.37590946
 0.19967664 0.25626516 0.38722716 0.15683104
 0.12934519 0.17057397 0.50282943 0.19725141
 0.36782538 0.38399353 0.09215845 0.15602264

MOTIF SiglTask_human_l3_f_68
letter-probability matrix: alength= 4 w= 9 
 0.28243513 0.20459082 0.1506986  0.36227545
 0.07335329 0.14520958 0.07934132 0.70209581
 0.31536926 0.28093812 0.17814371 0.2255489 
 1.55688623e-01 4.99001996e-04 3.49301397e-03 8.40319361e-01
 0.49650699 0.04740519 0.00249501 0.45359281
 4.04191617e-02 4.99001996e-04 4.99001996e-04 9.58582834e-01
 0.44361277 0.11327345 0.21956088 0.22355289
 0.32934132 0.64820359 0.00199601 0.02045908
 0.51097804 0.12275449 0.12974052 0.23652695

MOTIF SiglTask_human_l3_f_69
letter-probability matrix: alength= 4 w= 9 
 0.09015487 0.22345133 0.22621681 0.46017699
 0.14988938 0.11504425 0.1875     0.54756637
 0.05641593 0.13108407 0.36559735 0.44690265
 3.27986726e-01 6.03982301e-01 6.74778761e-02 5.53097345e-04
 6.12831858e-01 5.53097345e-04 1.64823009e-01 2.21792035e-01
 5.53097345e-04 1.38274336e-02 6.06747788e-01 3.78871681e-01
 1.65929204e-03 3.31858407e-02 5.53097345e-04 9.64601770e-01
 1.18915929e-01 1.99115044e-02 8.60619469e-01 5.53097345e-04
 0.00497788 0.15597345 0.31139381 0.52765487

MOTIF SiglTask_human_l3_f_70
letter-probability matrix: alength= 4 w= 9 
 0.08975771 0.19273128 0.08480176 0.63270925
 0.21310573 0.11839207 0.04845815 0.62004405
 0.10792952 0.09140969 0.07764317 0.72301762
 0.13711454 0.71696035 0.08480176 0.06112335
 0.40198238 0.01321586 0.41629956 0.1685022 
 5.50660793e-04 7.48898678e-02 2.73127753e-01 6.51431718e-01
 0.10462555 0.23072687 0.02092511 0.64372247
 0.1938326  0.22632159 0.52422907 0.05561674
 0.06993392 0.18337004 0.24669604 0.5       

MOTIF SiglTask_human_l3_f_71
letter-probability matrix: alength= 4 w= 9 
 0.35030242 0.28931452 0.10836694 0.25201613
 0.515625   0.17590726 0.15625    0.15221774
 0.94304435 0.01310484 0.03377016 0.01008065
 0.03427419 0.11743952 0.00655242 0.84173387
 8.36693548e-02 3.57862903e-02 8.80040323e-01 5.04032258e-04
 0.55141129 0.01108871 0.27469758 0.16280242
 0.08820565 0.28578629 0.046875   0.57913306
 0.02016129 0.10987903 0.38860887 0.48135081
 0.17993952 0.29989919 0.22076613 0.29939516

MOTIF SiglTask_human_l3_f_72
letter-probability matrix: alength= 4 w= 9 
 0.21631206 0.16514691 0.24924012 0.36930091
 5.06585613e-04 7.09219858e-03 8.25734549e-02 9.09827761e-01
 0.78672746 0.02887538 0.18287741 0.00151976
 3.61195542e-01 3.85005066e-02 5.99797366e-01 5.06585613e-04
 0.02836879 0.04559271 0.0881459  0.8378926 
 0.63171226 0.16919959 0.17527862 0.02380952
 0.66919959 0.00759878 0.31408308 0.00911854
 0.295846   0.17679838 0.1899696  0.33738602
 0.2360689  0.16464032 0.14387031 0.45542047

MOTIF SiglTask_human_l3_f_73
letter-probability matrix: alength= 4 w= 9 
 0.31857071 0.12330146 0.09864117 0.45948666
 0.05988928 0.18621037 0.10971314 0.64418722
 0.01560141 0.00251636 0.61449421 0.36738802
 0.65978863 0.09914444 0.15752391 0.08354303
 0.04831404 0.01660795 0.31102164 0.62405637
 0.04932058 0.00503271 0.15047811 0.7951686 
 0.09511827 0.16255662 0.48465023 0.25767489
 0.00100654 0.14846502 0.01006543 0.84046301
 0.2959235  0.10770005 0.32259688 0.27377957

MOTIF SiglTask_human_l3_f_74
letter-probability matrix: alength= 4 w= 9 
 0.22869471 0.45685005 0.07605178 0.23840345
 0.62891046 0.16936354 0.02481122 0.17691478
 0.60949299 0.03020496 0.33764833 0.02265372
 7.12513484e-01 5.39374326e-04 5.39374326e-04 2.86407767e-01
 5.39374326e-04 5.39374326e-04 2.86407767e-01 7.12513484e-01
 1.94174757e-01 5.39374326e-04 7.90722762e-01 1.45631068e-02
 0.17799353 0.16127292 0.2162891  0.44444444
 0.19633225 0.20981661 0.33656958 0.25728155
 0.2416397  0.20550162 0.21736785 0.33549083

MOTIF SiglTask_human_l3_f_75
letter-probability matrix: alength= 4 w= 9 
 0.2165109  0.21962617 0.3125649  0.25129803
 0.04361371 0.38681205 0.0576324  0.51194185
 0.49325026 0.00051921 0.08359294 0.42263759
 0.00311526 0.00207684 0.20924195 0.78556594
 2.54413292e-01 7.13395639e-01 5.19210800e-04 3.16718588e-02
 0.61630322 0.37331256 0.00830737 0.00207684
 0.81983385 0.03582555 0.13395639 0.01038422
 0.31412253 0.45223261 0.18691589 0.04672897
 0.49480789 0.20768432 0.0576324  0.23987539

MOTIF SiglTask_human_l3_f_76
letter-probability matrix: alength= 4 w= 9 
 0.60824742 0.09471649 0.17332474 0.12371134
 0.60889175 0.00966495 0.03157216 0.34987113
 0.13208763 0.02512887 0.26804124 0.57474227
 0.31829897 0.08118557 0.59729381 0.00322165
 0.70940722 0.05347938 0.04445876 0.19265464
 0.32216495 0.10309278 0.16752577 0.40721649
 0.27319588 0.08440722 0.54445876 0.09793814
 0.4181701  0.20940722 0.15270619 0.21971649
 0.19007732 0.24226804 0.2371134  0.33054124

MOTIF SiglTask_human_l3_f_77
letter-probability matrix: alength= 4 w= 9 
 0.57128514 0.02811245 0.29066265 0.10993976
 0.18925703 0.06526104 0.13905622 0.6064257 
 0.06777108 0.10793173 0.03714859 0.78714859
 0.03965863 0.3002008  0.26757028 0.39257028
 0.30371486 0.30773092 0.16114458 0.22740964
 0.32028112 0.29317269 0.19026104 0.19628514
 0.25853414 0.12148594 0.28363454 0.33634538
 0.60843373 0.15461847 0.15913655 0.07781124
 0.15210843 0.05572289 0.22238956 0.56977912

MOTIF SiglTask_human_l3_f_78
letter-probability matrix: alength= 4 w= 9 
 0.11876248 0.17864271 0.09431138 0.60828343
 0.26497006 0.07634731 0.10179641 0.55688623
 4.99001996e-04 8.18363273e-02 1.41716567e-01 7.75948104e-01
 0.15968064 0.15219561 0.09481038 0.59331337
 2.84431138e-02 4.99001996e-04 1.93612774e-01 7.77445110e-01
 0.16417166 0.02844311 0.42015968 0.38722555
 3.69261477e-02 5.88822355e-02 4.99001996e-04 9.03692615e-01
 0.00648703 0.00998004 0.61626747 0.36726547
 0.06636727 0.15818363 0.16766467 0.60778443

MOTIF SiglTask_human_l3_f_79
letter-probability matrix: alength= 4 w= 9 
 0.11223404 0.05744681 0.02925532 0.80106383
 0.1962766  0.00904255 0.00638298 0.78829787
 0.11489362 0.04521277 0.00531915 0.83457447
 0.06755319 0.13829787 0.00904255 0.78510638
 2.37765957e-01 5.31914894e-04 5.31914894e-04 7.61170213e-01
 5.31914894e-04 5.31914894e-04 5.31914894e-04 9.98404255e-01
 5.31914894e-04 5.31914894e-04 2.37765957e-01 7.61170213e-01
 5.31914894e-04 3.72340426e-03 2.78723404e-01 7.17021277e-01
 0.09787234 0.09734043 0.05212766 0.75265957

MOTIF SiglTask_human_l3_f_80
letter-probability matrix: alength= 4 w= 9 
 0.42158516 0.17875211 0.24283305 0.15682968
 0.2698145  0.03372681 0.62731872 0.06913997
 0.61551433 0.23777403 0.06913997 0.07757167
 0.09612142 0.00168634 0.77403035 0.12816189
 0.86677909 0.08600337 0.00168634 0.0455312 
 0.00168634 0.00168634 0.95109612 0.0455312 
 0.95109612 0.00168634 0.00168634 0.0455312 
 0.55143339 0.16863406 0.24451939 0.03541315
