MEME version 5.3.0

ALPHABET= ACGT

strands: + -

Background letter frequencies
A 0.25 C 0.25 G 0.25 T 0.25

MOTIF STvleng_l3_f_0
letter-probability matrix: alength= 4 w= 9 
 0.30355762 0.16705336 0.4029389  0.12645012
 3.86697602e-04 6.49651972e-02 9.05645785e-01 2.90023202e-02
 3.86697602e-04 7.98530549e-01 4.02165507e-02 1.60866203e-01
 0.25174014 0.12451663 0.36349575 0.26024749
 0.05104408 0.12490333 0.3062645  0.51778809
 3.16705336e-01 5.25522042e-01 1.57385924e-01 3.86697602e-04
 0.32095901 0.13959783 0.483372   0.05607115
 0.09474091 0.10943542 0.50348028 0.29234339
 0.33023975 0.28035576 0.20340294 0.18600155

MOTIF STvleng_l3_f_1
letter-probability matrix: alength= 4 w= 9 
 0.33224991 0.29541351 0.16504153 0.20729505
 0.22462983 0.20115565 0.33297219 0.24124233
 9.98916576e-01 3.61141206e-04 3.61141206e-04 3.61141206e-04
 3.61141206e-04 3.61141206e-04 3.61141206e-04 9.98916576e-01
 3.61141206e-04 3.61141206e-04 9.98916576e-01 3.61141206e-04
 0.437342   0.16612495 0.1437342  0.25279884
 0.35716865 0.20873962 0.3102203  0.12387143
 0.12206573 0.3777537  0.31997111 0.18020946
 0.20729505 0.32141567 0.23979776 0.23149151

MOTIF STvleng_l3_f_2
letter-probability matrix: alength= 4 w= 9 
 0.51179673 0.09981851 0.1392922  0.24909256
 7.68602541e-01 4.53720508e-04 2.11887477e-01 1.90562613e-02
 0.32259528 0.25045372 0.38747731 0.03947368
 0.00362976 0.45916515 0.41969147 0.11751361
 0.33303085 0.323049   0.32350272 0.02041742
 0.63611615 0.03402904 0.08529946 0.24455535
 0.34528131 0.00090744 0.29264973 0.36116152
 0.07894737 0.16923775 0.06896552 0.68284936
 0.50453721 0.22141561 0.25362976 0.02041742

MOTIF STvleng_l3_f_3
letter-probability matrix: alength= 4 w= 9 
 0.48440748 0.04365904 0.45634096 0.01559252
 0.0010395  0.41995842 0.01663202 0.56237006
 0.0997921  0.35966736 0.43555094 0.1049896 
 0.91372141 0.08419958 0.0010395  0.0010395 
 0.00831601 0.21933472 0.77130977 0.0010395 
 0.0010395  0.0010395  0.99168399 0.00623701
 0.41787942 0.09459459 0.33056133 0.15696466
 0.22661123 0.17775468 0.58939709 0.00623701
 0.32016632 0.20686071 0.26091476 0.21205821

MOTIF STvleng_l3_f_4
letter-probability matrix: alength= 4 w= 9 
 0.36977929 0.11443124 0.42037351 0.09541596
 0.11205433 0.13174873 0.53140917 0.22478778
 3.39558574e-04 5.45331070e-01 3.30050934e-01 1.24278438e-01
 0.01935484 0.75314092 0.13650255 0.0910017 
 0.00271647 0.62207131 0.35755518 0.01765705
 0.04719864 0.94702886 0.00101868 0.00475382
 0.2910017  0.60509338 0.06383701 0.04006791
 0.23123939 0.3327674  0.12801358 0.30797963
 0.23259762 0.3466893  0.20067912 0.22003396

MOTIF STvleng_l3_f_5
letter-probability matrix: alength= 4 w= 9 
 0.13612004 0.19399786 0.19649875 0.47338335
 0.31939979 0.15291175 0.09324759 0.43444087
 0.44087174 0.29403358 0.14076456 0.12433012
 0.4122901  0.37692033 0.15791354 0.05287603
 2.60807431e-02 3.67631297e-01 3.57270454e-04 6.05930690e-01
 3.57270454e-04 2.57949268e-01 7.00250089e-01 4.14433726e-02
 3.57270454e-04 1.00035727e-02 8.39585566e-02 9.05680600e-01
 0.17006074 0.15791354 0.56198642 0.1100393 
 0.08860307 0.2393712  0.11325473 0.55877099

MOTIF STvleng_l3_f_6
letter-probability matrix: alength= 4 w= 9 
 0.08529412 0.03235294 0.20882353 0.67352941
 0.00147059 0.04705882 0.00147059 0.95      
 0.00735294 0.00735294 0.09411765 0.89117647
 0.00147059 0.00147059 0.00147059 0.99558824
 0.93970588 0.00441176 0.05441176 0.00147059
 0.67058824 0.00147059 0.175      0.15294118
 0.11911765 0.10735294 0.24558824 0.52794118
 0.30588235 0.36764706 0.07058824 0.25588235
 0.10441176 0.13235294 0.33235294 0.43088235

MOTIF STvleng_l3_f_7
letter-probability matrix: alength= 4 w= 9 
 0.07730852 0.26700072 0.12956335 0.52612742
 0.10665712 0.29133858 0.16750179 0.43450251
 0.317466   0.40586972 0.05690766 0.21975662
 9.63493200e-01 3.57909807e-04 3.57909807e-02 3.57909807e-04
 0.37508948 0.00107373 0.61954188 0.00429492
 0.31531854 0.60450966 0.02433787 0.05583393
 0.03865426 0.94380816 0.00823193 0.00930565
 0.04867573 0.31209735 0.38260558 0.25662133
 0.08518253 0.39942734 0.27415891 0.24123121

MOTIF STvleng_l3_f_8
letter-probability matrix: alength= 4 w= 9 
 0.17200272 0.30858311 0.16995913 0.34945504
 0.39816076 0.1229564  0.42643052 0.05245232
 0.13419619 0.53031335 0.17506812 0.16042234
 4.81948229e-01 3.33787466e-01 1.83923706e-01 3.40599455e-04
 2.40122616e-01 3.40599455e-04 7.57493188e-01 2.04359673e-03
 0.47207084 0.17677112 0.24046322 0.11069482
 0.248297   0.17064033 0.38215259 0.19891008
 0.83991826 0.1236376  0.01226158 0.02418256
 0.01600817 0.09911444 0.01089918 0.8739782 

MOTIF STvleng_l3_f_9
letter-probability matrix: alength= 4 w= 9 
 0.32796209 0.22417062 0.18199052 0.26587678
 0.39668246 0.0464455  0.37914692 0.17772512
 0.1028436  0.03791469 0.03649289 0.82274882
 0.12511848 0.04976303 0.36682464 0.45829384
 0.02322275 0.11090047 0.0042654  0.86161137
 0.19383886 0.28578199 0.06540284 0.4549763 
 0.51563981 0.09810427 0.0521327  0.33412322
 6.84360190e-01 4.73933649e-04 2.12322275e-01 1.02843602e-01
 0.05876777 0.04691943 0.1056872  0.78862559

MOTIF STvleng_l3_f_10
letter-probability matrix: alength= 4 w= 9 
 0.53723589 0.21267752 0.14166955 0.10841704
 0.80914444 0.07932109 0.11049532 0.00103914
 0.52234153 0.24350537 0.07828195 0.15587115
 0.45860755 0.10668514 0.40561136 0.02909595
 0.59369588 0.11776931 0.28472463 0.00381018
 0.05923104 0.36958781 0.03671631 0.53446484
 0.11188085 0.15067544 0.64599931 0.09144441
 0.05230343 0.52823    0.19466574 0.22480083
 0.23692414 0.42293038 0.21960513 0.12054035

MOTIF STvleng_l3_f_11
letter-probability matrix: alength= 4 w= 9 
 0.41753573 0.12514484 0.28621089 0.17110854
 0.32715334 0.56044805 0.06604867 0.04634994
 0.79567401 0.04943994 0.14445732 0.01042874
 0.58516802 0.05639243 0.13673233 0.22170722
 0.16763229 0.24719969 0.18655852 0.3986095 
 3.79297026e-01 3.86249517e-04 6.14909231e-01 5.40749324e-03
 0.2792584  0.19042101 0.25801468 0.27230591
 0.3198146  0.12205485 0.39436076 0.1637698 
 0.22247972 0.13055234 0.37620703 0.27076091

MOTIF STvleng_l3_f_12
letter-probability matrix: alength= 4 w= 9 
 0.37425465 0.09470361 0.38968783 0.14135391
 0.02876184 0.36899334 0.28551385 0.31673097
 0.23605752 0.37285163 0.11118906 0.27990179
 0.19326552 0.37390389 0.26166257 0.17116801
 9.87022098e-01 3.50754121e-04 3.50754121e-04 1.22763942e-02
 3.50754121e-04 3.50754121e-04 1.22763942e-02 9.87022098e-01
 3.50754121e-04 3.50754121e-04 9.91932655e-01 7.36583655e-03
 0.27323746 0.10101719 0.32514907 0.30059628
 0.30235005 0.2469309  0.28586461 0.16485444

MOTIF STvleng_l3_f_13
letter-probability matrix: alength= 4 w= 9 
 0.01010101 0.68686869 0.01010101 0.29292929
 0.67676768 0.16161616 0.15151515 0.01010101
 0.67676768 0.3030303  0.01010101 0.01010101
 0.94949495 0.03030303 0.01010101 0.01010101
 0.49494949 0.17171717 0.32323232 0.01010101
 0.66666667 0.01010101 0.23232323 0.09090909
 0.13131313 0.01010101 0.31313131 0.54545455
 0.01010101 0.01010101 0.84848485 0.13131313
 0.09090909 0.17171717 0.36363636 0.37373737

MOTIF STvleng_l3_f_15
letter-probability matrix: alength= 4 w= 9 
 0.32432432 0.09196209 0.37100737 0.21270621
 0.18427518 0.12214812 0.1997192  0.49385749
 0.49385749 0.16181116 0.05229905 0.29203229
 0.25026325 0.22604423 0.27097227 0.25272025
 9.92979993e-01 3.51000351e-04 6.31800632e-03 3.51000351e-04
 0.10530011 0.04598105 0.00807301 0.84064584
 0.08143208 0.02141102 0.87328887 0.02386802
 0.47279747 0.02351702 0.33169533 0.17199017
 0.0989821  0.14426114 0.26219726 0.49455949

MOTIF STvleng_l3_f_16
letter-probability matrix: alength= 4 w= 9 
 0.13184165 0.25060241 0.0616179  0.55593804
 0.34216867 0.08846816 0.52151463 0.04784854
 0.41067126 0.05851979 0.2010327  0.32977625
 6.88468158e-04 1.03270224e-03 3.44234079e-04 9.97934596e-01
 4.84337349e-01 1.20481928e-02 5.03270224e-01 3.44234079e-04
 0.72461274 0.0020654  0.2636833  0.00963855
 0.583821   0.17177281 0.1545611  0.08984509
 0.11359725 0.06850258 0.43442341 0.38347676
 0.20344234 0.29879518 0.19036145 0.30740103

MOTIF STvleng_l3_f_17
letter-probability matrix: alength= 4 w= 9 
 0.47469459 0.12251309 0.24328098 0.15951134
 0.68726003 0.05863874 0.22897033 0.02513089
 0.22687609 0.56684119 0.095637   0.11064572
 0.07993019 0.4513089  0.24921466 0.21954625
 0.56753927 0.00279232 0.33752182 0.0921466 
 0.57835951 0.31064572 0.00558464 0.10541012
 0.21116928 0.01989529 0.13228621 0.63664921
 0.52181501 0.1947644  0.10855148 0.17486911
 0.63734729 0.06457243 0.26561955 0.03246073

MOTIF STvleng_l3_f_18
letter-probability matrix: alength= 4 w= 9 
 0.52322097 0.08164794 0.36629213 0.02883895
 0.28876404 0.30861423 0.19250936 0.21011236
 4.96629213e-01 7.49063670e-03 4.95505618e-01 3.74531835e-04
 0.68764045 0.11385768 0.15543071 0.04307116
 0.30786517 0.30861423 0.03857678 0.34494382
 0.61685393 0.03670412 0.15805243 0.18838951
 0.13970037 0.19475655 0.23220974 0.43333333
 0.04868914 0.04344569 0.83670412 0.07116105
 0.10973783 0.24344569 0.46367041 0.18314607

MOTIF STvleng_l3_f_19
letter-probability matrix: alength= 4 w= 9 
 0.61640401 0.09169054 0.18517192 0.10673352
 0.07449857 0.17120344 0.09670487 0.65759312
 0.25429799 0.2277937  0.40401146 0.11389685
 7.22779370e-01 3.58166189e-04 2.76504298e-01 3.58166189e-04
 0.25752149 0.05945559 0.08846705 0.59455587
 0.08595989 0.05479943 0.80730659 0.0519341 
 0.54011461 0.19591691 0.247851   0.01611748
 0.16977077 0.08416905 0.40222063 0.34383954
 0.07091691 0.24606017 0.58166189 0.10136103

MOTIF STvleng_l3_f_20
letter-probability matrix: alength= 4 w= 9 
 0.38549135 0.0147617  0.14213412 0.45761282
 0.73428933 0.02024462 0.06621679 0.17924926
 0.1822016  0.00885702 0.37958667 0.4293547 
 0.2699283  0.14255588 0.37326023 0.21425559
 0.12695065 0.78110502 0.03205399 0.05989034
 0.78194854 0.03922396 0.1252636  0.0535639 
 0.0991143  0.30830873 0.55419654 0.03838043
 0.15563054 0.44369464 0.28637706 0.11429776
 0.23365668 0.40953184 0.19316744 0.16364403

MOTIF STvleng_l3_f_21
letter-probability matrix: alength= 4 w= 9 
 0.28025751 0.18369099 0.10343348 0.43261803
 0.23519313 0.37424893 0.03776824 0.3527897 
 0.30171674 0.12403433 0.31845494 0.25579399
 0.59227468 0.03090129 0.14892704 0.227897  
 0.23433476 0.01201717 0.20600858 0.54763948
 0.16137339 0.04506438 0.53948498 0.25407725
 0.21330472 0.12746781 0.23948498 0.41974249
 0.16351931 0.15450644 0.31158798 0.37038627
 0.14849785 0.25064378 0.30729614 0.29356223

MOTIF STvleng_l3_f_22
letter-probability matrix: alength= 4 w= 9 
 0.25774473 0.19206939 0.39776952 0.15241636
 0.65799257 0.02850062 0.13135068 0.18215613
 0.82651797 0.00123916 0.17100372 0.00123916
 0.11152416 0.09665428 0.07063197 0.72118959
 0.03965304 0.5960347  0.07063197 0.2936803 
 0.34076828 0.65675341 0.00123916 0.00123916
 0.04584882 0.15241636 0.05576208 0.74597274
 0.04708798 0.60966543 0.03469641 0.30855019
 0.08550186 0.70508055 0.15241636 0.05700124

MOTIF STvleng_l3_f_23
letter-probability matrix: alength= 4 w= 9 
 0.46575342 0.08289427 0.32841588 0.12293642
 0.2462241  0.09553916 0.35686688 0.30136986
 0.21742185 0.46153846 0.0681419  0.25289779
 0.2627327  0.23990165 0.36670179 0.13066386
 0.42817    0.2687039  0.20618195 0.09694415
 8.85142255e-01 3.51246927e-04 3.51246927e-04 1.14155251e-01
 3.51246927e-04 3.51246927e-04 1.14155251e-01 8.85142255e-01
 0.03688093 0.01861609 0.91324201 0.03126098
 0.34703196 0.17808219 0.25781524 0.2170706 

MOTIF STvleng_l3_f_24
letter-probability matrix: alength= 4 w= 9 
 0.2876809  0.28626897 0.16448994 0.26156018
 0.05788916 0.08789269 0.0388281  0.81539005
 7.68443346e-01 3.52982704e-04 2.28379809e-01 2.82386163e-03
 2.47440875e-01 2.40028239e-02 7.28203318e-01 3.52982704e-04
 0.03635722 0.07906813 0.19025768 0.69431698
 5.81715496e-01 7.37733851e-02 3.44158136e-01 3.52982704e-04
 0.67031415 0.07412637 0.09424638 0.1613131 
 0.30144723 0.38228027 0.14048712 0.17578539
 0.13236851 0.33286269 0.18955171 0.34521708

MOTIF STvleng_l3_f_25
letter-probability matrix: alength= 4 w= 9 
 0.57085561 0.18983957 0.18449198 0.05481283
 0.39705882 0.09491979 0.27005348 0.23796791
 0.0842246  0.27941176 0.02941176 0.60695187
 0.0013369  0.0013369  0.52540107 0.47192513
 0.01604278 0.22727273 0.00668449 0.75      
 0.36898396 0.0013369  0.60160428 0.02807487
 0.5828877  0.03743316 0.0013369  0.37834225
 0.20454545 0.1631016  0.55614973 0.07620321
 0.18315508 0.12834225 0.18716578 0.5013369 

MOTIF STvleng_l3_f_26
letter-probability matrix: alength= 4 w= 9 
 0.8298265  0.00812108 0.15836102 0.0036914 
 0.05315615 0.05574013 0.0693983  0.82170543
 0.01882614 0.08564046 0.72093023 0.17460317
 0.64562569 0.13436693 0.06275378 0.1572536 
 0.36840162 0.11997047 0.03211517 0.47951274
 0.13067553 0.17054264 0.41860465 0.28017719
 0.27353267 0.31044666 0.16795866 0.24806202
 0.30047988 0.15614618 0.31598376 0.22739018
 0.39793282 0.14138058 0.29198966 0.16869694

MOTIF STvleng_l3_f_27
letter-probability matrix: alength= 4 w= 9 
 0.28277027 0.19054054 0.38581081 0.14087838
 0.49358108 0.11858108 0.05371622 0.33412162
 0.01824324 0.16047297 0.22668919 0.59459459
 3.37837838e-04 3.37837838e-04 3.37837838e-04 9.98986486e-01
 5.64864865e-01 3.37837838e-04 4.34459459e-01 3.37837838e-04
 5.59121622e-01 3.37837838e-04 4.40202703e-01 3.37837838e-04
 0.17162162 0.45067568 0.19358108 0.18412162
 0.32601351 0.40439189 0.09831081 0.17128378
 0.12804054 0.26790541 0.1347973  0.46925676

MOTIF STvleng_l3_f_28
letter-probability matrix: alength= 4 w= 9 
 0.20108511 0.13055273 0.43743642 0.23092574
 0.00169549 0.15089861 0.30111902 0.54628688
 0.01898949 0.03628349 0.84198033 0.10274669
 3.39097999e-04 3.39097999e-04 9.90166158e-01 9.15564598e-03
 0.03933537 0.45506952 0.4923703  0.01322482
 0.07460156 0.017294   0.19294676 0.71515768
 0.07527976 0.06307223 0.73787725 0.12377077
 0.05662937 0.11427603 0.59443879 0.23465582
 0.11122414 0.20854527 0.32383859 0.356392  

MOTIF STvleng_l3_f_29
letter-probability matrix: alength= 4 w= 9 
 0.49048114 0.18518519 0.15680166 0.16753202
 0.24402908 0.19695396 0.43648321 0.12253375
 0.24783662 0.13672551 0.09172724 0.52371063
 2.76912426e-03 9.60539979e-01 3.46140533e-04 3.63447560e-02
 0.01696089 0.41052267 0.52647975 0.04603669
 0.64312911 0.11595708 0.00899965 0.23191416
 6.14399446e-01 3.49255798e-01 3.59986154e-02 3.46140533e-04
 0.59293873 0.00276912 0.37937002 0.02492212
 0.4551748  0.13637937 0.19522326 0.21322257

MOTIF STvleng_l3_f_30
letter-probability matrix: alength= 4 w= 9 
 0.24856157 0.25584964 0.24741082 0.24817798
 0.95703874 0.01802839 0.00997315 0.01495972
 3.83582662e-04 1.91791331e-02 1.03567319e-02 9.70080552e-01
 3.83582662e-04 2.91522823e-02 9.53970081e-01 1.64940545e-02
 0.32796318 0.0951285  0.07249712 0.5044112 
 0.25239739 0.39509014 0.1703107  0.18220176
 0.23820483 0.04449559 0.1614883  0.55581128
 0.29574223 0.37514384 0.14998082 0.1791331 
 0.2788646  0.15304948 0.2454929  0.32259302

MOTIF STvleng_l3_f_31
letter-probability matrix: alength= 4 w= 9 
 0.33525062 0.19268694 0.24774035 0.2243221 
 0.02423993 0.00903862 0.00698439 0.95973706
 0.54437141 0.01889893 0.4264585  0.01027116
 0.63188168 0.06696795 0.24691865 0.05423172
 0.04971241 0.02547247 0.05299918 0.87181594
 0.75102712 0.0061627  0.23623665 0.00657354
 5.65735415e-01 4.10846343e-04 3.01561216e-01 1.32292523e-01
 0.23788003 0.15899753 0.34264585 0.26047658
 0.26253081 0.17830731 0.33812654 0.22103533

MOTIF STvleng_l3_f_32
letter-probability matrix: alength= 4 w= 9 
 0.22441472 0.23645485 0.31438127 0.22474916
 3.34448161e-04 3.34448161e-04 3.34448161e-04 9.98996656e-01
 8.27759197e-01 3.34448161e-04 1.71571906e-01 3.34448161e-04
 4.37123746e-01 3.34448161e-04 5.62207358e-01 3.34448161e-04
 0.43879599 0.13511706 0.32006689 0.10602007
 0.25852843 0.15250836 0.0993311  0.48963211
 0.33377926 0.21337793 0.11505017 0.33779264
 0.12173913 0.30769231 0.13210702 0.43846154
 0.38227425 0.23110368 0.2        0.18662207

MOTIF STvleng_l3_f_33
letter-probability matrix: alength= 4 w= 9 
 0.50789889 0.06161137 0.41113744 0.01935229
 0.18522907 0.04265403 0.01263823 0.75947867
 0.39415482 0.08530806 0.01777251 0.50276461
 0.76224329 0.03317536 0.06990521 0.13467615
 0.16548183 0.21327014 0.085703   0.53554502
 0.45102686 0.20853081 0.17259084 0.1678515 
 0.08846761 0.06477093 0.80529226 0.04146919
 0.05647709 0.05845182 0.66034755 0.22472354
 0.21445498 0.26026856 0.36453397 0.1607425 

MOTIF STvleng_l3_f_34
letter-probability matrix: alength= 4 w= 9 
 0.28457639 0.18030413 0.22013034 0.31498914
 0.48370746 0.29254164 0.21071687 0.01303403
 0.61875453 0.19080377 0.17921796 0.01122375
 0.62454743 0.0249819  0.30159305 0.04887762
 0.84286749 0.11839247 0.02787835 0.01086169
 0.08508327 0.05430847 0.00325851 0.85734975
 1.44460536e-01 3.62056481e-04 8.21506155e-01 3.36712527e-02
 0.35517741 0.16039102 0.19913106 0.28530051
 0.35879797 0.19913106 0.31209269 0.12997828

MOTIF STvleng_l3_f_35
letter-probability matrix: alength= 4 w= 9 
 0.02546381 0.30702073 0.04656239 0.62095307
 0.45252819 0.00873045 0.51182248 0.02691888
 0.05201892 0.36595126 0.24881775 0.33321208
 0.09821753 0.23826846 0.54747181 0.1160422 
 0.2018916  0.63586759 0.06293198 0.09930884
 0.00400146 0.45252819 0.32048017 0.22299018
 0.0360131  0.95780284 0.00181884 0.00436522
 0.03892324 0.66424154 0.09348854 0.20334667
 0.10585668 0.570753   0.07675518 0.24663514

MOTIF STvleng_l3_f_36
letter-probability matrix: alength= 4 w= 9 
 0.38737949 0.15249781 0.28659071 0.17353199
 0.19631902 0.50832603 0.14198072 0.15337423
 0.49605609 0.05039439 0.10560911 0.3479404 
 5.49517967e-01 4.38212095e-04 4.49605609e-01 4.38212095e-04
 0.16213848 0.0324277  0.36064855 0.44478528
 0.06354075 0.22129711 0.58019281 0.13496933
 0.53680982 0.00438212 0.44478528 0.01402279
 0.10780018 0.0977213  0.29754601 0.49693252
 0.04776512 0.05959684 0.79316389 0.09947415

MOTIF STvleng_l3_f_37
letter-probability matrix: alength= 4 w= 9 
 0.20067899 0.11467371 0.52168993 0.16295737
 0.8668427  0.00792154 0.12221803 0.00301773
 0.2685779  0.0373444  0.00528103 0.68879668
 3.77216145e-04 3.77216145e-04 8.46850245e-01 1.52395323e-01
 0.29045643 0.42587703 0.00490381 0.27876273
 0.1097699  0.5677103  0.27649943 0.04602037
 0.57412297 0.1776688  0.08336477 0.16484346
 0.39758582 0.27008676 0.23274236 0.09958506
 0.15805356 0.33723123 0.21124104 0.29347416

MOTIF STvleng_l3_f_38
letter-probability matrix: alength= 4 w= 9 
 0.30229277 0.14250441 0.27195767 0.28324515
 0.0010582  0.47901235 0.01693122 0.50299824
 0.26067019 0.25326279 0.2691358  0.21693122
 0.25925926 0.41022928 0.05820106 0.27231041
 7.90828924e-01 1.75661376e-01 3.52733686e-04 3.31569665e-02
 2.11640212e-03 2.52557319e-01 3.52733686e-04 7.44973545e-01
 0.19435626 0.06243386 0.7287478  0.01446208
 0.32627866 0.19118166 0.35485009 0.12768959
 0.11146384 0.17813051 0.18518519 0.52522046

MOTIF STvleng_l3_f_39
letter-probability matrix: alength= 4 w= 9 
 0.3964497  0.06508876 0.32741617 0.21104536
 0.15187377 0.73372781 0.06903353 0.04536489
 0.01380671 0.00197239 0.98224852 0.00197239
 0.05522682 0.00197239 0.93096647 0.01183432
 0.00591716 0.8382643  0.1321499  0.02366864
 0.06311637 0.65088757 0.26824458 0.01775148
 0.00788955 0.03353057 0.0729783  0.88560158
 0.38856016 0.23865878 0.20907298 0.16370809
 0.11637081 0.15976331 0.2642998  0.45956607

MOTIF STvleng_l3_f_40
letter-probability matrix: alength= 4 w= 9 
 0.73791004 0.06493067 0.19546838 0.0016909 
 0.15962124 0.0784579  0.60601961 0.15590125
 0.14507947 0.40750761 0.33750423 0.10990869
 0.46499831 0.2438282  0.26716266 0.02401082
 0.03449442 0.19580656 0.29387893 0.47582009
 3.38180588e-04 1.84646601e-01 7.60229963e-01 5.47852553e-02
 0.16841393 0.10686507 0.59790328 0.12681772
 0.26107541 0.21339195 0.45891106 0.06662158
 0.17551573 0.32634427 0.36489685 0.13324315

MOTIF STvleng_l3_f_41
letter-probability matrix: alength= 4 w= 9 
 0.33333333 0.11576626 0.3322308  0.21866961
 0.62072767 0.06541713 0.01690555 0.29694965
 0.08820287 0.0400588  0.04079383 0.83094451
 3.67511944e-04 1.83755972e-03 9.44873208e-01 5.29217200e-02
 0.02021316 0.20213157 0.05328923 0.72436604
 0.08158765 0.17603822 0.15325248 0.58912165
 0.23594267 0.05659684 0.03785373 0.66960676
 0.4553473  0.11356119 0.19110621 0.2399853 
 0.20801176 0.10804851 0.11245865 0.57148107

MOTIF STvleng_l3_f_42
letter-probability matrix: alength= 4 w= 9 
 0.79724208 0.02655771 0.16700715 0.00919305
 0.10776302 0.2206333  0.37180797 0.29979571
 0.0648621  0.25434116 0.6011236  0.07967314
 5.94994893e-01 1.83350358e-01 2.21144025e-01 5.10725230e-04
 0.06639428 0.41879469 0.09703779 0.41777324
 5.05617978e-02 5.10725230e-04 9.37691522e-01 1.12359551e-02
 0.25944842 0.14913177 0.52196118 0.06945863
 0.33043922 0.40960163 0.14555669 0.11440245
 0.39785495 0.18028601 0.24974464 0.1721144 

MOTIF STvleng_l3_f_43
letter-probability matrix: alength= 4 w= 9 
 0.04347826 0.13043478 0.17391304 0.65217391
 0.65217391 0.04347826 0.04347826 0.26086957
 0.08695652 0.04347826 0.82608696 0.04347826
 0.04347826 0.82608696 0.04347826 0.08695652
 0.13043478 0.04347826 0.7826087  0.04347826
 0.04347826 0.04347826 0.86956522 0.04347826
 0.04347826 0.30434783 0.60869565 0.04347826
 0.04347826 0.60869565 0.30434783 0.04347826
 0.04347826 0.56521739 0.34782609 0.04347826

MOTIF STvleng_l3_f_44
letter-probability matrix: alength= 4 w= 9 
 0.50196078 0.13431373 0.31470588 0.04901961
 0.28235294 0.41078431 0.28039216 0.02647059
 0.07058824 0.83627451 0.0254902  0.06764706
 0.2245098  0.71862745 0.05588235 0.00098039
 0.47941176 0.21372549 0.00098039 0.30588235
 0.96764706 0.00294118 0.02843137 0.00098039
 0.56862745 0.03529412 0.39509804 0.00098039
 0.04803922 0.12843137 0.80490196 0.01862745
 0.15       0.2254902  0.56078431 0.06372549

MOTIF STvleng_l3_f_45
letter-probability matrix: alength= 4 w= 9 
 0.49422336 0.05605477 0.37997433 0.06974754
 0.13692769 0.216089   0.06118956 0.58579375
 0.37141635 0.13350449 0.27984596 0.2152332 
 0.83525888 0.00299529 0.01968335 0.14206247
 0.07916132 0.10397946 0.01369277 0.80316645
 0.79546427 0.04664099 0.01711596 0.14077878
 2.94822422e-01 4.27899016e-04 6.84210526e-01 2.05391528e-02
 0.65511339 0.19212666 0.05049208 0.10226786
 0.27599487 0.23620026 0.14634146 0.34146341

MOTIF STvleng_l3_f_46
letter-probability matrix: alength= 4 w= 9 
 0.18117409 0.30263158 0.29790823 0.2182861 
 0.12887989 0.25978408 0.51788124 0.09345479
 0.03070175 0.08232119 0.03272605 0.85425101
 0.27968961 0.10458839 0.61099865 0.00472335
 3.26585695e-01 3.37381916e-04 6.72739541e-01 3.37381916e-04
 0.12584345 0.5242915  0.02327935 0.3265857 
 0.04689609 0.14676113 0.62516869 0.18117409
 0.18049933 0.20512821 0.48717949 0.12719298
 0.16261808 0.35155196 0.34615385 0.13967611

MOTIF STvleng_l3_f_47
letter-probability matrix: alength= 4 w= 9 
 0.37699115 0.03292035 0.4920354  0.0980531 
 0.05557522 0.18654867 0.28530973 0.47256637
 0.07539823 0.59150442 0.0240708  0.30902655
 0.32849558 0.14513274 0.32318584 0.20318584
 0.19044248 0.15150442 0.08778761 0.57026549
 3.96814159e-01 1.59646018e-01 3.53982301e-04 4.43185841e-01
 0.00424779 0.03115044 0.50371681 0.46088496
 0.04530973 0.43539823 0.47362832 0.04566372
 0.24849558 0.1299115  0.17132743 0.45026549

MOTIF STvleng_l3_f_48
letter-probability matrix: alength= 4 w= 9 
 0.2745239  0.16636723 0.20481495 0.35429393
 0.52030183 0.14876033 0.18325548 0.14768236
 0.19762846 0.11390586 0.21487603 0.47358965
 0.09306504 0.03736974 0.30470715 0.56485807
 0.18253683 0.07941071 0.18541143 0.55264103
 0.30614445 0.24829321 0.05030543 0.39525692
 4.74308300e-02 3.59324470e-03 3.59324470e-04 9.48616601e-01
 9.34602946e-01 3.59324470e-04 1.72475746e-02 4.77901545e-02
 5.48688466e-01 3.59324470e-04 4.49514912e-01 1.43729788e-03

MOTIF STvleng_l3_f_49
letter-probability matrix: alength= 4 w= 9 
 0.22266935 0.22702884 0.40308518 0.14721663
 0.08551308 0.14218645 0.68041583 0.09188464
 0.01945003 0.00167673 0.04493628 0.93393696
 4.29242119e-01 3.35345406e-04 5.68745808e-01 1.67672703e-03
 0.83702213 0.00234742 0.14553991 0.01509054
 0.18343394 0.08182428 0.69047619 0.04426559
 0.40241449 0.33165661 0.20120724 0.06472166
 0.21395037 0.21395037 0.07645875 0.49564051
 0.32327297 0.1093226  0.33836351 0.22904091

MOTIF STvleng_l3_f_50
letter-probability matrix: alength= 4 w= 9 
 0.19514661 0.21199865 0.29019211 0.30266262
 0.05426357 0.09774183 0.00606673 0.84192787
 0.64172565 0.04448938 0.16481294 0.14897203
 0.40916751 0.31311089 0.2743512  0.00337041
 0.05089316 0.10313448 0.0603303  0.78564206
 0.83855747 0.0239299  0.12571621 0.01179643
 0.66498146 0.00067408 0.25884732 0.07549714
 0.46241995 0.19649478 0.28142905 0.05965622
 0.18233906 0.16784631 0.37074486 0.27906977

MOTIF STvleng_l3_f_51
letter-probability matrix: alength= 4 w= 9 
 0.82628399 0.01057402 0.15785498 0.00528701
 0.92296073 0.01925982 0.03021148 0.02756798
 0.25944109 0.11933535 0.1570997  0.46412387
 0.27756798 0.40672205 0.04531722 0.27039275
 0.36442598 0.0555136  0.33761329 0.24244713
 0.00944109 0.03096677 0.35989426 0.59969789
 0.3515861  0.18429003 0.27265861 0.19146526
 0.24471299 0.45128399 0.26435045 0.03965257
 0.41427492 0.27190332 0.10385196 0.20996979

MOTIF STvleng_l3_f_52
letter-probability matrix: alength= 4 w= 9 
 0.43303965 0.19471366 0.14625551 0.22599119
 0.61101322 0.02863436 0.03039648 0.32995595
 0.23480176 0.22863436 0.0246696  0.51189427
 0.18854626 0.26828194 0.43700441 0.1061674 
 7.25550661e-01 4.40528634e-04 2.72246696e-01 1.76211454e-03
 0.08678414 0.05506608 0.14096916 0.71718062
 0.03171806 0.04405286 0.85991189 0.06431718
 0.26211454 0.2215859  0.28634361 0.22995595
 0.21674009 0.21894273 0.28502203 0.27929515

MOTIF STvleng_l3_f_53
letter-probability matrix: alength= 4 w= 9 
 0.5760709  0.06388479 0.28471196 0.07533235
 0.27437223 0.18020679 0.09970458 0.4457164 
 0.11890694 0.61669129 0.14623338 0.11816839
 0.12850812 0.56794682 0.01514032 0.28840473
 0.04615953 0.05686854 0.14807976 0.74889217
 0.71011817 0.25073855 0.03323486 0.00590842
 0.55132939 0.02548006 0.39918759 0.02400295
 0.1957164  0.2717873  0.36447563 0.16802068
 0.40435746 0.11299852 0.38146233 0.10118168

MOTIF STvleng_l3_f_54
letter-probability matrix: alength= 4 w= 9 
 0.05900515 0.25626072 0.30051458 0.38421955
 0.11595197 0.45660377 0.16569468 0.26174957
 3.17667238e-01 3.43053173e-04 6.71698113e-01 1.02915952e-02
 0.02161235 0.68885077 0.09296741 0.19656947
 0.03121784 0.09674099 0.35574614 0.51629503
 0.09331046 0.01646655 0.85385935 0.03636364
 0.02367067 0.81852487 0.01440823 0.14339623
 0.17427101 0.0922813  0.567753   0.16569468
 0.19725557 0.32144082 0.18593482 0.29536878

MOTIF STvleng_l3_f_55
letter-probability matrix: alength= 4 w= 9 
 0.1155005  0.41546702 0.17710077 0.2919317 
 0.05557415 0.37361902 0.14194844 0.42885839
 5.08536994e-01 3.34784064e-04 4.90793438e-01 3.34784064e-04
 0.3297623  0.11047874 0.51155005 0.04820891
 0.40073652 0.05122196 0.28322732 0.26481419
 3.37797121e-01 3.69266823e-01 3.34784064e-04 2.92601272e-01
 0.20053565 0.09507867 0.11516572 0.58921995
 0.34683629 0.20857047 0.29762303 0.1469702 
 0.80180783 0.05925678 0.08135253 0.05758286

MOTIF STvleng_l3_f_56
letter-probability matrix: alength= 4 w= 9 
 0.58333333 0.05150754 0.16792295 0.19723618
 0.09798995 0.60259631 0.01926298 0.28015075
 0.04690117 0.05653266 0.20351759 0.69304858
 0.31574539 0.0360134  0.24162479 0.40661642
 0.07872697 0.03266332 0.25670017 0.63190955
 0.40745394 0.00041876 0.20728643 0.38484087
 0.77805695 0.02596315 0.16792295 0.02805695
 0.17294807 0.09715243 0.19639866 0.53350084
 0.6218593  0.22403685 0.0561139  0.09798995

MOTIF STvleng_l3_f_57
letter-probability matrix: alength= 4 w= 9 
 0.19790719 0.18425842 0.31619654 0.30163785
 0.17834395 0.24522293 0.22656961 0.34986351
 0.02047316 0.4722475  0.0500455  0.45723385
 0.67925387 0.09190173 0.04686078 0.18198362
 0.00727934 0.80527753 0.09827116 0.08917197
 5.30482257e-01 4.54959054e-04 5.14103731e-02 4.17652411e-01
 0.44540491 0.26342129 0.11737944 0.17379436
 0.77388535 0.14149227 0.07643312 0.00818926
 0.26797088 0.11146497 0.55232029 0.06824386

MOTIF STvleng_l3_f_58
letter-probability matrix: alength= 4 w= 9 
 0.07449757 0.21136521 0.1039501  0.61018711
 0.06756757 0.26749827 0.06098406 0.6039501 
 1.97505198e-02 3.53430353e-01 3.46500347e-04 6.26472626e-01
 0.21794872 0.75225225 0.02079002 0.00900901
 0.31843382 0.28309078 0.09459459 0.3038808 
 0.42169092 0.00762301 0.28239778 0.28828829
 0.00554401 0.38669439 0.002772   0.6049896 
 0.32259182 0.16597367 0.17186417 0.33957034
 0.55232155 0.17428967 0.1049896  0.16839917

MOTIF STvleng_l3_f_59
letter-probability matrix: alength= 4 w= 9 
 0.25202156 0.11691375 0.53200809 0.0990566 
 3.77358491e-01 6.15902965e-01 3.36927224e-04 6.40161725e-03
 0.03369272 0.57479784 0.09130728 0.30020216
 1.25336927e-01 3.31199461e-01 5.43126685e-01 3.36927224e-04
 0.03369272 0.2190027  0.03706199 0.71024259
 0.22203504 0.29986523 0.45013477 0.02796496
 0.08928571 0.58221024 0.11152291 0.21698113
 0.20518868 0.32614555 0.39824798 0.07041779
 0.16206199 0.29144205 0.2078841  0.33861186

MOTIF STvleng_l3_f_60
letter-probability matrix: alength= 4 w= 9 
 0.65156305 0.13944503 0.16894977 0.04004215
 0.63435195 0.0972954  0.10467158 0.16368107
 0.22760801 0.12785388 0.3480857  0.29645241
 0.056902   0.65367053 0.1257464  0.16368107
 0.39199157 0.02669477 0.44643484 0.13487882
 0.05444327 0.45064981 0.08956797 0.40533895
 0.97576396 0.01826484 0.00421496 0.00175623
 0.12609765 0.15349491 0.10748156 0.61292589
 0.33473832 0.04952582 0.56199508 0.05374078

MOTIF STvleng_l3_f_61
letter-probability matrix: alength= 4 w= 9 
 0.70779221 0.00162338 0.28896104 0.00162338
 0.08603896 0.07467532 0.25487013 0.58441558
 0.00162338 0.15909091 0.00162338 0.83766234
 0.78084416 0.00162338 0.21590909 0.00162338
 0.00162338 0.23376623 0.00162338 0.76298701
 0.62987013 0.03733766 0.00162338 0.33116883
 0.05194805 0.07954545 0.06006494 0.80844156
 0.01623377 0.31980519 0.31168831 0.35227273
 0.09415584 0.56818182 0.19480519 0.14285714

MOTIF STvleng_l3_f_62
letter-probability matrix: alength= 4 w= 9 
 0.10672615 0.17741935 0.29032258 0.42553191
 0.04667124 0.03122855 0.56417296 0.35792725
 0.00960879 0.20452986 0.4811256  0.30473576
 0.11290323 0.32052162 0.13623885 0.43033631
 0.00480439 0.01715854 0.79272478 0.18531229
 0.05490734 0.05936857 0.83356211 0.05216198
 3.43170899e-04 1.66781057e-01 8.01304049e-01 3.15717227e-02
 3.43170899e-04 3.42827728e-01 6.38641043e-01 1.81880577e-02
 0.04289636 0.37062457 0.36479067 0.2216884 

MOTIF STvleng_l3_f_63
letter-probability matrix: alength= 4 w= 9 
 0.30965092 0.17905544 0.25708419 0.25420945
 0.4899384  0.02094456 0.29774127 0.19137577
 0.46817248 0.28213552 0.10513347 0.14455852
 0.75893224 0.03080082 0.05379877 0.15646817
 0.78028747 0.01601643 0.10965092 0.09404517
 5.01026694e-02 4.10677618e-04 4.88706366e-02 9.00616016e-01
 0.64681725 0.00205339 0.00821355 0.34291581
 0.39548255 0.00862423 0.59383984 0.00205339
 0.15934292 0.10431211 0.3063655  0.42997947

MOTIF STvleng_l3_f_64
letter-probability matrix: alength= 4 w= 9 
 0.07605178 0.1618123  0.11812298 0.64401294
 0.53559871 0.21197411 0.07119741 0.18122977
 0.02265372 0.00161812 0.27508091 0.70064725
 0.01618123 0.12621359 0.53559871 0.32200647
 0.21682848 0.49514563 0.0420712  0.24595469
 0.49190939 0.13592233 0.21682848 0.15533981
 0.46925566 0.48543689 0.03074434 0.01456311
 0.31391586 0.1197411  0.27993528 0.28640777
 0.89482201 0.02265372 0.04368932 0.03883495

MOTIF STvleng_l3_f_65
letter-probability matrix: alength= 4 w= 9 
 0.04445463 0.16086159 0.2456462  0.54903758
 0.10861595 0.36938588 0.17323556 0.3487626 
 0.0192484  0.01695692 0.48212649 0.48166819
 1.32905591e-02 2.66269478e-01 4.58295142e-04 7.19981668e-01
 0.25847846 0.04307974 0.25710357 0.44133822
 0.00183318 0.38267644 0.01741522 0.59807516
 0.87167736 0.02428964 0.02566453 0.07836847
 0.06324473 0.61778185 0.04537122 0.2736022 
 0.52520623 0.1416132  0.23464711 0.09853346

MOTIF STvleng_l3_f_66
letter-probability matrix: alength= 4 w= 9 
 0.21005729 0.24379376 0.26352642 0.28262253
 6.36537237e-04 6.36537237e-04 6.36537237e-04 9.98090388e-01
 7.18650541e-01 6.36537237e-04 2.80076384e-01 6.36537237e-04
 6.53087206e-01 6.36537237e-04 3.45639720e-01 6.36537237e-04
 6.36537237e-04 6.36537237e-04 6.36537237e-04 9.98090388e-01
 7.24379376e-01 6.36537237e-04 2.74347549e-01 6.36537237e-04
 6.65817950e-01 6.36537237e-04 3.32908975e-01 6.36537237e-04
 0.29217059 0.19605347 0.27116486 0.24061108
 0.27371101 0.19287078 0.25970719 0.27371101

MOTIF STvleng_l3_f_67
letter-probability matrix: alength= 4 w= 9 
 0.11549647 0.28832572 0.21188201 0.3842958 
 4.15454923e-04 4.15454923e-04 4.15454923e-04 9.98753635e-01
 6.75529705e-01 4.15454923e-04 3.23639385e-01 4.15454923e-04
 5.54632322e-01 4.15454923e-04 4.44536768e-01 4.15454923e-04
 0.12588284 0.03614458 0.14250104 0.69547154
 0.61944329 0.02866639 0.32613211 0.02575821
 0.4387204  0.04528459 0.30328209 0.21271292
 0.18446199 0.13169921 0.52679684 0.15704196
 0.31657665 0.20232655 0.21977565 0.26132115

MOTIF STvleng_l3_f_68
letter-probability matrix: alength= 4 w= 9 
 0.10284698 0.29145907 0.23060498 0.37508897
 0.12206406 0.3        0.32455516 0.25338078
 0.2088968  0.3544484  0.09857651 0.33807829
 0.86156584 0.04982206 0.07615658 0.01245552
 1.60142349e-01 3.55871886e-04 3.55871886e-04 8.39145907e-01
 3.55871886e-04 3.55871886e-04 8.39145907e-01 1.60142349e-01
 0.37188612 0.13274021 0.39644128 0.09893238
 0.08505338 0.2658363  0.09822064 0.55088968
 0.10782918 0.28042705 0.26085409 0.35088968

MOTIF STvleng_l3_f_69
letter-probability matrix: alength= 4 w= 9 
 0.18311445 0.3673546  0.18536585 0.2641651 
 0.07692308 0.11031895 0.45178236 0.36097561
 0.02401501 0.08217636 0.73545966 0.15834897
 0.13921201 0.0934334  0.4412758  0.3260788 
 9.00187617e-01 3.75234522e-04 9.90619137e-02 3.75234522e-04
 0.06116323 0.05590994 0.31144465 0.57148218
 0.07317073 0.11031895 0.08930582 0.7272045 
 0.30769231 0.53320826 0.08855535 0.07054409
 0.07354597 0.26604128 0.1564728  0.50393996

MOTIF STvleng_l3_f_70
letter-probability matrix: alength= 4 w= 9 
 0.19824087 0.24932341 0.46583221 0.08660352
 0.06224628 0.30446549 0.47598106 0.15730717
 0.00338295 0.65257104 0.03112314 0.31292287
 0.01285521 0.57713126 0.28518268 0.12483085
 3.38294993e-04 6.96211096e-01 7.81461434e-02 2.25304465e-01
 0.02638701 0.81901218 0.14512855 0.00947226
 0.06190798 0.85385656 0.02571042 0.05852503
 0.09100135 0.67895805 0.01826793 0.21177267
 0.11231394 0.6688092  0.0338295  0.18504736

MOTIF STvleng_l3_f_71
letter-probability matrix: alength= 4 w= 9 
 0.28894659 0.20845697 0.29451039 0.20808605
 0.0129822  0.45845697 0.04005935 0.48850148
 0.00890208 0.0578635  0.56454006 0.36869436
 0.26891691 0.42841246 0.27967359 0.02299703
 0.22737389 0.00074184 0.54376855 0.22811573
 1.17952522e-01 7.59272997e-01 3.70919881e-04 1.22403561e-01
 0.2014095  0.04191395 0.34903561 0.40764095
 0.13019288 0.09643917 0.4402819  0.33308605
 0.08048961 0.17247774 0.23367953 0.51335312

MOTIF STvleng_l3_f_72
letter-probability matrix: alength= 4 w= 9 
 0.32318415 0.25825385 0.14856933 0.26999266
 0.41489362 0.0484226  0.40902421 0.12765957
 0.45671313 0.13462949 0.22120323 0.18745415
 0.01540719 0.2083639  0.43066764 0.34556126
 3.66837858e-04 3.66837858e-04 2.19369039e-01 7.79897285e-01
 0.01540719 0.69148936 0.00733676 0.28576669
 0.20066031 0.0242113  0.07703595 0.69809244
 0.20616288 0.63206163 0.01393984 0.14783566
 0.51577403 0.06529714 0.24137931 0.17754952

MOTIF STvleng_l3_f_73
letter-probability matrix: alength= 4 w= 9 
 0.28903539 0.13393477 0.12664816 0.45038168
 0.56904927 0.0777238  0.07113116 0.28209577
 0.10895212 0.01908397 0.08292852 0.78903539
 0.19986121 0.02879944 0.35912561 0.41221374
 4.87161693e-01 3.46981263e-04 2.70645385e-02 4.85426787e-01
 0.15614157 0.07702984 0.01422623 0.75260236
 3.15405968e-01 3.46981263e-04 3.49063151e-01 3.35183900e-01
 0.49514226 0.04024983 0.27446218 0.19014573
 0.22623178 0.24913255 0.19083969 0.33379598

MOTIF STvleng_l3_f_74
letter-probability matrix: alength= 4 w= 9 
 0.39950107 0.11831789 0.33357092 0.14861012
 0.66108339 0.09123307 0.14611547 0.10156807
 0.01960086 0.07341411 0.31432644 0.59265859
 3.82751247e-01 6.05844619e-03 6.10833927e-01 3.56379187e-04
 0.18424804 0.41803279 0.24875267 0.1489665 
 0.0427655  0.11546686 0.07947256 0.76229508
 0.14326443 0.68852459 0.1660727  0.00213828
 0.08161083 0.22487527 0.04918033 0.64433357
 0.23841768 0.15395581 0.42587313 0.18175339

MOTIF STvleng_l3_f_75
letter-probability matrix: alength= 4 w= 9 
 0.23210504 0.1956798  0.33545108 0.23676408
 0.56882677 0.16518424 0.14104193 0.12494706
 0.34603981 0.06056756 0.30961457 0.28377806
 0.16603134 0.40703092 0.1321474  0.29479034
 0.54383736 0.14908937 0.18254977 0.12452351
 9.51715375e-01 4.23549343e-04 4.23549343e-04 4.74375265e-02
 4.23549343e-04 4.23549343e-04 4.74375265e-02 9.51715375e-01
 0.00423549 0.00974163 0.969928   0.01609488
 0.20626853 0.21685726 0.29309615 0.28377806

MOTIF STvleng_l3_f_76
letter-probability matrix: alength= 4 w= 9 
 0.18230563 0.16756032 0.39879357 0.25134048
 0.01441019 0.00837802 0.02613941 0.95107239
 0.77446381 0.00234584 0.21380697 0.00938338
 0.32774799 0.00201072 0.59953083 0.07071046
 0.09383378 0.09684987 0.30596515 0.50335121
 0.0080429  0.07640751 0.17459786 0.74095174
 0.4463807  0.18733244 0.13438338 0.23190349
 0.40080429 0.1541555  0.31467828 0.13036193
 0.33914209 0.20375335 0.18565684 0.27144772

MOTIF STvleng_l3_f_77
letter-probability matrix: alength= 4 w= 9 
 0.09902978 0.03847441 0.26597524 0.59652058
 3.34560054e-04 1.60588826e-02 3.09133489e-01 6.74473068e-01
 0.02208096 0.07627969 0.16192707 0.73971228
 0.08665105 0.12612914 0.32084309 0.46637671
 0.49949816 0.12780194 0.0050184  0.3676815 
 0.7755102  0.03613249 0.16594179 0.02241552
 0.20073603 0.21646035 0.15557042 0.42723319
 0.14720642 0.08531281 0.32251589 0.44496487
 0.41217799 0.16426899 0.23553028 0.18802275

MOTIF STvleng_l3_f_78
letter-probability matrix: alength= 4 w= 9 
 0.40952059 0.17589467 0.27582714 0.1387576 
 0.72484808 0.07393653 0.19952735 0.00168805
 1.35043889e-03 3.37609723e-04 3.37609723e-04 9.97974342e-01
 8.85887914e-01 3.37609723e-04 1.13436867e-01 3.37609723e-04
 6.26266036e-01 1.35043889e-03 3.72045915e-01 3.37609723e-04
 0.22991222 0.39871708 0.05131668 0.32005402
 0.37238352 0.39027684 0.11343687 0.12390277
 0.0972316  0.21100608 0.17960837 0.51215395
 0.36293045 0.2359892  0.2326131  0.16846725

MOTIF STvleng_l3_f_79
letter-probability matrix: alength= 4 w= 9 
 0.16473988 0.09537572 0.42003854 0.31984586
 0.05780347 0.00096339 0.12620424 0.8150289 
 0.37572254 0.2822736  0.11078998 0.23121387
 0.5105973  0.00096339 0.41618497 0.07225434
 0.73795761 0.00963391 0.25144509 0.00096339
 0.61753372 0.27745665 0.00096339 0.10404624
 0.47109827 0.44219653 0.02504817 0.06165703
 0.71965318 0.23506744 0.00096339 0.04431599
 0.07129094 0.36608863 0.02793834 0.53468208

MOTIF STvleng_l3_f_80
letter-probability matrix: alength= 4 w= 9 
 0.09590131 0.34381218 0.1384799  0.42180661
 0.25865499 0.05730203 0.19339435 0.49064863
 0.52924791 0.03780342 0.09510545 0.33784322
 7.88698766e-01 4.09868683e-02 3.97930760e-04 1.69916435e-01
 0.02546757 0.01432551 0.07083168 0.88937525
 0.49104656 0.24631914 0.03461998 0.22801433
 1.37286112e-01 3.97930760e-04 8.58734580e-01 3.58137684e-03
 0.18543573 0.14086749 0.39832869 0.27536809
 0.37763629 0.19896538 0.24830879 0.17508953

MOTIF STvleng_l3_f_81
letter-probability matrix: alength= 4 w= 9 
 0.1103352  0.32402235 0.18680168 0.37884078
 0.25034916 0.0247905  0.70076816 0.02409218
 0.25349162 0.4825419  0.16934358 0.09462291
 4.72067039e-01 6.28491620e-03 5.21298883e-01 3.49162011e-04
 0.80935754 0.1627095  0.01431564 0.01361732
 0.20321229 0.00872905 0.78212291 0.00593575
 0.21857542 0.21124302 0.43680168 0.13337989
 0.5422486  0.07891061 0.06668994 0.31215084
 0.23638268 0.16201117 0.24406425 0.3575419 

MOTIF STvleng_l3_f_82
letter-probability matrix: alength= 4 w= 9 
 0.0680974  0.31820058 0.05571605 0.55798597
