MEME version 5.3.0

ALPHABET= ACGT

strands: + -

Background letter frequencies
A 0.25 C 0.25 G 0.25 T 0.25

MOTIF unmod1_l3_f_0
letter-probability matrix: alength= 4 w= 9 
 0.73801598 0.05459387 0.19407457 0.01331558
 0.59221039 0.13015979 0.14980027 0.12782956
 0.31491345 0.31890812 0.22569907 0.14047936
 0.82123835 0.05093209 0.05426099 0.07356858
 1.92743009e-01 3.32889481e-04 3.32889481e-04 8.06591212e-01
 3.32889481e-04 3.32889481e-04 8.06591212e-01 1.92743009e-01
 3.32889481e-04 4.66045273e-03 8.26897470e-01 1.68109188e-01
 0.36617843 0.36451398 0.26331558 0.00599201
 0.38448735 0.13049268 0.25898802 0.22603196

MOTIF unmod1_l3_f_1
letter-probability matrix: alength= 4 w= 9 
 8.14247670e-01 3.32889481e-04 1.85086551e-01 3.32889481e-04
 0.07223702 0.01631158 0.15213049 0.75932091
 3.32889481e-04 3.32889481e-04 9.99001332e-01 3.32889481e-04
 0.13814913 0.07423435 0.58355526 0.20406125
 0.05659121 0.08055925 0.79560586 0.06724368
 0.14946738 0.24567244 0.37782956 0.22703063
 0.21870839 0.06091877 0.45439414 0.2659787 
 0.14813582 0.6361518  0.10519308 0.11051931
 0.20705726 0.3638482  0.19973369 0.22936085

MOTIF unmod1_l3_f_2
letter-probability matrix: alength= 4 w= 9 
 0.00445434 0.08054937 0.01076466 0.90423163
 5.08537491e-02 3.71195249e-04 7.31997030e-01 2.16778025e-01
 0.00334076 0.0549369  0.72086117 0.22086117
 0.31031923 0.43392725 0.14291017 0.11284336
 0.19190794 0.00408315 0.38678545 0.41722346
 0.0077951  0.0939124  0.44209354 0.45619896
 0.0545657  0.33370453 0.0857461  0.52598367
 0.04491463 0.34298441 0.55790646 0.05419451
 0.19821826 0.33667409 0.16146993 0.30363771

MOTIF unmod1_l3_f_3
letter-probability matrix: alength= 4 w= 9 
 0.55075988 0.12826748 0.23100304 0.0899696 
 0.37325228 0.36170213 0.24620061 0.01884498
 8.75987842e-01 6.68693009e-03 1.16717325e-01 6.07902736e-04
 0.90455927 0.04984802 0.01702128 0.02857143
 0.21641337 0.02857143 0.40121581 0.35379939
 0.62553191 0.08571429 0.01945289 0.26930091
 2.25531915e-01 6.07902736e-04 1.48328267e-01 6.25531915e-01
 6.68693009e-02 6.07902736e-04 8.08510638e-01 1.24012158e-01
 0.29726444 0.07173252 0.44741641 0.18358663

MOTIF unmod1_l3_f_4
letter-probability matrix: alength= 4 w= 9 
 0.12368236 0.33099086 0.18692902 0.35839775
 0.71082221 0.02494729 0.19852424 0.06570625
 0.22944483 0.58749122 0.09205903 0.09100492
 4.78917779e-01 2.45959241e-03 5.18271258e-01 3.51370344e-04
 0.39072382 0.14862966 0.35734364 0.10330288
 0.26177091 0.11876318 0.24279691 0.37666901
 9.01264933e-01 2.67041462e-02 7.16795502e-02 3.51370344e-04
 0.0449754  0.00527056 0.04216444 0.9075896 
 0.028461   0.03092059 0.93851019 0.00210822

MOTIF unmod1_l3_f_5
letter-probability matrix: alength= 4 w= 9 
 0.19342466 0.08657534 0.09643836 0.62356164
 0.33534247 0.16328767 0.00054795 0.50082192
 0.35780822 0.11945205 0.06191781 0.46082192
 0.44383562 0.32767123 0.04219178 0.18630137
 0.30739726 0.19616438 0.41589041 0.08054795
 0.5369863  0.21643836 0.16547945 0.08109589
 5.47945205e-04 1.05205479e-01 8.75616438e-01 1.86301370e-02
 0.03835616 0.05479452 0.13479452 0.77205479
 0.00054795 0.4169863  0.31780822 0.26465753

MOTIF unmod1_l3_f_6
letter-probability matrix: alength= 4 w= 9 
 0.20193521 0.18426588 0.29196466 0.32183424
 0.45814051 0.14051325 0.22633572 0.17501052
 6.39040808e-01 2.26335717e-01 1.34202777e-01 4.20698359e-04
 9.86537653e-01 1.26209508e-02 4.20698359e-04 4.20698359e-04
 0.53554901 0.14093395 0.06226336 0.26125368
 4.20698359e-04 2.65039966e-02 7.15187211e-02 9.01556584e-01
 1.69120740e-01 4.20698359e-04 4.20698359e-04 8.30037863e-01
 4.20698359e-03 4.20698359e-04 9.94951620e-01 4.20698359e-04
 0.07951199 0.12663021 0.5902398  0.20361801

MOTIF unmod1_l3_f_7
letter-probability matrix: alength= 4 w= 9 
 0.07685775 0.08152866 0.31592357 0.52569002
 4.24628450e-04 3.22717622e-02 4.24628450e-04 9.66878981e-01
 0.62887473 0.00212314 0.32271762 0.0462845 
 0.1507431  0.65307856 0.17791932 0.01825902
 0.48704883 0.08195329 0.00679406 0.42420382
 9.94055202e-01 5.09554140e-03 4.24628450e-04 4.24628450e-04
 0.39830149 0.23566879 0.13927813 0.22675159
 0.34564756 0.06624204 0.26157113 0.32653928
 0.39490446 0.08025478 0.27940552 0.24543524

MOTIF unmod1_l3_f_8
letter-probability matrix: alength= 4 w= 9 
 0.09167894 0.24410898 0.41053019 0.25368189
 0.08910162 0.38843888 0.11818851 0.40427099
 0.45655376 0.28718704 0.22790869 0.02835052
 3.68188513e-04 3.68188513e-04 9.77908689e-01 2.13549337e-02
 3.68188513e-04 5.56701031e-01 3.68188513e-04 4.42562592e-01
 0.46097202 0.05301915 0.17268041 0.31332842
 0.18667158 0.06038292 0.11266568 0.64027982
 0.58100147 0.19108984 0.0673785  0.16053019
 0.04381443 0.00699558 0.39027982 0.55891016

MOTIF unmod1_l3_f_9
letter-probability matrix: alength= 4 w= 9 
 0.25599201 0.45672437 0.13382157 0.15346205
 0.11984021 0.22003995 0.60486019 0.05525965
 0.07057257 0.84753662 0.00965379 0.07223702
 4.32756325e-03 9.95006658e-01 3.32889481e-04 3.32889481e-04
 0.3229028  0.59687084 0.0189747  0.06125166
 0.31125166 0.54494008 0.07356858 0.07023968
 0.18142477 0.56790945 0.07190413 0.17876165
 0.39181092 0.04826897 0.51697736 0.04294274
 0.08721704 0.13149134 0.55126498 0.23002663

MOTIF unmod1_l3_f_10
letter-probability matrix: alength= 4 w= 9 
 0.22003995 0.12083888 0.3292277  0.32989348
 0.14780293 0.03628495 0.45272969 0.36318242
 0.186751   0.23501997 0.21937417 0.35885486
 0.47070573 0.00266312 0.27496671 0.25166445
 0.15845539 0.07356858 0.06724368 0.70073236
 1.90412783e-01 7.55326232e-01 3.32889481e-04 5.39280959e-02
 0.09387483 0.64846871 0.05725699 0.20039947
 0.10552597 0.71870839 0.03462051 0.14114514
 0.06790945 0.72203728 0.08122503 0.12882823

MOTIF unmod1_l3_f_11
letter-probability matrix: alength= 4 w= 9 
 0.9        0.03333333 0.03333333 0.03333333
 0.03333333 0.26666667 0.66666667 0.03333333
 0.03333333 0.03333333 0.33333333 0.6       
 0.33333333 0.03333333 0.03333333 0.6       
 0.03333333 0.03333333 0.03333333 0.9       
 0.33333333 0.03333333 0.6        0.03333333
 0.6        0.03333333 0.33333333 0.03333333
 0.03333333 0.03333333 0.03333333 0.9       
 0.03333333 0.03333333 0.9        0.03333333

MOTIF unmod1_l3_f_12
letter-probability matrix: alength= 4 w= 9 
 0.12283622 0.32423435 0.24766977 0.30525965
 0.60719041 0.15878828 0.12616511 0.10785619
 3.32889481e-04 3.28561917e-01 3.32889481e-04 6.70772304e-01
 1.20505992e-01 3.32889481e-04 6.00532623e-01 2.78628495e-01
 3.32889481e-04 3.32889481e-04 3.32889481e-04 9.99001332e-01
 9.68042610e-01 3.32889481e-04 3.12916112e-02 3.32889481e-04
 8.91145140e-01 3.32889481e-04 1.08189081e-01 3.32889481e-04
 0.15412783 0.00432756 0.66111851 0.1804261 
 0.22270306 0.28961385 0.26864181 0.21904128

MOTIF unmod1_l3_f_13
letter-probability matrix: alength= 4 w= 9 
 0.34354194 0.11185087 0.46038615 0.08422104
 0.18442077 0.25732357 0.07223702 0.48601864
 3.32889481e-04 4.45406125e-01 1.03195739e-02 5.43941411e-01
 3.32889481e-04 7.04727031e-01 6.65778961e-02 2.28362184e-01
 0.0792277  0.20905459 0.01331558 0.69840213
 0.2752996  0.30459387 0.05892144 0.36118509
 0.15912117 0.00798935 0.00565912 0.82723036
 0.50898802 0.30659121 0.12716378 0.05725699
 0.17976032 0.03528628 0.68508655 0.09986684

MOTIF unmod1_l3_f_14
letter-probability matrix: alength= 4 w= 9 
 0.08322237 0.35486019 0.15346205 0.40845539
 1.39147803e-01 2.92942743e-02 8.31225033e-01 3.32889481e-04
 0.04560586 0.03994674 0.86651132 0.04793609
 0.00466045 0.27396804 0.16711052 0.55426099
 2.56657790e-01 6.99067909e-03 7.36018642e-01 3.32889481e-04
 0.01997337 0.40778961 0.56258322 0.00965379
 0.08355526 0.17243675 0.48335553 0.26065246
 0.04826897 0.02097204 0.77696405 0.15379494
 0.06790945 0.44407457 0.3165779  0.17143808

MOTIF unmod1_l3_f_15
letter-probability matrix: alength= 4 w= 9 
 0.4017976  0.23801598 0.31757656 0.04260985
 7.20039947e-01 3.32889481e-04 2.79294274e-01 3.32889481e-04
 3.59520639e-02 3.32889481e-04 7.74633822e-01 1.89081225e-01
 3.32889481e-04 9.28428762e-01 4.46071904e-02 2.66311585e-02
 0.10086551 0.05958722 0.59620506 0.24334221
 0.05426099 0.0126498  0.23568575 0.69740346
 0.72669774 0.14047936 0.12683089 0.00599201
 0.41810919 0.0758988  0.44507324 0.06091877
 0.37516644 0.30492676 0.15279627 0.16711052

MOTIF unmod1_l3_f_16
letter-probability matrix: alength= 4 w= 9 
 0.29227696 0.08754993 0.55492676 0.06524634
 0.11884154 0.46537949 0.20472703 0.21105193
 0.19340879 0.28029294 0.28528628 0.24101198
 0.07623169 0.61218375 0.28861518 0.02296937
 0.03561917 0.813249   0.00466045 0.14647137
 3.32889481e-04 5.77230360e-01 4.12782956e-01 9.65379494e-03
 4.82689747e-02 8.58854860e-01 9.22103862e-02 6.65778961e-04
 0.14214381 0.74866844 0.05559254 0.05359521
 0.29560586 0.36051931 0.32223702 0.02163782

MOTIF unmod1_l3_f_17
letter-probability matrix: alength= 4 w= 9 
 0.45722714 0.26843658 0.00294985 0.27138643
 0.30383481 0.00294985 0.4159292  0.27728614
 0.05014749 0.00294985 0.68731563 0.25958702
 0.02949853 0.12389381 0.00294985 0.84365782
 0.44542773 0.15929204 0.39233038 0.00294985
 0.00294985 0.91740413 0.00294985 0.07669617
 0.73451327 0.18879056 0.00294985 0.07374631
 0.05014749 0.00294985 0.00294985 0.9439528 
 0.06489676 0.02949853 0.89970501 0.00589971

MOTIF unmod1_l3_f_18
letter-probability matrix: alength= 4 w= 9 
 0.14780293 0.48934754 0.15146471 0.21138482
 0.29860186 0.34753662 0.10719041 0.24667111
 0.43641811 0.33255659 0.2247004  0.0063249 
 9.94007989e-01 3.32889481e-04 3.32889481e-04 5.32623169e-03
 3.32889481e-04 3.32889481e-04 1.96737683e-01 8.02596538e-01
 3.32889481e-04 3.32889481e-04 9.99001332e-01 3.32889481e-04
 0.00432756 0.41844208 0.43841545 0.13881491
 0.06258322 0.00466045 0.81058589 0.12217044
 0.10619174 0.16644474 0.37117177 0.35619174

MOTIF unmod1_l3_f_19
letter-probability matrix: alength= 4 w= 9 
 0.20672437 0.30592543 0.20505992 0.28229028
 0.05459387 0.80792277 0.02696405 0.11051931
 8.48535286e-01 3.32889481e-04 1.50798935e-01 3.32889481e-04
 0.39081225 0.27962716 0.11484687 0.21471372
 0.39846871 0.18442077 0.26231691 0.15479361
 9.67709720e-01 3.32889481e-04 3.16245007e-02 3.32889481e-04
 8.32223702e-03 2.36351531e-02 3.32889481e-04 9.67709720e-01
 3.32889481e-04 3.32889481e-04 9.81691079e-01 1.76431425e-02
 0.20073236 0.27829561 0.31691079 0.20406125

MOTIF unmod1_l3_f_20
letter-probability matrix: alength= 4 w= 9 
 0.25998668 0.24067909 0.28295606 0.21637816
 0.24067909 0.15978695 0.31724368 0.28229028
 3.32889481e-04 3.32889481e-04 3.32889481e-04 9.99001332e-01
 7.52330226e-01 3.32889481e-04 2.47003995e-01 3.32889481e-04
 6.07523302e-01 3.32889481e-04 3.91810919e-01 3.32889481e-04
 3.32889481e-04 3.32889481e-04 3.32889481e-04 9.99001332e-01
 5.35619174e-01 3.32889481e-04 4.63715047e-01 3.32889481e-04
 9.99001332e-01 3.32889481e-04 3.32889481e-04 3.32889481e-04
 0.3511984  0.15878828 0.19740346 0.29260985

MOTIF unmod1_l3_f_21
letter-probability matrix: alength= 4 w= 9 
 0.20164327 0.47552208 0.16364259 0.15919206
 0.75350907 0.18623759 0.03046902 0.02978432
 0.45395413 0.06436152 0.23930161 0.24238275
 3.42348511e-04 3.42348511e-04 1.88291681e-02 9.80486135e-01
 0.0458747  0.02670318 0.04450531 0.88291681
 0.04964053 0.10407395 0.34851078 0.49777473
 0.1609038  0.35022253 0.40944882 0.07942485
 0.74084218 0.07668607 0.05066758 0.13180418
 0.01335159 0.03252311 0.22115714 0.73296816

MOTIF unmod1_l3_f_22
letter-probability matrix: alength= 4 w= 9 
 0.00515464 0.00515464 0.70618557 0.28350515
 0.00515464 0.00515464 0.00515464 0.98453608
 0.15979381 0.00515464 0.82989691 0.00515464
 0.82989691 0.00515464 0.15979381 0.00515464
 0.00515464 0.00515464 0.00515464 0.98453608
 0.98453608 0.00515464 0.00515464 0.00515464
 0.75773196 0.00515464 0.23195876 0.00515464
 0.28350515 0.23195876 0.47938144 0.00515464
 0.00515464 0.1185567  0.62886598 0.24742268

MOTIF unmod1_l3_f_23
letter-probability matrix: alength= 4 w= 9 
 0.39583333 0.07916667 0.37083333 0.15416667
 0.00833333 0.00138889 0.83888889 0.15138889
 0.14166667 0.00138889 0.85555556 0.00138889
 0.00138889 0.01527778 0.35       0.63333333
 0.00138889 0.32777778 0.15694444 0.51388889
 0.29861111 0.00138889 0.00138889 0.69861111
 0.00138889 0.02638889 0.0375     0.93472222
 0.69722222 0.02361111 0.27777778 0.00138889
 0.17361111 0.21111111 0.45       0.16527778

MOTIF unmod1_l3_f_24
letter-probability matrix: alength= 4 w= 9 
 0.63814913 0.13748336 0.19074567 0.03362184
 0.47569907 0.13348868 0.13115846 0.25965379
 3.32889481e-04 9.20439414e-01 7.39014647e-02 5.32623169e-03
 8.35219707e-01 3.46205060e-02 1.29826897e-01 3.32889481e-04
 0.01165113 0.66677763 0.2183755  0.10319574
 0.09587217 0.6424767  0.17576565 0.08588549
 0.43608522 0.13249001 0.13581891 0.29560586
 0.50066578 0.05825566 0.41644474 0.02463382
 0.33588549 0.08954727 0.57090546 0.00366178

MOTIF unmod1_l3_f_25
letter-probability matrix: alength= 4 w= 9 
 0.22134387 0.17391304 0.00395257 0.60079051
 0.5770751  0.21343874 0.00395257 0.2055336 
 0.95256917 0.00395257 0.03952569 0.00395257
 0.00395257 0.15810277 0.00395257 0.83399209
 0.07905138 0.35573123 0.56126482 0.00395257
 0.98814229 0.00395257 0.00395257 0.00395257
 0.00395257 0.00395257 0.00395257 0.98814229
 0.00395257 0.00395257 0.98814229 0.00395257
 0.18972332 0.18181818 0.2173913  0.41106719

MOTIF unmod1_l3_f_26
letter-probability matrix: alength= 4 w= 9 
 0.60053262 0.10086551 0.17609854 0.12250333
 0.27363515 0.0665779  0.0885486  0.57123835
 0.15312916 0.14081225 0.13382157 0.57223702
 6.59454061e-01 3.32889481e-04 9.42077230e-02 2.46005326e-01
 0.12882823 0.08288948 0.13415446 0.65412783
 0.14613848 0.42976032 0.04394141 0.38015979
 0.21138482 0.01165113 0.14014647 0.63681758
 0.43475366 0.03095872 0.17909454 0.35519308
 0.34454061 0.05659121 0.07123835 0.52762983

MOTIF unmod1_l3_f_27
letter-probability matrix: alength= 4 w= 9 
 0.3740007  0.17657282 0.30795968 0.14146681
 0.51755301 0.10358012 0.30205075 0.07681613
 0.36982968 0.53667014 0.02711157 0.0663886 
 9.34306569e-01 3.47584289e-04 4.90093848e-02 1.63364616e-02
 0.5088634  0.15954119 0.04622871 0.2853667 
 0.17970108 0.5088634  0.06777894 0.24365659
 7.89363921e-01 3.47584289e-04 3.99721933e-02 1.70316302e-01
 0.03649635 0.09628085 0.01737921 0.84984359
 0.13972888 0.10358012 0.58950295 0.16718804

MOTIF unmod1_l3_f_28
letter-probability matrix: alength= 4 w= 9 
 0.31027397 0.03082192 0.33390411 0.325     
 0.40239726 0.21643836 0.35376712 0.02739726
 0.03869863 0.21061644 0.10650685 0.64417808
 0.31232877 0.13458904 0.45582192 0.09726027
 0.48047945 0.3010274  0.19554795 0.02294521
 0.67465753 0.0630137  0.04075342 0.22157534
 0.51917808 0.03390411 0.2239726  0.22294521
 0.35719178 0.14486301 0.22294521 0.275     
 0.44280822 0.01164384 0.26643836 0.27910959

MOTIF unmod1_l3_f_29
letter-probability matrix: alength= 4 w= 9 
 0.19406007 0.03273709 0.53729328 0.23590955
 0.33310834 0.23894701 0.26594668 0.16199798
 0.47789403 0.0880864  0.28619642 0.14782315
 6.99291259e-01 3.37495781e-04 3.00033750e-01 3.37495781e-04
 0.10529868 0.26763415 0.23658454 0.39048262
 0.21768478 0.040162   0.43435707 0.30779615
 7.29328383e-01 2.69996625e-03 2.67634155e-01 3.37495781e-04
 0.01822477 0.04994938 0.13972325 0.7921026 
 0.01721228 0.02969963 0.90988863 0.04319946

MOTIF unmod1_l3_f_30
letter-probability matrix: alength= 4 w= 9 
 0.71870839 0.25133156 0.00699068 0.02296937
 0.49167776 0.06624501 0.39380826 0.04826897
 0.71005326 0.03428762 0.21338216 0.04227696
 0.25133156 0.26165113 0.31491345 0.17210386
 0.34520639 0.1741012  0.16178429 0.31890812
 8.72170439e-01 3.32889481e-04 1.39813582e-02 1.13515313e-01
 0.00832224 0.00998668 0.10952064 0.87217044
 3.32889481e-04 3.32889481e-04 9.88348868e-01 1.09853529e-02
 0.24933422 0.36418109 0.13415446 0.25233023

MOTIF unmod1_l3_f_31
letter-probability matrix: alength= 4 w= 9 
 0.06892895 0.07140332 0.8271474  0.03252033
 0.1728526  0.08306822 0.73064687 0.01343231
 0.1961824  0.34676564 0.32343584 0.13361612
 0.15517851 0.05726405 0.52704136 0.26051608
 0.19300106 0.23047013 0.38140686 0.19512195
 6.01979498e-01 3.53481796e-04 2.75362319e-01 1.22304701e-01
 3.53481796e-04 3.53481796e-04 3.97313538e-01 6.01979498e-01
 0.08094733 0.10250972 0.79533404 0.02120891
 0.23047013 0.19088017 0.31919406 0.25945564

MOTIF unmod1_l3_f_32
letter-probability matrix: alength= 4 w= 9 
 0.18027851 0.13850207 0.51411366 0.16710576
 0.33684607 0.44109898 0.11403839 0.10801656
 0.75385773 0.2088822  0.01204366 0.02521641
 0.57659014 0.19458035 0.07602559 0.15280391
 0.29657508 0.32630787 0.11893113 0.25818592
 0.55363192 0.08280015 0.17952578 0.18404215
 2.02107640e-01 3.76364321e-04 1.22318404e-01 6.75197591e-01
 0.04516372 0.06548739 0.5295446  0.35980429
 0.05494919 0.08355288 0.71396312 0.14753481

MOTIF unmod1_l3_f_33
letter-probability matrix: alength= 4 w= 9 
 0.11688312 0.18614719 0.47776466 0.21920504
 0.37504919 0.11727666 0.03856749 0.46910665
 0.34199134 0.44510035 0.17630854 0.03659976
 0.094451   0.14128296 0.44470681 0.31955923
 4.28571429e-01 6.53286108e-02 5.05706415e-01 3.93545848e-04
 0.06887052 0.0661157  0.49429359 0.37072019
 0.3175915  0.22117277 0.42935852 0.03187721
 0.34632035 0.03738686 0.47973239 0.13656041
 0.02203857 0.07438017 0.89177489 0.01180638

MOTIF unmod1_l3_f_34
letter-probability matrix: alength= 4 w= 9 
 0.66150179 0.09177592 0.11442193 0.13230036
 0.2427493  0.42868494 0.18275725 0.1458085 
 0.46086611 0.09296782 0.06475963 0.38140644
 3.97298371e-04 1.47000397e-02 9.26102503e-01 5.88001589e-02
 0.08263806 0.31505761 0.00357569 0.59872865
 0.01072706 0.00357569 0.67977751 0.30591975
 0.08581645 0.06118395 0.01072706 0.84227255
 0.33810091 0.27334128 0.18633294 0.20222487
 0.15375447 0.05880016 0.53436631 0.25307906

MOTIF unmod1_l3_f_35
letter-probability matrix: alength= 4 w= 9 
 0.23079697 0.15326361 0.05373242 0.562207  
 0.04507753 0.08258204 0.66642625 0.20591417
 0.62747926 0.01694915 0.20302921 0.15254237
 4.16516408e-01 3.60620267e-04 2.01947349e-02 5.62928237e-01
 2.01947349e-02 3.60620267e-04 5.66173819e-01 4.13270826e-01
 0.03245582 0.15867292 0.66065633 0.14821493
 0.19365308 0.209881   0.59358096 0.00288496
 0.43130184 0.07068157 0.19112874 0.30688785
 0.58961414 0.21565092 0.05445366 0.14028128

MOTIF unmod1_l3_f_36
letter-probability matrix: alength= 4 w= 9 
 0.48968043 0.23668442 0.11884154 0.15479361
 0.13581891 0.21637816 0.52296937 0.12483356
 0.3418775  0.10252996 0.48968043 0.06591212
 4.22103862e-01 3.32889481e-04 3.89813582e-01 1.87749667e-01
 0.00266312 0.4051265  0.19840213 0.39380826
 0.11784288 0.20073236 0.51231691 0.16910786
 0.61684421 0.06824234 0.28428762 0.03062583
 0.18308921 0.26331558 0.15113182 0.40246338
 0.07256991 0.14980027 0.54527297 0.23235686

MOTIF unmod1_l3_f_37
letter-probability matrix: alength= 4 w= 9 
 0.2942743  0.06924101 0.49001332 0.14647137
 0.02463382 0.14846871 0.43075899 0.39613848
 0.28295606 0.16311585 0.29993342 0.25399467
 1.73102530e-01 3.32889481e-04 8.15246338e-01 1.13182423e-02
 3.32889481e-04 2.58322237e-01 6.95406125e-01 4.59387483e-02
 0.03029294 0.08788282 0.65312916 0.22869507
 0.22070573 0.00366178 0.68774967 0.08788282
 0.25998668 0.08754993 0.46904128 0.1834221 
 0.11984021 0.08688415 0.6707723  0.12250333

MOTIF unmod1_l3_f_38
letter-probability matrix: alength= 4 w= 9 
 0.67243675 0.06691079 0.13448735 0.12616511
 0.58988016 0.37217044 0.00332889 0.03462051
 3.79494008e-01 6.09520639e-01 3.32889481e-04 1.06524634e-02
 7.30692410e-01 3.32889481e-04 1.09187750e-01 1.59786951e-01
 3.32889481e-04 2.33355526e-01 5.06657790e-01 2.59653795e-01
 0.54494008 0.06624501 0.15545939 0.23335553
 0.3229028  0.25699068 0.28961385 0.13049268
 0.03994674 0.09287617 0.2659787  0.6011984 
 0.11018642 0.15279627 0.50565912 0.23135819

MOTIF unmod1_l3_f_39
letter-probability matrix: alength= 4 w= 9 
 0.49865047 0.09278003 0.05263158 0.35593792
 0.365722   0.39541161 0.23481781 0.00404858
 0.18016194 0.067139   0.74662618 0.00607287
 3.37381916e-04 5.73549258e-02 8.21187584e-01 1.21120108e-01
 0.85020243 0.07219973 0.02496626 0.05263158
 4.01484480e-02 3.37381916e-04 4.11605938e-02 9.18353576e-01
 2.69905533e-02 3.51551957e-01 3.37381916e-04 6.21120108e-01
 0.12854251 0.29689609 0.32422402 0.25033738
 0.08198381 0.18218623 0.4888664  0.24696356

MOTIF unmod1_l3_f_40
letter-probability matrix: alength= 4 w= 9 
 0.21181939 0.18791501 0.18061089 0.41965471
 0.43492696 0.11487384 0.22111554 0.22908367
 0.19057105 0.52058433 0.08565737 0.20318725
 0.4123506  0.33067729 0.01328021 0.2436919 
 2.65604250e-03 6.64010624e-04 9.96015936e-01 6.64010624e-04
 0.47543161 0.51394422 0.00796813 0.00265604
 0.00066401 0.39110226 0.30411687 0.30411687
 0.35590969 0.28353254 0.00066401 0.35989376
 0.07968127 0.18193891 0.01992032 0.7184595 

MOTIF unmod1_l3_f_41
letter-probability matrix: alength= 4 w= 9 
 0.46151249 0.19952735 0.15057394 0.18838623
 0.42032411 0.06448346 0.25658339 0.25860905
 0.48176907 0.06515868 0.29810939 0.15496286
 3.03848751e-02 3.27481431e-02 9.36529372e-01 3.37609723e-04
 0.06110736 0.0938555  0.83389602 0.01114112
 0.10027009 0.14044564 0.56313302 0.19615125
 0.2255233  0.5938555  0.11546253 0.06515868
 0.05097907 0.04794058 0.10162053 0.79945982
 0.0519919  0.52700878 0.23733964 0.18365969

MOTIF unmod1_l3_f_42
letter-probability matrix: alength= 4 w= 9 
 0.17225873 0.12244898 0.5157385  0.18955379
 3.45901072e-04 3.45901072e-04 3.45901072e-04 9.98962297e-01
 8.60255967e-01 3.45901072e-04 1.39052231e-01 3.45901072e-04
 4.74576271e-01 3.45901072e-04 5.24731927e-01 3.45901072e-04
 0.19647181 0.30370114 0.39432722 0.10549983
 0.43929436 0.01798686 0.14597025 0.39674853
 0.06087859 0.44517468 0.01625735 0.47768938
 0.10100311 0.25008648 0.57004497 0.07886544
 0.33448634 0.35662401 0.17260464 0.13628502

MOTIF unmod1_l3_f_43
letter-probability matrix: alength= 4 w= 9 
 0.30825566 0.19107856 0.40146471 0.09920107
 0.17443409 0.06757656 0.58189081 0.17609854
 3.32889481e-04 7.54993342e-01 3.32889481e-04 2.44340879e-01
 0.5316245  0.05359521 0.16711052 0.24766977
 0.04027963 0.42809587 0.33055925 0.20106525
 8.89147803e-01 3.32889481e-04 1.06524634e-01 3.99467377e-03
 0.03528628 0.0316245  0.02896138 0.90412783
 3.32889481e-04 3.32889481e-04 9.19773635e-01 7.95605859e-02
 0.28728362 0.35985353 0.14647137 0.20639148

MOTIF unmod1_l3_f_44
letter-probability matrix: alength= 4 w= 9 
 0.19015341 0.1512665  0.36996076 0.28861934
 0.52622191 0.2119158  0.07349269 0.1883696 
 9.98929718e-01 3.56760614e-04 3.56760614e-04 3.56760614e-04
 3.88869069e-02 3.56760614e-04 3.56760614e-04 9.60399572e-01
 3.56760614e-04 3.56760614e-04 9.60399572e-01 3.88869069e-02
 0.61148769 0.07670353 0.03888691 0.27292187
 0.64359615 0.01569747 0.03995719 0.3007492 
 0.30610061 0.05815198 0.32108455 0.31466286
 0.36211202 0.27185159 0.11844452 0.24759187

MOTIF unmod1_l3_f_45
letter-probability matrix: alength= 4 w= 9 
 0.15504762 0.59314286 0.09447619 0.15733333
 0.04761905 0.17828571 0.6152381  0.15885714
 0.06819048 0.01828571 0.85409524 0.05942857
 0.05219048 0.54019048 0.00304762 0.40457143
 0.28419048 0.15238095 0.52266667 0.0407619 
 0.07619048 0.46361905 0.35809524 0.10209524
 0.35161905 0.22095238 0.35161905 0.07580952
 0.56495238 0.08380952 0.15466667 0.19657143
 0.26780952 0.41638095 0.056      0.25980952

MOTIF unmod1_l3_f_46
letter-probability matrix: alength= 4 w= 9 
 0.20006658 0.35918775 0.3575233  0.08322237
 0.33055925 0.36817577 0.09087883 0.21038615
 0.02962716 0.0729028  0.70472703 0.19274301
 0.68275632 0.17010652 0.02729694 0.11984021
 3.39547270e-01 1.30159787e-01 3.32889481e-04 5.29960053e-01
 0.44873502 0.00965379 0.53295606 0.00865513
 0.47936085 0.02996005 0.43475366 0.05592543
 0.32356858 0.12217044 0.17010652 0.38415446
 0.28695073 0.09354194 0.52896138 0.09054594

MOTIF unmod1_l3_f_47
letter-probability matrix: alength= 4 w= 9 
 0.11484687 0.23035952 0.23834887 0.41644474
 0.27330226 0.64214381 0.05093209 0.03362184
 3.32889481e-04 3.32889481e-04 9.93342210e-01 5.99201065e-03
 3.32889481e-04 7.85619174e-02 6.32490013e-03 9.14780293e-01
 0.59953395 0.35053262 0.0223036  0.02762983
 0.34320905 0.5476032  0.09587217 0.01331558
 0.42543276 0.3258988  0.1707723  0.07789614
 0.55359521 0.2626498  0.09121172 0.09254328
 0.81225033 0.1011984  0.03628495 0.05026631

MOTIF unmod1_l3_f_48
letter-probability matrix: alength= 4 w= 9 
 0.17243675 0.30259654 0.18009321 0.3448735 
 0.28428762 0.39913449 0.30492676 0.01165113
 0.29027963 0.15545939 0.38515313 0.16910786
 6.92410120e-02 3.32889481e-04 9.23435419e-01 6.99067909e-03
 0.13448735 0.50233023 0.34387483 0.01930759
 0.01930759 0.67842876 0.29660453 0.00565912
 0.66677763 0.2057257  0.00798935 0.11950732
 0.19407457 0.64014647 0.15845539 0.00732357
 0.53661784 0.08788282 0.36584554 0.00965379

MOTIF unmod1_l3_f_49
letter-probability matrix: alength= 4 w= 9 
 0.37373053 0.15842925 0.34529452 0.1225457 
 0.20616114 0.34631009 0.14048747 0.3070413 
 9.06905890e-01 1.69262018e-03 9.10629655e-02 3.38524035e-04
 0.07345972 0.00677048 0.04908599 0.87068382
 0.10054164 0.0352065  0.83953961 0.02471225
 0.35578876 0.06770481 0.40352065 0.17298578
 0.05585647 0.03080569 0.47224103 0.44109682
 0.06973595 0.16147596 0.71699391 0.05179418
 0.14285714 0.1238998  0.5690589  0.16418416

MOTIF unmod1_l3_f_50
letter-probability matrix: alength= 4 w= 9 
 0.32071168 0.26459854 0.21395985 0.20072993
 0.10538321 0.33850365 0.12728102 0.42883212
 0.07755474 0.22718978 0.48677007 0.2084854 
 0.15100365 0.06797445 0.10492701 0.67609489
 0.00684307 0.40100365 0.5725365  0.01961679
 4.56204380e-04 2.96532847e-02 2.09854015e-02 9.48905109e-01
 5.52007299e-01 4.10583942e-03 4.43430657e-01 4.56204380e-04
 7.94251825e-01 5.01824818e-03 2.00273723e-01 4.56204380e-04
 0.34260949 0.04425182 0.53421533 0.07892336

MOTIF unmod1_l3_f_51
letter-probability matrix: alength= 4 w= 9 
 0.10645034 0.17530669 0.47012268 0.2481203 
 0.00435299 0.19707163 0.09932727 0.69924812
 0.41432529 0.07083498 0.50257222 0.01226751
 7.56628413e-01 1.22675109e-01 1.20300752e-01 3.95726157e-04
 0.161852   0.61535417 0.12346656 0.09932727
 0.25366047 0.28254848 0.43252869 0.03126237
 0.62049861 0.08428967 0.04115552 0.25405619
 0.00237436 0.33557578 0.04669569 0.61535417
 0.08151959 0.05817175 0.73248912 0.12781955

MOTIF unmod1_l3_f_52
letter-probability matrix: alength= 4 w= 9 
 0.53029294 0.21637816 0.16644474 0.08688415
 0.62782956 0.24434088 0.0792277  0.04860186
 1.66444740e-02 3.32889481e-04 3.32889481e-04 9.82689747e-01
 9.00798935e-01 3.19573901e-02 3.32889481e-04 6.69107856e-02
 0.07556591 0.00366178 0.91344874 0.00732357
 3.32889481e-04 1.82756325e-01 5.28295606e-01 2.88615180e-01
 0.66211718 0.16977364 0.0286285  0.13948069
 0.3195739  0.12483356 0.19773635 0.35785619
 0.09387483 0.47170439 0.00732357 0.4270972 

MOTIF unmod1_l3_f_54
letter-probability matrix: alength= 4 w= 9 
 0.39613848 0.04727031 0.45605859 0.10053262
 3.32889481e-04 3.31890812e-01 3.21238349e-01 3.46537949e-01
 0.0885486  0.0252996  0.76830892 0.11784288
 3.32889481e-04 3.32889481e-04 3.32889481e-04 9.99001332e-01
 8.36218375e-01 3.32889481e-04 1.63115846e-01 3.32889481e-04
 4.11451398e-01 3.32889481e-04 5.87882823e-01 3.32889481e-04
 0.2373502  0.14913449 0.30592543 0.30758988
 0.27696405 0.36484687 0.17543276 0.18275632
 0.22936085 0.53861518 0.08954727 0.1424767 

MOTIF unmod1_l3_f_55
letter-probability matrix: alength= 4 w= 9 
 0.52130493 0.3039281  0.1677763  0.00699068
 0.38482024 0.04627164 0.52097204 0.04793609
 0.32090546 0.189747   0.34021305 0.14913449
 0.30326232 0.39980027 0.28728362 0.00965379
 6.15845539e-01 3.32889481e-04 1.07523302e-01 2.76298269e-01
 0.01864181 0.00399467 0.27197071 0.70539281
 3.32889481e-04 4.49400799e-02 7.76631158e-01 1.78095872e-01
 0.27563249 0.08921438 0.52996005 0.10519308
 0.25166445 0.18541944 0.34354194 0.21937417

MOTIF unmod1_l3_f_56
letter-probability matrix: alength= 4 w= 9 
 0.11351531 0.29627164 0.35252996 0.23768309
 0.10486019 0.33988016 0.439747   0.11551265
 0.00499334 0.42876165 0.5223036  0.04394141
 3.32889481e-04 7.00066578e-01 1.85086551e-01 1.14513981e-01
 0.15146471 0.70772304 0.04494008 0.09587217
 0.1994008  0.12916112 0.00266312 0.66877497
 0.01131824 0.77430093 0.02796272 0.18641811
 0.46171771 0.2120506  0.10319574 0.22303595
 0.42842876 0.22070573 0.27663116 0.07423435

MOTIF unmod1_l3_f_57
letter-probability matrix: alength= 4 w= 9 
 0.05952381 0.34920635 0.06349206 0.52777778
 0.4702381  0.28373016 0.04761905 0.1984127 
 0.20436508 0.02380952 0.26984127 0.50198413
 0.06547619 0.00198413 0.00198413 0.93055556
 0.00198413 0.00198413 0.00198413 0.99404762
 0.99404762 0.00198413 0.00198413 0.00198413
 0.00198413 0.75       0.00198413 0.24603175
 0.10119048 0.81349206 0.08333333 0.00198413
 0.10912698 0.02579365 0.29761905 0.56746032

MOTIF unmod1_l3_f_58
letter-probability matrix: alength= 4 w= 9 
 0.07270965 0.08870577 0.16238488 0.67619971
 0.40668929 0.00048473 0.18662143 0.40620456
 0.67426079 0.25012118 0.04265633 0.03296171
 0.14299564 0.27775085 0.00920989 0.57004363
 0.6854096  0.06398449 0.21182744 0.03877848
 0.54629181 0.00581677 0.44255938 0.00533204
 2.96170625e-01 4.84730974e-03 6.98497334e-01 4.84730974e-04
 0.00581677 0.03150751 0.8826951  0.07998061
 0.48085313 0.05768299 0.45031508 0.01114881

MOTIF unmod1_l3_f_59
letter-probability matrix: alength= 4 w= 9 
 0.53095872 0.01797603 0.44773635 0.00332889
 0.45272969 0.24633822 0.17310253 0.12782956
 0.19074567 0.34287617 0.17776298 0.28861518
 9.05459387e-01 3.32889481e-04 9.38748336e-02 3.32889481e-04
 3.32889481e-04 3.32889481e-04 9.38748336e-02 9.05459387e-01
 1.56458056e-02 8.95472703e-02 8.94474035e-01 3.32889481e-04
 1.58788282e-01 3.32889481e-04 8.21904128e-01 1.89747004e-02
 0.29027963 0.44374168 0.10319574 0.16278296
 0.19041278 0.18242344 0.5286285  0.09853529

MOTIF unmod1_l3_f_60
letter-probability matrix: alength= 4 w= 9 
 0.7281106  0.08294931 0.07603687 0.11290323
 0.3156682  0.00230415 0.00230415 0.6797235 
 0.00230415 0.00230415 0.6797235  0.3156682 
 0.00230415 0.02764977 0.85714286 0.11290323
 0.00230415 0.00230415 0.00230415 0.99308756
 0.83640553 0.00230415 0.15898618 0.00230415
 0.49078341 0.00230415 0.50460829 0.00230415
 0.50921659 0.07373272 0.35714286 0.05990783
 0.51843318 0.15898618 0.00230415 0.3202765 

MOTIF unmod1_l3_f_61
letter-probability matrix: alength= 4 w= 9 
 0.18337976 0.22423398 0.14670381 0.44568245
 0.37697307 0.35979573 0.05942433 0.20380687
 0.51949861 0.13741876 0.13045497 0.21262767
 0.13416899 0.43268338 0.41968431 0.01346332
 0.39554318 0.10167131 0.18570102 0.31708449
 0.07567317 0.07706592 0.27762303 0.56963788
 0.11884865 0.76694522 0.09331476 0.02089136
 0.37418756 0.15227484 0.01160631 0.46193129
 0.42943361 0.03899721 0.48792943 0.04363974

MOTIF unmod1_l3_f_62
letter-probability matrix: alength= 4 w= 9 
 0.79492094 0.08001917 0.064207   0.0608529 
 2.76952563e-01 1.14997604e-02 4.79156684e-04 7.11068519e-01
 3.78533781e-02 4.79156684e-04 6.84714902e-01 2.76952563e-01
 0.41159559 0.10541447 0.36607571 0.11691423
 6.92381409e-01 1.48538572e-02 4.79156684e-04 2.92285577e-01
 7.66650695e-03 4.79156684e-04 2.81744130e-01 7.10110206e-01
 0.26976521 0.05558218 0.62098706 0.05366555
 0.32390992 0.18207954 0.33349305 0.16051749
 0.25491136 0.19837087 0.34978438 0.1969334 

MOTIF unmod1_l3_f_63
letter-probability matrix: alength= 4 w= 9 
 0.47669774 0.25665779 0.12916112 0.13748336
 0.6488016  0.05659121 0.28029294 0.01431425
 0.34121172 0.22336884 0.18641811 0.24900133
 0.53195739 0.0442743  0.33988016 0.08388815
 8.93475366e-01 5.99201065e-03 1.00199734e-01 3.32889481e-04
 3.32889481e-04 6.65778961e-03 8.92143808e-02 9.03794940e-01
 3.32889481e-04 3.32889481e-04 9.66711052e-01 3.26231691e-02
 0.02063915 0.01431425 0.92010652 0.04494008
 0.25432756 0.24800266 0.45272969 0.04494008

MOTIF unmod1_l3_f_64
letter-probability matrix: alength= 4 w= 9 
 0.41877497 0.27729694 0.17842876 0.12549933
 4.74700399e-01 3.32889481e-04 5.18308921e-01 6.65778961e-03
 0.72936085 0.05858855 0.14081225 0.07123835
 0.86784288 0.03595206 0.00532623 0.09087883
 0.52729694 0.12183755 0.03961385 0.31125166
 5.15978695e-02 8.97137150e-01 3.32889481e-04 5.09320905e-02
 0.20372836 0.00898802 0.77163782 0.01564581
 0.59221039 0.19241012 0.01165113 0.20372836
 0.39414115 0.30659121 0.22170439 0.07756325

MOTIF unmod1_l3_f_65
letter-probability matrix: alength= 4 w= 9 
 0.03654716 0.70449008 0.05812739 0.20083536
 5.46467108e-01 2.51305256e-01 2.01879568e-01 3.48068221e-04
 0.66098155 0.0010442  0.33553777 0.00243648
 0.00904977 0.71214758 0.04281239 0.23599025
 0.09397842 0.15941525 0.29272537 0.45388096
 0.33414549 0.47720153 0.01809955 0.17055343
 0.01287852 0.16776888 0.16498434 0.65436826
 0.29655412 0.14618865 0.40723982 0.1500174 
 0.47720153 0.21893491 0.17055343 0.13331013

MOTIF unmod1_l3_f_66
letter-probability matrix: alength= 4 w= 9 
 0.67210386 0.18541944 0.10486019 0.03761651
 0.65013316 0.03861518 0.19074567 0.12050599
 0.4114514  0.14380826 0.23335553 0.21138482
 0.65479361 0.13049268 0.0729028  0.14181092
 5.96537949e-01 3.32889481e-04 2.62982690e-02 3.76830892e-01
 2.62982690e-02 3.32889481e-04 3.64513981e-01 6.08854860e-01
 0.22536618 0.01198402 0.72203728 0.04061252
 0.68508655 0.27896138 0.00865513 0.02729694
 0.22370173 0.31524634 0.24300932 0.21804261

MOTIF unmod1_l3_f_67
letter-probability matrix: alength= 4 w= 9 
 0.36910062 0.26847729 0.06277827 0.29964381
 0.14915405 0.50400712 0.00400712 0.3428317 
 0.95503117 0.01068566 0.00845948 0.02582369
 0.02315227 0.03517364 0.93677649 0.0048976 
 8.69100623e-01 4.45235975e-04 3.38379341e-02 9.66162066e-02
 4.45235975e-03 4.45235975e-04 9.46126447e-01 4.89759573e-02
 0.67275156 0.06322351 0.12021371 0.14381122
 0.36954586 0.03517364 0.29162956 0.30365093
 0.36776492 0.14292075 0.07569012 0.41362422

MOTIF unmod1_l3_f_68
letter-probability matrix: alength= 4 w= 9 
 0.26616719 0.24211356 0.29022082 0.20149842
 0.27602524 0.29140379 0.2535489  0.17902208
 3.94321767e-04 3.94321767e-04 3.94321767e-04 9.98817035e-01
 9.10488959e-01 3.94321767e-04 8.87223975e-02 3.94321767e-04
 4.59384858e-01 3.94321767e-04 5.39826498e-01 3.94321767e-04
 3.94321767e-04 3.94321767e-04 3.94321767e-04 9.98817035e-01
 7.48422713e-01 3.94321767e-04 2.50788644e-01 3.94321767e-04
 4.52287066e-01 3.94321767e-04 5.46924290e-01 3.94321767e-04
 0.24408517 0.16916404 0.46135647 0.12539432

MOTIF unmod1_l3_f_69
letter-probability matrix: alength= 4 w= 9 
 0.22801433 0.15638679 0.57779546 0.03780342
 0.00596896 0.06645444 0.86470354 0.06287306
 0.06088341 0.1281337  0.67807402 0.13290887
 4.89454835e-02 2.02944688e-02 9.30362117e-01 3.97930760e-04
 0.04536411 0.04178273 0.84958217 0.06327099
 3.97930760e-04 9.03302825e-02 3.86390768e-01 5.22881019e-01
 0.13728611 0.40867489 0.247115   0.206924  
 0.12534819 0.14285714 0.1229606  0.60883406
 0.50019897 0.26223637 0.08316753 0.15439713

MOTIF unmod1_l3_f_70
letter-probability matrix: alength= 4 w= 9 
 0.07229332 0.34936008 0.25458319 0.3237634 
 0.10307852 0.30404704 0.33829125 0.25458319
 0.56001384 0.08024905 0.26426842 0.0954687 
 0.79799377 0.00449671 0.16326531 0.03424421
 6.38879281e-01 3.45901072e-04 1.31096506e-01 2.29678312e-01
 1.84365272e-01 3.45901072e-04 3.45901072e-04 8.14942926e-01
 1.76409547e-02 3.45901072e-04 1.65340713e-01 8.16672432e-01
 0.33310273 0.04704255 0.60428917 0.01556555
 0.50951228 0.03874092 0.42338291 0.02836389

MOTIF unmod1_l3_f_71
letter-probability matrix: alength= 4 w= 9 
 0.41080402 0.15012563 0.25628141 0.18278894
 9.98115578e-01 6.28140704e-04 6.28140704e-04 6.28140704e-04
 6.28140704e-04 6.28140704e-04 6.28140704e-04 9.98115578e-01
 6.28140704e-04 6.28140704e-04 9.98115578e-01 6.28140704e-04
 0.41708543 0.21796482 0.25376884 0.1111809 
 6.28140704e-04 8.79396985e-03 2.28015075e-01 7.62562814e-01
 0.13756281 0.23429648 0.43718593 0.19095477
 0.19535176 0.24623116 0.21733668 0.3410804 
 0.17650754 0.28140704 0.13944724 0.40263819

MOTIF unmod1_l3_f_72
letter-probability matrix: alength= 4 w= 9 
 0.45546407 0.1991018  0.24326347 0.10217066
 0.56811377 0.2761976  0.07709581 0.07859281
 7.41017964e-01 3.74251497e-04 2.58233533e-01 3.74251497e-04
 2.09955090e-01 7.17065868e-01 3.74251497e-04 7.26047904e-02
 0.14333832 0.41317365 0.44086826 0.00261976
 9.69311377e-01 2.99401198e-02 3.74251497e-04 3.74251497e-04
 3.74251497e-04 4.86526946e-02 3.74251497e-04 9.50598802e-01
 3.55538922e-02 4.90269461e-02 9.15044910e-01 3.74251497e-04
 0.28106287 0.19273952 0.33495509 0.19124251

MOTIF unmod1_l3_f_73
letter-probability matrix: alength= 4 w= 9 
 0.22107765 0.12717908 0.5570523  0.09469097
 0.05150555 0.05942948 0.73375594 0.15530903
 0.22583201 0.27892235 0.17591125 0.31933439
 0.10776545 0.77060222 0.0911252  0.03050713
 9.43740095e-01 7.92393027e-03 4.79397781e-02 3.96196513e-04
 0.00673534 0.91679873 0.00792393 0.068542  
 1.74326466e-02 8.36370840e-01 1.45800317e-01 3.96196513e-04
 0.7955626  0.05903328 0.10816165 0.03724247
 0.23137876 0.16877971 0.0911252  0.50871632

MOTIF unmod1_l3_f_74
letter-probability matrix: alength= 4 w= 9 
 0.21665887 0.11371081 0.41693964 0.25269069
 0.33738886 0.07440337 0.17922321 0.40898456
 0.2948058  0.19981282 0.28170332 0.22367805
 0.02573701 0.00467946 0.88441741 0.08516612
 9.54609265e-02 4.67945718e-04 7.72578381e-01 1.31492747e-01
 4.67945718e-04 2.76087974e-02 8.62423959e-01 1.09499298e-01
 6.55124006e-03 6.69162377e-02 9.26064577e-01 4.67945718e-04
 0.19934488 0.15629387 0.55872719 0.08563407
 0.23818437 0.28872251 0.3336453  0.13944782

MOTIF unmod1_l3_f_75
letter-probability matrix: alength= 4 w= 9 
 0.22168003 0.22969676 0.47263855 0.07598466
 0.30707564 0.17183688 0.37051237 0.15057511
 0.56918787 0.17985361 0.22237713 0.02858139
 0.37469502 0.13454165 0.03346114 0.4573022 
 0.1446497  0.04600906 0.4325549  0.37678634
 0.58975253 0.06273963 0.33705124 0.01045661
 7.07563611e-02 3.48553503e-04 1.43255490e-01 7.85639596e-01
 0.3628442  0.03834089 0.59567794 0.00313698
 0.2143604  0.12617637 0.51516208 0.14430115

MOTIF unmod1_l3_f_76
letter-probability matrix: alength= 4 w= 9 
 0.04704554 0.36055702 0.27135868 0.32103877
 0.36469703 0.31765149 0.30861874 0.00903274
 0.2943169  0.34362062 0.29732781 0.06473466
 0.00564546 0.7700414  0.0316146  0.19269853
 0.03199097 0.53556643 0.01392548 0.41851712
 3.76364321e-04 3.76364321e-04 3.76364321e-04 9.98870907e-01
 9.93601807e-01 3.76364321e-04 5.64546481e-03 3.76364321e-04
 5.14490026e-01 3.76364321e-04 4.84757245e-01 3.76364321e-04
 0.36846067 0.11516748 0.21189311 0.30447874

MOTIF unmod1_l3_f_77
letter-probability matrix: alength= 4 w= 9 
 0.45531197 0.29342327 0.14873524 0.10252951
 0.66340641 0.01956155 0.2994941  0.01753794
 0.35952782 0.38279933 0.10758853 0.15008432
 0.32242833 0.2        0.28431703 0.19325464
 0.88937605 0.0074199  0.08600337 0.01720067
 3.37268128e-04 3.37268128e-04 8.60033727e-02 9.13322091e-01
 3.47386172e-02 5.16020236e-02 9.13322091e-01 3.37268128e-04
 0.02866779 0.05935919 0.86543002 0.046543  
 0.56424958 0.31298482 0.10016863 0.02259696

MOTIF unmod1_l3_f_78
letter-probability matrix: alength= 4 w= 9 
 0.16683867 0.43240454 0.19023048 0.21052632
 0.59442724 0.22944616 0.09253526 0.08359133
 0.47127623 0.16064671 0.21981424 0.14826281
 9.95528036e-01 3.43997248e-04 3.43997248e-04 3.78396973e-03
 3.43997248e-04 3.43997248e-04 3.43997248e-04 9.98968008e-01
 3.43997248e-04 3.43997248e-04 9.95528036e-01 3.78396973e-03
 0.02923977 0.03302374 0.89198486 0.04575163
 3.80804954e-01 3.84244926e-01 2.34606123e-01 3.43997248e-04
 0.10698314 0.06329549 0.44788442 0.38183695

MOTIF unmod1_l3_f_79
letter-probability matrix: alength= 4 w= 9 
 0.41136767 0.23694494 0.15808171 0.19360568
 0.61278863 0.05541741 0.24547069 0.08632327
 3.55239787e-04 3.55239787e-04 3.55239787e-04 9.98934281e-01
 3.87566607e-01 3.55239787e-04 6.11722913e-01 3.55239787e-04
 0.75630551 0.02415631 0.14529307 0.07424512
 0.43872114 0.0678508  0.00959147 0.48383659
 3.55239787e-04 3.55239787e-04 5.96447602e-01 4.02841918e-01
 0.14671403 0.13001776 0.49023091 0.2330373 
 0.30657194 0.31829485 0.20071048 0.17442274

MOTIF unmod1_l3_f_80
letter-probability matrix: alength= 4 w= 9 
